# dim  N   mc   rho  Brute 
# 1    1 1049576 1
#
# Theoretical Energy = 5.000000e-01
# Energy     Variance     CPU time     Acceptance
5.390280e-01 3.737475e-08 7.713600e-01 8.625302e-01
5.368978e-01 3.628094e-08 8.051450e-01 8.629170e-01
5.361754e-01 3.544056e-08 8.093870e-01 8.633019e-01
5.378576e-01 3.604590e-08 7.004330e-01 8.619557e-01
5.347897e-01 3.461440e-08 7.799330e-01 8.626846e-01
5.358394e-01 3.430017e-08 7.278120e-01 8.630133e-01
5.340216e-01 3.392433e-08 8.247790e-01 8.624321e-01
5.327688e-01 3.338554e-08 7.471510e-01 8.622787e-01
5.337571e-01 3.279793e-08 8.116810e-01 8.628865e-01
5.329352e-01 3.263199e-08 7.928090e-01 8.624568e-01
5.309842e-01 3.178539e-08 7.247130e-01 8.626474e-01
5.316889e-01 3.161489e-08 7.773070e-01 8.625321e-01
5.311486e-01 3.110175e-08 8.294170e-01 8.626169e-01
5.302272e-01 3.065366e-08 8.283690e-01 8.628408e-01
5.316743e-01 3.049474e-08 7.485130e-01 8.623292e-01
5.296518e-01 2.966763e-08 7.552680e-01 8.625302e-01
5.303670e-01 2.961719e-08 7.158040e-01 8.618023e-01
5.291026e-01 2.912592e-08 7.131940e-01 8.625054e-01
5.297493e-01 2.872560e-08 7.589080e-01 8.624568e-01
5.288010e-01 2.810249e-08 7.481680e-01 8.621767e-01
5.285958e-01 2.781130e-08 8.977600e-01 8.623082e-01
5.284857e-01 2.745309e-08 7.898260e-01 8.629246e-01
5.262854e-01 2.712366e-08 6.582240e-01 8.622139e-01
5.273012e-01 2.705880e-08 7.445590e-01 8.618642e-01
5.265064e-01 2.629485e-08 7.513240e-01 8.626236e-01
5.269658e-01 2.621606e-08 7.308390e-01 8.623377e-01
5.268913e-01 2.570632e-08 7.121030e-01 8.624063e-01
5.262596e-01 2.530902e-08 7.437850e-01 8.618461e-01
5.255425e-01 2.531631e-08 7.941210e-01 8.616279e-01
5.249339e-01 2.466841e-08 7.741590e-01 8.618518e-01
5.239846e-01 2.440819e-08 7.440820e-01 8.626503e-01
5.242941e-01 2.399976e-08 7.507320e-01 8.620672e-01
5.241928e-01 2.371038e-08 8.200930e-01 8.626360e-01
5.249238e-01 2.352582e-08 7.544070e-01 8.622501e-01
5.226825e-01 2.320561e-08 7.675800e-01 8.616775e-01
5.227752e-01 2.276938e-08 7.965570e-01 8.618604e-01
5.226072e-01 2.252763e-08 8.447000e-01 8.619261e-01
5.224765e-01 2.221678e-08 7.194890e-01 8.616108e-01
5.215796e-01 2.197636e-08 6.941440e-01 8.621100e-01
5.223204e-01 2.172308e-08 7.859240e-01 8.619147e-01
5.222381e-01 2.133016e-08 7.680430e-01 8.618642e-01
5.224497e-01 2.136736e-08 7.953800e-01 8.618147e-01
5.214901e-01 2.112677e-08 7.814860e-01 8.611925e-01
5.220821e-01 2.063748e-08 8.039220e-01 8.620252e-01
5.208415e-01 2.022579e-08 8.003230e-01 8.617861e-01
5.206650e-01 2.020315e-08 6.575230e-01 8.617890e-01
5.191400e-01 1.984600e-08 7.540370e-01 8.622739e-01
5.198399e-01 1.982140e-08 8.339130e-01 8.614145e-01
5.193835e-01 1.918915e-08 7.997160e-01 8.624197e-01
5.200447e-01 1.897145e-08 7.707090e-01 8.617566e-01
5.190093e-01 1.869592e-08 7.127750e-01 8.616613e-01
5.189218e-01 1.850682e-08 7.501750e-01 8.616060e-01
5.190295e-01 1.830250e-08 7.362690e-01 8.616498e-01
5.196772e-01 1.802977e-08 7.641720e-01 8.615955e-01
5.179618e-01 1.776284e-08 7.725420e-01 8.620986e-01
5.178607e-01 1.745084e-08 6.547590e-01 8.612907e-01
5.170385e-01 1.746373e-08 7.881640e-01 8.612716e-01
5.168270e-01 1.708453e-08 6.861620e-01 8.613678e-01
5.161613e-01 1.710456e-08 7.578460e-01 8.617975e-01
5.165741e-01 1.673220e-08 7.812260e-01 8.618499e-01
5.169456e-01 1.657258e-08 7.549770e-01 8.620329e-01
5.176170e-01 1.644141e-08 7.506220e-01 8.612363e-01
5.178897e-01 1.630501e-08 8.140450e-01 8.614783e-01
5.159179e-01 1.607274e-08 7.295450e-01 8.614984e-01
5.177005e-01 1.581266e-08 8.453680e-01 8.609191e-01
5.176275e-01 1.578263e-08 7.524170e-01 8.612106e-01
5.168533e-01 1.551617e-08 7.713330e-01 8.612201e-01
5.160259e-01 1.529263e-08 7.219360e-01 8.607838e-01
5.146128e-01 1.494608e-08 7.769440e-01 8.620986e-01
5.150762e-01 1.470784e-08 8.053030e-01 8.611792e-01
5.151952e-01 1.460357e-08 8.145600e-01 8.612868e-01
5.136532e-01 1.439125e-08 7.506670e-01 8.612821e-01
5.152212e-01 1.434298e-08 8.006470e-01 8.609267e-01
5.143077e-01 1.395653e-08 7.500020e-01 8.617308e-01
5.144838e-01 1.392350e-08 7.619600e-01 8.618928e-01
5.139700e-01 1.375744e-08 7.135800e-01 8.613440e-01
5.133510e-01 1.347439e-08 7.348540e-01 8.613145e-01
5.142733e-01 1.341857e-08 7.261680e-01 8.616213e-01
5.134768e-01 1.324367e-08 8.310290e-01 8.609829e-01
5.142238e-01 1.301950e-08 7.988180e-01 8.615317e-01
5.136600e-01 1.295847e-08 7.641320e-01 8.613240e-01
5.130935e-01 1.269563e-08 8.046980e-01 8.618814e-01
5.125327e-01 1.257998e-08 7.967370e-01 8.615346e-01
5.118755e-01 1.244506e-08 8.169140e-01 8.608352e-01
5.126971e-01 1.229570e-08 8.426770e-01 8.618623e-01
5.129418e-01 1.209812e-08 7.993260e-01 8.612106e-01
5.115870e-01 1.194273e-08 8.178220e-01 8.616413e-01
5.128461e-01 1.194850e-08 7.873310e-01 8.607657e-01
5.122568e-01 1.165311e-08 8.433500e-01 8.617937e-01
5.118789e-01 1.163109e-08 8.818740e-01 8.613983e-01
5.127004e-01 1.149429e-08 8.000950e-01 8.605208e-01
5.111587e-01 1.123904e-08 7.866980e-01 8.610124e-01
5.116955e-01 1.109853e-08 7.887000e-01 8.609095e-01
5.104764e-01 1.105875e-08 7.668180e-01 8.614393e-01
5.108836e-01 1.095229e-08 7.925710e-01 8.605161e-01
5.107867e-01 1.065954e-08 7.386230e-01 8.608105e-01
5.116098e-01 1.053602e-08 8.408550e-01 8.610991e-01
5.104007e-01 1.040545e-08 8.358550e-01 8.608724e-01
5.105599e-01 1.049398e-08 8.523160e-01 8.609286e-01
5.093645e-01 1.019070e-08 8.459500e-01 8.613631e-01
5.096377e-01 1.005899e-08 8.165560e-01 8.611792e-01
5.113292e-01 9.980318e-09 8.293830e-01 8.612468e-01
5.093498e-01 9.915518e-09 7.784950e-01 8.612983e-01
5.097387e-01 9.690700e-09 7.870920e-01 8.615012e-01
5.096821e-01 9.566685e-09 8.614290e-01 8.609962e-01
5.093860e-01 9.447942e-09 8.362370e-01 8.613192e-01
5.094974e-01 9.370900e-09 8.255610e-01 8.611916e-01
5.096341e-01 9.233176e-09 8.437860e-01 8.615327e-01
5.095498e-01 9.146872e-09 8.129080e-01 8.616432e-01
5.087203e-01 9.095755e-09 7.931540e-01 8.604456e-01
5.093566e-01 8.897081e-09 8.239060e-01 8.617061e-01
5.099375e-01 8.810163e-09 7.608230e-01 8.612887e-01
5.089113e-01 8.846187e-09 7.166130e-01 8.604532e-01
5.088802e-01 8.654181e-09 7.642050e-01 8.611506e-01
5.096652e-01 8.536419e-09 7.741470e-01 8.612392e-01
5.093873e-01 8.474371e-09 6.584480e-01 8.607447e-01
5.086502e-01 8.345951e-09 8.681880e-01 8.603550e-01
5.086174e-01 8.208186e-09 7.724910e-01 8.611049e-01
5.086854e-01 8.176877e-09 8.393520e-01 8.611992e-01
5.081314e-01 8.100987e-09 8.096450e-01 8.606266e-01
5.086106e-01 7.967956e-09 8.397730e-01 8.607323e-01
5.081760e-01 7.883420e-09 8.211980e-01 8.615422e-01
5.078381e-01 7.740793e-09 8.708240e-01 8.612859e-01
5.076863e-01 7.690545e-09 8.207370e-01 8.612059e-01
5.078605e-01 7.645741e-09 8.519410e-01 8.610210e-01
5.074448e-01 7.480199e-09 9.491220e-01 8.613602e-01
5.068905e-01 7.411747e-09 8.248210e-01 8.611439e-01
5.079076e-01 7.342687e-09 7.982490e-01 8.618661e-01
5.077984e-01 7.264344e-09 8.130310e-01 8.616508e-01
5.075741e-01 7.192777e-09 8.319470e-01 8.605980e-01
5.073882e-01 7.045227e-09 9.520550e-01 8.615384e-01
5.072690e-01 6.941276e-09 8.102280e-01 8.603455e-01
5.073616e-01 6.900364e-09 8.667660e-01 8.611763e-01
5.071541e-01 6.844770e-09 8.088840e-01 8.609934e-01
5.066209e-01 6.688445e-09 7.748520e-01 8.613364e-01
5.068228e-01 6.615678e-09 8.329260e-01 8.614641e-01
5.062484e-01 6.525451e-09 8.267820e-01 8.612964e-01
5.066519e-01 6.460300e-09 8.503080e-01 8.610668e-01
5.066908e-01 6.460935e-09 9.860270e-01 8.611268e-01
5.063649e-01 6.345540e-09 8.007940e-01 8.606494e-01
5.068131e-01 6.359408e-09 8.294470e-01 8.606980e-01
5.069364e-01 6.238223e-09 7.965570e-01 8.609934e-01
5.064683e-01 6.115121e-09 8.140610e-01 8.613392e-01
5.063034e-01 6.088218e-09 8.821440e-01 8.613964e-01
5.058480e-01 6.005024e-09 8.620870e-01 8.607457e-01
5.061989e-01 5.929861e-09 8.842590e-01 8.610134e-01
5.059558e-01 5.852061e-09 9.065320e-01 8.609200e-01
5.072769e-01 5.863238e-09 8.903320e-01 8.606409e-01
5.063502e-01 5.717195e-09 9.252220e-01 8.608448e-01
5.052984e-01 5.677326e-09 7.995490e-01 8.609505e-01
5.056153e-01 5.594975e-09 8.347870e-01 8.604818e-01
5.048920e-01 5.540754e-09 7.319260e-01 8.605256e-01
5.059175e-01 5.519181e-09 7.736480e-01 8.602512e-01
5.055967e-01 5.398078e-09 6.884740e-01 8.609581e-01
5.056932e-01 5.362568e-09 8.159700e-01 8.608571e-01
5.061599e-01 5.256592e-09 7.380480e-01 8.606980e-01
5.053430e-01 5.205341e-09 7.572350e-01 8.606876e-01
5.050024e-01 5.149497e-09 7.257190e-01 8.603750e-01
5.047125e-01 5.130390e-09 7.937020e-01 8.602807e-01
5.047710e-01 5.070392e-09 8.650420e-01 8.600254e-01
5.053173e-01 4.995397e-09 8.198880e-01 8.607714e-01
5.051483e-01 4.924597e-09 8.369410e-01 8.615384e-01
5.051016e-01 4.928556e-09 8.403140e-01 8.607609e-01
5.051486e-01 4.806507e-09 9.225840e-01 8.610163e-01
5.052673e-01 4.736313e-09 8.138820e-01 8.607057e-01
5.047733e-01 4.731097e-09 7.860200e-01 8.605980e-01
5.041221e-01 4.586516e-09 7.654500e-01 8.606999e-01
5.051685e-01 4.553253e-09 7.963400e-01 8.618985e-01
5.052449e-01 4.563302e-09 7.900340e-01 8.608714e-01
5.053898e-01 4.536282e-09 8.168220e-01 8.604589e-01
5.047148e-01 4.448305e-09 8.238870e-01 8.609372e-01
5.045353e-01 4.378467e-09 7.989200e-01 8.606428e-01
5.040718e-01 4.288864e-09 7.840440e-01 8.608581e-01
5.049292e-01 4.297436e-09 9.692760e-01 8.608810e-01
5.043731e-01 4.225188e-09 9.893740e-01 8.606647e-01
5.036136e-01 4.202779e-09 9.943480e-01 8.604722e-01
5.039988e-01 4.125683e-09 9.415460e-01 8.614117e-01
5.042227e-01 4.110127e-09 9.569270e-01 8.606218e-01
5.039944e-01 3.997951e-09 7.904530e-01 8.610934e-01
5.030851e-01 3.948070e-09 7.651850e-01 8.612602e-01
5.035006e-01 3.926408e-09 7.663540e-01 8.613573e-01
5.042137e-01 3.923637e-09 8.097200e-01 8.607018e-01
5.041113e-01 3.849452e-09 9.396250e-01 8.610448e-01
5.041088e-01 3.824024e-09 9.154560e-01 8.609734e-01
5.042342e-01 3.763172e-09 9.761710e-01 8.605751e-01
5.034026e-01 3.715355e-09 8.177310e-01 8.611668e-01
5.040052e-01 3.690099e-09 7.957360e-01 8.605532e-01
5.038963e-01 3.604592e-09 7.412810e-01 8.610791e-01
5.034260e-01 3.620154e-09 8.945810e-01 8.609010e-01
5.034140e-01 3.578587e-09 8.115000e-01 8.610629e-01
5.037758e-01 3.504572e-09 9.046910e-01 8.607057e-01
5.034965e-01 3.500124e-09 8.032170e-01 8.605122e-01
5.038161e-01 3.424442e-09 7.493520e-01 8.609772e-01
5.035896e-01 3.436246e-09 9.014660e-01 8.610267e-01
5.036427e-01 3.384030e-09 8.520220e-01 8.610286e-01
5.029433e-01 3.316202e-09 8.999870e-01 8.602388e-01
5.037194e-01 3.283809e-09 8.874590e-01 8.608133e-01
5.033545e-01 3.292876e-09 8.861830e-01 8.605608e-01
5.034694e-01 3.241989e-09 9.850080e-01 8.608190e-01
5.030280e-01 3.199863e-09 9.859990e-01 8.615165e-01
5.031299e-01 3.152619e-09 1.002918e+00 8.604065e-01
5.032949e-01 3.108562e-09 9.863840e-01 8.609534e-01
5.030889e-01 3.090989e-09 8.741820e-01 8.610210e-01
5.035080e-01 3.054703e-09 8.920520e-01 8.599034e-01
5.028981e-01 2.973301e-09 6.746740e-01 8.614317e-01
5.031371e-01 2.939811e-09 6.863110e-01 8.616470e-01
5.034535e-01 2.923151e-09 8.237710e-01 8.605361e-01
5.028553e-01 2.897421e-09 8.202060e-01 8.605046e-01
5.032474e-01 2.900266e-09 7.891010e-01 8.598863e-01
5.030174e-01 2.832611e-09 8.543830e-01 8.604360e-01
5.030217e-01 2.807388e-09 9.520350e-01 8.608867e-01
5.027930e-01 2.796225e-09 8.577810e-01 8.600692e-01
5.024097e-01 2.722980e-09 7.972440e-01 8.608848e-01
5.031586e-01 2.739644e-09 8.457750e-01 8.600892e-01
5.026319e-01 2.681568e-09 9.504820e-01 8.605446e-01
5.027456e-01 2.655144e-09 8.299420e-01 8.606513e-01
5.027739e-01 2.622367e-09 9.009680e-01 8.604903e-01
5.032954e-01 2.602855e-09 7.999720e-01 8.605037e-01
5.025920e-01 2.533922e-09 7.849320e-01 8.608105e-01
5.019946e-01 2.533320e-09 8.172340e-01 8.605342e-01
5.024889e-01 2.487113e-09 8.005810e-01 8.607562e-01
5.026230e-01 2.475291e-09 7.651530e-01 8.609515e-01
5.025676e-01 2.479153e-09 7.699020e-01 8.607800e-01
5.023232e-01 2.421952e-09 7.530990e-01 8.604579e-01
5.021711e-01 2.358681e-09 8.417100e-01 8.611115e-01
5.022164e-01 2.340323e-09 8.304620e-01 8.611125e-01
5.023950e-01 2.335779e-09 7.639670e-01 8.605856e-01
5.026587e-01 2.309475e-09 8.710090e-01 8.608124e-01
5.024975e-01 2.265495e-09 8.725160e-01 8.613107e-01
5.023215e-01 2.277063e-09 8.430480e-01 8.611706e-01
5.025582e-01 2.235036e-09 8.164920e-01 8.603474e-01
5.023093e-01 2.207109e-09 7.632010e-01 8.598482e-01
5.020810e-01 2.186143e-09 8.074830e-01 8.605808e-01
5.022095e-01 2.174706e-09 8.208360e-01 8.601330e-01
5.026666e-01 2.137139e-09 7.855990e-01 8.609143e-01
5.019730e-01 2.117347e-09 7.366100e-01 8.612716e-01
5.021466e-01 2.073415e-09 7.789490e-01 8.603246e-01
5.022316e-01 2.076103e-09 8.091140e-01 8.609581e-01
5.019674e-01 2.020244e-09 7.365610e-01 8.609772e-01
5.024014e-01 2.020004e-09 7.580540e-01 8.605313e-01
5.021267e-01 1.977742e-09 7.437790e-01 8.607238e-01
5.023571e-01 1.982119e-09 8.603930e-01 8.600101e-01
5.018143e-01 1.937235e-09 7.948490e-01 8.613307e-01
5.024840e-01 1.941316e-09 8.052640e-01 8.610496e-01
5.021037e-01 1.910788e-09 7.717490e-01 8.605161e-01
5.019516e-01 1.884676e-09 7.547100e-01 8.599387e-01
5.019657e-01 1.871189e-09 7.509860e-01 8.604799e-01
5.017338e-01 1.845418e-09 7.691580e-01 8.606552e-01
5.017831e-01 1.812757e-09 7.346840e-01 8.604770e-01
5.017728e-01 1.807730e-09 8.283090e-01 8.602721e-01
5.015869e-01 1.789819e-09 8.142550e-01 8.607009e-01
5.019484e-01 1.763346e-09 8.115450e-01 8.608438e-01
5.013865e-01 1.723944e-09 7.720780e-01 8.613678e-01
5.020834e-01 1.715914e-09 7.982180e-01 8.610429e-01
5.019444e-01 1.702978e-09 8.103240e-01 8.603226e-01
5.013453e-01 1.670971e-09 8.050120e-01 8.607600e-01
5.014851e-01 1.650047e-09 7.656560e-01 8.612487e-01
5.016841e-01 1.642611e-09 8.075440e-01 8.612087e-01
5.017277e-01 1.626852e-09 7.615330e-01 8.608676e-01
5.016851e-01 1.626854e-09 8.060240e-01 8.605542e-01
5.016635e-01 1.562368e-09 8.145420e-01 8.615870e-01
5.015741e-01 1.571957e-09 8.155340e-01 8.614574e-01
5.013572e-01 1.567270e-09 8.757290e-01 8.600806e-01
5.013517e-01 1.521070e-09 7.788590e-01 8.605646e-01
5.013590e-01 1.500746e-09 8.084810e-01 8.608390e-01
5.016216e-01 1.512588e-09 6.942640e-01 8.602931e-01
5.014465e-01 1.484543e-09 8.335590e-01 8.605827e-01
5.013325e-01 1.474084e-09 8.120950e-01 8.607533e-01
5.017381e-01 1.443955e-09 8.342560e-01 8.609791e-01
5.013164e-01 1.441552e-09 7.971030e-01 8.602150e-01
5.013698e-01 1.421434e-09 7.784420e-01 8.606047e-01
5.018382e-01 1.413421e-09 7.567680e-01 8.605685e-01
5.013777e-01 1.378048e-09 7.190280e-01 8.607895e-01
5.012979e-01 1.372621e-09 8.302610e-01 8.603026e-01
5.018233e-01 1.368289e-09 7.940860e-01 8.608581e-01
5.010929e-01 1.336648e-09 7.554750e-01 8.609867e-01
5.017525e-01 1.337476e-09 7.840650e-01 8.600740e-01
5.015431e-01 1.327321e-09 8.231800e-01 8.607714e-01
5.012988e-01 1.299363e-09 8.073370e-01 8.602769e-01
5.013009e-01 1.295525e-09 7.950420e-01 8.603522e-01
5.012699e-01 1.262662e-09 7.621320e-01 8.607295e-01
5.016109e-01 1.277619e-09 8.417130e-01 8.607495e-01
5.013415e-01 1.256118e-09 8.046620e-01 8.601197e-01
5.011145e-01 1.224625e-09 8.138760e-01 8.607047e-01
5.012188e-01 1.217666e-09 8.691740e-01 8.612754e-01
5.008802e-01 1.193963e-09 7.900750e-01 8.604656e-01
5.014543e-01 1.187111e-09 7.448010e-01 8.611230e-01
5.011216e-01 1.170126e-09 7.891040e-01 8.603960e-01
5.012164e-01 1.177104e-09 8.116730e-01 8.602617e-01
5.009674e-01 1.143265e-09 7.285250e-01 8.608867e-01
5.015500e-01 1.134091e-09 7.695120e-01 8.607209e-01
5.009034e-01 1.127483e-09 7.378900e-01 8.605885e-01
5.015225e-01 1.113206e-09 7.398390e-01 8.606952e-01
5.012592e-01 1.103706e-09 7.736850e-01 8.601121e-01
5.008759e-01 1.073842e-09 7.276790e-01 8.607533e-01
5.011587e-01 1.085275e-09 7.812720e-01 8.602864e-01
5.009894e-01 1.050286e-09 8.421840e-01 8.608876e-01
5.011097e-01 1.049190e-09 8.085510e-01 8.601683e-01
5.010739e-01 1.040378e-09 7.134180e-01 8.607600e-01
5.008094e-01 1.028852e-09 7.180030e-01 8.607514e-01
5.008007e-01 1.022521e-09 7.540580e-01 8.603493e-01
5.011063e-01 1.005092e-09 7.767070e-01 8.610267e-01
5.010766e-01 9.926011e-10 7.874450e-01 8.608390e-01
5.010957e-01 9.871646e-10 7.864820e-01 8.598844e-01
5.009369e-01 9.675393e-10 8.310160e-01 8.605951e-01
5.007032e-01 9.479610e-10 8.115550e-01 8.607562e-01
5.009704e-01 9.454820e-10 7.649650e-01 8.614212e-01
5.010161e-01 9.370452e-10 7.543720e-01 8.607924e-01
5.008478e-01 9.273142e-10 7.850280e-01 8.606561e-01
5.010224e-01 9.064680e-10 7.444600e-01 8.610849e-01
5.011390e-01 9.097144e-10 7.150680e-01 8.608571e-01
5.010359e-01 8.953080e-10 8.007320e-01 8.606790e-01
5.012043e-01 8.851714e-10 7.771360e-01 8.607485e-01
5.010598e-01 8.793432e-10 7.925020e-01 8.609962e-01
5.010427e-01 8.729162e-10 7.277830e-01 8.606113e-01
5.008810e-01 8.630232e-10 8.371600e-01 8.608581e-01
5.012509e-01 8.496178e-10 7.411140e-01 8.608390e-01
5.007789e-01 8.334052e-10 7.954360e-01 8.610725e-01
5.007939e-01 8.333997e-10 7.541270e-01 8.605408e-01
5.007367e-01 8.205260e-10 7.470560e-01 8.604703e-01
5.007142e-01 8.153418e-10 7.139640e-01 8.603960e-01
5.005952e-01 8.021661e-10 8.134580e-01 8.602845e-01
5.007857e-01 7.951154e-10 8.233110e-01 8.603951e-01
5.007083e-01 7.826290e-10 7.446590e-01 8.606085e-01
5.008014e-01 7.760165e-10 8.314100e-01 8.602998e-01
5.008184e-01 7.704978e-10 7.853760e-01 8.605351e-01
5.011402e-01 7.616070e-10 8.277550e-01 8.604151e-01
5.007444e-01 7.549596e-10 5.831520e-01 8.601712e-01
5.007341e-01 7.390734e-10 8.266490e-01 8.602264e-01
5.008853e-01 7.441977e-10 7.452460e-01 8.599072e-01
5.005996e-01 7.166479e-10 7.631380e-01 8.605618e-01
5.005279e-01 7.140564e-10 7.485220e-01 8.607400e-01
5.006530e-01 7.147299e-10 7.429920e-01 8.602359e-01
5.007789e-01 7.010246e-10 7.515640e-01 8.608562e-01
5.008326e-01 6.954003e-10 8.285230e-01 8.605504e-01
5.008201e-01 6.880684e-10 7.993320e-01 8.605303e-01
5.006127e-01 6.779255e-10 7.663560e-01 8.607666e-01
5.008137e-01 6.664595e-10 7.614670e-01 8.614850e-01
5.007430e-01 6.594807e-10 7.200560e-01 8.609343e-01
5.005722e-01 6.584562e-10 7.974900e-01 8.606304e-01
5.005725e-01 6.448959e-10 7.827250e-01 8.606590e-01
5.008773e-01 6.402920e-10 7.917520e-01 8.611163e-01
5.007115e-01 6.392919e-10 7.521090e-01 8.605094e-01
5.006739e-01 6.345728e-10 8.281510e-01 8.603265e-01
5.008707e-01 6.192534e-10 7.862010e-01 8.610420e-01
5.004161e-01 6.179458e-10 8.225260e-01 8.604227e-01
5.006117e-01 6.044283e-10 8.533980e-01 8.607685e-01
5.009086e-01 6.062916e-10 6.845260e-01 8.600749e-01
5.005986e-01 5.997197e-10 7.778280e-01 8.610820e-01
5.007134e-01 5.901323e-10 7.573940e-01 8.602636e-01
5.004228e-01 5.801526e-10 7.534680e-01 8.608076e-01
5.007748e-01 5.782463e-10 7.843880e-01 8.608467e-01
5.003913e-01 5.689115e-10 8.495120e-01 8.605046e-01
5.003112e-01 5.584407e-10 7.845990e-01 8.603588e-01
5.006463e-01 5.538505e-10 8.037250e-01 8.606666e-01
5.006570e-01 5.458165e-10 7.766290e-01 8.606685e-01
5.008499e-01 5.435802e-10 7.782230e-01 8.606942e-01
5.005310e-01 5.336071e-10 8.228580e-01 8.606933e-01
5.005729e-01 5.295879e-10 7.965990e-01 8.607323e-01
5.007280e-01 5.291480e-10 7.411240e-01 8.606685e-01
5.005480e-01 5.152608e-10 8.125700e-01 8.609734e-01
5.004970e-01 5.093935e-10 8.096860e-01 8.605656e-01
5.005393e-01 5.111798e-10 7.651920e-01 8.601635e-01
5.003735e-01 4.963864e-10 7.661390e-01 8.608924e-01
5.005592e-01 4.947724e-10 8.078860e-01 8.610248e-01
5.003258e-01 4.899677e-10 7.727540e-01 8.607657e-01
5.001574e-01 4.889300e-10 7.626480e-01 8.601835e-01
5.005211e-01 4.836523e-10 7.517660e-01 8.607009e-01
5.002968e-01 4.726205e-10 7.571810e-01 8.603855e-01
5.004761e-01 4.693678e-10 7.784160e-01 8.604741e-01
5.003188e-01 4.640381e-10 8.403560e-01 8.607190e-01
5.005020e-01 4.621692e-10 7.559620e-01 8.605046e-01
5.004238e-01 4.541516e-10 7.224810e-01 8.605770e-01
5.004738e-01 4.495655e-10 7.993890e-01 8.599635e-01
5.005210e-01 4.477159e-10 8.004780e-01 8.606752e-01
5.004709e-01 4.426115e-10 7.988410e-01 8.599473e-01
5.005950e-01 4.332703e-10 8.263650e-01 8.609410e-01
5.005289e-01 4.310744e-10 7.836780e-01 8.604379e-01
5.006724e-01 4.265049e-10 7.926340e-01 8.608667e-01
5.002985e-01 4.192594e-10 8.178920e-01 8.602864e-01
5.003804e-01 4.158384e-10 8.113540e-01 8.596176e-01
5.003579e-01 4.113540e-10 8.297390e-01 8.604941e-01
5.003917e-01 4.041583e-10 7.508130e-01 8.602560e-01
5.004777e-01 4.042819e-10 7.500330e-01 8.604170e-01
5.005219e-01 3.977536e-10 7.712490e-01 8.608676e-01
5.005657e-01 3.942512e-10 7.160210e-01 8.607562e-01
5.005827e-01 3.889481e-10 8.300410e-01 8.604875e-01
5.004333e-01 3.822552e-10 7.409180e-01 8.611458e-01
5.004575e-01 3.819809e-10 7.632860e-01 8.602836e-01
5.004287e-01 3.778695e-10 7.608490e-01 8.608209e-01
5.004863e-01 3.744954e-10 8.560710e-01 8.604818e-01
5.004364e-01 3.677703e-10 8.018230e-01 8.605523e-01
5.003559e-01 3.656594e-10 7.787680e-01 8.609343e-01
5.003180e-01 3.573180e-10 7.965810e-01 8.610334e-01
5.002412e-01 3.588577e-10 7.601120e-01 8.603874e-01
5.003239e-01 3.486998e-10 7.693670e-01 8.609982e-01
5.004237e-01 3.475678e-10 8.113740e-01 8.613259e-01
5.004944e-01 3.463837e-10 7.792590e-01 8.607704e-01
5.002703e-01 3.390596e-10 7.554830e-01 8.606228e-01
5.003401e-01 3.423707e-10 8.014400e-01 8.604513e-01
5.004607e-01 3.306919e-10 7.786110e-01 8.610001e-01
5.003843e-01 3.281997e-10 7.910980e-01 8.604560e-01
5.002205e-01 3.263482e-10 7.352780e-01 8.601130e-01
5.001689e-01 3.177781e-10 7.808770e-01 8.612592e-01
5.003722e-01 3.224377e-10 8.178080e-01 8.606170e-01
5.004112e-01 3.145330e-10 7.856390e-01 8.607647e-01
5.002715e-01 3.096193e-10 7.873980e-01 8.606485e-01
5.003336e-01 3.102546e-10 7.627360e-01 8.600130e-01
5.003824e-01 3.020596e-10 8.049720e-01 8.610563e-01
5.002429e-01 3.002472e-10 7.565910e-01 8.611754e-01
5.004003e-01 2.988843e-10 8.647600e-01 8.606437e-01
5.000738e-01 2.955000e-10 7.821940e-01 8.602645e-01
5.004982e-01 2.934561e-10 9.280150e-01 8.603636e-01
5.004223e-01 2.885947e-10 8.856770e-01 8.609877e-01
5.003215e-01 2.853653e-10 8.731970e-01 8.603884e-01
5.002209e-01 2.836547e-10 8.338620e-01 8.606485e-01
5.003041e-01 2.815915e-10 7.775660e-01 8.608276e-01
5.001709e-01 2.778519e-10 7.102650e-01 8.601007e-01
5.000415e-01 2.717464e-10 7.548580e-01 8.610944e-01
5.002717e-01 2.724311e-10 7.812910e-01 8.603388e-01
5.003100e-01 2.682618e-10 8.026210e-01 8.603064e-01
5.001710e-01 2.637838e-10 8.449610e-01 8.608781e-01
5.003091e-01 2.622836e-10 8.053080e-01 8.602083e-01
5.002437e-01 2.557441e-10 8.004450e-01 8.602655e-01
5.001975e-01 2.546891e-10 8.189570e-01 8.611916e-01
5.003350e-01 2.588276e-10 8.526610e-01 8.595290e-01
5.000618e-01 2.501736e-10 8.608670e-01 8.604008e-01
5.001876e-01 2.468808e-10 7.998600e-01 8.605885e-01
5.002160e-01 2.459634e-10 8.046460e-01 8.605399e-01
5.002067e-01 2.406789e-10 7.848720e-01 8.612487e-01
5.002301e-01 2.420864e-10 8.254200e-01 8.602045e-01
5.001468e-01 2.375110e-10 8.404990e-01 8.603236e-01
5.003530e-01 2.356063e-10 8.058420e-01 8.601435e-01
5.002345e-01 2.311727e-10 8.331960e-01 8.610763e-01
5.002609e-01 2.290292e-10 8.046810e-01 8.599949e-01
5.001952e-01 2.260638e-10 8.027910e-01 8.608571e-01
5.002651e-01 2.241177e-10 7.999550e-01 8.607800e-01
5.001647e-01 2.209557e-10 7.750510e-01 8.604875e-01
5.001030e-01 2.184396e-10 8.105660e-01 8.604684e-01
5.002486e-01 2.168778e-10 7.780330e-01 8.605627e-01
5.001120e-01 2.126167e-10 8.062170e-01 8.601388e-01
5.003768e-01 2.124521e-10 7.733990e-01 8.607943e-01
5.002073e-01 2.090637e-10 7.666980e-01 8.609677e-01
5.002280e-01 2.092599e-10 8.398930e-01 8.604960e-01
5.002883e-01 2.077028e-10 8.747870e-01 8.610420e-01
5.001667e-01 2.019248e-10 7.673390e-01 8.609410e-01
5.001982e-01 2.004629e-10 8.008160e-01 8.610439e-01
5.002762e-01 2.012180e-10 7.495950e-01 8.605770e-01
5.002920e-01 1.978424e-10 7.997990e-01 8.605018e-01
5.002331e-01 1.933421e-10 8.086470e-01 8.601454e-01
5.002281e-01 1.920171e-10 7.847710e-01 8.605018e-01
5.002624e-01 1.911005e-10 7.553600e-01 8.597443e-01
5.000680e-01 1.875927e-10 7.586590e-01 8.605761e-01
5.002422e-01 1.872112e-10 7.934140e-01 8.597739e-01
5.002462e-01 1.846908e-10 8.087950e-01 8.607114e-01
5.003296e-01 1.826559e-10 8.201310e-01 8.607781e-01
5.002218e-01 1.796030e-10 7.901950e-01 8.612040e-01
5.001233e-01 1.769312e-10 8.631570e-01 8.612325e-01
5.002296e-01 1.786322e-10 8.625950e-01 8.599120e-01
5.002113e-01 1.728826e-10 7.696290e-01 8.610429e-01
5.002219e-01 1.720084e-10 8.048910e-01 8.612745e-01
5.001260e-01 1.697299e-10 8.423650e-01 8.602912e-01
5.000751e-01 1.659260e-10 8.652460e-01 8.601121e-01
5.001317e-01 1.671010e-10 8.965760e-01 8.595909e-01
5.001934e-01 1.650075e-10 8.206720e-01 8.607866e-01
5.002070e-01 1.622721e-10 8.505030e-01 8.611068e-01
5.000842e-01 1.605435e-10 8.452920e-01 8.603474e-01
5.001679e-01 1.609285e-10 8.323030e-01 8.601835e-01
5.002163e-01 1.580524e-10 8.105910e-01 8.600444e-01
5.001996e-01 1.562927e-10 8.615500e-01 8.610048e-01
5.000820e-01 1.535217e-10 7.854460e-01 8.603246e-01
5.001898e-01 1.520475e-10 7.517930e-01 8.612907e-01
5.001296e-01 1.513431e-10 8.217610e-01 8.615193e-01
5.001727e-01 1.490001e-10 8.083360e-01 8.604960e-01
5.000744e-01 1.479403e-10 8.450830e-01 8.608362e-01
5.001261e-01 1.450705e-10 7.888680e-01 8.612487e-01
5.001024e-01 1.432582e-10 8.194540e-01 8.604722e-01
5.001556e-01 1.445394e-10 7.858160e-01 8.600530e-01
5.002268e-01 1.420178e-10 8.016110e-01 8.603798e-01
5.000189e-01 1.376929e-10 8.093630e-01 8.608314e-01
5.002112e-01 1.384777e-10 7.335300e-01 8.608000e-01
5.001370e-01 1.368723e-10 7.432340e-01 8.605075e-01
5.001494e-01 1.358135e-10 7.460850e-01 8.605580e-01
5.000976e-01 1.329294e-10 7.714730e-01 8.602502e-01
5.000945e-01 1.329482e-10 7.536610e-01 8.603093e-01
5.000700e-01 1.299616e-10 8.049310e-01 8.609095e-01
5.001978e-01 1.306861e-10 7.103490e-01 8.602302e-01
5.001499e-01 1.280740e-10 7.293060e-01 8.609257e-01
5.000434e-01 1.271272e-10 7.731160e-01 8.607581e-01
5.000940e-01 1.244024e-10 7.792540e-01 8.609305e-01
5.000891e-01 1.244453e-10 7.615160e-01 8.606247e-01
5.001091e-01 1.232131e-10 8.051330e-01 8.609953e-01
5.001620e-01 1.217927e-10 7.886030e-01 8.606190e-01
5.001255e-01 1.202240e-10 8.083310e-01 8.598539e-01
5.001367e-01 1.200256e-10 7.831450e-01 8.600025e-01
5.001447e-01 1.178734e-10 7.971830e-01 8.610601e-01
5.001410e-01 1.164567e-10 7.292480e-01 8.607133e-01
5.001400e-01 1.155329e-10 8.543590e-01 8.602102e-01
5.001266e-01 1.130860e-10 8.279360e-01 8.610877e-01
5.000887e-01 1.128972e-10 7.482930e-01 8.602864e-01
5.000524e-01 1.114976e-10 7.815770e-01 8.603684e-01
5.000515e-01 1.103136e-10 7.655390e-01 8.602188e-01
5.001357e-01 1.095991e-10 7.700110e-01 8.601902e-01
5.000644e-01 1.087107e-10 7.824360e-01 8.601483e-01
5.000419e-01 1.067428e-10 8.014090e-01 8.608095e-01
5.001760e-01 1.057365e-10 7.882250e-01 8.607047e-01
5.000511e-01 1.047296e-10 7.767900e-01 8.602083e-01
5.001714e-01 1.047364e-10 8.597510e-01 8.603512e-01
5.000840e-01 1.020379e-10 8.505760e-01 8.607895e-01
5.000109e-01 1.005961e-10 8.291290e-01 8.613640e-01
5.001068e-01 1.000552e-10 8.233220e-01 8.604379e-01
5.001239e-01 9.913703e-11 8.036030e-01 8.605399e-01
5.001067e-01 9.812985e-11 8.092110e-01 8.603817e-01
5.000549e-01 9.527662e-11 6.677870e-01 8.612602e-01
5.000696e-01 9.624655e-11 8.169180e-01 8.606161e-01
5.000966e-01 9.528684e-11 7.766610e-01 8.603750e-01
5.000349e-01 9.330701e-11 7.677350e-01 8.610477e-01
5.000415e-01 9.242737e-11 7.558820e-01 8.605599e-01
5.000239e-01 9.098372e-11 7.899440e-01 8.609095e-01
5.000433e-01 9.083410e-11 7.473170e-01 8.607714e-01
5.001268e-01 9.021700e-11 7.982530e-01 8.601759e-01
5.000732e-01 8.847657e-11 7.738550e-01 8.610677e-01
5.000301e-01 8.775962e-11 8.389560e-01 8.606161e-01
5.000868e-01 8.774340e-11 6.996300e-01 8.608362e-01
5.001078e-01 8.583123e-11 8.230390e-01 8.611077e-01
5.002090e-01 8.665797e-11 7.589720e-01 8.607666e-01
5.000861e-01 8.422484e-11 7.945030e-01 8.608752e-01
5.000792e-01 8.388816e-11 7.218310e-01 8.600597e-01
5.001370e-01 8.293527e-11 7.709550e-01 8.606552e-01
5.001134e-01 8.178693e-11 7.369270e-01 8.611773e-01
5.000710e-01 8.035259e-11 7.947760e-01 8.604913e-01
5.000926e-01 7.939282e-11 7.370540e-01 8.609724e-01
5.001749e-01 8.032297e-11 7.815220e-01 8.613526e-01
5.000258e-01 7.778596e-11 7.362060e-01 8.604341e-01
5.000155e-01 7.703555e-11 7.962920e-01 8.608924e-01
5.000536e-01 7.705197e-11 7.930380e-01 8.604570e-01
5.001779e-01 7.659846e-11 8.208160e-01 8.607962e-01
5.000545e-01 7.555759e-11 6.883290e-01 8.608409e-01
5.001167e-01 7.468910e-11 8.124680e-01 8.607962e-01
5.001036e-01 7.346421e-11 7.497980e-01 8.609943e-01
5.001044e-01 7.227922e-11 7.854390e-01 8.612630e-01
5.000814e-01 7.216621e-11 8.273170e-01 8.602455e-01
5.001021e-01 7.174412e-11 7.905660e-01 8.606637e-01
5.000242e-01 7.103185e-11 8.115840e-01 8.599663e-01
4.999942e-01 6.939564e-11 7.054370e-01 8.599272e-01
5.000477e-01 6.918922e-11 7.852580e-01 8.609677e-01
5.000548e-01 6.806690e-11 7.965770e-01 8.605151e-01
4.999970e-01 6.741044e-11 8.276280e-01 8.597462e-01
5.000191e-01 6.649584e-11 6.804330e-01 8.607171e-01
5.001302e-01 6.686575e-11 7.755400e-01 8.604246e-01
5.000484e-01 6.562064e-11 8.091920e-01 8.599282e-01
5.000370e-01 6.504332e-11 8.605130e-01 8.602950e-01
5.000426e-01 6.470589e-11 7.985070e-01 8.610744e-01
5.000089e-01 6.255853e-11 7.643070e-01 8.608600e-01
4.999987e-01 6.190012e-11 7.902580e-01 8.610439e-01
5.000644e-01 6.143393e-11 7.716870e-01 8.609134e-01
5.000108e-01 6.085413e-11 7.642500e-01 8.611992e-01
5.000635e-01 6.053440e-11 8.346330e-01 8.610305e-01
5.000825e-01 6.065652e-11 8.036260e-01 8.599015e-01
5.000833e-01 6.002112e-11 8.353220e-01 8.602931e-01
5.000488e-01 5.876102e-11 7.869900e-01 8.608591e-01
5.000725e-01 5.810987e-11 8.189020e-01 8.600987e-01
5.001882e-01 5.851974e-11 7.824780e-01 8.600892e-01
5.001445e-01 5.821453e-11 8.030770e-01 8.599749e-01
5.000822e-01 5.686534e-11 7.982660e-01 8.608972e-01
5.000798e-01 5.617915e-11 7.853510e-01 8.602340e-01
5.000887e-01 5.534837e-11 7.887020e-01 8.604084e-01
5.000575e-01 5.433225e-11 8.450350e-01 8.613088e-01
5.000840e-01 5.485917e-11 8.303430e-01 8.604027e-01
5.000534e-01 5.390007e-11 7.711660e-01 8.605475e-01
5.000954e-01 5.322261e-11 7.766820e-01 8.606961e-01
4.999465e-01 5.199503e-11 7.628710e-01 8.602388e-01
5.000261e-01 5.171487e-11 7.593860e-01 8.607438e-01
4.999523e-01 5.102534e-11 7.646100e-01 8.602864e-01
5.001048e-01 5.154837e-11 8.078300e-01 8.609257e-01
5.000173e-01 5.033530e-11 7.374570e-01 8.610201e-01
5.001537e-01 5.065870e-11 7.574570e-01 8.603360e-01
5.000000e-01 4.948646e-11 7.687870e-01 8.600768e-01
5.000323e-01 4.918406e-11 8.222470e-01 8.601988e-01
5.000761e-01 4.839000e-11 7.391310e-01 8.608638e-01
5.000596e-01 4.824071e-11 8.069250e-01 8.601845e-01
5.000577e-01 4.805209e-11 7.794450e-01 8.599939e-01
5.000235e-01 4.647502e-11 7.405610e-01 8.606237e-01
5.000309e-01 4.622370e-11 6.818980e-01 8.609324e-01
5.000895e-01 4.633514e-11 7.483180e-01 8.602197e-01
5.000359e-01 4.497218e-11 7.729650e-01 8.603760e-01
4.999984e-01 4.462184e-11 8.324230e-01 8.605456e-01
5.000234e-01 4.441238e-11 7.473310e-01 8.609915e-01
5.001001e-01 4.483548e-11 7.918690e-01 8.603398e-01
4.999925e-01 4.309286e-11 7.647040e-01 8.611554e-01
5.000963e-01 4.364977e-11 7.319020e-01 8.603017e-01
5.000301e-01 4.257383e-11 7.843170e-01 8.603912e-01
5.000068e-01 4.190371e-11 7.608530e-01 8.607352e-01
5.000319e-01 4.130038e-11 7.215570e-01 8.609238e-01
5.000335e-01 4.159583e-11 8.133500e-01 8.601473e-01
5.000306e-01 4.079462e-11 8.225780e-01 8.605989e-01
5.000580e-01 4.082243e-11 8.123660e-01 8.612182e-01
5.000465e-01 4.035426e-11 7.701400e-01 8.603693e-01
5.000459e-01 4.020484e-11 7.695210e-01 8.601635e-01
5.000977e-01 4.005000e-11 8.198470e-01 8.602378e-01
5.000777e-01 3.912935e-11 7.738410e-01 8.602283e-01
5.000444e-01 3.835829e-11 6.837290e-01 8.607733e-01
5.000259e-01 3.795238e-11 8.255300e-01 8.603246e-01
4.999736e-01 3.754889e-11 8.184670e-01 8.607171e-01
5.000419e-01 3.737028e-11 8.043550e-01 8.607866e-01
5.000347e-01 3.724000e-11 8.049310e-01 8.600616e-01
5.000998e-01 3.740727e-11 8.324140e-01 8.597424e-01
4.999986e-01 3.584392e-11 7.623980e-01 8.606513e-01
5.000288e-01 3.584390e-11 7.525630e-01 8.608305e-01
5.000470e-01 3.549777e-11 8.261600e-01 8.604865e-01
5.000789e-01 3.502697e-11 8.164660e-01 8.613345e-01
5.000491e-01 3.538965e-11 6.846210e-01 8.598167e-01
4.999439e-01 3.395773e-11 7.778710e-01 8.604265e-01
5.000119e-01 3.400882e-11 7.969300e-01 8.608248e-01
5.000281e-01 3.392676e-11 7.892830e-01 8.602664e-01
5.000392e-01 3.402376e-11 8.039960e-01 8.602016e-01
4.999794e-01 3.282007e-11 7.614500e-01 8.603598e-01
4.999804e-01 3.256912e-11 7.696910e-01 8.604494e-01
5.000185e-01 3.224608e-11 8.092370e-01 8.604503e-01
5.000296e-01 3.244048e-11 8.164720e-01 8.600435e-01
5.000600e-01 3.156537e-11 8.212270e-01 8.610668e-01
5.000565e-01 3.194996e-11 7.715020e-01 8.605180e-01
4.999970e-01 3.083546e-11 8.362120e-01 8.603541e-01
5.000613e-01 3.130502e-11 7.385420e-01 8.607571e-01
5.000418e-01 3.100733e-11 8.314970e-01 8.602426e-01
5.000192e-01 3.053336e-11 7.129560e-01 8.602636e-01
5.000127e-01 3.007623e-11 7.437470e-01 8.606742e-01
5.000520e-01 3.000866e-11 8.043870e-01 8.602798e-01
4.999952e-01 2.922630e-11 7.541320e-01 8.607133e-01
5.000276e-01 2.941538e-11 7.528540e-01 8.603770e-01
4.999932e-01 2.866131e-11 7.571450e-01 8.603217e-01
5.000071e-01 2.817793e-11 7.427000e-01 8.607590e-01
5.000866e-01 2.890512e-11 7.389520e-01 8.607581e-01
5.000464e-01 2.861167e-11 7.740410e-01 8.604398e-01
5.000126e-01 2.762922e-11 7.545130e-01 8.607409e-01
5.000078e-01 2.716398e-11 8.184020e-01 8.611677e-01
5.000479e-01 2.742270e-11 8.045500e-01 8.608305e-01
5.000004e-01 2.657653e-11 7.658180e-01 8.614078e-01
4.999667e-01 2.643902e-11 7.929620e-01 8.609962e-01
5.000464e-01 2.684183e-11 7.243820e-01 8.598901e-01
5.000091e-01 2.601841e-11 6.903140e-01 8.601302e-01
5.000368e-01 2.639936e-11 7.769290e-01 8.603236e-01
4.999841e-01 2.523679e-11 7.305790e-01 8.617404e-01
4.999911e-01 2.534210e-11 8.010330e-01 8.605370e-01
5.000250e-01 2.538090e-11 6.777550e-01 8.603836e-01
5.000384e-01 2.511593e-11 7.936990e-01 8.603084e-01
5.000383e-01 2.480912e-11 8.189690e-01 8.602388e-01
5.000137e-01 2.454730e-11 8.296940e-01 8.602960e-01
4.999762e-01 2.401367e-11 7.674560e-01 8.609448e-01
5.000143e-01 2.405962e-11 7.897030e-01 8.610715e-01
4.999761e-01 2.357014e-11 7.516450e-01 8.600711e-01
5.000465e-01 2.388881e-11 8.380070e-01 8.595928e-01
5.000095e-01 2.310677e-11 8.006700e-01 8.609410e-01
5.000605e-01 2.355898e-11 7.725160e-01 8.600044e-01
5.000015e-01 2.281136e-11 8.261800e-01 8.606161e-01
5.000405e-01 2.332312e-11 7.535350e-01 8.600816e-01
5.000094e-01 2.242669e-11 7.822350e-01 8.597920e-01
4.999652e-01 2.185366e-11 8.033820e-01 8.610715e-01
4.999574e-01 2.155762e-11 7.892640e-01 8.600854e-01
5.000189e-01 2.207396e-11 8.070150e-01 8.611630e-01
5.000433e-01 2.180721e-11 7.323660e-01 8.602197e-01
4.999867e-01 2.111082e-11 7.762780e-01 8.610325e-01
5.000410e-01 2.160964e-11 8.280990e-01 8.605237e-01
5.000571e-01 2.152832e-11 8.301870e-01 8.601054e-01
5.000548e-01 2.110135e-11 7.229480e-01 8.612068e-01
5.000037e-01 2.049973e-11 8.112320e-01 8.609086e-01
5.000470e-01 2.063447e-11 8.185480e-01 8.606847e-01
4.999832e-01 1.997282e-11 8.689830e-01 8.612344e-01
5.000231e-01 2.011924e-11 7.783480e-01 8.608905e-01
5.000321e-01 1.997549e-11 8.618010e-01 8.610467e-01
5.000375e-01 1.974386e-11 7.344400e-01 8.603284e-01
5.000506e-01 1.972818e-11 6.910230e-01 8.600921e-01
4.999915e-01 1.928836e-11 7.415060e-01 8.606704e-01
5.000175e-01 1.930681e-11 7.582420e-01 8.607590e-01
5.000251e-01 1.908658e-11 8.403410e-01 8.603655e-01
4.999976e-01 1.855699e-11 7.211000e-01 8.609019e-01
5.000320e-01 1.870319e-11 8.137000e-01 8.602369e-01
5.000141e-01 1.855020e-11 7.431280e-01 8.613916e-01
5.000494e-01 1.892137e-11 7.584620e-01 8.599053e-01
4.999991e-01 1.812338e-11 7.030080e-01 8.599234e-01
5.000574e-01 1.839325e-11 8.168670e-01 8.604846e-01
4.999958e-01 1.797898e-11 8.066960e-01 8.602855e-01
5.000071e-01 1.779001e-11 8.347560e-01 8.603398e-01
5.000085e-01 1.763526e-11 7.497780e-01 8.611906e-01
5.000192e-01 1.744507e-11 7.425460e-01 8.605189e-01
5.000099e-01 1.707105e-11 7.864950e-01 8.607962e-01
4.999708e-01 1.697504e-11 8.148720e-01 8.604303e-01
5.000043e-01 1.692759e-11 7.681880e-01 8.601092e-01
4.999711e-01 1.630255e-11 7.932900e-01 8.611106e-01
5.000154e-01 1.651551e-11 8.120760e-01 8.603017e-01
5.000160e-01 1.655570e-11 8.067640e-01 8.606618e-01
4.999801e-01 1.621615e-11 7.578600e-01 8.606961e-01
5.000346e-01 1.654852e-11 8.386010e-01 8.606504e-01
5.000002e-01 1.584913e-11 8.088690e-01 8.608733e-01
5.000527e-01 1.628776e-11 7.907700e-01 8.607466e-01
4.999859e-01 1.567135e-11 8.828190e-01 8.605751e-01
4.999953e-01 1.548018e-11 8.187170e-01 8.607943e-01
5.000134e-01 1.552399e-11 8.084720e-01 8.608114e-01
5.000188e-01 1.544668e-11 8.052700e-01 8.607666e-01
4.999997e-01 1.514905e-11 7.962800e-01 8.610382e-01
5.000006e-01 1.495951e-11 8.060750e-01 8.606447e-01
5.000497e-01 1.537490e-11 7.933990e-01 8.601559e-01
5.000015e-01 1.496259e-11 7.765700e-01 8.605856e-01
4.999967e-01 1.456239e-11 7.087760e-01 8.608733e-01
5.000320e-01 1.486569e-11 7.072400e-01 8.595376e-01
5.000154e-01 1.453790e-11 7.367020e-01 8.604741e-01
5.000233e-01 1.444205e-11 8.143270e-01 8.608581e-01
5.000240e-01 1.421981e-11 7.045800e-01 8.613469e-01
5.000458e-01 1.437820e-11 8.018350e-01 8.602302e-01
5.000148e-01 1.412124e-11 7.870240e-01 8.605008e-01
5.000288e-01 1.412378e-11 7.840600e-01 8.604675e-01
5.000038e-01 1.383487e-11 8.558240e-01 8.600768e-01
5.000253e-01 1.374563e-11 7.629270e-01 8.609829e-01
5.000370e-01 1.376660e-11 8.102710e-01 8.606733e-01
5.000102e-01 1.351333e-11 8.424570e-01 8.606485e-01
5.000084e-01 1.345808e-11 7.592660e-01 8.605437e-01
4.999893e-01 1.305343e-11 7.769000e-01 8.615974e-01
5.000328e-01 1.334438e-11 7.832620e-01 8.603522e-01
5.000008e-01 1.303737e-11 8.155610e-01 8.598539e-01
5.000064e-01 1.288192e-11 8.140280e-01 8.602264e-01
5.000112e-01 1.280425e-11 7.502230e-01 8.608924e-01
4.999948e-01 1.256834e-11 7.666090e-01 8.607152e-01
4.999799e-01 1.236787e-11 7.759020e-01 8.615012e-01
5.000086e-01 1.259285e-11 7.369060e-01 8.600864e-01
4.999929e-01 1.230560e-11 8.250140e-01 8.609105e-01
5.000362e-01 1.242795e-11 8.179350e-01 8.607552e-01
5.000245e-01 1.244511e-11 7.585470e-01 8.602064e-01
5.000360e-01 1.222884e-11 7.061430e-01 8.612611e-01
5.000024e-01 1.218454e-11 7.694590e-01 8.594337e-01
5.000282e-01 1.213779e-11 7.819230e-01 8.607066e-01
5.000023e-01 1.164047e-11 8.342230e-01 8.612268e-01
5.000092e-01 1.167813e-11 7.493380e-01 8.604903e-01
5.000038e-01 1.169673e-11 8.044570e-01 8.604456e-01
5.000089e-01 1.149730e-11 7.747850e-01 8.607562e-01
5.000218e-01 1.151369e-11 8.137210e-01 8.605808e-01
5.000080e-01 1.133413e-11 8.127160e-01 8.604046e-01
4.999852e-01 1.126703e-11 7.608870e-01 8.607571e-01
4.999884e-01 1.109923e-11 7.690120e-01 8.606561e-01
4.999927e-01 1.097222e-11 7.678760e-01 8.615107e-01
5.000319e-01 1.111243e-11 7.565200e-01 8.604922e-01
5.000054e-01 1.088499e-11 7.903900e-01 8.605723e-01
5.000191e-01 1.094188e-11 7.596470e-01 8.605542e-01
5.000100e-01 1.088417e-11 7.684600e-01 8.611001e-01
5.000091e-01 1.082843e-11 8.033100e-01 8.608419e-01
5.000350e-01 1.101635e-11 7.493430e-01 8.598272e-01
4.999995e-01 1.051595e-11 7.812470e-01 8.606056e-01
4.999842e-01 1.023553e-11 7.996090e-01 8.604141e-01
4.999770e-01 1.012380e-11 7.582480e-01 8.610915e-01
4.999846e-01 1.016710e-11 7.094880e-01 8.609553e-01
5.000013e-01 1.011731e-11 7.189070e-01 8.610753e-01
4.999971e-01 1.009694e-11 7.419820e-01 8.606199e-01
5.000143e-01 1.003503e-11 7.888560e-01 8.606599e-01
5.000224e-01 1.015311e-11 8.209830e-01 8.609362e-01
5.000290e-01 1.009394e-11 8.000440e-01 8.611001e-01
5.000166e-01 9.933719e-12 8.344330e-01 8.606113e-01
5.000057e-01 9.799396e-12 8.122460e-01 8.606428e-01
5.000257e-01 9.807402e-12 7.845910e-01 8.604646e-01
5.000177e-01 9.729099e-12 7.441340e-01 8.601340e-01
5.000342e-01 9.663047e-12 7.824010e-01 8.609629e-01
4.999930e-01 9.475601e-12 7.815300e-01 8.609610e-01
5.000051e-01 9.392528e-12 7.080280e-01 8.609743e-01
4.999856e-01 9.304215e-12 7.877040e-01 8.608381e-01
5.000150e-01 9.469765e-12 7.743000e-01 8.601226e-01
5.000027e-01 9.275943e-12 7.946250e-01 8.610706e-01
5.000046e-01 9.136091e-12 8.210390e-01 8.605866e-01
4.999877e-01 9.025176e-12 7.196650e-01 8.606361e-01
5.000009e-01 9.093764e-12 6.890620e-01 8.606742e-01
5.000026e-01 9.040398e-12 8.033640e-01 8.616508e-01
5.000160e-01 9.050942e-12 6.046310e-01 8.606494e-01
5.000020e-01 8.827814e-12 7.698090e-01 8.607647e-01
4.999914e-01 8.682902e-12 8.426010e-01 8.601235e-01
4.999920e-01 8.592973e-12 8.312580e-01 8.603827e-01
5.000158e-01 8.719310e-12 7.589250e-01 8.606799e-01
5.000137e-01 8.569846e-12 7.135450e-01 8.603160e-01
5.000097e-01 8.669911e-12 7.194980e-01 8.607400e-01
4.999913e-01 8.408515e-12 8.227600e-01 8.609181e-01
5.000087e-01 8.387930e-12 7.757230e-01 8.601121e-01
5.000189e-01 8.554163e-12 7.857000e-01 8.605351e-01
5.000145e-01 8.436947e-12 8.312110e-01 8.601188e-01
5.000210e-01 8.449221e-12 8.142010e-01 8.603064e-01
5.000000e-01 8.202380e-12 8.693340e-01 8.602359e-01
5.000136e-01 8.334880e-12 8.184460e-01 8.604446e-01
4.999977e-01 8.075628e-12 8.092890e-01 8.607542e-01
4.999882e-01 7.947121e-12 8.259540e-01 8.601759e-01
5.000109e-01 8.078971e-12 8.071980e-01 8.607199e-01
4.999834e-01 7.847699e-12 8.073630e-01 8.603712e-01
5.000186e-01 8.045364e-12 7.848720e-01 8.603350e-01
5.000189e-01 8.078078e-12 8.128310e-01 8.601607e-01
5.000247e-01 7.974345e-12 8.432680e-01 8.600806e-01
4.999981e-01 7.789781e-12 7.749450e-01 8.607199e-01
4.999949e-01 7.631243e-12 8.048090e-01 8.605084e-01
5.000033e-01 7.704785e-12 8.283300e-01 8.608810e-01
4.999892e-01 7.524229e-12 7.600700e-01 8.610887e-01
5.000256e-01 7.781574e-12 7.961010e-01 8.598968e-01
4.999988e-01 7.582844e-12 8.445340e-01 8.603198e-01
5.000303e-01 7.646134e-12 9.063590e-01 8.600606e-01
5.000006e-01 7.588922e-12 7.585600e-01 8.606332e-01
4.999922e-01 7.335246e-12 7.573610e-01 8.610477e-01
4.999750e-01 7.201101e-12 7.639900e-01 8.608733e-01
5.000148e-01 7.437318e-12 7.918290e-01 8.601664e-01
4.999784e-01 7.278449e-12 7.512730e-01 8.608057e-01
4.999787e-01 7.078451e-12 7.957340e-01 8.600263e-01
4.999997e-01 7.213016e-12 7.483670e-01 8.604589e-01
5.000000e-01 7.179187e-12 7.709640e-01 8.611878e-01
5.000110e-01 7.186333e-12 7.593710e-01 8.603617e-01
4.999846e-01 7.010207e-12 7.831560e-01 8.611401e-01
5.000090e-01 7.147389e-12 7.704940e-01 8.604074e-01
5.000109e-01 7.128094e-12 8.724840e-01 8.606390e-01
5.000211e-01 7.056283e-12 8.404260e-01 8.609667e-01
4.999838e-01 6.963403e-12 8.561540e-01 8.611649e-01
5.000069e-01 6.914182e-12 7.925650e-01 8.604360e-01
5.000039e-01 6.877664e-12 7.661190e-01 8.601426e-01
5.000047e-01 6.874488e-12 7.873930e-01 8.611296e-01
5.000243e-01 6.952556e-12 7.535720e-01 8.602417e-01
5.000113e-01 6.788076e-12 8.144990e-01 8.608543e-01
5.000092e-01 6.740307e-12 7.574340e-01 8.605504e-01
5.000088e-01 6.676147e-12 7.522000e-01 8.604617e-01
5.000377e-01 6.873411e-12 7.751050e-01 8.602236e-01
4.999930e-01 6.547453e-12 8.133630e-01 8.606714e-01
5.000140e-01 6.646680e-12 8.259980e-01 8.607238e-01
5.000193e-01 6.562106e-12 8.731580e-01 8.607228e-01
5.000355e-01 6.782695e-12 7.665940e-01 8.605437e-01
5.000012e-01 6.360564e-12 9.165980e-01 8.603331e-01
4.999896e-01 6.316978e-12 8.035390e-01 8.601788e-01
5.000013e-01 6.461563e-12 8.277250e-01 8.600349e-01
4.999935e-01 6.246998e-12 9.459260e-01 8.605770e-01
5.000027e-01 6.314001e-12 8.506570e-01 8.606275e-01
4.999945e-01 6.240264e-12 8.572440e-01 8.611115e-01
5.000221e-01 6.388464e-12 7.821970e-01 8.601664e-01
4.999977e-01 6.292670e-12 8.727630e-01 8.615098e-01
5.000204e-01 6.342559e-12 7.979840e-01 8.604570e-01
4.999864e-01 6.091051e-12 8.446480e-01 8.610058e-01
5.000120e-01 6.142690e-12 7.198260e-01 8.602579e-01
5.000051e-01 6.105857e-12 7.908110e-01 8.601893e-01
5.000100e-01 6.117077e-12 7.194280e-01 8.605094e-01
5.000234e-01 6.201254e-12 7.765580e-01 8.603941e-01
5.000140e-01 6.093943e-12 8.102910e-01 8.609620e-01
5.000073e-01 5.989971e-12 8.161130e-01 8.611173e-01
4.999963e-01 5.937040e-12 7.733100e-01 8.602721e-01
4.999932e-01 5.890188e-12 7.282670e-01 8.605885e-01
4.999858e-01 5.858425e-12 8.597760e-01 8.614545e-01
5.000083e-01 5.954869e-12 8.246570e-01 8.610001e-01
5.000156e-01 5.975667e-12 8.412760e-01 8.607600e-01
4.999933e-01 5.782491e-12 6.383760e-01 8.599892e-01
5.000359e-01 6.042505e-12 6.911260e-01 8.605646e-01
4.999993e-01 5.867628e-12 7.846280e-01 8.604589e-01
5.000126e-01 5.826188e-12 7.252000e-01 8.603712e-01
5.000026e-01 5.798971e-12 8.125930e-01 8.602607e-01
4.999821e-01 5.577298e-12 7.220560e-01 8.609353e-01
4.999827e-01 5.529672e-12 8.054290e-01 8.609991e-01
4.999856e-01 5.577560e-12 8.435350e-01 8.612506e-01
4.999793e-01 5.580290e-12 8.625990e-01 8.610877e-01
4.999989e-01 5.577006e-12 7.142130e-01 8.611106e-01
5.000062e-01 5.727055e-12 8.322830e-01 8.599206e-01
4.999813e-01 5.414371e-12 8.439290e-01 8.610334e-01
5.000278e-01 5.739605e-12 8.575250e-01 8.601073e-01
5.000014e-01 5.518884e-12 7.863180e-01 8.609943e-01
5.000256e-01 5.627141e-12 7.675890e-01 8.608038e-01
5.000054e-01 5.565630e-12 7.881580e-01 8.596395e-01
5.000222e-01 5.582862e-12 8.035480e-01 8.609000e-01
5.000036e-01 5.419231e-12 8.302840e-01 8.604713e-01
5.000003e-01 5.415314e-12 8.502480e-01 8.602236e-01
5.000192e-01 5.498608e-12 7.820120e-01 8.602455e-01
5.000037e-01 5.377537e-12 8.072430e-01 8.602340e-01
4.999955e-01 5.316863e-12 7.848670e-01 8.603731e-01
4.999880e-01 5.246246e-12 7.843370e-01 8.609696e-01
5.000028e-01 5.226054e-12 7.616730e-01 8.607771e-01
5.000071e-01 5.380311e-12 7.957720e-01 8.602045e-01
5.000096e-01 5.300344e-12 8.312290e-01 8.607504e-01
4.999937e-01 5.262701e-12 7.313490e-01 8.603217e-01
4.999944e-01 5.191739e-12 7.737650e-01 8.610182e-01
5.000140e-01 5.283270e-12 7.402330e-01 8.598243e-01
5.000104e-01 5.217058e-12 8.023030e-01 8.601978e-01
5.000004e-01 5.133305e-12 8.119160e-01 8.609953e-01
5.000036e-01 5.115320e-12 7.721550e-01 8.611115e-01
4.999931e-01 5.088869e-12 7.443860e-01 8.605037e-01
4.999957e-01 5.034884e-12 7.837950e-01 8.609762e-01
5.000001e-01 5.092151e-12 8.251350e-01 8.607152e-01
5.000085e-01 5.095800e-12 8.070390e-01 8.610506e-01
5.000073e-01 5.165467e-12 8.124650e-01 8.609257e-01
5.000088e-01 5.045894e-12 7.296580e-01 8.600635e-01
4.999708e-01 4.889398e-12 7.594820e-01 8.613021e-01
4.999946e-01 4.970647e-12 7.323510e-01 8.606714e-01
5.000073e-01 5.075299e-12 8.060010e-01 8.599949e-01
5.000031e-01 4.997612e-12 7.995160e-01 8.607342e-01
4.999926e-01 4.900733e-12 9.026260e-01 8.603970e-01
5.000266e-01 5.175879e-12 9.191260e-01 8.600444e-01
5.000131e-01 5.020800e-12 8.434830e-01 8.604999e-01
4.999957e-01 4.800302e-12 7.344200e-01 8.609200e-01
4.999996e-01 4.874630e-12 6.860230e-01 8.601007e-01
4.999707e-01 4.712057e-12 8.163200e-01 8.606895e-01
4.999902e-01 4.760603e-12 7.240340e-01 8.603141e-01
5.000042e-01 4.808180e-12 6.789640e-01 8.609505e-01
5.000003e-01 4.768312e-12 7.662240e-01 8.605837e-01
5.000008e-01 4.840414e-12 8.933140e-01 8.606085e-01
4.999974e-01 4.791468e-12 7.832870e-01 8.608314e-01
4.999947e-01 4.739905e-12 7.208440e-01 8.601492e-01
4.999925e-01 4.758804e-12 7.643430e-01 8.602302e-01
4.999956e-01 4.809688e-12 8.011100e-01 8.600968e-01
5.000108e-01 4.837801e-12 8.331860e-01 8.604141e-01
4.999934e-01 4.661687e-12 8.653090e-01 8.607676e-01
4.999998e-01 4.690297e-12 8.437210e-01 8.606695e-01
4.999961e-01 4.646442e-12 8.267750e-01 8.600273e-01
4.999916e-01 4.627974e-12 8.489580e-01 8.603236e-01
4.999982e-01 4.652652e-12 8.144140e-01 8.607018e-01
4.999894e-01 4.597313e-12 8.212190e-01 8.607819e-01
4.999944e-01 4.584780e-12 7.885970e-01 8.606533e-01
5.000054e-01 4.683761e-12 8.299770e-01 8.610239e-01
4.999985e-01 4.628932e-12 7.996500e-01 8.609686e-01
4.999950e-01 4.586446e-12 8.482930e-01 8.611239e-01
5.000057e-01 4.610923e-12 8.004360e-01 8.608991e-01
5.000135e-01 4.678992e-12 7.837730e-01 8.605742e-01
4.999937e-01 4.479700e-12 7.746220e-01 8.611249e-01
4.999963e-01 4.476492e-12 8.650700e-01 8.612992e-01
4.999989e-01 4.494443e-12 8.611900e-01 8.615536e-01
4.999886e-01 4.447052e-12 8.129810e-01 8.610305e-01
5.000136e-01 4.562312e-12 7.981720e-01 8.604513e-01
4.999952e-01 4.552196e-12 8.420500e-01 8.610858e-01
5.000018e-01 4.556889e-12 8.375200e-01 8.609134e-01
4.999920e-01 4.488358e-12 7.957320e-01 8.606132e-01
4.999824e-01 4.395544e-12 8.199620e-01 8.612135e-01
4.999982e-01 4.400612e-12 9.101050e-01 8.602531e-01
5.000140e-01 4.557499e-12 9.085840e-01 8.604093e-01
5.000193e-01 4.609388e-12 8.495320e-01 8.608924e-01
5.000004e-01 4.431210e-12 8.115980e-01 8.603303e-01
4.999943e-01 4.392906e-12 8.107740e-01 8.607533e-01
4.999989e-01 4.344769e-12 9.301250e-01 8.602550e-01
5.000051e-01 4.428207e-12 8.124770e-01 8.600702e-01
5.000029e-01 4.367639e-12 8.781990e-01 8.605323e-01
5.000071e-01 4.467193e-12 9.471740e-01 8.601445e-01
5.000073e-01 4.420211e-12 8.778020e-01 8.610458e-01
5.000092e-01 4.392202e-12 8.216530e-01 8.604151e-01
4.999915e-01 4.270003e-12 8.757040e-01 8.611049e-01
4.999957e-01 4.279989e-12 8.113270e-01 8.607409e-01
4.999967e-01 4.335960e-12 8.132300e-01 8.599434e-01
5.000218e-01 4.499946e-12 7.702920e-01 8.605875e-01
5.000018e-01 4.393085e-12 7.931230e-01 8.608514e-01
5.000061e-01 4.323286e-12 8.272520e-01 8.603522e-01
4.999869e-01 4.229747e-12 8.040830e-01 8.602426e-01
4.999962e-01 4.304780e-12 8.078730e-01 8.607276e-01
4.999938e-01 4.257279e-12 8.000910e-01 8.608886e-01
5.000089e-01 4.323944e-12 8.647510e-01 8.609134e-01
4.999842e-01 4.187569e-12 9.241200e-01 8.608362e-01
4.999968e-01 4.246697e-12 9.869650e-01 8.610182e-01
4.999942e-01 4.243969e-12 8.111890e-01 8.609277e-01
4.999971e-01 4.177087e-12 8.228080e-01 8.601759e-01
4.999957e-01 4.211026e-12 7.905580e-01 8.605523e-01
5.000082e-01 4.204587e-12 7.962680e-01 8.595995e-01
5.000006e-01 4.212123e-12 7.816350e-01 8.604617e-01
5.000037e-01 4.291880e-12 7.689090e-01 8.610334e-01
5.000123e-01 4.224305e-12 7.996890e-01 8.599501e-01
5.000248e-01 4.353638e-12 8.051120e-01 8.601835e-01
4.999853e-01 4.100041e-12 7.933030e-01 8.615374e-01
5.000025e-01 4.218213e-12 7.889100e-01 8.607476e-01
5.000171e-01 4.247684e-12 7.638590e-01 8.606132e-01
5.000125e-01 4.217096e-12 8.505990e-01 8.603731e-01
4.999995e-01 4.146652e-12 8.177400e-01 8.607762e-01
5.000085e-01 4.201167e-12 7.888780e-01 8.608505e-01
4.999931e-01 4.074440e-12 7.493860e-01 8.607123e-01
4.999952e-01 4.076427e-12 8.309760e-01 8.605704e-01
5.000142e-01 4.206629e-12 8.383690e-01 8.608400e-01
4.999992e-01 4.060361e-12 7.922650e-01 8.603750e-01
4.999925e-01 4.029277e-12 7.924400e-01 8.608552e-01
4.999821e-01 4.014289e-12 7.945770e-01 8.608267e-01
4.999983e-01 4.097114e-12 7.710660e-01 8.609324e-01
5.000044e-01 4.083071e-12 8.666870e-01 8.607866e-01
5.000011e-01 4.068655e-12 8.525910e-01 8.608467e-01
5.000071e-01 4.170076e-12 8.304800e-01 8.605723e-01
5.000083e-01 4.074369e-12 7.139550e-01 8.604598e-01
5.000091e-01 4.115518e-12 8.583930e-01 8.601854e-01
4.999968e-01 4.058864e-12 9.041990e-01 8.608591e-01
5.000104e-01 4.116623e-12 9.215350e-01 8.604989e-01
5.000057e-01 4.064357e-12 8.308140e-01 8.608190e-01
4.999942e-01 4.000008e-12 7.729640e-01 8.609238e-01
4.999998e-01 4.047284e-12 7.617480e-01 8.604694e-01
5.000139e-01 4.099289e-12 7.109720e-01 8.597443e-01
5.000101e-01 4.082354e-12 7.632540e-01 8.603045e-01
5.000086e-01 4.054975e-12 8.283030e-01 8.604360e-01
5.000075e-01 4.066062e-12 8.198520e-01 8.605180e-01
5.000134e-01 4.050257e-12 7.559800e-01 8.605227e-01
4.999954e-01 3.987198e-12 8.326280e-01 8.604779e-01
4.999896e-01 3.855495e-12 8.486030e-01 8.602798e-01
4.999968e-01 3.915771e-12 8.066830e-01 8.612640e-01
5.000159e-01 4.047069e-12 8.141380e-01 8.601683e-01
5.000039e-01 3.943632e-12 7.657640e-01 8.602588e-01
5.000064e-01 4.038271e-12 7.764550e-01 8.604036e-01
5.000112e-01 4.004771e-12 7.932220e-01 8.603417e-01
4.999949e-01 3.905238e-12 7.173400e-01 8.610477e-01
4.999986e-01 3.918241e-12 8.231150e-01 8.607619e-01
5.000054e-01 3.945622e-12 9.036600e-01 8.599168e-01
5.000079e-01 3.979291e-12 8.729670e-01 8.599082e-01
5.000010e-01 3.912217e-12 7.591150e-01 8.600940e-01
5.000009e-01 3.935799e-12 6.916870e-01 8.599901e-01
4.999860e-01 3.812256e-12 8.215570e-01 8.611601e-01
5.000062e-01 3.936510e-12 8.593500e-01 8.608724e-01
4.999935e-01 3.879847e-12 8.439290e-01 8.604894e-01
4.999967e-01 3.805024e-12 7.170980e-01 8.604436e-01
5.000132e-01 4.029996e-12 7.621210e-01 8.601369e-01
5.000024e-01 3.919977e-12 7.457630e-01 8.607695e-01
