# dim  N   mc   rho  Brute 
# 1    1 1049576 1
#
# Theoretical Energy = 5.000000e-01
# Energy     Variance     CPU time     Acceptance
5.244398e-01 2.261720e-08 7.569230e-01 8.609172e-01
5.230224e-01 2.163449e-08 8.819170e-01 8.611230e-01
5.219647e-01 2.027799e-08 8.375030e-01 8.611916e-01
5.200721e-01 1.907124e-08 8.422130e-01 8.613335e-01
5.179637e-01 1.808086e-08 7.609020e-01 8.616213e-01
5.184078e-01 1.743720e-08 7.895320e-01 8.607704e-01
5.179159e-01 1.648977e-08 7.928890e-01 8.609781e-01
5.174241e-01 1.557832e-08 7.729260e-01 8.609229e-01
5.151529e-01 1.497723e-08 7.800000e-01 8.604008e-01
5.129374e-01 1.406528e-08 7.491320e-01 8.610849e-01
5.138255e-01 1.344360e-08 7.894760e-01 8.605370e-01
5.128174e-01 1.263912e-08 6.164360e-01 8.611468e-01
5.120271e-01 1.201690e-08 8.299880e-01 8.612964e-01
5.120369e-01 1.136211e-08 6.636640e-01 8.611697e-01
5.113412e-01 1.078395e-08 6.882430e-01 8.609667e-01
5.095236e-01 1.030156e-08 8.420330e-01 8.611163e-01
5.104592e-01 9.792571e-09 7.215950e-01 8.605246e-01
5.089403e-01 9.163036e-09 7.962810e-01 8.615022e-01
5.092462e-01 8.780367e-09 8.175610e-01 8.610810e-01
5.091752e-01 8.300577e-09 7.969550e-01 8.608362e-01
5.080588e-01 7.937118e-09 8.010780e-01 8.603112e-01
5.074017e-01 7.414738e-09 7.906780e-01 8.606590e-01
5.070518e-01 7.077379e-09 7.859060e-01 8.611830e-01
5.075928e-01 6.803261e-09 7.608600e-01 8.606847e-01
5.070456e-01 6.336644e-09 7.145490e-01 8.611630e-01
5.062832e-01 6.147519e-09 8.765060e-01 8.609743e-01
5.061331e-01 5.704551e-09 7.998810e-01 8.616937e-01
5.053275e-01 5.443713e-09 8.326520e-01 8.612640e-01
5.056118e-01 5.178657e-09 7.421570e-01 8.614126e-01
5.042564e-01 4.920616e-09 7.699600e-01 8.614155e-01
5.049568e-01 4.682694e-09 8.003630e-01 8.617909e-01
5.042343e-01 4.440477e-09 7.963990e-01 8.614136e-01
5.037310e-01 4.221147e-09 8.194210e-01 8.612811e-01
5.041135e-01 4.032538e-09 7.911400e-01 8.614259e-01
5.041806e-01 3.792512e-09 7.987250e-01 8.611277e-01
5.034570e-01 3.604108e-09 8.000780e-01 8.609953e-01
5.038978e-01 3.447479e-09 8.099920e-01 8.608591e-01
5.030212e-01 3.265543e-09 7.581030e-01 8.614250e-01
5.032097e-01 3.115422e-09 7.728300e-01 8.618299e-01
5.030645e-01 2.970840e-09 8.375350e-01 8.617480e-01
5.027850e-01 2.786134e-09 8.550070e-01 8.617451e-01
5.024736e-01 2.668951e-09 7.882050e-01 8.614536e-01
5.026310e-01 2.534692e-09 7.780760e-01 8.612049e-01
5.029245e-01 2.423981e-09 7.998410e-01 8.615946e-01
5.020644e-01 2.273164e-09 7.680850e-01 8.616822e-01
5.022332e-01 2.201160e-09 7.834920e-01 8.612020e-01
5.024108e-01 2.091888e-09 7.954380e-01 8.614355e-01
5.026727e-01 2.025619e-09 8.372320e-01 8.615107e-01
5.021597e-01 1.906265e-09 8.087870e-01 8.616194e-01
5.017036e-01 1.794458e-09 7.795000e-01 8.613202e-01
5.016963e-01 1.737446e-09 7.229750e-01 8.619786e-01
5.016890e-01 1.666761e-09 6.437680e-01 8.617527e-01
5.008089e-01 1.545533e-09 7.983490e-01 8.619519e-01
5.013685e-01 1.499470e-09 6.736910e-01 8.616375e-01
5.014552e-01 1.456221e-09 7.877840e-01 8.625178e-01
5.013930e-01 1.375723e-09 7.470980e-01 8.620729e-01
5.011306e-01 1.325639e-09 8.388770e-01 8.617537e-01
5.011720e-01 1.258563e-09 7.463780e-01 8.623835e-01
5.009799e-01 1.197540e-09 7.725020e-01 8.619738e-01
5.012795e-01 1.193477e-09 8.110000e-01 8.611287e-01
5.011913e-01 1.128793e-09 6.465250e-01 8.616003e-01
5.009819e-01 1.083609e-09 6.234030e-01 8.614736e-01
5.008165e-01 1.026625e-09 7.921220e-01 8.617223e-01
5.007608e-01 1.006071e-09 7.898020e-01 8.612297e-01
5.010713e-01 9.745815e-10 8.301590e-01 8.621005e-01
5.007218e-01 9.356228e-10 8.835840e-01 8.620052e-01
5.005369e-01 8.773319e-10 9.374940e-01 8.624311e-01
5.005343e-01 8.567685e-10 8.969420e-01 8.614965e-01
5.010039e-01 8.504091e-10 8.395780e-01 8.611963e-01
5.009031e-01 8.257778e-10 8.721000e-01 8.622682e-01
5.009980e-01 8.037543e-10 7.618200e-01 8.622930e-01
5.005583e-01 7.477916e-10 8.667990e-01 8.620757e-01
5.008395e-01 7.488507e-10 7.979310e-01 8.616603e-01
5.006966e-01 7.167114e-10 8.541770e-01 8.616175e-01
5.004264e-01 6.745172e-10 8.142760e-01 8.630352e-01
5.006068e-01 6.694016e-10 7.409190e-01 8.617499e-01
5.007740e-01 6.649985e-10 7.854400e-01 8.620853e-01
5.004156e-01 6.294342e-10 7.843530e-01 8.621634e-01
5.004395e-01 6.134495e-10 8.080180e-01 8.626893e-01
5.004544e-01 6.073106e-10 7.122370e-01 8.622510e-01
5.003612e-01 5.742281e-10 7.528880e-01 8.621615e-01
5.003683e-01 5.794937e-10 8.311110e-01 8.614326e-01
5.003317e-01 5.634480e-10 7.605720e-01 8.626979e-01
5.003989e-01 5.501063e-10 7.465390e-01 8.619033e-01
5.004305e-01 5.467794e-10 8.719020e-01 8.622453e-01
5.003464e-01 5.253369e-10 7.695070e-01 8.620024e-01
5.004427e-01 5.303037e-10 8.143580e-01 8.623901e-01
5.002419e-01 5.076440e-10 8.556780e-01 8.624445e-01
5.003608e-01 5.072813e-10 8.413240e-01 8.621500e-01
5.003601e-01 4.994948e-10 8.458410e-01 8.620881e-01
5.002751e-01 4.874650e-10 9.029750e-01 8.620862e-01
5.003409e-01 4.881179e-10 8.350640e-01 8.628008e-01
5.004073e-01 4.822841e-10 9.172860e-01 8.621529e-01
5.001637e-01 4.627349e-10 8.800890e-01 8.623625e-01
5.002639e-01 4.641237e-10 8.788610e-01 8.624464e-01
5.002852e-01 4.579731e-10 8.322570e-01 8.620529e-01
5.001998e-01 4.536825e-10 7.934940e-01 8.628656e-01
5.002513e-01 4.530712e-10 8.919860e-01 8.632934e-01
5.002970e-01 4.460153e-10 8.527820e-01 8.622101e-01
5.003019e-01 4.468516e-10 8.100360e-01 8.614660e-01
5.003496e-01 4.369213e-10 8.237850e-01 8.621901e-01
5.002249e-01 4.319477e-10 8.852310e-01 8.624673e-01
5.004550e-01 4.420748e-10 8.466340e-01 8.617118e-01
5.003199e-01 4.277104e-10 8.659770e-01 8.620186e-01
5.002335e-01 4.212582e-10 8.587990e-01 8.618414e-01
5.004628e-01 4.260994e-10 8.683630e-01 8.618861e-01
5.002888e-01 4.200687e-10 8.559710e-01 8.614764e-01
5.003559e-01 4.236040e-10 8.552120e-01 8.620710e-01
5.002909e-01 4.120077e-10 8.276830e-01 8.617385e-01
5.001189e-01 4.014400e-10 8.351280e-01 8.625292e-01
5.002577e-01 4.103040e-10 8.191830e-01 8.619185e-01
5.002188e-01 4.032276e-10 8.675340e-01 8.624397e-01
5.002748e-01 4.098504e-10 7.569930e-01 8.626560e-01
5.001060e-01 3.965575e-10 7.107500e-01 8.625435e-01
5.001948e-01 3.957993e-10 7.028840e-01 8.624311e-01
5.003046e-01 4.033278e-10 7.778770e-01 8.622148e-01
5.003126e-01 4.017013e-10 7.437130e-01 8.619128e-01
5.002320e-01 3.966357e-10 7.807420e-01 8.621596e-01
5.002665e-01 3.968023e-10 7.969920e-01 8.622167e-01
5.001858e-01 3.950282e-10 8.143120e-01 8.623034e-01
5.002168e-01 3.869505e-10 8.847260e-01 8.623044e-01
5.002835e-01 3.950758e-10 9.168210e-01 8.625016e-01
5.003811e-01 3.985788e-10 7.645330e-01 8.613878e-01
5.003138e-01 3.943268e-10 7.486130e-01 8.618309e-01
5.004373e-01 4.061031e-10 7.735320e-01 8.617432e-01
5.000074e-01 3.787145e-10 7.723960e-01 8.628056e-01
4.999427e-01 3.720291e-10 7.420200e-01 8.627693e-01
5.001524e-01 3.864625e-10 7.545360e-01 8.623149e-01
5.001435e-01 3.826473e-10 8.460490e-01 8.618642e-01
5.003053e-01 3.879346e-10 7.353190e-01 8.617251e-01
5.004627e-01 3.984409e-10 7.396590e-01 8.617909e-01
5.001562e-01 3.836887e-10 7.712240e-01 8.624530e-01
5.003162e-01 3.857322e-10 7.907290e-01 8.621081e-01
5.001545e-01 3.842549e-10 6.703790e-01 8.620976e-01
5.002387e-01 3.859199e-10 7.751680e-01 8.623530e-01
5.002521e-01 3.810461e-10 7.783540e-01 8.620414e-01
5.001404e-01 3.816097e-10 7.687090e-01 8.623168e-01
5.000645e-01 3.780355e-10 7.619370e-01 8.621243e-01
5.001329e-01 3.799852e-10 7.302600e-01 8.625759e-01
5.002879e-01 3.887760e-10 6.926170e-01 8.625521e-01
5.001253e-01 3.799275e-10 7.233930e-01 8.625931e-01
5.001185e-01 3.758793e-10 7.072220e-01 8.621777e-01
5.001948e-01 3.812964e-10 7.241570e-01 8.625855e-01
5.002660e-01 3.859860e-10 7.785420e-01 8.625188e-01
5.002802e-01 3.869501e-10 7.172740e-01 8.621253e-01
5.003869e-01 3.930416e-10 7.378570e-01 8.619214e-01
5.001477e-01 3.813411e-10 7.479570e-01 8.617651e-01
5.002063e-01 3.842771e-10 7.361840e-01 8.622749e-01
5.001701e-01 3.767024e-10 7.449540e-01 8.626464e-01
5.001604e-01 3.757877e-10 7.056050e-01 8.619042e-01
5.000330e-01 3.674365e-10 7.464850e-01 8.633906e-01
5.002117e-01 3.877463e-10 7.952970e-01 8.628456e-01
5.001691e-01 3.773816e-10 8.443760e-01 8.629942e-01
5.002218e-01 3.806604e-10 7.862160e-01 8.620557e-01
5.001798e-01 3.833935e-10 7.611170e-01 8.625721e-01
5.000704e-01 3.798968e-10 7.197970e-01 8.626522e-01
5.002471e-01 3.849082e-10 7.920790e-01 8.624950e-01
5.000857e-01 3.727365e-10 6.987210e-01 8.623882e-01
5.002871e-01 3.845094e-10 7.415100e-01 8.615984e-01
5.002883e-01 3.861542e-10 8.023510e-01 8.622796e-01
5.001927e-01 3.852612e-10 7.642350e-01 8.621767e-01
5.002449e-01 3.889761e-10 6.965610e-01 8.623711e-01
5.004313e-01 3.923316e-10 7.350730e-01 8.612335e-01
5.002174e-01 3.830087e-10 6.771430e-01 8.619947e-01
5.002139e-01 3.796578e-10 7.205670e-01 8.623520e-01
5.001048e-01 3.776909e-10 8.131070e-01 8.622225e-01
5.002123e-01 3.868562e-10 6.605480e-01 8.621281e-01
5.001631e-01 3.823452e-10 7.711000e-01 8.627189e-01
5.001406e-01 3.776408e-10 7.618250e-01 8.623473e-01
5.001490e-01 3.752939e-10 5.969910e-01 8.624197e-01
5.001886e-01 3.823627e-10 7.194290e-01 8.627846e-01
5.000540e-01 3.760759e-10 6.747180e-01 8.624568e-01
5.003003e-01 3.844962e-10 7.665710e-01 8.618118e-01
5.003372e-01 3.866504e-10 7.071250e-01 8.612716e-01
5.003282e-01 3.878368e-10 6.911960e-01 8.613936e-01
5.000523e-01 3.741085e-10 7.057700e-01 8.626579e-01
5.002764e-01 3.886559e-10 7.855110e-01 8.619128e-01
5.000071e-01 3.661023e-10 7.561100e-01 8.625626e-01
5.000166e-01 3.705744e-10 7.462770e-01 8.632210e-01
5.002920e-01 3.849359e-10 7.896790e-01 8.614755e-01
5.001998e-01 3.841295e-10 7.916450e-01 8.629218e-01
5.001545e-01 3.768853e-10 8.765630e-01 8.629104e-01
5.001357e-01 3.793513e-10 7.197610e-01 8.619700e-01
5.001946e-01 3.843531e-10 7.507940e-01 8.620481e-01
5.002471e-01 3.833191e-10 8.162250e-01 8.623387e-01
5.000153e-01 3.675115e-10 8.010220e-01 8.629923e-01
5.000659e-01 3.734288e-10 8.054260e-01 8.629380e-01
5.001126e-01 3.839173e-10 7.506260e-01 8.625750e-01
5.002268e-01 3.840628e-10 7.615130e-01 8.620481e-01
5.002612e-01 3.823599e-10 8.057340e-01 8.618480e-01
5.000625e-01 3.730500e-10 7.214550e-01 8.626664e-01
5.001276e-01 3.780891e-10 9.454290e-01 8.624921e-01
5.002367e-01 3.877311e-10 8.339680e-01 8.622787e-01
5.001577e-01 3.799505e-10 7.835140e-01 8.625454e-01
5.002190e-01 3.826667e-10 7.735420e-01 8.621815e-01
5.002171e-01 3.774491e-10 7.710690e-01 8.619309e-01
5.002927e-01 3.891695e-10 7.874680e-01 8.623206e-01
5.001738e-01 3.826527e-10 8.014880e-01 8.623511e-01
5.002000e-01 3.789984e-10 7.709160e-01 8.618690e-01
5.002324e-01 3.819227e-10 7.814300e-01 8.618375e-01
5.001946e-01 3.828486e-10 8.038530e-01 8.616708e-01
5.002446e-01 3.844588e-10 7.895290e-01 8.620586e-01
5.000974e-01 3.786317e-10 7.681700e-01 8.623044e-01
5.002235e-01 3.854207e-10 7.838870e-01 8.619490e-01
5.001445e-01 3.801169e-10 7.909000e-01 8.623473e-01
5.002443e-01 3.827687e-10 7.444680e-01 8.619509e-01
5.001417e-01 3.753768e-10 6.160980e-01 8.624063e-01
5.001004e-01 3.775297e-10 6.895580e-01 8.633639e-01
5.001981e-01 3.826139e-10 6.738930e-01 8.627684e-01
5.002773e-01 3.853580e-10 7.612320e-01 8.619185e-01
5.003082e-01 3.891301e-10 7.781610e-01 8.619309e-01
5.002569e-01 3.873629e-10 7.775490e-01 8.623759e-01
5.004338e-01 3.964230e-10 7.214110e-01 8.619500e-01
5.000391e-01 3.695260e-10 7.179000e-01 8.628675e-01
5.003122e-01 3.872850e-10 7.195290e-01 8.617404e-01
5.001566e-01 3.755174e-10 7.659770e-01 8.623568e-01
5.001513e-01 3.790034e-10 8.195020e-01 8.624654e-01
5.002372e-01 3.827874e-10 6.846840e-01 8.622358e-01
5.001815e-01 3.800355e-10 7.253910e-01 8.626455e-01
5.002033e-01 3.810318e-10 7.042690e-01 8.617775e-01
5.001268e-01 3.782861e-10 8.518220e-01 8.622568e-01
5.001055e-01 3.757581e-10 8.040350e-01 8.621310e-01
5.002593e-01 3.845555e-10 6.949460e-01 8.619709e-01
5.001746e-01 3.844088e-10 6.559380e-01 8.626922e-01
5.002876e-01 3.842357e-10 8.773760e-01 8.625464e-01
5.001495e-01 3.829898e-10 8.084140e-01 8.631228e-01
5.001204e-01 3.749663e-10 8.223970e-01 8.622310e-01
5.000770e-01 3.669628e-10 7.432250e-01 8.618899e-01
5.002216e-01 3.865219e-10 7.254010e-01 8.621948e-01
5.002585e-01 3.865151e-10 7.683260e-01 8.620872e-01
5.003016e-01 3.891867e-10 7.095000e-01 8.618718e-01
5.001242e-01 3.776619e-10 7.975890e-01 8.625292e-01
5.001441e-01 3.747628e-10 7.680080e-01 8.617213e-01
5.003118e-01 3.934557e-10 8.004040e-01 8.616727e-01
5.003642e-01 3.940700e-10 8.308580e-01 8.620386e-01
5.002669e-01 3.826682e-10 7.735840e-01 8.622596e-01
5.002349e-01 3.859970e-10 7.890640e-01 8.621358e-01
5.002141e-01 3.819884e-10 8.794190e-01 8.622615e-01
5.000573e-01 3.765353e-10 7.822330e-01 8.628646e-01
5.000834e-01 3.768337e-10 7.369770e-01 8.630618e-01
5.002534e-01 3.840464e-10 7.384200e-01 8.625569e-01
5.001782e-01 3.828203e-10 7.693590e-01 8.620357e-01
5.001246e-01 3.724036e-10 7.155810e-01 8.624969e-01
5.002924e-01 3.858227e-10 7.700940e-01 8.619805e-01
5.001667e-01 3.819610e-10 7.942500e-01 8.623682e-01
5.002616e-01 3.843775e-10 7.505250e-01 8.620633e-01
5.002073e-01 3.827719e-10 7.491880e-01 8.625235e-01
5.002211e-01 3.838906e-10 7.930590e-01 8.617385e-01
5.001389e-01 3.760074e-10 7.969320e-01 8.626483e-01
5.002765e-01 3.867807e-10 8.077500e-01 8.618690e-01
5.000684e-01 3.730257e-10 8.087420e-01 8.622110e-01
5.001653e-01 3.758812e-10 8.203100e-01 8.624425e-01
5.002088e-01 3.825502e-10 7.865550e-01 8.625445e-01
5.002250e-01 3.866169e-10 7.983710e-01 8.622139e-01
5.002565e-01 3.876930e-10 7.939590e-01 8.621662e-01
5.002241e-01 3.784784e-10 7.593790e-01 8.617356e-01
5.001443e-01 3.806163e-10 7.974830e-01 8.628742e-01
5.001993e-01 3.797187e-10 7.484120e-01 8.625178e-01
5.002566e-01 3.853990e-10 7.859270e-01 8.627017e-01
5.002104e-01 3.815792e-10 8.045270e-01 8.622691e-01
5.002763e-01 3.840135e-10 7.304330e-01 8.627455e-01
5.002428e-01 3.834703e-10 6.785080e-01 8.620738e-01
5.002671e-01 3.820553e-10 7.388640e-01 8.622044e-01
5.000239e-01 3.702141e-10 7.428380e-01 8.621043e-01
5.002425e-01 3.859774e-10 6.790490e-01 8.623511e-01
5.001973e-01 3.771784e-10 7.385350e-01 8.622987e-01
5.002358e-01 3.835828e-10 7.376820e-01 8.622844e-01
5.001886e-01 3.784920e-10 7.358950e-01 8.626855e-01
5.002003e-01 3.777200e-10 7.659400e-01 8.621843e-01
5.002605e-01 3.801536e-10 7.398010e-01 8.617061e-01
5.002886e-01 3.846320e-10 8.105020e-01 8.622253e-01
5.001517e-01 3.767209e-10 8.153010e-01 8.624025e-01
5.001626e-01 3.795849e-10 7.619060e-01 8.627779e-01
5.000994e-01 3.712992e-10 7.610340e-01 8.623377e-01
5.002282e-01 3.837055e-10 7.380660e-01 8.625988e-01
5.002112e-01 3.794130e-10 8.545900e-01 8.622472e-01
5.001693e-01 3.759373e-10 7.098400e-01 8.624082e-01
5.003554e-01 3.928190e-10 6.894070e-01 8.622101e-01
5.001507e-01 3.736963e-10 7.489230e-01 8.618833e-01
5.001073e-01 3.727630e-10 8.346650e-01 8.626179e-01
5.002391e-01 3.836151e-10 6.023870e-01 8.621767e-01
5.001849e-01 3.789025e-10 7.610740e-01 8.625483e-01
5.001520e-01 3.758941e-10 7.192370e-01 8.628256e-01
5.002146e-01 3.803204e-10 8.025560e-01 8.626160e-01
5.000606e-01 3.722104e-10 7.181570e-01 8.628646e-01
5.003464e-01 3.847684e-10 7.767460e-01 8.614402e-01
5.001472e-01 3.706393e-10 7.627250e-01 8.623406e-01
5.001746e-01 3.798084e-10 7.962170e-01 8.626102e-01
5.000813e-01 3.709902e-10 7.829730e-01 8.624902e-01
4.999978e-01 3.705248e-10 7.770990e-01 8.634268e-01
5.001808e-01 3.740374e-10 6.869520e-01 8.618423e-01
5.003344e-01 3.872784e-10 8.167320e-01 8.616641e-01
5.002587e-01 3.774569e-10 8.410490e-01 8.623244e-01
5.002334e-01 3.758468e-10 8.049810e-01 8.619214e-01
5.003808e-01 3.909150e-10 8.287960e-01 8.613202e-01
5.002968e-01 3.787815e-10 7.305360e-01 8.621701e-01
5.002004e-01 3.728411e-10 7.505630e-01 8.615126e-01
5.001564e-01 3.761826e-10 7.496590e-01 8.625416e-01
5.002878e-01 3.800473e-10 7.882350e-01 8.627732e-01
5.001949e-01 3.801229e-10 7.751110e-01 8.625607e-01
5.000305e-01 3.672338e-10 7.656070e-01 8.627865e-01
5.001112e-01 3.750971e-10 8.011810e-01 8.620738e-01
5.001911e-01 3.733811e-10 7.909680e-01 8.620090e-01
5.003483e-01 3.877106e-10 7.468270e-01 8.618337e-01
5.001113e-01 3.748092e-10 7.666060e-01 8.624178e-01
5.001582e-01 3.705481e-10 8.117400e-01 8.625016e-01
5.002966e-01 3.847496e-10 8.245690e-01 8.622758e-01
5.002319e-01 3.758273e-10 8.414240e-01 8.617851e-01
5.002131e-01 3.789532e-10 8.903650e-01 8.619805e-01
5.000926e-01 3.684938e-10 8.246940e-01 8.627036e-01
5.000703e-01 3.745519e-10 7.642570e-01 8.624587e-01
5.000706e-01 3.670443e-10 8.093100e-01 8.627798e-01
5.002535e-01 3.809356e-10 8.107960e-01 8.623987e-01
5.002447e-01 3.818886e-10 7.682820e-01 8.629313e-01
5.002415e-01 3.771789e-10 7.631510e-01 8.622930e-01
5.001978e-01 3.762737e-10 7.570720e-01 8.621272e-01
5.001137e-01 3.735703e-10 8.274560e-01 8.627246e-01
5.001205e-01 3.737185e-10 8.622070e-01 8.628999e-01
5.000783e-01 3.689160e-10 8.082970e-01 8.628246e-01
5.001586e-01 3.739038e-10 8.081550e-01 8.626950e-01
5.002761e-01 3.828001e-10 7.697450e-01 8.620443e-01
5.002030e-01 3.738005e-10 7.401210e-01 8.624959e-01
5.002397e-01 3.821897e-10 7.737030e-01 8.621872e-01
5.002325e-01 3.778138e-10 7.876390e-01 8.623578e-01
5.001871e-01 3.746386e-10 7.733230e-01 8.620433e-01
5.002490e-01 3.815392e-10 7.564960e-01 8.625845e-01
5.003784e-01 3.859768e-10 8.011490e-01 8.620786e-01
5.002389e-01 3.767297e-10 8.419160e-01 8.617832e-01
5.003090e-01 3.819938e-10 7.792860e-01 8.624063e-01
5.002120e-01 3.807431e-10 7.481090e-01 8.622711e-01
5.002704e-01 3.831020e-10 7.408000e-01 8.620872e-01
5.001917e-01 3.746500e-10 7.568740e-01 8.622987e-01
5.001344e-01 3.712518e-10 7.263710e-01 8.625855e-01
5.002275e-01 3.773558e-10 8.108300e-01 8.621634e-01
5.002798e-01 3.795823e-10 7.648800e-01 8.619281e-01
5.001885e-01 3.741729e-10 7.061560e-01 8.624006e-01
5.002369e-01 3.777652e-10 8.953910e-01 8.618814e-01
5.001729e-01 3.762926e-10 8.393610e-01 8.621491e-01
5.002704e-01 3.871640e-10 7.745270e-01 8.626274e-01
5.003452e-01 3.834849e-10 7.580980e-01 8.624016e-01
5.001207e-01 3.733850e-10 7.426320e-01 8.623692e-01
5.001111e-01 3.712543e-10 6.807760e-01 8.622787e-01
5.001347e-01 3.730294e-10 7.659530e-01 8.629952e-01
5.000229e-01 3.655691e-10 8.138570e-01 8.625635e-01
5.002157e-01 3.768492e-10 6.916550e-01 8.626493e-01
5.002900e-01 3.761979e-10 8.400710e-01 8.625045e-01
5.001634e-01 3.729061e-10 6.933820e-01 8.626931e-01
5.001815e-01 3.794350e-10 6.318030e-01 8.623139e-01
5.002174e-01 3.749306e-10 8.299170e-01 8.623844e-01
5.000156e-01 3.678287e-10 7.652620e-01 8.628589e-01
5.001632e-01 3.694274e-10 8.387840e-01 8.617070e-01
5.001297e-01 3.679325e-10 6.636000e-01 8.629037e-01
5.002320e-01 3.755571e-10 8.117180e-01 8.619681e-01
5.001964e-01 3.787228e-10 7.395810e-01 8.624749e-01
5.002704e-01 3.830936e-10 7.695930e-01 8.627303e-01
5.002892e-01 3.851826e-10 7.650080e-01 8.620567e-01
5.002833e-01 3.830009e-10 7.120740e-01 8.615936e-01
5.001794e-01 3.730493e-10 7.154410e-01 8.622320e-01
5.000508e-01 3.664845e-10 7.793210e-01 8.631276e-01
5.000062e-01 3.626541e-10 7.745030e-01 8.625073e-01
5.002767e-01 3.803234e-10 7.780380e-01 8.624911e-01
5.000557e-01 3.657003e-10 7.942060e-01 8.628437e-01
5.001751e-01 3.722656e-10 7.116190e-01 8.623130e-01
5.001706e-01 3.768269e-10 8.030730e-01 8.626741e-01
5.001828e-01 3.734254e-10 7.449810e-01 8.622263e-01
5.001525e-01 3.729036e-10 8.790250e-01 8.624816e-01
5.001271e-01 3.693886e-10 7.799970e-01 8.623406e-01
5.001426e-01 3.693596e-10 7.153250e-01 8.625435e-01
4.999757e-01 3.604182e-10 7.311740e-01 8.625874e-01
5.003349e-01 3.848725e-10 7.236070e-01 8.620129e-01
5.000724e-01 3.651558e-10 7.650890e-01 8.624464e-01
5.001979e-01 3.754731e-10 7.889160e-01 8.623558e-01
5.003019e-01 3.786057e-10 8.198200e-01 8.619242e-01
5.002380e-01 3.745316e-10 8.644170e-01 8.617766e-01
5.002935e-01 3.769209e-10 7.016850e-01 8.621853e-01
5.000742e-01 3.638882e-10 8.399620e-01 8.624292e-01
5.001693e-01 3.687800e-10 7.072750e-01 8.612192e-01
5.001906e-01 3.730655e-10 7.350630e-01 8.621520e-01
5.002104e-01 3.763590e-10 8.094530e-01 8.632076e-01
5.001570e-01 3.689011e-10 7.905440e-01 8.623282e-01
5.000499e-01 3.662903e-10 7.557670e-01 8.624416e-01
5.001759e-01 3.783338e-10 6.799790e-01 8.626541e-01
5.002927e-01 3.811937e-10 7.927940e-01 8.618595e-01
5.001414e-01 3.759386e-10 7.518160e-01 8.620576e-01
5.001628e-01 3.676153e-10 8.064030e-01 8.625073e-01
5.002958e-01 3.810412e-10 7.844720e-01 8.613888e-01
5.002937e-01 3.772447e-10 8.257820e-01 8.625407e-01
5.002569e-01 3.746904e-10 7.358140e-01 8.626769e-01
5.002035e-01 3.704514e-10 6.754140e-01 8.623482e-01
5.000582e-01 3.611574e-10 8.810650e-01 8.622777e-01
5.000869e-01 3.665326e-10 6.708890e-01 8.621739e-01
5.001668e-01 3.785983e-10 7.571370e-01 8.619547e-01
5.001124e-01 3.661418e-10 7.595710e-01 8.618051e-01
5.001616e-01 3.717104e-10 7.626590e-01 8.630380e-01
5.002319e-01 3.705551e-10 7.776500e-01 8.620310e-01
5.001481e-01 3.715049e-10 7.514110e-01 8.626588e-01
5.003189e-01 3.792519e-10 7.815400e-01 8.617289e-01
5.001332e-01 3.681008e-10 8.469270e-01 8.627865e-01
5.003064e-01 3.807917e-10 8.757820e-01 8.614698e-01
5.001934e-01 3.733384e-10 7.175730e-01 8.622996e-01
5.001983e-01 3.776124e-10 7.256570e-01 8.625683e-01
5.001620e-01 3.723992e-10 6.883610e-01 8.624568e-01
5.001369e-01 3.662141e-10 8.059010e-01 8.628017e-01
5.001328e-01 3.639443e-10 7.181660e-01 8.623330e-01
5.001372e-01 3.708207e-10 6.901060e-01 8.627074e-01
5.001264e-01 3.687548e-10 7.341050e-01 8.626055e-01
5.002766e-01 3.764214e-10 8.470670e-01 8.620672e-01
5.002531e-01 3.768976e-10 7.500930e-01 8.618633e-01
4.999659e-01 3.600512e-10 8.204790e-01 8.626426e-01
5.002737e-01 3.731185e-10 7.682080e-01 8.617175e-01
5.003275e-01 3.822611e-10 7.303110e-01 8.623892e-01
5.002342e-01 3.722203e-10 6.771020e-01 8.624721e-01
5.001038e-01 3.673904e-10 7.959710e-01 8.626074e-01
5.002149e-01 3.707717e-10 8.160570e-01 8.618318e-01
5.002132e-01 3.704162e-10 7.218010e-01 8.620976e-01
5.001499e-01 3.671528e-10 7.156010e-01 8.623616e-01
5.002216e-01 3.760835e-10 7.158710e-01 8.626407e-01
5.000963e-01 3.694882e-10 8.241260e-01 8.627389e-01
5.002154e-01 3.726681e-10 6.565810e-01 8.622377e-01
5.002123e-01 3.708779e-10 6.972500e-01 8.623330e-01
5.002097e-01 3.721600e-10 6.536760e-01 8.619319e-01
5.001533e-01 3.663055e-10 6.814940e-01 8.626188e-01
5.001413e-01 3.669385e-10 6.334290e-01 8.622053e-01
5.002585e-01 3.777916e-10 8.003220e-01 8.619690e-01
5.003151e-01 3.797896e-10 8.246910e-01 8.621500e-01
5.002300e-01 3.694425e-10 7.565270e-01 8.617756e-01
5.002344e-01 3.718707e-10 6.687350e-01 8.625969e-01
5.003034e-01 3.812840e-10 7.205140e-01 8.614050e-01
5.002394e-01 3.725573e-10 6.576780e-01 8.620938e-01
5.001803e-01 3.679116e-10 7.235260e-01 8.620843e-01
5.000593e-01 3.615477e-10 6.521560e-01 8.633705e-01
5.001364e-01 3.682577e-10 8.308860e-01 8.624016e-01
5.001435e-01 3.665662e-10 8.656670e-01 8.625092e-01
5.002916e-01 3.780486e-10 8.272280e-01 8.618213e-01
5.001412e-01 3.726965e-10 6.425020e-01 8.632057e-01
5.002225e-01 3.718676e-10 7.907400e-01 8.620919e-01
5.003059e-01 3.750448e-10 7.071390e-01 8.621129e-01
5.001592e-01 3.686240e-10 6.921820e-01 8.622520e-01
5.003312e-01 3.822796e-10 7.986670e-01 8.618995e-01
5.003202e-01 3.766849e-10 7.555650e-01 8.619547e-01
5.002259e-01 3.599361e-10 7.717690e-01 8.623454e-01
5.002226e-01 3.749172e-10 7.296390e-01 8.621081e-01
5.001640e-01 3.634027e-10 7.311840e-01 8.622444e-01
5.002235e-01 3.760153e-10 8.198430e-01 8.626855e-01
5.001290e-01 3.637498e-10 6.828200e-01 8.620567e-01
5.001954e-01 3.683044e-10 7.956510e-01 8.624168e-01
5.001156e-01 3.687864e-10 7.684020e-01 8.623759e-01
5.000686e-01 3.626707e-10 7.297090e-01 8.625169e-01
5.002455e-01 3.749635e-10 7.087440e-01 8.622482e-01
5.000902e-01 3.600881e-10 7.319910e-01 8.630876e-01
5.001931e-01 3.670838e-10 6.780440e-01 8.621539e-01
5.001494e-01 3.655817e-10 7.548530e-01 8.626912e-01
5.001529e-01 3.678310e-10 8.415980e-01 8.619166e-01
5.003351e-01 3.790022e-10 7.997940e-01 8.624797e-01
5.003224e-01 3.813587e-10 8.173250e-01 8.618699e-01
5.001951e-01 3.699538e-10 7.541190e-01 8.619957e-01
5.000607e-01 3.620101e-10 8.080910e-01 8.623806e-01
5.002190e-01 3.719711e-10 6.244700e-01 8.618280e-01
5.001881e-01 3.665935e-10 8.252020e-01 8.622025e-01
5.003289e-01 3.811971e-10 7.161340e-01 8.622968e-01
5.001699e-01 3.735746e-10 7.391970e-01 8.627570e-01
5.002099e-01 3.683778e-10 7.370160e-01 8.630028e-01
5.001529e-01 3.677816e-10 8.670530e-01 8.621510e-01
5.001016e-01 3.629883e-10 7.226530e-01 8.620862e-01
5.001640e-01 3.719551e-10 6.868810e-01 8.619366e-01
5.001584e-01 3.664259e-10 6.807460e-01 8.623463e-01
5.002326e-01 3.723102e-10 6.017760e-01 8.618280e-01
5.002043e-01 3.693671e-10 7.683800e-01 8.624788e-01
5.002344e-01 3.689958e-10 7.452580e-01 8.623673e-01
5.002173e-01 3.680213e-10 7.889450e-01 8.618366e-01
5.002767e-01 3.713264e-10 6.847890e-01 8.626074e-01
5.001196e-01 3.620787e-10 6.856190e-01 8.627398e-01
5.000241e-01 3.610456e-10 7.712680e-01 8.632038e-01
5.000768e-01 3.620325e-10 7.234400e-01 8.629570e-01
5.001500e-01 3.659309e-10 7.317830e-01 8.621348e-01
5.001181e-01 3.664657e-10 7.674310e-01 8.630085e-01
5.001972e-01 3.673751e-10 7.023680e-01 8.619471e-01
5.001986e-01 3.737692e-10 8.044380e-01 8.620233e-01
5.002596e-01 3.731143e-10 7.170390e-01 8.621834e-01
5.002775e-01 3.692782e-10 8.152780e-01 8.617470e-01
5.002751e-01 3.713541e-10 7.035850e-01 8.615098e-01
5.002113e-01 3.718915e-10 7.865070e-01 8.619328e-01
5.002292e-01 3.704496e-10 6.649200e-01 8.618976e-01
5.001781e-01 3.655439e-10 6.470550e-01 8.619862e-01
5.001277e-01 3.658169e-10 6.998720e-01 8.624540e-01
5.002128e-01 3.730523e-10 7.965280e-01 8.625531e-01
5.002138e-01 3.676991e-10 6.693600e-01 8.621558e-01
5.000193e-01 3.633695e-10 6.856730e-01 8.630352e-01
5.000930e-01 3.631462e-10 6.104170e-01 8.627703e-01
5.002282e-01 3.666599e-10 8.327350e-01 8.628399e-01
5.002334e-01 3.700359e-10 7.099500e-01 8.619138e-01
5.003023e-01 3.727851e-10 7.557940e-01 8.618709e-01
5.001697e-01 3.662256e-10 8.120130e-01 8.623444e-01
5.001027e-01 3.638579e-10 7.318660e-01 8.624473e-01
5.002479e-01 3.710013e-10 6.897630e-01 8.623301e-01
5.002677e-01 3.765813e-10 7.810390e-01 8.620348e-01
5.001387e-01 3.648886e-10 6.895850e-01 8.626550e-01
5.002338e-01 3.683341e-10 7.154700e-01 8.612640e-01
5.002577e-01 3.640900e-10 8.869630e-01 8.616194e-01
5.001738e-01 3.677409e-10 6.500320e-01 8.619843e-01
5.002229e-01 3.696633e-10 7.683150e-01 8.621167e-01
5.001908e-01 3.638631e-10 7.380570e-01 8.622091e-01
5.002833e-01 3.714869e-10 7.344750e-01 8.616251e-01
5.002009e-01 3.717880e-10 8.720450e-01 8.620748e-01
5.001841e-01 3.676839e-10 7.769800e-01 8.623273e-01
5.001152e-01 3.611350e-10 6.771790e-01 8.625683e-01
5.002607e-01 3.694452e-10 7.454470e-01 8.626607e-01
5.001468e-01 3.664872e-10 7.481550e-01 8.627179e-01
5.001745e-01 3.692162e-10 6.708090e-01 8.630504e-01
5.002586e-01 3.752309e-10 7.529540e-01 8.623120e-01
5.001165e-01 3.674580e-10 7.917290e-01 8.622234e-01
5.001657e-01 3.657003e-10 7.248650e-01 8.627150e-01
5.002431e-01 3.664997e-10 7.018070e-01 8.626522e-01
5.002576e-01 3.648127e-10 7.784320e-01 8.618528e-01
5.000635e-01 3.623769e-10 8.042670e-01 8.631562e-01
5.003277e-01 3.771221e-10 7.502060e-01 8.620319e-01
5.001261e-01 3.612015e-10 6.482800e-01 8.622825e-01
5.001761e-01 3.674532e-10 7.588940e-01 8.631943e-01
5.001744e-01 3.622708e-10 7.400170e-01 8.626445e-01
5.002168e-01 3.676036e-10 6.501980e-01 8.624759e-01
5.001849e-01 3.595822e-10 7.533360e-01 8.624206e-01
5.001176e-01 3.697326e-10 7.542240e-01 8.628951e-01
5.001637e-01 3.699022e-10 7.917690e-01 8.624883e-01
5.001565e-01 3.616368e-10 6.952980e-01 8.622272e-01
5.001826e-01 3.648136e-10 7.671080e-01 8.622920e-01
5.000839e-01 3.583263e-10 7.195840e-01 8.619986e-01
5.001999e-01 3.625015e-10 8.618650e-01 8.622272e-01
5.001784e-01 3.655027e-10 7.623690e-01 8.619185e-01
5.000915e-01 3.622886e-10 7.609780e-01 8.626341e-01
5.003481e-01 3.750611e-10 7.355820e-01 8.621329e-01
5.001938e-01 3.635055e-10 7.613840e-01 8.625731e-01
5.001676e-01 3.623264e-10 8.016530e-01 8.623425e-01
5.002908e-01 3.735598e-10 7.410420e-01 8.613936e-01
5.001875e-01 3.688669e-10 7.218690e-01 8.627855e-01
5.000998e-01 3.548821e-10 8.035720e-01 8.626750e-01
5.002478e-01 3.723117e-10 9.031820e-01 8.622549e-01
5.001084e-01 3.663490e-10 8.442560e-01 8.623501e-01
5.002483e-01 3.678024e-10 6.638750e-01 8.618509e-01
5.001844e-01 3.647057e-10 6.757880e-01 8.625178e-01
5.001171e-01 3.645081e-10 7.147530e-01 8.621386e-01
5.001763e-01 3.655805e-10 7.596360e-01 8.618213e-01
5.001760e-01 3.617758e-10 7.828400e-01 8.625359e-01
5.001299e-01 3.609096e-10 7.093100e-01 8.623435e-01
5.002315e-01 3.699022e-10 6.832380e-01 8.624816e-01
5.001139e-01 3.571028e-10 8.086980e-01 8.616832e-01
5.001952e-01 3.653610e-10 7.406650e-01 8.625921e-01
5.001677e-01 3.601704e-10 9.069260e-01 8.629199e-01
5.002563e-01 3.733755e-10 6.799890e-01 8.617975e-01
5.002753e-01 3.724093e-10 7.443470e-01 8.620843e-01
5.001563e-01 3.700926e-10 8.182170e-01 8.626750e-01
5.001471e-01 3.616380e-10 7.978620e-01 8.627027e-01
5.002424e-01 3.647303e-10 8.544940e-01 8.618652e-01
5.002135e-01 3.662218e-10 7.654290e-01 8.625188e-01
5.002282e-01 3.702314e-10 8.258780e-01 8.622234e-01
5.001671e-01 3.624894e-10 6.816310e-01 8.623587e-01
5.003578e-01 3.709624e-10 6.917800e-01 8.621834e-01
5.003040e-01 3.660996e-10 7.929240e-01 8.626312e-01
5.002128e-01 3.670607e-10 8.123040e-01 8.620224e-01
5.002788e-01 3.726748e-10 7.956670e-01 8.623616e-01
5.002753e-01 3.691032e-10 8.222920e-01 8.620872e-01
5.001160e-01 3.576987e-10 8.348800e-01 8.620081e-01
5.000348e-01 3.585359e-10 6.704250e-01 8.626398e-01
5.002452e-01 3.686751e-10 7.125990e-01 8.625464e-01
5.001899e-01 3.661890e-10 7.181300e-01 8.619624e-01
5.002325e-01 3.648277e-10 7.666280e-01 8.612106e-01
5.001382e-01 3.614852e-10 7.443280e-01 8.625292e-01
5.002380e-01 3.632708e-10 7.359450e-01 8.621196e-01
5.000983e-01 3.568685e-10 6.781100e-01 8.621005e-01
5.001595e-01 3.618436e-10 8.228890e-01 8.621872e-01
5.002025e-01 3.653026e-10 8.049310e-01 8.627732e-01
5.002147e-01 3.635650e-10 7.495800e-01 8.621005e-01
5.001562e-01 3.624962e-10 6.882980e-01 8.629256e-01
5.001788e-01 3.657597e-10 6.785090e-01 8.627417e-01
5.001251e-01 3.571346e-10 7.646160e-01 8.623168e-01
5.003632e-01 3.754554e-10 8.790730e-01 8.617204e-01
5.002758e-01 3.705904e-10 8.678510e-01 8.620919e-01
5.002845e-01 3.709591e-10 7.897520e-01 8.621396e-01
5.002119e-01 3.598897e-10 7.058780e-01 8.619824e-01
5.001628e-01 3.657377e-10 7.616810e-01 8.624016e-01
5.002314e-01 3.649237e-10 8.218910e-01 8.617270e-01
5.001952e-01 3.665850e-10 6.627100e-01 8.622853e-01
5.003072e-01 3.738500e-10 7.270870e-01 8.624997e-01
5.001509e-01 3.612795e-10 7.780280e-01 8.616937e-01
5.001849e-01 3.648645e-10 7.742900e-01 8.624492e-01
4.999569e-01 3.512143e-10 7.886660e-01 8.627522e-01
5.002843e-01 3.681897e-10 8.033830e-01 8.622139e-01
5.001640e-01 3.581587e-10 7.732270e-01 8.616956e-01
5.002286e-01 3.607488e-10 8.022840e-01 8.623015e-01
5.002524e-01 3.663497e-10 7.643730e-01 8.618766e-01
5.003171e-01 3.705752e-10 7.041050e-01 8.614193e-01
5.001811e-01 3.553649e-10 8.240880e-01 8.618652e-01
5.001461e-01 3.615455e-10 7.829030e-01 8.624607e-01
5.001648e-01 3.600552e-10 6.765720e-01 8.626979e-01
5.001862e-01 3.603892e-10 7.393690e-01 8.620700e-01
5.000509e-01 3.524676e-10 8.381110e-01 8.632257e-01
5.002435e-01 3.644428e-10 6.772720e-01 8.620224e-01
5.002014e-01 3.636964e-10 6.671280e-01 8.617461e-01
5.001170e-01 3.615913e-10 7.815730e-01 8.627855e-01
5.002519e-01 3.686275e-10 8.308440e-01 8.616946e-01
5.002630e-01 3.637709e-10 7.506120e-01 8.618480e-01
5.002371e-01 3.579566e-10 7.531270e-01 8.618099e-01
5.002938e-01 3.696863e-10 7.375850e-01 8.622558e-01
5.002648e-01 3.701939e-10 7.778320e-01 8.620119e-01
5.000337e-01 3.531824e-10 7.569920e-01 8.625759e-01
5.002077e-01 3.642185e-10 7.853280e-01 8.620976e-01
5.001479e-01 3.564367e-10 7.902430e-01 8.625140e-01
5.001760e-01 3.569049e-10 7.762870e-01 8.624997e-01
5.002753e-01 3.682002e-10 8.034670e-01 8.617118e-01
5.002312e-01 3.649414e-10 7.725470e-01 8.620405e-01
5.001804e-01 3.637527e-10 7.828490e-01 8.624711e-01
5.002425e-01 3.662379e-10 7.850710e-01 8.620586e-01
5.000018e-01 3.531074e-10 7.813380e-01 8.625445e-01
5.000908e-01 3.533934e-10 7.741600e-01 8.621929e-01
5.001397e-01 3.646929e-10 7.801130e-01 8.621472e-01
5.001469e-01 3.564653e-10 7.910090e-01 8.625131e-01
5.002428e-01 3.664739e-10 8.417530e-01 8.615079e-01
5.001015e-01 3.556708e-10 7.814760e-01 8.622549e-01
5.001541e-01 3.625344e-10 8.413720e-01 8.621796e-01
5.001070e-01 3.566054e-10 8.232230e-01 8.618985e-01
5.001982e-01 3.651294e-10 7.792850e-01 8.625292e-01
5.002301e-01 3.649698e-10 7.804960e-01 8.622720e-01
5.002038e-01 3.675173e-10 8.338770e-01 8.621748e-01
5.001126e-01 3.546015e-10 7.878270e-01 8.626245e-01
5.002453e-01 3.661060e-10 7.593030e-01 8.626979e-01
5.001723e-01 3.588543e-10 7.878140e-01 8.618652e-01
5.003263e-01 3.624895e-10 8.289510e-01 8.615155e-01
5.003320e-01 3.702431e-10 7.774260e-01 8.617099e-01
5.001543e-01 3.645106e-10 8.534690e-01 8.623273e-01
5.002791e-01 3.689951e-10 8.084410e-01 8.620033e-01
5.002172e-01 3.663174e-10 8.015220e-01 8.624607e-01
5.003118e-01 3.714953e-10 8.013510e-01 8.616222e-01
5.002544e-01 3.659949e-10 8.246610e-01 8.623168e-01
5.001672e-01 3.534984e-10 7.860160e-01 8.622272e-01
5.002729e-01 3.657667e-10 8.449230e-01 8.620891e-01
5.002192e-01 3.628662e-10 6.992430e-01 8.620843e-01
5.001134e-01 3.557579e-10 8.021210e-01 8.631524e-01
5.002610e-01 3.652421e-10 8.121470e-01 8.620081e-01
5.002122e-01 3.593317e-10 7.315970e-01 8.619290e-01
5.002728e-01 3.672279e-10 8.856370e-01 8.619242e-01
5.002194e-01 3.618882e-10 8.218020e-01 8.622339e-01
5.002578e-01 3.659931e-10 8.733310e-01 8.620319e-01
5.002180e-01 3.655544e-10 6.555930e-01 8.621977e-01
5.001723e-01 3.639538e-10 7.573750e-01 8.623454e-01
5.001067e-01 3.538493e-10 7.238100e-01 8.624235e-01
5.000479e-01 3.511657e-10 5.007290e-01 8.628770e-01
5.002031e-01 3.588845e-10 5.013860e-01 8.621672e-01
5.001888e-01 3.636782e-10 5.154190e-01 8.623520e-01
4.999098e-01 3.407534e-10 5.140120e-01 8.624587e-01
5.003393e-01 3.716759e-10 5.009060e-01 8.616775e-01
5.001937e-01 3.576135e-10 5.010230e-01 8.616356e-01
5.002705e-01 3.640352e-10 5.002080e-01 8.618318e-01
5.001792e-01 3.584119e-10 5.008170e-01 8.628408e-01
5.001395e-01 3.597905e-10 4.994400e-01 8.618013e-01
5.001597e-01 3.563481e-10 5.002360e-01 8.618814e-01
5.001964e-01 3.616030e-10 4.996270e-01 8.627570e-01
5.001861e-01 3.611298e-10 5.007700e-01 8.619347e-01
5.003319e-01 3.682065e-10 4.999880e-01 8.621843e-01
5.001161e-01 3.562844e-10 5.004980e-01 8.628341e-01
5.001751e-01 3.589623e-10 5.032530e-01 8.623606e-01
5.003273e-01 3.694401e-10 5.013850e-01 8.614707e-01
5.001395e-01 3.548918e-10 5.038120e-01 8.622177e-01
5.001633e-01 3.619762e-10 5.013900e-01 8.625483e-01
5.003147e-01 3.633147e-10 4.997590e-01 8.617613e-01
5.003003e-01 3.715766e-10 5.012320e-01 8.616022e-01
5.002681e-01 3.671835e-10 5.036600e-01 8.627284e-01
5.002439e-01 3.642988e-10 5.053480e-01 8.621558e-01
5.001822e-01 3.602177e-10 5.086710e-01 8.629475e-01
5.002392e-01 3.646511e-10 5.382050e-01 8.620271e-01
5.001097e-01 3.545312e-10 5.031890e-01 8.625607e-01
5.002784e-01 3.663101e-10 5.070640e-01 8.622644e-01
5.003452e-01 3.727286e-10 5.003280e-01 8.617842e-01
5.002350e-01 3.615320e-10 5.015800e-01 8.617851e-01
5.000720e-01 3.543537e-10 5.008200e-01 8.627789e-01
5.002197e-01 3.611241e-10 5.002840e-01 8.619566e-01
5.002578e-01 3.661373e-10 4.995250e-01 8.624845e-01
5.003011e-01 3.688233e-10 5.014570e-01 8.617737e-01
5.001004e-01 3.570468e-10 5.011840e-01 8.628799e-01
5.002763e-01 3.649735e-10 5.006050e-01 8.627217e-01
5.001019e-01 3.530015e-10 5.018470e-01 8.631485e-01
5.002496e-01 3.582303e-10 5.016400e-01 8.620176e-01
5.001558e-01 3.574508e-10 4.992550e-01 8.626483e-01
5.003873e-01 3.705010e-10 5.004650e-01 8.618071e-01
5.001778e-01 3.604786e-10 4.992350e-01 8.620386e-01
5.000382e-01 3.518560e-10 5.017390e-01 8.629694e-01
5.001070e-01 3.600426e-10 4.989570e-01 8.632333e-01
5.001762e-01 3.585026e-10 4.997730e-01 8.623358e-01
5.000684e-01 3.542331e-10 5.007510e-01 8.627112e-01
5.003621e-01 3.677757e-10 5.009900e-01 8.618194e-01
5.001954e-01 3.553351e-10 5.053080e-01 8.621796e-01
5.002100e-01 3.587802e-10 5.002940e-01 8.619328e-01
5.001734e-01 3.576849e-10 4.996560e-01 8.621986e-01
5.001649e-01 3.604025e-10 5.003560e-01 8.625235e-01
5.003064e-01 3.672424e-10 4.996800e-01 8.622368e-01
5.000851e-01 3.506966e-10 5.005890e-01 8.625121e-01
5.002601e-01 3.537575e-10 4.996170e-01 8.618852e-01
5.001123e-01 3.566150e-10 5.002890e-01 8.624607e-01
5.002247e-01 3.598738e-10 5.009860e-01 8.618852e-01
5.002217e-01 3.605160e-10 5.113370e-01 8.626741e-01
5.002039e-01 3.613097e-10 4.996780e-01 8.620462e-01
5.002945e-01 3.618357e-10 5.009570e-01 8.622844e-01
5.002340e-01 3.616709e-10 4.995810e-01 8.623739e-01
5.002576e-01 3.655714e-10 5.044940e-01 8.626360e-01
5.000981e-01 3.531746e-10 4.994600e-01 8.619481e-01
5.001983e-01 3.558311e-10 5.000230e-01 8.616841e-01
5.001750e-01 3.575484e-10 4.998310e-01 8.623025e-01
5.001337e-01 3.522387e-10 5.005340e-01 8.626150e-01
5.000070e-01 3.501953e-10 5.007210e-01 8.626579e-01
5.002679e-01 3.638390e-10 5.004250e-01 8.621986e-01
5.002204e-01 3.616240e-10 5.049640e-01 8.618795e-01
4.999495e-01 3.456023e-10 5.007560e-01 8.625550e-01
5.001260e-01 3.539517e-10 4.999050e-01 8.616927e-01
5.002289e-01 3.594535e-10 5.005090e-01 8.626217e-01
5.000608e-01 3.570123e-10 4.996830e-01 8.631285e-01
5.001654e-01 3.553421e-10 5.009180e-01 8.626226e-01
5.003133e-01 3.632715e-10 4.994330e-01 8.621815e-01
5.001481e-01 3.582505e-10 5.007230e-01 8.619033e-01
5.002216e-01 3.642506e-10 5.005090e-01 8.623768e-01
5.001571e-01 3.562090e-10 5.010160e-01 8.622482e-01
5.002795e-01 3.622149e-10 4.994750e-01 8.618918e-01
5.001757e-01 3.537027e-10 5.039790e-01 8.624168e-01
5.000646e-01 3.489015e-10 4.995380e-01 8.623797e-01
5.001814e-01 3.529917e-10 5.005340e-01 8.628217e-01
5.000525e-01 3.496170e-10 4.995940e-01 8.622272e-01
5.001571e-01 3.576548e-10 5.003480e-01 8.627303e-01
5.000544e-01 3.506910e-10 4.998120e-01 8.623825e-01
5.002161e-01 3.614477e-10 5.009210e-01 8.621481e-01
5.000503e-01 3.531242e-10 5.010460e-01 8.626083e-01
5.000877e-01 3.531825e-10 5.009660e-01 8.626598e-01
5.000996e-01 3.532181e-10 5.023150e-01 8.625283e-01
5.001639e-01 3.541350e-10 5.004370e-01 8.623263e-01
5.000156e-01 3.486028e-10 5.001580e-01 8.628046e-01
5.002010e-01 3.637706e-10 5.001820e-01 8.625978e-01
5.001300e-01 3.539935e-10 5.020170e-01 8.629199e-01
5.000887e-01 3.499182e-10 5.002280e-01 8.626388e-01
5.001899e-01 3.561621e-10 5.022240e-01 8.622872e-01
5.001490e-01 3.538787e-10 5.016960e-01 8.620119e-01
5.002008e-01 3.590638e-10 5.008830e-01 8.622377e-01
5.001373e-01 3.591449e-10 5.007720e-01 8.625140e-01
5.004196e-01 3.744447e-10 4.995650e-01 8.619547e-01
5.002841e-01 3.617759e-10 5.009580e-01 8.622072e-01
5.002978e-01 3.616862e-10 4.996450e-01 8.622758e-01
5.001628e-01 3.556120e-10 5.005800e-01 8.622215e-01
5.003407e-01 3.743021e-10 4.994710e-01 8.621053e-01
5.002627e-01 3.611149e-10 5.016350e-01 8.625292e-01
5.002677e-01 3.622593e-10 4.998710e-01 8.619357e-01
5.001406e-01 3.560480e-10 5.010700e-01 8.624330e-01
5.002032e-01 3.547954e-10 5.010860e-01 8.623520e-01
5.001210e-01 3.503508e-10 5.005680e-01 8.622482e-01
5.003129e-01 3.654390e-10 5.135640e-01 8.614250e-01
5.002283e-01 3.589709e-10 5.015720e-01 8.618880e-01
5.002069e-01 3.602360e-10 5.003190e-01 8.619652e-01
5.002489e-01 3.566808e-10 5.010700e-01 8.625931e-01
5.002124e-01 3.543350e-10 4.996770e-01 8.611992e-01
5.001730e-01 3.554800e-10 5.010280e-01 8.620891e-01
5.001546e-01 3.514861e-10 4.994910e-01 8.627570e-01
4.999674e-01 3.393917e-10 5.022070e-01 8.624464e-01
5.001549e-01 3.489553e-10 5.005380e-01 8.622015e-01
5.001657e-01 3.594374e-10 5.001430e-01 8.624759e-01
5.003166e-01 3.630463e-10 4.994940e-01 8.618680e-01
5.001321e-01 3.463133e-10 5.012600e-01 8.627379e-01
5.002979e-01 3.642683e-10 4.991750e-01 8.619824e-01
5.001678e-01 3.550887e-10 5.003070e-01 8.625073e-01
5.003849e-01 3.672201e-10 4.993510e-01 8.617032e-01
5.001297e-01 3.592240e-10 5.006400e-01 8.619871e-01
5.002448e-01 3.580194e-10 4.994800e-01 8.623206e-01
5.002917e-01 3.616155e-10 5.004700e-01 8.622806e-01
5.001919e-01 3.576891e-10 5.006600e-01 8.624654e-01
5.001755e-01 3.570523e-10 5.011590e-01 8.625750e-01
5.003013e-01 3.644935e-10 5.031580e-01 8.624721e-01
5.003372e-01 3.642307e-10 5.116120e-01 8.619871e-01
5.002428e-01 3.580284e-10 4.997530e-01 8.620510e-01
5.002459e-01 3.602492e-10 5.634060e-01 8.618880e-01
5.003579e-01 3.721686e-10 5.151140e-01 8.625150e-01
5.002531e-01 3.604157e-10 5.014580e-01 8.623940e-01
5.002305e-01 3.616194e-10 5.011710e-01 8.623892e-01
5.001059e-01 3.497992e-10 5.023010e-01 8.623501e-01
5.002390e-01 3.560185e-10 5.005800e-01 8.624425e-01
5.002462e-01 3.581458e-10 5.004120e-01 8.619185e-01
5.001998e-01 3.535772e-10 4.999500e-01 8.622329e-01
5.001355e-01 3.539976e-10 4.999100e-01 8.624140e-01
5.003093e-01 3.626904e-10 4.994030e-01 8.619938e-01
5.002015e-01 3.530746e-10 5.008250e-01 8.621034e-01
5.000825e-01 3.508734e-10 4.992970e-01 8.628656e-01
5.001053e-01 3.511828e-10 5.009660e-01 8.620957e-01
5.001120e-01 3.525953e-10 5.299250e-01 8.620452e-01
5.001809e-01 3.503786e-10 5.058310e-01 8.619509e-01
5.002580e-01 3.631085e-10 5.031230e-01 8.618728e-01
5.001691e-01 3.508285e-10 5.004830e-01 8.621710e-01
5.001793e-01 3.551568e-10 5.015110e-01 8.619481e-01
5.001545e-01 3.509732e-10 5.058420e-01 8.624292e-01
5.001505e-01 3.549463e-10 5.005400e-01 8.621091e-01
5.001794e-01 3.503883e-10 5.004410e-01 8.625035e-01
5.002879e-01 3.588365e-10 5.026010e-01 8.617270e-01
5.001389e-01 3.553219e-10 5.554680e-01 8.626274e-01
5.000718e-01 3.520270e-10 5.321590e-01 8.624397e-01
5.001721e-01 3.561616e-10 5.092280e-01 8.625121e-01
5.001290e-01 3.524395e-10 4.997360e-01 8.626112e-01
5.001769e-01 3.556315e-10 5.080580e-01 8.621824e-01
5.001395e-01 3.570506e-10 4.994170e-01 8.633515e-01
5.001055e-01 3.481615e-10 5.002790e-01 8.631809e-01
5.002445e-01 3.564940e-10 5.010910e-01 8.622129e-01
5.001603e-01 3.515458e-10 5.007990e-01 8.626541e-01
5.002722e-01 3.602935e-10 4.999490e-01 8.623625e-01
5.002090e-01 3.575635e-10 5.039700e-01 8.625607e-01
5.002723e-01 3.593009e-10 4.991800e-01 8.616841e-01
5.002261e-01 3.548276e-10 5.012790e-01 8.618671e-01
5.001987e-01 3.544496e-10 4.998180e-01 8.618194e-01
5.001871e-01 3.563028e-10 5.004110e-01 8.627112e-01
5.002615e-01 3.574627e-10 4.993990e-01 8.618814e-01
5.002244e-01 3.630094e-10 5.036990e-01 8.621281e-01
5.001718e-01 3.530717e-10 4.991900e-01 8.625855e-01
5.002237e-01 3.566958e-10 5.001010e-01 8.622206e-01
5.001717e-01 3.549956e-10 4.997340e-01 8.626483e-01
5.001542e-01 3.499506e-10 5.006920e-01 8.624835e-01
5.001888e-01 3.537977e-10 4.993150e-01 8.619319e-01
5.001774e-01 3.509301e-10 5.014910e-01 8.622539e-01
5.002217e-01 3.573838e-10 4.998300e-01 8.625378e-01
5.000290e-01 3.441101e-10 5.006080e-01 8.623292e-01
5.002797e-01 3.616211e-10 4.992700e-01 8.615079e-01
5.001612e-01 3.538440e-10 5.004120e-01 8.623330e-01
5.002124e-01 3.566942e-10 4.996400e-01 8.616689e-01
5.000613e-01 3.439370e-10 5.002990e-01 8.629151e-01
5.001896e-01 3.516474e-10 4.990460e-01 8.625302e-01
5.002684e-01 3.588348e-10 5.011510e-01 8.618452e-01
5.001775e-01 3.570055e-10 4.995280e-01 8.622777e-01
5.001169e-01 3.505537e-10 5.016410e-01 8.622244e-01
5.001813e-01 3.498000e-10 4.999410e-01 8.623120e-01
5.003548e-01 3.649369e-10 5.012840e-01 8.610687e-01
5.001467e-01 3.527564e-10 4.995820e-01 8.618995e-01
5.001743e-01 3.527479e-10 5.055070e-01 8.622949e-01
5.001313e-01 3.499358e-10 4.993970e-01 8.621081e-01
5.002919e-01 3.615459e-10 5.013340e-01 8.623701e-01
5.001882e-01 3.531481e-10 4.996710e-01 8.616013e-01
5.001633e-01 3.526290e-10 5.001830e-01 8.625721e-01
5.001929e-01 3.491891e-10 5.004060e-01 8.619814e-01
5.001627e-01 3.543229e-10 5.003790e-01 8.625540e-01
5.000715e-01 3.540091e-10 5.000370e-01 8.626236e-01
5.002175e-01 3.534977e-10 5.005850e-01 8.619500e-01
5.002487e-01 3.574937e-10 4.995850e-01 8.616117e-01
5.002582e-01 3.533447e-10 5.001470e-01 8.615050e-01
5.002306e-01 3.602025e-10 4.993710e-01 8.624092e-01
5.002206e-01 3.554686e-10 5.006520e-01 8.627093e-01
5.003477e-01 3.617563e-10 4.995750e-01 8.622663e-01
5.000988e-01 3.496244e-10 5.033830e-01 8.626703e-01
5.001572e-01 3.521976e-10 4.996100e-01 8.623282e-01
5.002934e-01 3.564074e-10 5.011580e-01 8.621034e-01
5.002345e-01 3.539215e-10 4.990550e-01 8.619566e-01
5.002576e-01 3.557945e-10 5.005510e-01 8.613040e-01
5.001363e-01 3.537108e-10 4.991600e-01 8.618938e-01
5.000919e-01 3.494535e-10 5.026410e-01 8.627865e-01
5.000817e-01 3.512446e-10 4.996840e-01 8.618556e-01
5.001526e-01 3.493425e-10 5.003930e-01 8.628780e-01
5.001394e-01 3.490951e-10 4.997150e-01 8.627141e-01
5.000685e-01 3.462707e-10 5.008150e-01 8.636364e-01
5.002156e-01 3.532062e-10 5.006130e-01 8.616880e-01
5.000920e-01 3.483504e-10 5.023280e-01 8.622882e-01
5.001918e-01 3.521476e-10 5.001600e-01 8.621662e-01
5.002507e-01 3.533791e-10 5.005640e-01 8.624121e-01
5.001734e-01 3.525585e-10 4.994410e-01 8.631409e-01
5.000908e-01 3.501747e-10 5.023650e-01 8.629085e-01
5.002258e-01 3.547335e-10 5.015260e-01 8.623435e-01
5.002151e-01 3.534634e-10 5.005530e-01 8.618213e-01
5.001541e-01 3.508323e-10 4.992800e-01 8.623406e-01
5.002756e-01 3.555702e-10 5.008000e-01 8.612411e-01
5.002683e-01 3.545402e-10 5.226840e-01 8.623435e-01
5.001749e-01 3.510517e-10 5.028620e-01 8.624673e-01
5.001506e-01 3.547690e-10 4.994810e-01 8.625083e-01
5.002743e-01 3.575807e-10 5.003730e-01 8.617318e-01
5.001592e-01 3.512695e-10 4.991900e-01 8.622082e-01
5.001837e-01 3.536080e-10 5.033580e-01 8.618680e-01
5.002519e-01 3.554792e-10 4.990270e-01 8.625026e-01
5.002052e-01 3.499383e-10 5.007210e-01 8.628036e-01
5.002130e-01 3.543480e-10 4.994190e-01 8.619614e-01
5.000674e-01 3.413321e-10 5.000810e-01 8.629504e-01
5.001710e-01 3.440121e-10 5.023100e-01 8.617251e-01
5.002798e-01 3.525135e-10 5.020580e-01 8.622282e-01
5.001197e-01 3.465393e-10 4.999340e-01 8.627150e-01
5.003122e-01 3.576222e-10 5.011300e-01 8.621939e-01
5.002148e-01 3.506049e-10 4.998300e-01 8.629456e-01
5.002150e-01 3.514975e-10 5.004990e-01 8.620900e-01
5.000861e-01 3.466587e-10 5.009810e-01 8.620271e-01
5.001740e-01 3.476951e-10 5.004210e-01 8.624483e-01
5.000987e-01 3.457498e-10 5.002300e-01 8.619881e-01
5.002983e-01 3.639769e-10 5.012020e-01 8.619719e-01
5.002361e-01 3.562595e-10 5.002320e-01 8.620738e-01
5.000485e-01 3.511771e-10 5.027770e-01 8.625731e-01
5.000778e-01 3.447969e-10 4.993480e-01 8.624568e-01
5.002169e-01 3.535106e-10 5.005730e-01 8.629428e-01
5.000873e-01 3.450805e-10 4.998190e-01 8.628437e-01
5.002578e-01 3.525330e-10 5.039540e-01 8.619919e-01
5.001719e-01 3.531957e-10 4.995380e-01 8.626388e-01
5.001844e-01 3.520173e-10 5.011960e-01 8.626255e-01
5.002484e-01 3.555242e-10 4.997470e-01 8.616413e-01
5.000940e-01 3.423417e-10 5.013250e-01 8.636154e-01
5.002394e-01 3.539666e-10 4.994600e-01 8.623825e-01
5.001887e-01 3.496820e-10 5.024150e-01 8.623616e-01
5.001127e-01 3.496479e-10 4.990000e-01 8.625740e-01
5.001435e-01 3.479405e-10 5.007250e-01 8.625683e-01
5.000999e-01 3.471462e-10 4.988760e-01 8.623292e-01
5.002824e-01 3.488051e-10 5.002780e-01 8.622568e-01
5.001048e-01 3.492957e-10 4.990190e-01 8.624921e-01
5.000171e-01 3.407942e-10 5.003480e-01 8.623063e-01
5.002085e-01 3.551633e-10 4.999160e-01 8.625102e-01
5.002780e-01 3.569955e-10 5.036650e-01 8.620548e-01
5.000147e-01 3.455596e-10 4.995800e-01 8.628770e-01
5.001557e-01 3.486302e-10 5.023170e-01 8.625474e-01
5.002316e-01 3.509284e-10 5.013000e-01 8.616822e-01
5.002744e-01 3.507195e-10 5.026510e-01 8.618347e-01
5.002292e-01 3.510427e-10 5.054970e-01 8.618099e-01
5.001155e-01 3.437653e-10 5.043800e-01 8.626045e-01
5.002640e-01 3.523799e-10 4.995720e-01 8.621510e-01
5.001385e-01 3.483467e-10 4.994340e-01 8.626236e-01
5.001385e-01 3.484912e-10 4.994290e-01 8.627189e-01
5.000447e-01 3.449441e-10 5.006430e-01 8.623263e-01
5.001888e-01 3.547512e-10 4.996160e-01 8.627341e-01
5.000336e-01 3.418071e-10 5.012440e-01 8.624892e-01
5.002751e-01 3.583111e-10 4.990470e-01 8.624654e-01
5.001517e-01 3.449740e-10 5.009540e-01 8.621481e-01
5.001128e-01 3.452919e-10 4.993870e-01 8.623844e-01
5.002545e-01 3.558581e-10 5.004800e-01 8.614936e-01
5.002494e-01 3.544124e-10 4.994870e-01 8.616660e-01
5.001695e-01 3.452775e-10 5.001830e-01 8.615936e-01
5.000355e-01 3.471563e-10 4.994660e-01 8.628818e-01
5.002055e-01 3.514617e-10 5.010010e-01 8.624978e-01
5.001925e-01 3.512946e-10 5.001640e-01 8.620824e-01
5.002724e-01 3.521904e-10 5.019800e-01 8.622987e-01
5.002576e-01 3.561060e-10 4.997330e-01 8.618985e-01
5.001788e-01 3.464442e-10 5.008540e-01 8.622977e-01
5.001146e-01 3.513020e-10 4.996300e-01 8.626855e-01
5.002428e-01 3.524187e-10 5.046780e-01 8.618490e-01
5.001400e-01 3.426458e-10 5.008380e-01 8.621129e-01
5.001712e-01 3.493135e-10 5.027570e-01 8.621586e-01
5.002051e-01 3.545751e-10 4.996250e-01 8.627274e-01
5.000469e-01 3.373179e-10 5.006400e-01 8.622034e-01
5.001571e-01 3.464312e-10 4.997490e-01 8.620043e-01
5.000865e-01 3.428812e-10 5.025990e-01 8.625864e-01
5.002398e-01 3.523694e-10 5.001010e-01 8.626102e-01
5.002341e-01 3.550600e-10 5.018420e-01 8.621319e-01
5.002094e-01 3.548746e-10 5.004170e-01 8.625426e-01
5.003335e-01 3.604139e-10 5.000940e-01 8.618671e-01
5.000408e-01 3.431967e-10 4.993360e-01 8.626836e-01
5.001791e-01 3.482348e-10 4.995620e-01 8.622406e-01
5.002805e-01 3.544004e-10 4.995380e-01 8.626664e-01
5.001979e-01 3.534551e-10 5.005220e-01 8.623558e-01
5.001552e-01 3.504740e-10 4.991210e-01 8.620519e-01
5.003364e-01 3.572740e-10 5.015210e-01 8.619614e-01
5.001010e-01 3.483704e-10 4.994750e-01 8.619547e-01
5.001882e-01 3.489437e-10 5.014200e-01 8.625683e-01
5.002713e-01 3.507551e-10 4.989460e-01 8.625026e-01
5.001820e-01 3.477067e-10 5.007550e-01 8.626007e-01
5.001955e-01 3.522567e-10 5.049790e-01 8.626217e-01
5.000292e-01 3.415255e-10 4.996730e-01 8.624054e-01
5.002117e-01 3.494483e-10 5.007100e-01 8.617470e-01
5.001967e-01 3.512916e-10 4.997820e-01 8.624845e-01
5.001472e-01 3.489797e-10 5.010450e-01 8.621786e-01
5.001774e-01 3.494274e-10 5.009080e-01 8.623625e-01
5.001680e-01 3.449088e-10 5.114680e-01 8.619595e-01
5.002567e-01 3.517246e-10 5.040580e-01 8.620843e-01
5.001995e-01 3.466306e-10 5.001940e-01 8.619204e-01
5.003843e-01 3.605352e-10 5.012790e-01 8.615431e-01
5.001804e-01 3.495116e-10 5.187370e-01 8.621262e-01
5.001746e-01 3.453843e-10 5.323070e-01 8.625369e-01
5.002107e-01 3.555589e-10 5.240700e-01 8.622539e-01
5.002711e-01 3.545061e-10 5.385940e-01 8.616975e-01
5.001968e-01 3.460161e-10 5.217890e-01 8.618890e-01
5.001597e-01 3.449287e-10 5.171890e-01 8.620567e-01
5.001904e-01 3.505720e-10 5.149010e-01 8.626626e-01
4.999766e-01 3.385048e-10 5.114310e-01 8.628884e-01
5.001886e-01 3.476486e-10 5.124300e-01 8.619881e-01
5.003092e-01 3.529616e-10 5.162170e-01 8.617842e-01
5.002970e-01 3.554295e-10 5.155730e-01 8.620614e-01
5.003260e-01 3.537354e-10 5.379330e-01 8.620595e-01
5.001500e-01 3.487642e-10 5.230590e-01 8.624397e-01
5.001105e-01 3.401800e-10 5.248710e-01 8.616889e-01
5.001364e-01 3.432051e-10 5.395800e-01 8.623454e-01
5.002031e-01 3.555577e-10 5.798570e-01 8.624378e-01
5.001874e-01 3.448191e-10 5.353160e-01 8.623425e-01
5.002474e-01 3.517491e-10 5.287920e-01 8.621386e-01
5.002190e-01 3.525955e-10 5.760490e-01 8.621043e-01
5.000983e-01 3.435186e-10 5.064360e-01 8.623873e-01
5.002544e-01 3.522505e-10 6.462330e-01 8.622005e-01
5.002482e-01 3.545676e-10 5.253970e-01 8.619138e-01
5.003355e-01 3.519863e-10 5.938770e-01 8.622863e-01
5.001596e-01 3.497239e-10 5.718520e-01 8.628970e-01
5.001776e-01 3.452854e-10 5.590750e-01 8.622177e-01
5.003329e-01 3.541040e-10 5.777400e-01 8.615308e-01
5.001598e-01 3.497944e-10 5.685380e-01 8.621901e-01
5.001971e-01 3.450867e-10 5.706310e-01 8.625712e-01
5.002540e-01 3.541912e-10 6.097260e-01 8.618509e-01
5.002153e-01 3.481053e-10 5.535030e-01 8.619766e-01
5.002970e-01 3.516781e-10 5.155060e-01 8.619023e-01
5.001897e-01 3.516368e-10 5.131230e-01 8.625092e-01
5.001414e-01 3.492718e-10 5.174510e-01 8.626464e-01
5.000762e-01 3.398699e-10 5.039420e-01 8.626541e-01
5.003773e-01 3.602976e-10 5.176120e-01 8.618204e-01
5.002670e-01 3.456723e-10 6.280160e-01 8.618899e-01
5.001500e-01 3.494676e-10 5.099990e-01 8.629170e-01
5.001448e-01 3.459149e-10 5.314850e-01 8.625159e-01
5.001793e-01 3.498286e-10 5.345000e-01 8.619776e-01
