# dim  N   mc   rho  Brute 
# 1    1 100000 1
#
# Theoretical Energy = 5.000000e-01
# Energy     Variance     CPU time     Acceptance
5.559026e-01 1.136261e-06 4.189400e-02 8.592600e-01
5.040800e-01 9.192952e-08 4.105700e-02 8.591800e-01
5.009924e-01 6.646581e-09 4.200400e-02 8.605500e-01
5.001881e-01 5.221094e-10 4.201000e-02 8.619700e-01
4.999754e-01 1.104432e-10 4.140900e-02 8.589200e-01
4.999912e-01 1.006676e-10 4.200300e-02 8.613400e-01
4.999906e-01 1.000275e-10 4.198400e-02 8.591500e-01
4.999901e-01 1.000007e-10 4.202900e-02 8.590900e-01
4.999898e-01 9.999909e-11 4.214700e-02 8.629600e-01
4.999901e-01 9.999924e-11 4.181200e-02 8.585300e-01
4.999901e-01 9.999929e-11 3.789800e-02 8.618700e-01
4.999903e-01 9.999946e-11 4.176800e-02 8.607500e-01
4.999900e-01 9.999930e-11 4.170900e-02 8.599900e-01
4.999897e-01 9.999899e-11 4.163700e-02 8.614300e-01
4.999901e-01 9.999921e-11 4.174700e-02 8.595900e-01
4.999900e-01 9.999919e-11 4.196700e-02 8.588400e-01
4.999899e-01 9.999906e-11 4.154900e-02 8.608900e-01
4.999903e-01 9.999963e-11 4.152300e-02 8.609400e-01
4.999901e-01 9.999933e-11 4.271900e-02 8.593800e-01
4.999901e-01 9.999933e-11 4.220900e-02 8.596300e-01
4.999900e-01 9.999924e-11 4.204000e-02 8.633400e-01
4.999902e-01 9.999937e-11 4.200800e-02 8.601600e-01
4.999900e-01 9.999920e-11 4.215900e-02 8.596800e-01
4.999898e-01 9.999903e-11 4.196000e-02 8.617400e-01
4.999900e-01 9.999924e-11 4.208000e-02 8.605500e-01
4.999900e-01 9.999923e-11 4.178000e-02 8.623600e-01
4.999900e-01 9.999924e-11 4.240800e-02 8.578600e-01
4.999902e-01 9.999937e-11 4.176700e-02 8.585300e-01
4.999899e-01 9.999909e-11 4.161900e-02 8.594800e-01
4.999902e-01 9.999939e-11 4.214900e-02 8.583500e-01
4.999902e-01 9.999932e-11 4.193800e-02 8.602600e-01
4.999901e-01 9.999929e-11 4.252100e-02 8.598800e-01
4.999901e-01 9.999936e-11 4.252200e-02 8.609800e-01
4.999898e-01 9.999902e-11 4.263600e-02 8.624600e-01
4.999900e-01 9.999916e-11 4.162100e-02 8.618600e-01
4.999902e-01 9.999942e-11 4.152600e-02 8.596900e-01
4.999902e-01 9.999934e-11 4.282200e-02 8.604400e-01
4.999902e-01 9.999952e-11 4.185400e-02 8.608300e-01
4.999900e-01 9.999917e-11 4.197200e-02 8.596800e-01
4.999898e-01 9.999909e-11 4.218400e-02 8.606000e-01
4.999900e-01 9.999925e-11 4.188800e-02 8.627200e-01
4.999900e-01 9.999915e-11 4.157600e-02 8.615100e-01
4.999900e-01 9.999913e-11 4.183200e-02 8.581500e-01
4.999897e-01 9.999894e-11 4.176400e-02 8.609000e-01
4.999899e-01 9.999912e-11 4.149400e-02 8.588900e-01
4.999901e-01 9.999923e-11 4.219300e-02 8.588100e-01
4.999901e-01 9.999936e-11 4.242200e-02 8.597700e-01
4.999900e-01 9.999912e-11 4.159700e-02 8.597300e-01
4.999899e-01 9.999918e-11 4.214100e-02 8.607900e-01
4.999898e-01 9.999910e-11 4.130500e-02 8.619500e-01
4.999902e-01 9.999944e-11 4.181500e-02 8.586400e-01
4.999900e-01 9.999920e-11 4.167300e-02 8.599800e-01
4.999899e-01 9.999907e-11 4.191700e-02 8.632400e-01
4.999901e-01 9.999920e-11 4.236100e-02 8.603500e-01
4.999899e-01 9.999901e-11 4.175100e-02 8.605500e-01
4.999900e-01 9.999916e-11 4.160800e-02 8.592700e-01
4.999898e-01 9.999904e-11 4.159700e-02 8.614600e-01
4.999900e-01 9.999919e-11 4.165400e-02 8.601600e-01
4.999901e-01 9.999925e-11 4.179100e-02 8.585700e-01
4.999900e-01 9.999904e-11 4.228400e-02 8.594300e-01
4.999899e-01 9.999906e-11 4.244400e-02 8.607700e-01
4.999899e-01 9.999920e-11 4.192400e-02 8.595100e-01
4.999901e-01 9.999922e-11 3.627600e-02 8.596200e-01
4.999901e-01 9.999933e-11 3.892700e-02 8.611200e-01
4.999902e-01 9.999932e-11 4.229400e-02 8.594000e-01
4.999901e-01 9.999924e-11 4.170900e-02 8.597600e-01
4.999899e-01 9.999905e-11 4.218300e-02 8.613500e-01
4.999900e-01 9.999920e-11 4.200500e-02 8.610500e-01
4.999901e-01 9.999929e-11 4.171000e-02 8.610400e-01
4.999901e-01 9.999926e-11 4.169700e-02 8.616800e-01
4.999900e-01 9.999917e-11 4.219800e-02 8.606400e-01
4.999898e-01 9.999910e-11 4.207200e-02 8.606700e-01
4.999900e-01 9.999918e-11 4.207000e-02 8.626500e-01
4.999903e-01 9.999943e-11 4.209100e-02 8.604400e-01
4.999898e-01 9.999899e-11 4.226200e-02 8.606000e-01
4.999897e-01 9.999903e-11 3.902500e-02 8.610100e-01
4.999901e-01 9.999921e-11 4.186900e-02 8.598700e-01
4.999900e-01 9.999916e-11 4.200400e-02 8.615900e-01
4.999901e-01 9.999924e-11 3.903900e-02 8.586100e-01
4.999899e-01 9.999903e-11 4.214000e-02 8.624800e-01
4.999899e-01 9.999909e-11 4.178400e-02 8.596600e-01
4.999901e-01 9.999922e-11 4.163900e-02 8.587100e-01
4.999899e-01 9.999909e-11 4.210400e-02 8.621000e-01
4.999899e-01 9.999910e-11 4.006600e-02 8.627800e-01
4.999902e-01 9.999935e-11 3.962100e-02 8.593800e-01
4.999901e-01 9.999921e-11 4.174300e-02 8.580000e-01
4.999900e-01 9.999913e-11 4.008400e-02 8.589600e-01
4.999900e-01 9.999912e-11 4.158800e-02 8.584400e-01
4.999898e-01 9.999893e-11 4.189700e-02 8.606200e-01
4.999902e-01 9.999934e-11 4.185700e-02 8.605800e-01
4.999903e-01 9.999939e-11 4.240400e-02 8.590300e-01
4.999900e-01 9.999919e-11 4.216000e-02 8.589800e-01
4.999899e-01 9.999911e-11 4.151200e-02 8.619000e-01
4.999900e-01 9.999921e-11 4.156000e-02 8.601700e-01
4.999900e-01 9.999911e-11 4.193400e-02 8.601900e-01
4.999898e-01 9.999900e-11 4.258900e-02 8.599500e-01
4.999899e-01 9.999910e-11 4.198900e-02 8.618600e-01
4.999899e-01 9.999915e-11 4.134300e-02 8.600100e-01
4.999899e-01 9.999903e-11 4.193200e-02 8.624400e-01
4.999899e-01 9.999909e-11 4.214200e-02 8.609000e-01
4.999897e-01 9.999891e-11 4.159500e-02 8.616600e-01
4.999901e-01 9.999929e-11 4.178100e-02 8.614100e-01
4.999898e-01 9.999895e-11 4.223000e-02 8.625300e-01
4.999901e-01 9.999928e-11 4.153700e-02 8.593700e-01
4.999899e-01 9.999908e-11 4.202300e-02 8.618000e-01
4.999899e-01 9.999909e-11 4.190000e-02 8.608800e-01
4.999901e-01 9.999923e-11 4.206600e-02 8.611700e-01
4.999901e-01 9.999932e-11 4.195600e-02 8.596400e-01
4.999899e-01 9.999911e-11 4.168400e-02 8.603700e-01
4.999899e-01 9.999908e-11 4.153200e-02 8.618400e-01
4.999901e-01 9.999931e-11 3.827200e-02 8.605400e-01
4.999899e-01 9.999907e-11 4.237600e-02 8.601400e-01
4.999899e-01 9.999909e-11 4.249200e-02 8.635100e-01
4.999900e-01 9.999920e-11 4.165400e-02 8.630700e-01
4.999900e-01 9.999916e-11 4.229500e-02 8.595200e-01
4.999899e-01 9.999909e-11 4.193000e-02 8.622700e-01
4.999902e-01 9.999940e-11 4.171100e-02 8.603600e-01
4.999902e-01 9.999943e-11 4.175000e-02 8.617700e-01
4.999899e-01 9.999922e-11 4.236900e-02 8.616100e-01
4.999900e-01 9.999921e-11 4.257200e-02 8.597600e-01
4.999900e-01 9.999910e-11 4.104300e-02 8.578900e-01
4.999897e-01 9.999889e-11 4.146800e-02 8.623100e-01
4.999899e-01 9.999903e-11 4.193700e-02 8.614100e-01
4.999899e-01 9.999903e-11 4.261600e-02 8.615000e-01
4.999901e-01 9.999932e-11 4.195800e-02 8.601200e-01
4.999903e-01 9.999959e-11 4.215800e-02 8.597500e-01
4.999900e-01 9.999915e-11 4.136600e-02 8.573500e-01
4.999900e-01 9.999920e-11 4.231000e-02 8.604500e-01
4.999897e-01 9.999889e-11 3.512500e-02 8.640900e-01
4.999898e-01 9.999900e-11 4.208100e-02 8.629800e-01
4.999899e-01 9.999908e-11 4.157800e-02 8.599000e-01
4.999898e-01 9.999900e-11 4.194700e-02 8.611100e-01
4.999899e-01 9.999910e-11 4.245600e-02 8.572200e-01
4.999900e-01 9.999915e-11 4.208300e-02 8.604200e-01
4.999900e-01 9.999910e-11 4.218800e-02 8.605700e-01
4.999899e-01 9.999902e-11 4.208200e-02 8.604500e-01
4.999900e-01 9.999924e-11 3.972000e-02 8.625300e-01
4.999901e-01 9.999928e-11 4.196000e-02 8.601900e-01
4.999900e-01 9.999928e-11 4.218400e-02 8.602500e-01
4.999902e-01 9.999927e-11 4.231600e-02 8.619600e-01
4.999901e-01 9.999933e-11 4.169800e-02 8.594800e-01
4.999902e-01 9.999922e-11 4.176500e-02 8.591600e-01
4.999903e-01 9.999949e-11 3.966300e-02 8.584000e-01
4.999900e-01 9.999920e-11 4.175100e-02 8.603100e-01
4.999898e-01 9.999910e-11 4.171700e-02 8.640400e-01
4.999901e-01 9.999922e-11 4.168600e-02 8.594300e-01
4.999901e-01 9.999932e-11 4.161000e-02 8.604300e-01
4.999900e-01 9.999916e-11 4.175300e-02 8.589100e-01
4.999897e-01 9.999893e-11 4.161500e-02 8.599300e-01
4.999901e-01 9.999927e-11 4.168300e-02 8.617600e-01
4.999902e-01 9.999935e-11 4.188200e-02 8.596400e-01
4.999898e-01 9.999903e-11 4.177600e-02 8.610800e-01
4.999898e-01 9.999898e-11 4.172700e-02 8.605600e-01
4.999899e-01 9.999904e-11 3.748700e-02 8.606500e-01
4.999902e-01 9.999933e-11 4.243100e-02 8.601500e-01
4.999900e-01 9.999923e-11 4.212000e-02 8.598600e-01
4.999900e-01 9.999920e-11 4.149400e-02 8.593200e-01
4.999901e-01 9.999931e-11 4.194600e-02 8.621700e-01
4.999900e-01 9.999915e-11 4.173600e-02 8.592500e-01
4.999902e-01 9.999936e-11 4.212300e-02 8.597800e-01
4.999899e-01 9.999904e-11 4.179800e-02 8.589500e-01
4.999901e-01 9.999925e-11 4.240300e-02 8.597400e-01
4.999899e-01 9.999919e-11 4.249200e-02 8.611600e-01
4.999901e-01 9.999927e-11 4.244800e-02 8.612100e-01
4.999900e-01 9.999909e-11 4.240700e-02 8.606600e-01
4.999898e-01 9.999904e-11 4.180600e-02 8.644100e-01
4.999901e-01 9.999926e-11 4.202400e-02 8.585600e-01
4.999899e-01 9.999909e-11 4.197600e-02 8.613500e-01
4.999899e-01 9.999910e-11 4.185500e-02 8.618100e-01
4.999899e-01 9.999908e-11 4.181900e-02 8.605100e-01
4.999903e-01 9.999950e-11 4.222000e-02 8.603500e-01
4.999898e-01 9.999902e-11 4.203300e-02 8.603100e-01
4.999903e-01 9.999950e-11 4.164900e-02 8.613200e-01
4.999901e-01 9.999923e-11 4.191800e-02 8.590500e-01
4.999901e-01 9.999927e-11 4.195900e-02 8.625400e-01
4.999899e-01 9.999910e-11 4.186600e-02 8.619500e-01
4.999898e-01 9.999898e-11 4.165800e-02 8.618800e-01
4.999898e-01 9.999903e-11 4.403200e-02 8.636300e-01
4.999899e-01 9.999913e-11 4.248800e-02 8.618400e-01
4.999904e-01 9.999956e-11 4.262800e-02 8.587700e-01
4.999902e-01 9.999939e-11 4.219200e-02 8.615600e-01
4.999902e-01 9.999933e-11 4.190100e-02 8.610000e-01
4.999902e-01 9.999931e-11 4.239500e-02 8.586400e-01
4.999903e-01 9.999944e-11 3.641800e-02 8.578000e-01
4.999900e-01 9.999922e-11 4.232500e-02 8.611200e-01
4.999903e-01 9.999933e-11 4.199000e-02 8.572700e-01
4.999899e-01 9.999911e-11 4.128000e-02 8.625700e-01
4.999901e-01 9.999931e-11 4.195700e-02 8.604700e-01
4.999900e-01 9.999913e-11 4.211200e-02 8.607600e-01
4.999899e-01 9.999905e-11 4.214500e-02 8.608800e-01
4.999902e-01 9.999934e-11 4.252700e-02 8.599700e-01
4.999899e-01 9.999915e-11 4.002700e-02 8.597800e-01
4.999898e-01 9.999901e-11 4.195900e-02 8.600300e-01
4.999898e-01 9.999905e-11 4.231200e-02 8.623100e-01
4.999902e-01 9.999933e-11 4.214700e-02 8.584500e-01
4.999901e-01 9.999926e-11 4.241400e-02 8.628800e-01
4.999899e-01 9.999911e-11 4.225900e-02 8.613700e-01
4.999898e-01 9.999919e-11 4.191400e-02 8.611500e-01
4.999899e-01 9.999915e-11 4.166200e-02 8.612900e-01
4.999900e-01 9.999914e-11 4.275400e-02 8.575000e-01
4.999901e-01 9.999923e-11 4.240800e-02 8.588500e-01
4.999902e-01 9.999932e-11 4.240300e-02 8.599800e-01
4.999899e-01 9.999913e-11 4.259900e-02 8.603000e-01
4.999899e-01 9.999914e-11 4.150800e-02 8.597000e-01
4.999902e-01 9.999936e-11 4.261900e-02 8.580300e-01
4.999900e-01 9.999915e-11 4.216500e-02 8.615800e-01
4.999900e-01 9.999918e-11 4.219400e-02 8.611400e-01
4.999901e-01 9.999928e-11 4.262800e-02 8.597600e-01
4.999899e-01 9.999901e-11 4.166800e-02 8.623300e-01
4.999899e-01 9.999905e-11 4.222600e-02 8.622500e-01
4.999903e-01 9.999942e-11 4.195700e-02 8.572000e-01
4.999902e-01 9.999928e-11 4.215100e-02 8.607100e-01
4.999900e-01 9.999917e-11 4.225900e-02 8.610100e-01
4.999900e-01 9.999913e-11 4.210900e-02 8.593600e-01
4.999901e-01 9.999924e-11 4.224400e-02 8.599400e-01
4.999901e-01 9.999922e-11 4.231600e-02 8.612700e-01
4.999900e-01 9.999917e-11 4.240400e-02 8.604500e-01
4.999901e-01 9.999937e-11 4.262700e-02 8.622800e-01
4.999903e-01 9.999939e-11 4.261500e-02 8.606000e-01
4.999897e-01 9.999889e-11 4.173600e-02 8.615300e-01
4.999899e-01 9.999912e-11 4.276200e-02 8.606600e-01
4.999900e-01 9.999910e-11 4.269300e-02 8.619300e-01
4.999900e-01 9.999910e-11 4.218400e-02 8.604700e-01
4.999901e-01 9.999920e-11 4.260100e-02 8.601900e-01
4.999897e-01 9.999886e-11 4.197700e-02 8.631900e-01
4.999900e-01 9.999926e-11 4.204700e-02 8.618100e-01
4.999899e-01 9.999909e-11 4.207200e-02 8.599300e-01
4.999898e-01 9.999902e-11 4.214200e-02 8.607600e-01
4.999898e-01 9.999899e-11 4.188500e-02 8.613900e-01
4.999903e-01 9.999945e-11 4.202900e-02 8.622700e-01
4.999898e-01 9.999897e-11 4.200300e-02 8.594900e-01
4.999902e-01 9.999923e-11 4.210500e-02 8.608300e-01
4.999901e-01 9.999924e-11 4.194200e-02 8.609500e-01
4.999901e-01 9.999919e-11 4.240700e-02 8.596100e-01
4.999900e-01 9.999916e-11 4.224500e-02 8.589900e-01
4.999900e-01 9.999913e-11 4.174000e-02 8.608400e-01
4.999899e-01 9.999909e-11 4.228900e-02 8.603300e-01
4.999898e-01 9.999905e-11 4.215900e-02 8.614500e-01
4.999900e-01 9.999920e-11 4.103200e-02 8.616600e-01
4.999899e-01 9.999912e-11 4.235700e-02 8.606000e-01
4.999903e-01 9.999947e-11 4.254300e-02 8.617600e-01
4.999899e-01 9.999909e-11 4.170100e-02 8.614400e-01
4.999900e-01 9.999934e-11 4.214700e-02 8.606400e-01
4.999901e-01 9.999924e-11 4.265400e-02 8.590200e-01
4.999901e-01 9.999924e-11 4.259700e-02 8.602300e-01
4.999900e-01 9.999920e-11 4.414700e-02 8.613400e-01
4.999900e-01 9.999912e-11 4.336400e-02 8.614200e-01
4.999901e-01 9.999920e-11 4.274300e-02 8.602300e-01
4.999899e-01 9.999914e-11 4.278100e-02 8.605000e-01
4.999902e-01 9.999937e-11 4.360500e-02 8.624500e-01
4.999901e-01 9.999925e-11 4.329300e-02 8.594000e-01
4.999902e-01 9.999937e-11 4.258400e-02 8.610100e-01
4.999899e-01 9.999899e-11 4.289900e-02 8.583600e-01
4.999898e-01 9.999903e-11 4.292100e-02 8.599800e-01
4.999898e-01 9.999902e-11 4.406500e-02 8.610200e-01
4.999902e-01 9.999933e-11 4.206200e-02 8.572400e-01
4.999898e-01 9.999898e-11 4.166900e-02 8.622200e-01
4.999898e-01 9.999906e-11 4.180000e-02 8.612100e-01
4.999900e-01 9.999925e-11 4.160700e-02 8.612900e-01
4.999902e-01 9.999936e-11 4.232900e-02 8.592800e-01
4.999901e-01 9.999921e-11 4.166900e-02 8.589100e-01
4.999904e-01 9.999961e-11 4.295700e-02 8.571400e-01
4.999899e-01 9.999912e-11 3.757600e-02 8.601400e-01
4.999899e-01 9.999904e-11 4.044300e-02 8.607800e-01
4.999902e-01 9.999932e-11 4.243400e-02 8.587600e-01
4.999899e-01 9.999910e-11 4.239900e-02 8.607100e-01
4.999898e-01 9.999904e-11 4.288500e-02 8.600400e-01
4.999901e-01 9.999920e-11 4.219300e-02 8.578500e-01
4.999901e-01 9.999927e-11 4.223500e-02 8.598900e-01
4.999903e-01 9.999953e-11 4.202300e-02 8.581600e-01
4.999902e-01 9.999931e-11 4.218700e-02 8.604300e-01
4.999902e-01 9.999940e-11 4.210500e-02 8.602400e-01
4.999900e-01 9.999913e-11 4.221900e-02 8.614200e-01
4.999902e-01 9.999934e-11 4.207700e-02 8.607500e-01
4.999900e-01 9.999917e-11 4.177100e-02 8.598700e-01
4.999900e-01 9.999918e-11 4.284000e-02 8.620600e-01
4.999901e-01 9.999926e-11 4.197400e-02 8.623300e-01
4.999899e-01 9.999912e-11 4.200700e-02 8.609100e-01
4.999902e-01 9.999939e-11 4.217800e-02 8.609400e-01
4.999901e-01 9.999922e-11 4.227300e-02 8.600500e-01
4.999899e-01 9.999914e-11 4.242200e-02 8.584400e-01
4.999903e-01 9.999956e-11 4.216500e-02 8.603300e-01
4.999899e-01 9.999905e-11 3.940200e-02 8.626600e-01
4.999901e-01 9.999922e-11 4.210900e-02 8.587500e-01
4.999900e-01 9.999929e-11 4.179900e-02 8.611200e-01
4.999900e-01 9.999915e-11 4.150500e-02 8.590300e-01
4.999899e-01 9.999914e-11 4.211300e-02 8.610100e-01
4.999896e-01 9.999884e-11 4.172100e-02 8.612500e-01
4.999901e-01 9.999926e-11 4.258300e-02 8.617800e-01
4.999899e-01 9.999905e-11 4.252000e-02 8.621600e-01
4.999900e-01 9.999919e-11 4.272100e-02 8.605100e-01
4.999901e-01 9.999923e-11 4.243900e-02 8.605700e-01
4.999900e-01 9.999910e-11 4.204000e-02 8.608100e-01
4.999899e-01 9.999901e-11 4.203100e-02 8.595100e-01
4.999901e-01 9.999926e-11 4.219500e-02 8.612700e-01
4.999898e-01 9.999907e-11 4.180200e-02 8.599700e-01
4.999899e-01 9.999909e-11 4.184600e-02 8.597700e-01
4.999903e-01 9.999948e-11 4.073000e-02 8.591700e-01
4.999900e-01 9.999917e-11 4.011500e-02 8.609300e-01
4.999901e-01 9.999919e-11 4.079600e-02 8.613000e-01
4.999900e-01 9.999919e-11 4.184300e-02 8.592300e-01
4.999898e-01 9.999906e-11 3.982200e-02 8.617500e-01
4.999899e-01 9.999911e-11 4.209400e-02 8.601900e-01
4.999901e-01 9.999927e-11 4.006500e-02 8.589600e-01
4.999902e-01 9.999928e-11 4.270900e-02 8.602600e-01
4.999900e-01 9.999919e-11 4.225000e-02 8.597300e-01
4.999898e-01 9.999900e-11 4.192200e-02 8.614900e-01
4.999899e-01 9.999908e-11 4.188000e-02 8.607400e-01
4.999902e-01 9.999939e-11 4.161600e-02 8.580700e-01
4.999898e-01 9.999895e-11 4.195600e-02 8.609400e-01
4.999901e-01 9.999925e-11 4.213400e-02 8.603300e-01
4.999901e-01 9.999925e-11 4.224600e-02 8.587500e-01
4.999898e-01 9.999900e-11 4.122200e-02 8.613400e-01
4.999900e-01 9.999924e-11 4.252000e-02 8.613400e-01
4.999900e-01 9.999913e-11 4.240200e-02 8.596500e-01
4.999901e-01 9.999929e-11 4.240200e-02 8.606500e-01
4.999899e-01 9.999907e-11 4.189100e-02 8.587200e-01
4.999899e-01 9.999907e-11 4.239400e-02 8.590700e-01
4.999899e-01 9.999907e-11 4.212800e-02 8.613500e-01
4.999900e-01 9.999934e-11 4.279100e-02 8.587100e-01
4.999901e-01 9.999932e-11 4.292800e-02 8.609800e-01
4.999899e-01 9.999912e-11 4.220400e-02 8.597000e-01
4.999901e-01 9.999925e-11 4.169500e-02 8.596600e-01
4.999898e-01 9.999903e-11 4.190200e-02 8.606800e-01
4.999898e-01 9.999900e-11 4.240400e-02 8.599500e-01
4.999900e-01 9.999923e-11 4.226300e-02 8.588700e-01
4.999899e-01 9.999904e-11 4.017200e-02 8.609600e-01
4.999902e-01 9.999932e-11 4.203500e-02 8.616500e-01
4.999900e-01 9.999918e-11 3.736500e-02 8.595200e-01
4.999900e-01 9.999917e-11 4.265900e-02 8.608600e-01
4.999897e-01 9.999891e-11 4.225500e-02 8.584400e-01
4.999897e-01 9.999891e-11 4.193900e-02 8.614900e-01
4.999899e-01 9.999908e-11 4.207700e-02 8.600600e-01
4.999900e-01 9.999912e-11 4.181900e-02 8.603700e-01
4.999901e-01 9.999924e-11 4.210000e-02 8.601200e-01
4.999899e-01 9.999910e-11 4.281100e-02 8.601100e-01
4.999899e-01 9.999910e-11 4.122900e-02 8.613100e-01
4.999902e-01 9.999933e-11 4.219800e-02 8.585900e-01
4.999899e-01 9.999910e-11 4.258400e-02 8.612800e-01
4.999901e-01 9.999923e-11 4.059900e-02 8.585200e-01
4.999899e-01 9.999905e-11 4.235500e-02 8.609400e-01
4.999901e-01 9.999932e-11 4.208100e-02 8.618500e-01
4.999900e-01 9.999924e-11 4.172300e-02 8.590500e-01
4.999900e-01 9.999908e-11 4.176700e-02 8.605100e-01
4.999898e-01 9.999903e-11 4.209400e-02 8.607000e-01
4.999905e-01 9.999957e-11 4.210800e-02 8.586600e-01
4.999900e-01 9.999920e-11 4.228900e-02 8.609200e-01
4.999900e-01 9.999909e-11 4.229400e-02 8.613000e-01
4.999901e-01 9.999926e-11 4.212100e-02 8.607800e-01
4.999903e-01 9.999944e-11 4.208100e-02 8.607000e-01
4.999897e-01 9.999895e-11 4.178700e-02 8.615700e-01
4.999901e-01 9.999929e-11 4.243000e-02 8.614500e-01
4.999901e-01 9.999923e-11 3.939100e-02 8.572900e-01
4.999900e-01 9.999917e-11 3.801500e-02 8.601400e-01
4.999898e-01 9.999904e-11 4.303300e-02 8.603100e-01
4.999902e-01 9.999937e-11 4.149800e-02 8.591000e-01
4.999898e-01 9.999903e-11 4.220600e-02 8.600400e-01
4.999899e-01 9.999911e-11 4.215800e-02 8.620200e-01
4.999899e-01 9.999909e-11 4.263100e-02 8.595800e-01
4.999900e-01 9.999921e-11 3.878600e-02 8.611800e-01
4.999899e-01 9.999905e-11 4.315900e-02 8.615300e-01
4.999898e-01 9.999902e-11 4.176800e-02 8.608800e-01
4.999899e-01 9.999910e-11 4.238300e-02 8.612000e-01
4.999898e-01 9.999896e-11 4.223800e-02 8.617700e-01
4.999898e-01 9.999907e-11 4.270000e-02 8.607000e-01
4.999901e-01 9.999925e-11 4.161200e-02 8.596500e-01
4.999899e-01 9.999908e-11 4.223600e-02 8.599600e-01
4.999900e-01 9.999920e-11 4.222900e-02 8.615200e-01
4.999901e-01 9.999923e-11 4.150700e-02 8.593800e-01
4.999898e-01 9.999898e-11 4.204300e-02 8.595000e-01
4.999902e-01 9.999933e-11 4.206200e-02 8.607800e-01
4.999899e-01 9.999915e-11 4.214400e-02 8.598500e-01
4.999901e-01 9.999927e-11 4.185200e-02 8.570500e-01
4.999899e-01 9.999903e-11 4.212800e-02 8.594200e-01
4.999901e-01 9.999928e-11 4.226800e-02 8.588700e-01
4.999902e-01 9.999937e-11 4.285200e-02 8.607500e-01
4.999901e-01 9.999932e-11 4.234500e-02 8.583000e-01
4.999899e-01 9.999917e-11 4.196800e-02 8.612600e-01
4.999899e-01 9.999907e-11 4.273500e-02 8.603600e-01
4.999900e-01 9.999913e-11 3.315100e-02 8.593400e-01
4.999900e-01 9.999915e-11 3.762900e-02 8.611900e-01
4.999900e-01 9.999924e-11 4.229800e-02 8.623100e-01
4.999898e-01 9.999905e-11 4.174800e-02 8.605100e-01
4.999899e-01 9.999909e-11 4.289800e-02 8.623400e-01
4.999899e-01 9.999908e-11 4.207700e-02 8.592400e-01
4.999900e-01 9.999922e-11 4.207500e-02 8.609900e-01
4.999903e-01 9.999946e-11 4.199700e-02 8.595000e-01
4.999902e-01 9.999935e-11 4.186400e-02 8.617700e-01
4.999900e-01 9.999916e-11 4.233500e-02 8.616000e-01
4.999901e-01 9.999921e-11 4.210500e-02 8.600000e-01
4.999900e-01 9.999935e-11 4.221800e-02 8.604000e-01
4.999900e-01 9.999919e-11 4.179700e-02 8.622900e-01
4.999899e-01 9.999909e-11 4.253300e-02 8.603700e-01
4.999902e-01 9.999928e-11 4.188200e-02 8.592400e-01
4.999901e-01 9.999926e-11 4.228800e-02 8.586700e-01
4.999897e-01 9.999892e-11 4.267800e-02 8.579000e-01
4.999900e-01 9.999920e-11 4.210100e-02 8.615300e-01
4.999901e-01 9.999929e-11 4.173800e-02 8.594000e-01
4.999899e-01 9.999906e-11 4.247200e-02 8.608000e-01
4.999897e-01 9.999893e-11 4.193600e-02 8.609900e-01
4.999899e-01 9.999903e-11 4.151900e-02 8.597500e-01
4.999900e-01 9.999918e-11 4.087000e-02 8.599600e-01
4.999900e-01 9.999927e-11 4.266100e-02 8.606500e-01
4.999898e-01 9.999895e-11 4.172000e-02 8.593600e-01
4.999901e-01 9.999920e-11 4.196800e-02 8.612400e-01
4.999902e-01 9.999935e-11 4.276900e-02 8.589100e-01
4.999904e-01 9.999957e-11 4.156100e-02 8.573800e-01
4.999898e-01 9.999899e-11 4.259500e-02 8.616300e-01
4.999900e-01 9.999924e-11 4.240600e-02 8.607500e-01
4.999900e-01 9.999918e-11 4.205100e-02 8.612100e-01
4.999900e-01 9.999916e-11 4.260000e-02 8.587600e-01
4.999901e-01 9.999921e-11 4.176200e-02 8.607700e-01
4.999901e-01 9.999935e-11 4.229000e-02 8.606200e-01
4.999900e-01 9.999921e-11 4.249000e-02 8.592100e-01
4.999903e-01 9.999939e-11 3.580200e-02 8.598300e-01
4.999901e-01 9.999928e-11 4.214000e-02 8.593900e-01
4.999900e-01 9.999919e-11 4.225200e-02 8.594800e-01
4.999902e-01 9.999954e-11 4.262000e-02 8.594700e-01
4.999902e-01 9.999930e-11 3.977300e-02 8.592400e-01
4.999899e-01 9.999914e-11 4.241200e-02 8.590300e-01
4.999900e-01 9.999916e-11 4.212200e-02 8.583800e-01
4.999897e-01 9.999892e-11 3.882000e-02 8.609100e-01
4.999900e-01 9.999919e-11 4.134600e-02 8.612800e-01
4.999899e-01 9.999905e-11 4.218300e-02 8.604300e-01
4.999901e-01 9.999919e-11 4.266100e-02 8.608800e-01
4.999901e-01 9.999930e-11 4.239300e-02 8.594900e-01
4.999899e-01 9.999913e-11 3.811600e-02 8.601300e-01
4.999898e-01 9.999904e-11 4.202300e-02 8.616400e-01
4.999904e-01 9.999969e-11 4.280100e-02 8.610000e-01
4.999901e-01 9.999934e-11 4.212900e-02 8.632200e-01
4.999902e-01 9.999943e-11 4.315100e-02 8.598300e-01
4.999901e-01 9.999919e-11 4.152500e-02 8.599200e-01
4.999900e-01 9.999918e-11 4.190300e-02 8.613200e-01
4.999901e-01 9.999922e-11 4.218700e-02 8.629400e-01
4.999901e-01 9.999924e-11 4.189800e-02 8.605100e-01
4.999901e-01 9.999922e-11 4.229200e-02 8.593000e-01
4.999901e-01 9.999932e-11 4.248100e-02 8.622500e-01
4.999900e-01 9.999914e-11 4.153800e-02 8.587400e-01
4.999900e-01 9.999919e-11 4.226800e-02 8.609400e-01
4.999899e-01 9.999913e-11 4.233400e-02 8.623200e-01
4.999900e-01 9.999920e-11 4.174700e-02 8.600100e-01
4.999899e-01 9.999905e-11 4.224700e-02 8.603800e-01
4.999900e-01 9.999911e-11 4.148200e-02 8.598600e-01
4.999902e-01 9.999929e-11 4.142600e-02 8.582000e-01
4.999898e-01 9.999898e-11 4.232800e-02 8.596600e-01
4.999901e-01 9.999930e-11 4.239700e-02 8.610400e-01
4.999902e-01 9.999930e-11 4.254800e-02 8.593500e-01
4.999901e-01 9.999931e-11 4.220800e-02 8.608900e-01
4.999900e-01 9.999929e-11 4.257500e-02 8.618400e-01
4.999900e-01 9.999917e-11 4.294800e-02 8.612800e-01
4.999902e-01 9.999946e-11 4.244900e-02 8.590900e-01
4.999901e-01 9.999936e-11 4.166000e-02 8.599800e-01
4.999900e-01 9.999913e-11 4.215000e-02 8.609300e-01
4.999898e-01 9.999903e-11 4.222900e-02 8.610400e-01
4.999902e-01 9.999931e-11 4.281300e-02 8.602500e-01
4.999901e-01 9.999920e-11 3.896300e-02 8.578800e-01
4.999898e-01 9.999904e-11 4.217500e-02 8.619900e-01
4.999901e-01 9.999927e-11 4.251700e-02 8.580100e-01
4.999905e-01 9.999954e-11 4.225100e-02 8.587800e-01
4.999902e-01 9.999944e-11 4.199300e-02 8.606300e-01
4.999898e-01 9.999904e-11 4.167300e-02 8.624200e-01
4.999899e-01 9.999913e-11 4.262700e-02 8.617500e-01
4.999898e-01 9.999898e-11 4.208200e-02 8.600900e-01
4.999901e-01 9.999928e-11 4.197400e-02 8.605800e-01
4.999900e-01 9.999924e-11 4.271600e-02 8.597500e-01
4.999900e-01 9.999920e-11 4.227000e-02 8.613600e-01
4.999900e-01 9.999924e-11 4.336600e-02 8.599300e-01
4.999900e-01 9.999924e-11 4.160500e-02 8.603400e-01
4.999899e-01 9.999913e-11 4.211400e-02 8.618700e-01
4.999902e-01 9.999940e-11 4.194200e-02 8.604600e-01
4.999899e-01 9.999904e-11 4.158500e-02 8.596600e-01
4.999902e-01 9.999938e-11 4.256600e-02 8.597000e-01
4.999899e-01 9.999909e-11 4.238200e-02 8.614700e-01
4.999900e-01 9.999920e-11 4.160800e-02 8.617000e-01
4.999900e-01 9.999910e-11 4.230100e-02 8.600300e-01
4.999900e-01 9.999911e-11 4.236000e-02 8.602300e-01
4.999901e-01 9.999922e-11 4.232900e-02 8.575500e-01
4.999901e-01 9.999923e-11 4.233600e-02 8.595100e-01
4.999900e-01 9.999914e-11 4.166900e-02 8.597300e-01
4.999900e-01 9.999904e-11 4.200600e-02 8.606900e-01
4.999898e-01 9.999901e-11 4.220500e-02 8.615200e-01
4.999900e-01 9.999914e-11 4.170000e-02 8.604100e-01
4.999898e-01 9.999902e-11 4.169800e-02 8.627600e-01
4.999901e-01 9.999928e-11 4.191500e-02 8.612200e-01
4.999900e-01 9.999917e-11 4.173500e-02 8.609800e-01
4.999901e-01 9.999927e-11 4.197800e-02 8.612700e-01
4.999898e-01 9.999908e-11 4.210400e-02 8.594700e-01
4.999900e-01 9.999919e-11 4.261200e-02 8.611100e-01
4.999900e-01 9.999912e-11 4.258400e-02 8.607100e-01
4.999901e-01 9.999928e-11 4.211900e-02 8.610500e-01
4.999901e-01 9.999920e-11 4.290100e-02 8.600800e-01
4.999899e-01 9.999905e-11 4.280300e-02 8.600400e-01
4.999897e-01 9.999892e-11 4.200500e-02 8.629600e-01
4.999900e-01 9.999911e-11 4.341000e-02 8.586900e-01
4.999901e-01 9.999931e-11 4.177200e-02 8.596400e-01
4.999902e-01 9.999939e-11 4.308300e-02 8.622600e-01
4.999901e-01 9.999926e-11 4.255800e-02 8.594900e-01
4.999900e-01 9.999910e-11 4.191500e-02 8.621200e-01
4.999902e-01 9.999933e-11 4.208700e-02 8.590800e-01
4.999900e-01 9.999921e-11 4.273100e-02 8.620700e-01
4.999904e-01 9.999953e-11 4.216000e-02 8.593600e-01
4.999900e-01 9.999915e-11 4.181600e-02 8.615200e-01
4.999901e-01 9.999932e-11 4.251000e-02 8.612200e-01
4.999901e-01 9.999932e-11 4.214100e-02 8.599800e-01
4.999900e-01 9.999921e-11 4.172700e-02 8.619600e-01
4.999899e-01 9.999909e-11 4.221500e-02 8.613100e-01
4.999900e-01 9.999925e-11 3.915300e-02 8.604700e-01
4.999901e-01 9.999932e-11 4.255800e-02 8.603100e-01
4.999901e-01 9.999921e-11 4.199700e-02 8.607000e-01
4.999899e-01 9.999903e-11 4.234700e-02 8.618800e-01
4.999898e-01 9.999898e-11 4.150600e-02 8.618100e-01
4.999899e-01 9.999912e-11 4.217900e-02 8.609300e-01
4.999898e-01 9.999896e-11 4.287500e-02 8.597400e-01
4.999901e-01 9.999921e-11 4.185200e-02 8.603500e-01
4.999901e-01 9.999922e-11 4.179800e-02 8.617900e-01
4.999901e-01 9.999921e-11 4.272600e-02 8.574900e-01
4.999900e-01 9.999915e-11 4.221100e-02 8.607700e-01
4.999902e-01 9.999939e-11 4.265500e-02 8.607200e-01
4.999899e-01 9.999906e-11 4.148700e-02 8.589100e-01
4.999897e-01 9.999892e-11 4.192500e-02 8.630900e-01
4.999901e-01 9.999920e-11 4.264100e-02 8.613900e-01
4.999897e-01 9.999897e-11 4.243400e-02 8.603500e-01
4.999899e-01 9.999914e-11 4.217600e-02 8.632600e-01
4.999900e-01 9.999923e-11 4.265700e-02 8.611800e-01
4.999900e-01 9.999917e-11 4.180000e-02 8.620500e-01
4.999902e-01 9.999934e-11 4.262600e-02 8.600000e-01
4.999901e-01 9.999919e-11 4.216100e-02 8.585300e-01
4.999899e-01 9.999916e-11 4.181400e-02 8.600600e-01
4.999899e-01 9.999915e-11 4.253500e-02 8.590500e-01
4.999901e-01 9.999919e-11 4.178700e-02 8.594300e-01
4.999900e-01 9.999912e-11 4.188900e-02 8.605300e-01
4.999900e-01 9.999919e-11 4.040000e-02 8.602800e-01
4.999902e-01 9.999942e-11 4.240500e-02 8.584800e-01
4.999899e-01 9.999918e-11 4.159800e-02 8.597800e-01
4.999899e-01 9.999900e-11 4.182900e-02 8.588500e-01
4.999901e-01 9.999923e-11 4.218800e-02 8.610500e-01
4.999900e-01 9.999923e-11 4.197300e-02 8.605900e-01
4.999901e-01 9.999927e-11 4.184900e-02 8.618000e-01
4.999899e-01 9.999918e-11 4.233600e-02 8.585400e-01
4.999899e-01 9.999911e-11 4.163100e-02 8.582800e-01
4.999900e-01 9.999924e-11 4.198900e-02 8.588300e-01
4.999898e-01 9.999903e-11 4.171400e-02 8.611000e-01
4.999901e-01 9.999922e-11 4.266800e-02 8.601500e-01
4.999899e-01 9.999907e-11 4.222100e-02 8.601900e-01
4.999899e-01 9.999908e-11 4.227000e-02 8.620300e-01
4.999900e-01 9.999924e-11 4.272500e-02 8.593300e-01
4.999900e-01 9.999911e-11 4.233900e-02 8.609000e-01
4.999900e-01 9.999912e-11 4.206600e-02 8.578600e-01
4.999902e-01 9.999933e-11 4.051100e-02 8.607800e-01
4.999900e-01 9.999923e-11 4.219900e-02 8.601300e-01
4.999900e-01 9.999916e-11 4.258700e-02 8.614700e-01
4.999901e-01 9.999926e-11 4.265600e-02 8.600900e-01
4.999901e-01 9.999919e-11 4.048500e-02 8.600700e-01
4.999902e-01 9.999935e-11 4.160300e-02 8.609800e-01
4.999897e-01 9.999887e-11 4.239000e-02 8.605000e-01
4.999899e-01 9.999905e-11 4.247300e-02 8.618500e-01
4.999900e-01 9.999918e-11 4.212000e-02 8.607500e-01
4.999899e-01 9.999914e-11 4.225400e-02 8.594100e-01
4.999899e-01 9.999912e-11 4.164300e-02 8.618700e-01
4.999900e-01 9.999914e-11 4.166300e-02 8.641000e-01
4.999899e-01 9.999907e-11 4.298900e-02 8.601500e-01
4.999900e-01 9.999921e-11 4.182100e-02 8.578100e-01
4.999900e-01 9.999923e-11 4.212100e-02 8.612600e-01
4.999898e-01 9.999903e-11 4.151500e-02 8.607500e-01
4.999899e-01 9.999909e-11 4.262600e-02 8.628900e-01
4.999901e-01 9.999917e-11 4.243100e-02 8.609800e-01
4.999900e-01 9.999921e-11 4.166300e-02 8.614300e-01
4.999900e-01 9.999924e-11 4.198400e-02 8.620400e-01
4.999900e-01 9.999916e-11 4.294500e-02 8.590500e-01
4.999899e-01 9.999902e-11 4.203500e-02 8.606100e-01
4.999901e-01 9.999929e-11 4.236500e-02 8.596900e-01
4.999898e-01 9.999898e-11 4.216400e-02 8.619000e-01
4.999900e-01 9.999923e-11 4.167400e-02 8.611400e-01
4.999901e-01 9.999929e-11 4.169200e-02 8.585000e-01
4.999900e-01 9.999920e-11 4.203500e-02 8.593300e-01
4.999899e-01 9.999910e-11 4.169800e-02 8.584000e-01
4.999900e-01 9.999917e-11 4.180000e-02 8.619300e-01
4.999899e-01 9.999911e-11 4.195200e-02 8.617900e-01
4.999899e-01 9.999912e-11 4.171200e-02 8.608700e-01
4.999901e-01 9.999928e-11 3.772200e-02 8.582200e-01
4.999898e-01 9.999904e-11 3.929300e-02 8.617400e-01
4.999899e-01 9.999911e-11 3.186600e-02 8.613200e-01
4.999902e-01 9.999936e-11 4.208400e-02 8.577100e-01
4.999900e-01 9.999931e-11 4.166200e-02 8.592400e-01
4.999899e-01 9.999906e-11 4.180400e-02 8.605200e-01
4.999903e-01 9.999944e-11 4.184300e-02 8.591300e-01
4.999901e-01 9.999930e-11 4.176600e-02 8.592600e-01
4.999901e-01 9.999929e-11 4.241800e-02 8.614400e-01
4.999901e-01 9.999933e-11 4.265000e-02 8.614000e-01
4.999901e-01 9.999930e-11 4.180300e-02 8.580800e-01
4.999899e-01 9.999904e-11 4.255400e-02 8.599200e-01
4.999898e-01 9.999907e-11 4.226800e-02 8.629900e-01
4.999901e-01 9.999928e-11 3.871900e-02 8.586000e-01
4.999899e-01 9.999906e-11 4.219100e-02 8.625100e-01
4.999899e-01 9.999904e-11 4.242300e-02 8.612700e-01
4.999900e-01 9.999918e-11 4.281000e-02 8.600600e-01
4.999899e-01 9.999913e-11 4.096000e-02 8.622600e-01
4.999900e-01 9.999923e-11 3.456400e-02 8.591700e-01
4.999902e-01 9.999927e-11 4.147200e-02 8.604400e-01
4.999900e-01 9.999913e-11 4.306000e-02 8.622500e-01
4.999900e-01 9.999920e-11 4.218600e-02 8.587700e-01
4.999899e-01 9.999903e-11 4.231700e-02 8.619400e-01
4.999900e-01 9.999916e-11 4.089400e-02 8.591200e-01
4.999899e-01 9.999913e-11 4.212800e-02 8.617600e-01
4.999899e-01 9.999906e-11 4.301000e-02 8.603000e-01
4.999899e-01 9.999907e-11 4.199800e-02 8.599800e-01
4.999899e-01 9.999910e-11 4.284500e-02 8.616000e-01
4.999899e-01 9.999903e-11 4.226600e-02 8.611000e-01
4.999902e-01 9.999930e-11 4.162600e-02 8.618200e-01
4.999900e-01 9.999917e-11 4.189100e-02 8.602600e-01
4.999902e-01 9.999935e-11 3.874800e-02 8.579600e-01
4.999900e-01 9.999922e-11 4.256600e-02 8.603700e-01
4.999897e-01 9.999895e-11 4.182400e-02 8.599100e-01
4.999900e-01 9.999913e-11 4.290200e-02 8.610800e-01
4.999900e-01 9.999913e-11 4.172100e-02 8.609400e-01
4.999900e-01 9.999916e-11 4.199000e-02 8.620000e-01
4.999898e-01 9.999902e-11 4.071900e-02 8.620900e-01
4.999900e-01 9.999923e-11 4.256700e-02 8.596000e-01
4.999900e-01 9.999919e-11 4.167700e-02 8.605700e-01
4.999899e-01 9.999915e-11 3.994000e-02 8.607400e-01
4.999899e-01 9.999917e-11 4.212400e-02 8.604800e-01
4.999899e-01 9.999911e-11 4.280000e-02 8.606800e-01
4.999900e-01 9.999912e-11 4.252400e-02 8.615300e-01
4.999902e-01 9.999948e-11 4.224400e-02 8.597500e-01
4.999901e-01 9.999919e-11 4.215700e-02 8.615900e-01
4.999900e-01 9.999919e-11 4.264500e-02 8.626900e-01
4.999902e-01 9.999942e-11 4.275100e-02 8.586900e-01
4.999899e-01 9.999912e-11 4.165400e-02 8.605500e-01
4.999901e-01 9.999918e-11 4.214800e-02 8.600100e-01
4.999899e-01 9.999909e-11 4.179500e-02 8.610100e-01
4.999901e-01 9.999933e-11 4.271700e-02 8.614000e-01
4.999901e-01 9.999926e-11 4.186900e-02 8.614000e-01
4.999900e-01 9.999920e-11 4.165100e-02 8.582800e-01
4.999900e-01 9.999919e-11 4.217100e-02 8.614800e-01
4.999900e-01 9.999921e-11 4.167300e-02 8.628400e-01
4.999901e-01 9.999929e-11 4.270900e-02 8.586700e-01
4.999899e-01 9.999905e-11 4.177400e-02 8.583800e-01
4.999896e-01 9.999882e-11 4.262300e-02 8.613800e-01
4.999899e-01 9.999899e-11 4.256700e-02 8.601800e-01
4.999900e-01 9.999916e-11 4.293300e-02 8.589500e-01
4.999898e-01 9.999898e-11 4.161600e-02 8.608700e-01
4.999900e-01 9.999916e-11 4.259100e-02 8.596300e-01
4.999898e-01 9.999903e-11 4.004600e-02 8.633400e-01
4.999902e-01 9.999941e-11 4.205600e-02 8.606100e-01
4.999901e-01 9.999930e-11 4.241200e-02 8.589600e-01
4.999899e-01 9.999910e-11 4.237500e-02 8.606000e-01
4.999902e-01 9.999926e-11 4.208900e-02 8.587800e-01
4.999900e-01 9.999920e-11 4.257500e-02 8.605000e-01
4.999899e-01 9.999910e-11 4.169100e-02 8.596900e-01
4.999901e-01 9.999933e-11 4.314300e-02 8.607000e-01
4.999899e-01 9.999903e-11 4.299600e-02 8.586500e-01
4.999902e-01 9.999933e-11 4.202500e-02 8.579600e-01
4.999902e-01 9.999929e-11 4.160600e-02 8.590700e-01
4.999900e-01 9.999920e-11 4.227200e-02 8.604000e-01
4.999902e-01 9.999930e-11 4.226300e-02 8.592500e-01
4.999901e-01 9.999926e-11 4.225600e-02 8.602300e-01
4.999897e-01 9.999898e-11 4.193100e-02 8.618000e-01
4.999899e-01 9.999905e-11 4.171200e-02 8.623800e-01
4.999901e-01 9.999916e-11 4.207400e-02 8.598200e-01
4.999900e-01 9.999923e-11 4.227200e-02 8.609400e-01
4.999900e-01 9.999925e-11 4.176300e-02 8.607100e-01
4.999901e-01 9.999932e-11 4.230600e-02 8.591000e-01
4.999899e-01 9.999914e-11 4.192900e-02 8.595600e-01
4.999899e-01 9.999907e-11 4.235500e-02 8.606200e-01
4.999900e-01 9.999923e-11 4.360500e-02 8.606900e-01
4.999898e-01 9.999905e-11 4.179700e-02 8.614700e-01
4.999901e-01 9.999916e-11 4.180900e-02 8.625900e-01
4.999896e-01 9.999884e-11 4.181700e-02 8.614100e-01
4.999898e-01 9.999902e-11 4.323700e-02 8.606200e-01
4.999899e-01 9.999907e-11 4.159000e-02 8.598700e-01
4.999899e-01 9.999905e-11 4.280700e-02 8.603500e-01
4.999899e-01 9.999917e-11 4.190900e-02 8.598400e-01
4.999904e-01 9.999964e-11 4.261800e-02 8.580700e-01
4.999900e-01 9.999923e-11 4.193000e-02 8.611200e-01
4.999898e-01 9.999901e-11 4.199300e-02 8.603000e-01
4.999897e-01 9.999890e-11 4.261600e-02 8.604400e-01
4.999901e-01 9.999936e-11 4.259300e-02 8.584400e-01
4.999898e-01 9.999905e-11 4.214300e-02 8.612800e-01
4.999899e-01 9.999903e-11 4.238800e-02 8.623400e-01
4.999898e-01 9.999902e-11 4.259900e-02 8.614300e-01
4.999901e-01 9.999922e-11 4.250900e-02 8.593300e-01
4.999901e-01 9.999924e-11 4.251200e-02 8.598700e-01
4.999900e-01 9.999913e-11 4.271500e-02 8.586600e-01
4.999897e-01 9.999896e-11 4.282600e-02 8.609900e-01
4.999899e-01 9.999910e-11 4.228900e-02 8.631500e-01
4.999901e-01 9.999929e-11 4.227400e-02 8.591500e-01
4.999898e-01 9.999898e-11 4.170700e-02 8.610100e-01
4.999901e-01 9.999927e-11 4.245200e-02 8.610000e-01
4.999899e-01 9.999903e-11 4.176000e-02 8.596700e-01
4.999899e-01 9.999906e-11 4.239000e-02 8.614700e-01
4.999898e-01 9.999896e-11 4.204100e-02 8.602800e-01
4.999901e-01 9.999928e-11 4.233200e-02 8.610500e-01
4.999901e-01 9.999924e-11 4.181700e-02 8.598700e-01
4.999897e-01 9.999890e-11 4.240200e-02 8.617500e-01
4.999903e-01 9.999937e-11 4.229500e-02 8.621900e-01
4.999901e-01 9.999929e-11 4.231200e-02 8.574300e-01
4.999897e-01 9.999894e-11 4.261500e-02 8.615100e-01
4.999904e-01 9.999963e-11 4.226000e-02 8.612800e-01
4.999902e-01 9.999931e-11 4.274400e-02 8.602200e-01
4.999899e-01 9.999923e-11 4.175400e-02 8.631300e-01
4.999899e-01 9.999912e-11 4.296900e-02 8.625500e-01
4.999899e-01 9.999907e-11 4.200800e-02 8.628000e-01
4.999899e-01 9.999905e-11 4.218600e-02 8.631700e-01
4.999899e-01 9.999911e-11 4.133300e-02 8.618600e-01
4.999901e-01 9.999932e-11 4.224400e-02 8.618500e-01
4.999899e-01 9.999905e-11 4.222700e-02 8.622900e-01
4.999900e-01 9.999915e-11 4.186000e-02 8.601200e-01
4.999900e-01 9.999924e-11 4.163500e-02 8.602400e-01
4.999900e-01 9.999920e-11 4.274700e-02 8.611700e-01
4.999900e-01 9.999914e-11 4.229100e-02 8.599600e-01
4.999899e-01 9.999911e-11 4.258900e-02 8.597600e-01
4.999899e-01 9.999905e-11 4.223200e-02 8.592800e-01
4.999903e-01 9.999935e-11 4.177300e-02 8.587800e-01
4.999901e-01 9.999925e-11 4.227100e-02 8.600000e-01
4.999901e-01 9.999925e-11 4.213900e-02 8.616300e-01
4.999899e-01 9.999903e-11 4.210800e-02 8.602200e-01
4.999897e-01 9.999889e-11 4.199000e-02 8.593300e-01
4.999898e-01 9.999907e-11 4.162500e-02 8.633100e-01
4.999898e-01 9.999902e-11 4.279100e-02 8.613000e-01
4.999902e-01 9.999934e-11 4.142700e-02 8.595900e-01
4.999897e-01 9.999899e-11 4.211100e-02 8.625600e-01
4.999898e-01 9.999896e-11 4.244600e-02 8.611000e-01
4.999898e-01 9.999897e-11 4.189300e-02 8.605800e-01
4.999900e-01 9.999919e-11 3.601300e-02 8.589400e-01
4.999899e-01 9.999904e-11 2.699700e-02 8.611100e-01
4.999900e-01 9.999916e-11 2.988000e-02 8.571100e-01
4.999899e-01 9.999911e-11 2.595900e-02 8.600000e-01
4.999901e-01 9.999931e-11 3.334900e-02 8.610600e-01
4.999903e-01 9.999941e-11 3.721300e-02 8.593300e-01
4.999902e-01 9.999930e-11 2.693100e-02 8.593600e-01
4.999899e-01 9.999910e-11 3.604200e-02 8.607300e-01
4.999898e-01 9.999898e-11 2.532600e-02 8.604000e-01
4.999899e-01 9.999914e-11 3.515900e-02 8.626900e-01
4.999903e-01 9.999945e-11 3.165300e-02 8.598300e-01
4.999901e-01 9.999927e-11 3.385300e-02 8.595600e-01
4.999900e-01 9.999910e-11 4.243400e-02 8.616700e-01
4.999898e-01 9.999903e-11 3.996300e-02 8.585500e-01
4.999900e-01 9.999915e-11 3.816000e-02 8.613900e-01
4.999899e-01 9.999913e-11 4.019300e-02 8.600500e-01
4.999900e-01 9.999916e-11 4.255300e-02 8.613700e-01
4.999900e-01 9.999914e-11 2.994800e-02 8.593200e-01
4.999901e-01 9.999924e-11 3.165700e-02 8.607300e-01
4.999899e-01 9.999912e-11 2.533100e-02 8.639200e-01
4.999900e-01 9.999909e-11 3.333000e-02 8.611100e-01
4.999899e-01 9.999902e-11 4.219700e-02 8.599200e-01
4.999900e-01 9.999909e-11 2.825500e-02 8.617000e-01
4.999901e-01 9.999926e-11 3.223400e-02 8.606200e-01
4.999901e-01 9.999933e-11 3.030100e-02 8.601000e-01
4.999902e-01 9.999942e-11 3.819600e-02 8.614100e-01
4.999900e-01 9.999919e-11 4.170900e-02 8.603200e-01
4.999900e-01 9.999919e-11 3.993100e-02 8.612000e-01
4.999901e-01 9.999919e-11 3.196300e-02 8.602600e-01
4.999899e-01 9.999908e-11 3.740100e-02 8.598200e-01
4.999899e-01 9.999907e-11 3.804200e-02 8.597900e-01
4.999899e-01 9.999910e-11 2.711800e-02 8.601800e-01
4.999903e-01 9.999941e-11 3.871700e-02 8.595900e-01
4.999898e-01 9.999903e-11 3.812800e-02 8.602400e-01
4.999899e-01 9.999907e-11 4.103100e-02 8.618600e-01
4.999902e-01 9.999939e-11 3.902500e-02 8.601800e-01
4.999900e-01 9.999911e-11 3.378600e-02 8.600000e-01
4.999901e-01 9.999928e-11 4.169400e-02 8.608200e-01
4.999900e-01 9.999926e-11 3.979900e-02 8.614400e-01
4.999900e-01 9.999917e-11 3.311100e-02 8.607800e-01
4.999903e-01 9.999940e-11 2.944100e-02 8.589400e-01
4.999902e-01 9.999929e-11 4.125300e-02 8.580900e-01
4.999902e-01 9.999942e-11 3.685000e-02 8.603700e-01
4.999900e-01 9.999922e-11 3.409600e-02 8.610700e-01
4.999902e-01 9.999933e-11 4.201200e-02 8.601600e-01
4.999899e-01 9.999918e-11 2.443400e-02 8.621100e-01
4.999899e-01 9.999907e-11 3.248500e-02 8.627600e-01
4.999900e-01 9.999921e-11 3.433100e-02 8.593600e-01
4.999898e-01 9.999905e-11 3.315000e-02 8.594600e-01
4.999899e-01 9.999902e-11 3.371200e-02 8.602700e-01
4.999900e-01 9.999918e-11 3.679400e-02 8.605900e-01
4.999899e-01 9.999911e-11 4.153400e-02 8.582500e-01
4.999900e-01 9.999923e-11 3.057600e-02 8.598100e-01
4.999899e-01 9.999901e-11 3.653500e-02 8.611700e-01
4.999899e-01 9.999907e-11 4.026200e-02 8.599200e-01
4.999901e-01 9.999923e-11 3.652500e-02 8.619500e-01
4.999900e-01 9.999919e-11 4.053600e-02 8.628500e-01
4.999901e-01 9.999929e-11 3.412500e-02 8.618700e-01
4.999899e-01 9.999914e-11 3.813700e-02 8.619600e-01
4.999899e-01 9.999906e-11 3.603900e-02 8.625600e-01
4.999900e-01 9.999917e-11 3.019900e-02 8.597700e-01
4.999900e-01 9.999919e-11 4.013800e-02 8.596600e-01
4.999901e-01 9.999923e-11 3.345400e-02 8.618900e-01
4.999902e-01 9.999937e-11 2.860400e-02 8.613500e-01
4.999898e-01 9.999904e-11 2.931500e-02 8.621900e-01
4.999899e-01 9.999907e-11 2.596700e-02 8.614100e-01
4.999898e-01 9.999900e-11 4.096100e-02 8.623100e-01
4.999898e-01 9.999901e-11 4.214800e-02 8.633900e-01
4.999899e-01 9.999905e-11 3.718500e-02 8.619200e-01
4.999899e-01 9.999910e-11 3.557900e-02 8.607400e-01
4.999901e-01 9.999925e-11 3.534100e-02 8.585400e-01
4.999900e-01 9.999911e-11 3.249100e-02 8.605400e-01
4.999899e-01 9.999903e-11 3.707000e-02 8.633200e-01
4.999899e-01 9.999904e-11 3.549800e-02 8.622700e-01
4.999899e-01 9.999912e-11 3.143200e-02 8.609600e-01
4.999901e-01 9.999932e-11 3.733600e-02 8.603900e-01
4.999901e-01 9.999920e-11 4.261600e-02 8.596000e-01
4.999900e-01 9.999911e-11 2.569700e-02 8.601000e-01
4.999899e-01 9.999909e-11 3.621200e-02 8.599600e-01
4.999898e-01 9.999895e-11 3.928000e-02 8.573000e-01
4.999901e-01 9.999926e-11 3.834600e-02 8.587800e-01
4.999900e-01 9.999917e-11 4.048700e-02 8.600000e-01
4.999899e-01 9.999917e-11 3.664500e-02 8.607500e-01
4.999901e-01 9.999929e-11 3.304600e-02 8.604600e-01
4.999902e-01 9.999928e-11 3.381700e-02 8.606200e-01
4.999898e-01 9.999897e-11 3.630200e-02 8.588700e-01
4.999899e-01 9.999905e-11 3.854100e-02 8.594500e-01
4.999899e-01 9.999906e-11 3.644300e-02 8.606000e-01
4.999901e-01 9.999919e-11 2.721600e-02 8.596200e-01
4.999902e-01 9.999938e-11 3.823400e-02 8.580900e-01
4.999898e-01 9.999905e-11 4.150400e-02 8.603700e-01
4.999902e-01 9.999942e-11 3.926900e-02 8.601200e-01
4.999900e-01 9.999922e-11 4.038400e-02 8.610600e-01
4.999900e-01 9.999913e-11 3.660700e-02 8.585900e-01
4.999901e-01 9.999932e-11 4.197800e-02 8.611200e-01
4.999901e-01 9.999925e-11 4.224000e-02 8.601800e-01
4.999902e-01 9.999932e-11 3.659200e-02 8.593600e-01
4.999899e-01 9.999903e-11 3.222400e-02 8.614000e-01
4.999898e-01 9.999906e-11 4.078700e-02 8.591600e-01
4.999901e-01 9.999927e-11 3.342100e-02 8.591800e-01
4.999900e-01 9.999909e-11 4.135000e-02 8.592800e-01
4.999900e-01 9.999913e-11 4.032500e-02 8.591100e-01
4.999898e-01 9.999903e-11 3.448500e-02 8.597600e-01
4.999898e-01 9.999894e-11 2.918700e-02 8.619000e-01
4.999898e-01 9.999899e-11 3.246200e-02 8.617800e-01
4.999901e-01 9.999926e-11 3.846300e-02 8.609600e-01
4.999898e-01 9.999909e-11 3.827800e-02 8.644400e-01
4.999899e-01 9.999902e-11 2.740900e-02 8.585900e-01
4.999900e-01 9.999919e-11 3.541000e-02 8.604800e-01
4.999901e-01 9.999933e-11 4.176400e-02 8.604900e-01
4.999901e-01 9.999938e-11 3.088700e-02 8.599100e-01
4.999899e-01 9.999905e-11 3.104800e-02 8.603100e-01
4.999901e-01 9.999925e-11 3.963400e-02 8.594000e-01
4.999897e-01 9.999891e-11 3.868900e-02 8.605200e-01
4.999900e-01 9.999918e-11 3.826100e-02 8.608000e-01
4.999899e-01 9.999906e-11 3.706100e-02 8.610700e-01
4.999901e-01 9.999925e-11 3.649000e-02 8.611600e-01
4.999898e-01 9.999899e-11 3.586600e-02 8.627000e-01
4.999898e-01 9.999903e-11 3.222100e-02 8.628500e-01
4.999900e-01 9.999922e-11 3.331500e-02 8.597700e-01
4.999903e-01 9.999939e-11 3.125800e-02 8.616500e-01
4.999903e-01 9.999951e-11 2.686400e-02 8.585700e-01
4.999899e-01 9.999920e-11 3.335000e-02 8.633600e-01
4.999904e-01 9.999956e-11 2.973200e-02 8.589800e-01
4.999898e-01 9.999896e-11 4.118200e-02 8.601200e-01
4.999903e-01 9.999936e-11 4.030100e-02 8.601000e-01
4.999898e-01 9.999901e-11 3.884900e-02 8.604800e-01
4.999897e-01 9.999892e-11 2.781800e-02 8.631400e-01
4.999898e-01 9.999903e-11 3.668600e-02 8.619700e-01
4.999901e-01 9.999935e-11 2.694700e-02 8.591700e-01
4.999900e-01 9.999915e-11 3.335800e-02 8.600600e-01
4.999899e-01 9.999912e-11 4.149300e-02 8.627600e-01
4.999901e-01 9.999934e-11 2.789700e-02 8.610900e-01
4.999899e-01 9.999916e-11 3.527100e-02 8.603500e-01
4.999898e-01 9.999911e-11 3.627300e-02 8.605800e-01
4.999900e-01 9.999929e-11 4.111400e-02 8.585900e-01
4.999899e-01 9.999899e-11 3.823900e-02 8.609200e-01
4.999899e-01 9.999910e-11 3.471300e-02 8.612800e-01
4.999898e-01 9.999903e-11 2.955200e-02 8.618400e-01
4.999900e-01 9.999913e-11 3.988900e-02 8.573500e-01
4.999903e-01 9.999945e-11 2.381700e-02 8.592600e-01
4.999902e-01 9.999931e-11 3.609800e-02 8.600100e-01
4.999898e-01 9.999904e-11 3.788900e-02 8.603600e-01
4.999899e-01 9.999906e-11 3.752500e-02 8.605800e-01
4.999898e-01 9.999915e-11 4.136100e-02 8.621300e-01
4.999898e-01 9.999907e-11 2.898800e-02 8.614800e-01
4.999899e-01 9.999916e-11 3.160600e-02 8.618600e-01
4.999901e-01 9.999918e-11 2.432000e-02 8.614100e-01
4.999898e-01 9.999900e-11 3.588100e-02 8.603900e-01
4.999902e-01 9.999939e-11 3.850600e-02 8.584300e-01
4.999901e-01 9.999924e-11 3.863500e-02 8.596000e-01
4.999899e-01 9.999906e-11 3.467900e-02 8.593700e-01
4.999901e-01 9.999929e-11 2.824000e-02 8.597100e-01
4.999899e-01 9.999907e-11 3.582200e-02 8.596400e-01
4.999897e-01 9.999903e-11 3.794500e-02 8.618200e-01
4.999900e-01 9.999906e-11 3.597200e-02 8.615800e-01
4.999902e-01 9.999930e-11 3.606900e-02 8.577800e-01
4.999900e-01 9.999909e-11 3.616800e-02 8.616100e-01
4.999901e-01 9.999930e-11 3.648100e-02 8.607100e-01
4.999900e-01 9.999914e-11 3.969100e-02 8.604300e-01
4.999902e-01 9.999938e-11 3.772500e-02 8.601200e-01
4.999902e-01 9.999936e-11 3.867100e-02 8.577800e-01
4.999899e-01 9.999908e-11 3.175700e-02 8.627800e-01
4.999901e-01 9.999934e-11 3.569300e-02 8.618600e-01
4.999901e-01 9.999928e-11 3.960700e-02 8.596900e-01
4.999901e-01 9.999931e-11 3.411100e-02 8.597700e-01
4.999899e-01 9.999920e-11 3.321500e-02 8.607200e-01
4.999900e-01 9.999924e-11 2.653000e-02 8.594600e-01
4.999901e-01 9.999918e-11 3.720500e-02 8.612100e-01
4.999898e-01 9.999898e-11 3.521600e-02 8.608000e-01
4.999898e-01 9.999899e-11 3.488700e-02 8.598100e-01
4.999900e-01 9.999918e-11 3.169000e-02 8.601700e-01
4.999901e-01 9.999938e-11 3.446800e-02 8.616200e-01
4.999901e-01 9.999927e-11 3.318700e-02 8.615400e-01
4.999898e-01 9.999900e-11 3.660600e-02 8.591200e-01
4.999902e-01 9.999927e-11 2.390600e-02 8.608800e-01
4.999900e-01 9.999912e-11 2.881900e-02 8.601800e-01
4.999900e-01 9.999919e-11 3.056400e-02 8.615100e-01
4.999902e-01 9.999942e-11 3.760900e-02 8.585500e-01
4.999899e-01 9.999917e-11 3.790100e-02 8.595500e-01
4.999899e-01 9.999914e-11 2.850100e-02 8.610500e-01
4.999899e-01 9.999911e-11 3.571700e-02 8.607100e-01
4.999900e-01 9.999922e-11 4.220700e-02 8.589200e-01
4.999901e-01 9.999929e-11 3.882200e-02 8.609400e-01
4.999898e-01 9.999904e-11 3.179600e-02 8.593700e-01
4.999898e-01 9.999906e-11 3.514600e-02 8.590400e-01
4.999901e-01 9.999934e-11 2.896800e-02 8.609900e-01
4.999898e-01 9.999907e-11 3.510000e-02 8.617600e-01
4.999898e-01 9.999904e-11 4.128400e-02 8.615300e-01
4.999899e-01 9.999912e-11 3.033200e-02 8.616600e-01
4.999902e-01 9.999945e-11 3.848000e-02 8.598000e-01
4.999898e-01 9.999902e-11 3.994000e-02 8.597800e-01
4.999900e-01 9.999916e-11 3.640900e-02 8.606900e-01
4.999901e-01 9.999928e-11 3.342000e-02 8.590800e-01
4.999899e-01 9.999900e-11 3.761100e-02 8.605000e-01
4.999900e-01 9.999920e-11 2.354200e-02 8.597000e-01
4.999901e-01 9.999925e-11 3.573800e-02 8.611600e-01
4.999902e-01 9.999934e-11 3.782200e-02 8.616600e-01
4.999897e-01 9.999891e-11 3.020500e-02 8.616600e-01
4.999899e-01 9.999913e-11 3.921700e-02 8.609700e-01
4.999899e-01 9.999913e-11 3.515200e-02 8.637900e-01
4.999901e-01 9.999928e-11 3.706900e-02 8.618700e-01
4.999898e-01 9.999908e-11 3.087100e-02 8.614500e-01
4.999902e-01 9.999929e-11 4.061900e-02 8.598600e-01
4.999898e-01 9.999900e-11 2.283600e-02 8.615800e-01
4.999901e-01 9.999933e-11 2.716400e-02 8.608500e-01
4.999898e-01 9.999900e-11 3.017900e-02 8.597100e-01
4.999900e-01 9.999913e-11 3.132200e-02 8.615400e-01
4.999902e-01 9.999942e-11 3.638900e-02 8.621200e-01
4.999901e-01 9.999919e-11 4.017500e-02 8.611400e-01
4.999902e-01 9.999934e-11 3.263600e-02 8.594900e-01
4.999900e-01 9.999911e-11 3.447800e-02 8.623400e-01
4.999903e-01 9.999945e-11 2.287200e-02 8.569600e-01
4.999899e-01 9.999907e-11 3.427900e-02 8.612900e-01
4.999900e-01 9.999916e-11 2.540600e-02 8.596300e-01
4.999902e-01 9.999934e-11 3.039300e-02 8.586100e-01
4.999900e-01 9.999921e-11 3.399200e-02 8.603800e-01
4.999899e-01 9.999905e-11 3.878500e-02 8.588500e-01
4.999901e-01 9.999933e-11 2.523300e-02 8.607700e-01
4.999901e-01 9.999931e-11 3.178000e-02 8.600000e-01
4.999901e-01 9.999938e-11 2.299700e-02 8.616000e-01
4.999899e-01 9.999903e-11 3.084300e-02 8.609600e-01
4.999900e-01 9.999909e-11 3.945900e-02 8.604600e-01
4.999902e-01 9.999929e-11 2.601400e-02 8.614800e-01
4.999902e-01 9.999939e-11 2.631700e-02 8.603500e-01
4.999902e-01 9.999939e-11 2.497600e-02 8.592700e-01
4.999901e-01 9.999918e-11 3.723700e-02 8.607300e-01
4.999900e-01 9.999925e-11 3.897700e-02 8.605300e-01
4.999899e-01 9.999913e-11 2.959400e-02 8.592800e-01
4.999898e-01 9.999902e-11 3.096900e-02 8.635200e-01
4.999901e-01 9.999929e-11 3.896600e-02 8.602400e-01
4.999899e-01 9.999911e-11 4.186100e-02 8.619700e-01
4.999903e-01 9.999952e-11 3.518700e-02 8.616700e-01
4.999900e-01 9.999919e-11 3.193400e-02 8.598400e-01
4.999901e-01 9.999931e-11 3.919300e-02 8.591700e-01
4.999900e-01 9.999908e-11 2.847800e-02 8.601900e-01
4.999902e-01 9.999934e-11 3.400800e-02 8.596100e-01
4.999897e-01 9.999895e-11 4.219300e-02 8.607500e-01
4.999898e-01 9.999916e-11 2.906500e-02 8.620600e-01
4.999900e-01 9.999918e-11 3.817700e-02 8.606100e-01
4.999903e-01 9.999934e-11 3.799800e-02 8.610600e-01
4.999902e-01 9.999939e-11 4.098600e-02 8.597100e-01
4.999899e-01 9.999913e-11 3.290700e-02 8.611900e-01
4.999902e-01 9.999927e-11 3.323900e-02 8.593600e-01
4.999901e-01 9.999921e-11 4.000900e-02 8.588500e-01
4.999901e-01 9.999926e-11 3.023900e-02 8.601300e-01
4.999903e-01 9.999946e-11 3.660100e-02 8.600900e-01
4.999899e-01 9.999916e-11 2.843600e-02 8.587700e-01
4.999900e-01 9.999917e-11 3.603300e-02 8.615800e-01
4.999899e-01 9.999913e-11 4.250400e-02 8.620900e-01
4.999901e-01 9.999929e-11 4.248200e-02 8.581900e-01
4.999900e-01 9.999918e-11 4.194100e-02 8.594400e-01
4.999901e-01 9.999921e-11 3.319900e-02 8.599000e-01
4.999898e-01 9.999901e-11 3.872300e-02 8.616100e-01
4.999899e-01 9.999917e-11 2.700100e-02 8.600300e-01
4.999901e-01 9.999931e-11 3.235000e-02 8.595300e-01
4.999902e-01 9.999925e-11 3.955400e-02 8.583700e-01
4.999901e-01 9.999923e-11 2.950100e-02 8.619000e-01
4.999900e-01 9.999911e-11 2.625100e-02 8.590700e-01
4.999901e-01 9.999932e-11 2.700000e-02 8.617100e-01
4.999901e-01 9.999923e-11 3.181600e-02 8.594100e-01
4.999898e-01 9.999894e-11 3.595500e-02 8.614600e-01
4.999902e-01 9.999935e-11 2.931400e-02 8.602400e-01
4.999899e-01 9.999916e-11 2.711700e-02 8.598800e-01
4.999902e-01 9.999932e-11 3.856900e-02 8.602200e-01
4.999900e-01 9.999921e-11 2.591800e-02 8.616000e-01
4.999900e-01 9.999915e-11 3.616600e-02 8.609500e-01
4.999900e-01 9.999917e-11 4.127000e-02 8.591800e-01
4.999900e-01 9.999914e-11 2.686700e-02 8.589500e-01
4.999900e-01 9.999921e-11 2.794900e-02 8.598900e-01
4.999899e-01 9.999910e-11 4.152600e-02 8.635900e-01
4.999900e-01 9.999909e-11 4.241300e-02 8.608100e-01
4.999900e-01 9.999924e-11 3.259300e-02 8.604700e-01
4.999899e-01 9.999909e-11 4.036000e-02 8.605500e-01
4.999899e-01 9.999911e-11 2.283700e-02 8.601100e-01
4.999901e-01 9.999940e-11 3.782600e-02 8.604100e-01
4.999901e-01 9.999927e-11 3.654400e-02 8.605800e-01
4.999899e-01 9.999920e-11 3.694400e-02 8.622000e-01
4.999901e-01 9.999926e-11 3.857600e-02 8.597700e-01
4.999904e-01 9.999948e-11 3.418900e-02 8.582700e-01
4.999900e-01 9.999922e-11 4.134600e-02 8.599200e-01
4.999900e-01 9.999926e-11 2.509300e-02 8.598000e-01
4.999899e-01 9.999916e-11 3.663200e-02 8.597600e-01
4.999901e-01 9.999936e-11 3.099900e-02 8.594000e-01
4.999900e-01 9.999918e-11 3.812900e-02 8.566000e-01
4.999902e-01 9.999929e-11 4.059300e-02 8.589600e-01
4.999900e-01 9.999919e-11 3.838700e-02 8.597900e-01
4.999900e-01 9.999915e-11 3.250800e-02 8.613000e-01
4.999900e-01 9.999916e-11 3.026800e-02 8.586600e-01
4.999901e-01 9.999919e-11 4.236800e-02 8.614700e-01
4.999899e-01 9.999901e-11 3.189800e-02 8.617200e-01
4.999899e-01 9.999914e-11 4.095300e-02 8.612700e-01
4.999900e-01 9.999908e-11 3.699200e-02 8.603500e-01
4.999901e-01 9.999928e-11 3.403000e-02 8.599000e-01
4.999901e-01 9.999924e-11 3.686700e-02 8.591800e-01
4.999899e-01 9.999908e-11 2.563600e-02 8.609500e-01
4.999898e-01 9.999897e-11 4.189300e-02 8.597600e-01
4.999899e-01 9.999899e-11 4.243700e-02 8.607800e-01
4.999900e-01 9.999914e-11 3.584600e-02 8.605400e-01
4.999899e-01 9.999906e-11 2.984700e-02 8.619300e-01
4.999899e-01 9.999908e-11 3.833100e-02 8.612200e-01
4.999896e-01 9.999892e-11 4.240300e-02 8.617600e-01
4.999900e-01 9.999913e-11 2.422300e-02 8.611900e-01
4.999899e-01 9.999910e-11 4.033300e-02 8.632200e-01
4.999900e-01 9.999920e-11 4.227100e-02 8.617200e-01
4.999900e-01 9.999922e-11 2.856200e-02 8.612200e-01
4.999898e-01 9.999906e-11 4.078300e-02 8.616900e-01
4.999898e-01 9.999903e-11 3.626500e-02 8.599000e-01
4.999902e-01 9.999930e-11 3.555800e-02 8.581800e-01
4.999901e-01 9.999932e-11 3.650700e-02 8.616000e-01
4.999897e-01 9.999889e-11 3.565200e-02 8.613200e-01
4.999898e-01 9.999901e-11 3.352300e-02 8.628900e-01
4.999900e-01 9.999923e-11 3.638600e-02 8.603300e-01
4.999902e-01 9.999942e-11 2.698200e-02 8.612000e-01
4.999899e-01 9.999911e-11 3.702000e-02 8.609300e-01
4.999901e-01 9.999915e-11 4.163900e-02 8.600400e-01
4.999902e-01 9.999935e-11 3.958100e-02 8.583200e-01
4.999899e-01 9.999910e-11 2.841700e-02 8.613900e-01
4.999901e-01 9.999918e-11 3.101400e-02 8.591400e-01
4.999897e-01 9.999896e-11 4.237700e-02 8.606600e-01
4.999898e-01 9.999898e-11 3.147200e-02 8.616100e-01
4.999901e-01 9.999924e-11 3.881900e-02 8.607600e-01
4.999900e-01 9.999919e-11 3.821900e-02 8.607500e-01
4.999899e-01 9.999913e-11 2.619000e-02 8.587100e-01
4.999899e-01 9.999915e-11 3.913200e-02 8.624800e-01
4.999898e-01 9.999891e-11 3.297800e-02 8.611700e-01
4.999899e-01 9.999916e-11 3.436700e-02 8.603700e-01
4.999899e-01 9.999907e-11 2.937900e-02 8.612400e-01
4.999899e-01 9.999909e-11 3.210100e-02 8.613600e-01
4.999901e-01 9.999930e-11 4.071700e-02 8.584400e-01
4.999897e-01 9.999889e-11 3.143100e-02 8.599600e-01
4.999899e-01 9.999906e-11 4.090700e-02 8.609800e-01
4.999902e-01 9.999933e-11 3.757200e-02 8.595100e-01
4.999901e-01 9.999925e-11 3.960200e-02 8.602300e-01
4.999900e-01 9.999923e-11 3.872100e-02 8.607100e-01
4.999899e-01 9.999912e-11 3.474000e-02 8.590500e-01
4.999900e-01 9.999910e-11 2.977800e-02 8.600100e-01
4.999902e-01 9.999932e-11 3.472600e-02 8.597300e-01
4.999901e-01 9.999917e-11 2.533500e-02 8.597700e-01
4.999901e-01 9.999923e-11 4.189500e-02 8.615500e-01
4.999899e-01 9.999907e-11 3.881700e-02 8.601900e-01
4.999899e-01 9.999918e-11 3.632600e-02 8.605300e-01
4.999898e-01 9.999904e-11 3.658000e-02 8.616700e-01
4.999899e-01 9.999914e-11 3.207700e-02 8.620900e-01
4.999899e-01 9.999902e-11 3.657800e-02 8.617500e-01
4.999897e-01 9.999905e-11 2.954100e-02 8.582800e-01
4.999898e-01 9.999901e-11 3.576300e-02 8.602100e-01
4.999898e-01 9.999904e-11 3.319200e-02 8.622900e-01
4.999899e-01 9.999906e-11 3.027300e-02 8.629000e-01
4.999898e-01 9.999896e-11 2.900800e-02 8.582600e-01
4.999901e-01 9.999928e-11 3.582600e-02 8.613000e-01
4.999900e-01 9.999924e-11 2.938200e-02 8.615500e-01
4.999900e-01 9.999923e-11 3.862900e-02 8.603300e-01
4.999899e-01 9.999916e-11 4.290400e-02 8.636900e-01
4.999898e-01 9.999904e-11 3.344800e-02 8.601100e-01
4.999900e-01 9.999920e-11 4.197400e-02 8.592600e-01
4.999901e-01 9.999927e-11 3.368900e-02 8.603300e-01
4.999899e-01 9.999915e-11 3.695700e-02 8.603300e-01
4.999899e-01 9.999908e-11 3.883100e-02 8.613200e-01
4.999901e-01 9.999929e-11 2.464500e-02 8.606500e-01
4.999898e-01 9.999908e-11 3.803300e-02 8.633400e-01
4.999900e-01 9.999927e-11 3.412300e-02 8.609500e-01
4.999900e-01 9.999917e-11 3.337500e-02 8.594900e-01
4.999903e-01 9.999940e-11 3.131000e-02 8.595400e-01
4.999899e-01 9.999918e-11 2.828600e-02 8.609700e-01
4.999899e-01 9.999906e-11 3.837700e-02 8.603900e-01
4.999900e-01 9.999905e-11 3.278900e-02 8.621200e-01
4.999900e-01 9.999916e-11 3.315800e-02 8.628200e-01
4.999901e-01 9.999927e-11 4.246800e-02 8.587000e-01
4.999901e-01 9.999920e-11 2.771400e-02 8.586400e-01
4.999900e-01 9.999920e-11 4.161600e-02 8.605000e-01
4.999901e-01 9.999928e-11 4.089700e-02 8.613700e-01
4.999901e-01 9.999929e-11 3.104000e-02 8.595100e-01
4.999903e-01 9.999948e-11 3.132400e-02 8.592900e-01
4.999902e-01 9.999936e-11 2.891200e-02 8.600600e-01
4.999900e-01 9.999918e-11 3.083200e-02 8.586300e-01
4.999900e-01 9.999921e-11 3.956000e-02 8.602500e-01
4.999899e-01 9.999903e-11 4.248000e-02 8.605700e-01
4.999902e-01 9.999936e-11 3.083700e-02 8.610600e-01
4.999901e-01 9.999917e-11 3.677500e-02 8.592100e-01
4.999898e-01 9.999901e-11 2.523400e-02 8.617600e-01
4.999900e-01 9.999935e-11 4.089700e-02 8.604900e-01
4.999903e-01 9.999935e-11 4.005000e-02 8.597200e-01
4.999901e-01 9.999928e-11 2.886200e-02 8.594600e-01
4.999900e-01 9.999915e-11 3.505400e-02 8.572400e-01
4.999900e-01 9.999917e-11 4.234900e-02 8.606600e-01
4.999901e-01 9.999931e-11 3.852600e-02 8.594900e-01
4.999902e-01 9.999936e-11 2.778000e-02 8.601400e-01
4.999901e-01 9.999921e-11 4.072800e-02 8.597800e-01
4.999899e-01 9.999907e-11 4.039100e-02 8.607200e-01
4.999899e-01 9.999906e-11 3.436800e-02 8.622000e-01
4.999903e-01 9.999948e-11 3.608800e-02 8.580800e-01
4.999900e-01 9.999922e-11 3.090700e-02 8.594600e-01
4.999901e-01 9.999922e-11 2.397900e-02 8.603500e-01
4.999897e-01 9.999889e-11 3.565000e-02 8.603400e-01
4.999900e-01 9.999914e-11 2.454600e-02 8.613500e-01
4.999900e-01 9.999917e-11 3.752000e-02 8.601200e-01
4.999898e-01 9.999902e-11 2.592400e-02 8.612700e-01
4.999902e-01 9.999933e-11 3.136200e-02 8.598500e-01
4.999897e-01 9.999897e-11 3.995400e-02 8.601500e-01
4.999900e-01 9.999917e-11 3.626600e-02 8.590200e-01
4.999899e-01 9.999911e-11 3.201100e-02 8.607400e-01
4.999899e-01 9.999906e-11 4.122300e-02 8.590100e-01
4.999901e-01 9.999927e-11 4.207800e-02 8.595800e-01
4.999900e-01 9.999922e-11 4.023700e-02 8.606800e-01
4.999900e-01 9.999923e-11 4.086900e-02 8.608600e-01
4.999899e-01 9.999908e-11 3.411000e-02 8.595700e-01
4.999900e-01 9.999914e-11 4.072200e-02 8.606200e-01
4.999900e-01 9.999914e-11 2.476700e-02 8.609200e-01
4.999902e-01 9.999930e-11 3.697200e-02 8.574200e-01
4.999902e-01 9.999926e-11 4.148900e-02 8.572800e-01
4.999898e-01 9.999893e-11 2.486000e-02 8.622500e-01
4.999899e-01 9.999905e-11 3.826500e-02 8.612000e-01
4.999897e-01 9.999899e-11 2.518400e-02 8.611900e-01
4.999899e-01 9.999909e-11 3.441200e-02 8.593200e-01
4.999902e-01 9.999949e-11 3.844500e-02 8.596200e-01
4.999900e-01 9.999920e-11 3.089400e-02 8.597600e-01
4.999901e-01 9.999925e-11 2.823400e-02 8.581200e-01
4.999898e-01 9.999900e-11 3.083300e-02 8.614300e-01
4.999898e-01 9.999899e-11 3.416300e-02 8.609400e-01
4.999901e-01 9.999931e-11 4.211000e-02 8.587200e-01
4.999901e-01 9.999931e-11 3.171000e-02 8.604900e-01
4.999900e-01 9.999927e-11 3.434700e-02 8.602400e-01
4.999900e-01 9.999922e-11 2.309500e-02 8.604400e-01
4.999901e-01 9.999926e-11 3.846100e-02 8.615600e-01
4.999901e-01 9.999926e-11 3.320900e-02 8.572700e-01
4.999899e-01 9.999910e-11 4.200000e-02 8.615700e-01
4.999899e-01 9.999919e-11 3.114600e-02 8.579600e-01
4.999900e-01 9.999917e-11 3.413600e-02 8.590900e-01
4.999899e-01 9.999916e-11 3.846200e-02 8.612800e-01
4.999901e-01 9.999924e-11 3.519000e-02 8.607500e-01
4.999901e-01 9.999929e-11 3.765300e-02 8.594700e-01
4.999902e-01 9.999933e-11 3.079500e-02 8.594600e-01
4.999900e-01 9.999922e-11 4.079600e-02 8.613900e-01
4.999900e-01 9.999926e-11 3.393200e-02 8.621800e-01
4.999899e-01 9.999902e-11 3.544200e-02 8.624400e-01
4.999900e-01 9.999917e-11 3.305300e-02 8.591100e-01
4.999899e-01 9.999912e-11 2.630900e-02 8.607700e-01
4.999900e-01 9.999919e-11 2.696600e-02 8.605900e-01
4.999899e-01 9.999907e-11 3.395900e-02 8.607400e-01
4.999899e-01 9.999909e-11 3.854100e-02 8.608700e-01
4.999900e-01 9.999922e-11 3.454500e-02 8.597400e-01
4.999900e-01 9.999921e-11 2.939900e-02 8.623400e-01
4.999900e-01 9.999924e-11 3.565000e-02 8.608500e-01
4.999902e-01 9.999947e-11 3.352500e-02 8.616900e-01
4.999901e-01 9.999936e-11 2.910200e-02 8.607900e-01
4.999902e-01 9.999943e-11 3.308800e-02 8.609300e-01
4.999898e-01 9.999893e-11 3.643000e-02 8.608000e-01
4.999899e-01 9.999912e-11 3.723400e-02 8.613500e-01
4.999901e-01 9.999923e-11 3.275200e-02 8.611000e-01
4.999901e-01 9.999925e-11 3.776300e-02 8.601500e-01
4.999900e-01 9.999921e-11 3.775600e-02 8.587000e-01
4.999900e-01 9.999919e-11 4.047300e-02 8.590700e-01
4.999902e-01 9.999944e-11 3.103100e-02 8.607200e-01
4.999901e-01 9.999931e-11 2.640900e-02 8.627000e-01
4.999900e-01 9.999921e-11 4.243000e-02 8.616500e-01
4.999900e-01 9.999919e-11 3.872500e-02 8.581000e-01
4.999901e-01 9.999933e-11 3.441800e-02 8.605300e-01
4.999901e-01 9.999919e-11 3.908400e-02 8.605800e-01
4.999897e-01 9.999896e-11 4.082400e-02 8.601000e-01
4.999898e-01 9.999904e-11 3.810200e-02 8.610600e-01
4.999898e-01 9.999893e-11 2.972400e-02 8.599500e-01
4.999898e-01 9.999897e-11 3.991700e-02 8.608700e-01
4.999899e-01 9.999906e-11 2.404200e-02 8.610800e-01
4.999900e-01 9.999925e-11 3.281300e-02 8.621500e-01
4.999899e-01 9.999918e-11 3.814200e-02 8.593700e-01
4.999899e-01 9.999912e-11 3.164500e-02 8.618000e-01
4.999902e-01 9.999932e-11 3.662500e-02 8.595700e-01
4.999902e-01 9.999940e-11 4.189200e-02 8.611800e-01
4.999897e-01 9.999888e-11 3.693700e-02 8.612100e-01
4.999900e-01 9.999917e-11 2.899900e-02 8.615400e-01
4.999897e-01 9.999896e-11 2.498400e-02 8.614900e-01
4.999899e-01 9.999902e-11 2.659300e-02 8.601500e-01
4.999899e-01 9.999903e-11 4.299900e-02 8.621200e-01
4.999902e-01 9.999938e-11 4.140900e-02 8.618700e-01
4.999899e-01 9.999920e-11 3.818700e-02 8.614000e-01
4.999902e-01 9.999946e-11 3.261600e-02 8.596600e-01
4.999898e-01 9.999902e-11 3.244600e-02 8.608800e-01
4.999898e-01 9.999902e-11 2.724600e-02 8.612600e-01
4.999899e-01 9.999906e-11 3.305800e-02 8.595500e-01
4.999898e-01 9.999899e-11 3.482600e-02 8.608900e-01
4.999901e-01 9.999927e-11 4.256300e-02 8.580800e-01
4.999899e-01 9.999912e-11 3.332000e-02 8.617700e-01
4.999899e-01 9.999917e-11 3.065900e-02 8.603500e-01
4.999898e-01 9.999903e-11 4.240200e-02 8.628000e-01
4.999900e-01 9.999922e-11 3.757100e-02 8.616800e-01
4.999902e-01 9.999936e-11 3.249100e-02 8.586200e-01
4.999900e-01 9.999915e-11 3.980300e-02 8.613500e-01
4.999896e-01 9.999888e-11 3.164000e-02 8.618000e-01
4.999901e-01 9.999923e-11 2.810200e-02 8.586200e-01
4.999900e-01 9.999923e-11 3.064500e-02 8.592600e-01
4.999898e-01 9.999908e-11 3.689100e-02 8.605300e-01
4.999901e-01 9.999923e-11 3.914400e-02 8.589200e-01
4.999900e-01 9.999915e-11 3.249100e-02 8.601700e-01
4.999899e-01 9.999909e-11 2.812300e-02 8.619300e-01
4.999898e-01 9.999909e-11 2.445900e-02 8.612300e-01
4.999902e-01 9.999953e-11 2.773100e-02 8.600800e-01
4.999901e-01 9.999925e-11 3.465400e-02 8.606500e-01
4.999899e-01 9.999914e-11 3.360400e-02 8.609600e-01
4.999900e-01 9.999915e-11 3.611000e-02 8.599500e-01
4.999901e-01 9.999925e-11 4.205000e-02 8.602500e-01
4.999899e-01 9.999908e-11 3.835300e-02 8.598900e-01
4.999900e-01 9.999915e-11 2.895200e-02 8.596900e-01
4.999898e-01 9.999900e-11 3.153400e-02 8.606200e-01
4.999900e-01 9.999926e-11 3.314200e-02 8.613800e-01
4.999901e-01 9.999920e-11 3.062200e-02 8.584900e-01
4.999901e-01 9.999926e-11 4.024400e-02 8.591800e-01
4.999901e-01 9.999926e-11 3.613000e-02 8.603500e-01
4.999903e-01 9.999951e-11 3.284300e-02 8.587500e-01
4.999899e-01 9.999907e-11 3.923200e-02 8.603900e-01
4.999899e-01 9.999906e-11 4.060700e-02 8.603400e-01
4.999899e-01 9.999915e-11 3.271000e-02 8.587700e-01
4.999901e-01 9.999922e-11 4.207300e-02 8.600800e-01
4.999899e-01 9.999907e-11 3.527200e-02 8.623900e-01
4.999902e-01 9.999936e-11 3.532600e-02 8.600000e-01
4.999899e-01 9.999913e-11 3.469700e-02 8.610800e-01
4.999899e-01 9.999911e-11 2.854600e-02 8.605100e-01
4.999899e-01 9.999913e-11 4.276800e-02 8.606700e-01
4.999898e-01 9.999904e-11 3.551900e-02 8.597100e-01
4.999898e-01 9.999901e-11 3.404500e-02 8.621900e-01
4.999898e-01 9.999905e-11 3.502500e-02 8.618800e-01
4.999899e-01 9.999910e-11 3.402300e-02 8.615000e-01
4.999901e-01 9.999924e-11 2.940000e-02 8.583900e-01
4.999903e-01 9.999942e-11 4.196700e-02 8.598300e-01
4.999902e-01 9.999931e-11 2.637500e-02 8.609300e-01
4.999900e-01 9.999915e-11 3.443500e-02 8.610000e-01
4.999900e-01 9.999914e-11 2.689900e-02 8.606700e-01
4.999900e-01 9.999909e-11 3.639400e-02 8.602400e-01
4.999902e-01 9.999926e-11 3.586700e-02 8.591700e-01
4.999901e-01 9.999923e-11 3.146300e-02 8.612100e-01
4.999902e-01 9.999938e-11 3.210100e-02 8.592400e-01
4.999900e-01 9.999919e-11 2.617200e-02 8.597200e-01
4.999898e-01 9.999897e-11 2.932800e-02 8.598300e-01
4.999899e-01 9.999914e-11 3.444900e-02 8.596000e-01
4.999900e-01 9.999925e-11 3.141100e-02 8.603700e-01
4.999899e-01 9.999907e-11 3.695400e-02 8.594400e-01
4.999900e-01 9.999923e-11 3.998500e-02 8.607600e-01
4.999903e-01 9.999942e-11 3.651500e-02 8.603600e-01
4.999899e-01 9.999908e-11 3.801900e-02 8.600100e-01
4.999897e-01 9.999895e-11 2.938800e-02 8.641700e-01
4.999900e-01 9.999913e-11 4.245400e-02 8.590500e-01
4.999900e-01 9.999912e-11 4.039100e-02 8.594100e-01
4.999900e-01 9.999918e-11 3.551700e-02 8.597300e-01
4.999900e-01 9.999914e-11 4.258500e-02 8.617700e-01
4.999900e-01 9.999917e-11 3.245900e-02 8.625900e-01
4.999902e-01 9.999936e-11 3.317600e-02 8.599700e-01
4.999901e-01 9.999925e-11 3.408900e-02 8.578200e-01
4.999897e-01 9.999891e-11 3.047900e-02 8.597200e-01
4.999898e-01 9.999901e-11 3.948800e-02 8.607500e-01
4.999901e-01 9.999921e-11 3.392000e-02 8.601400e-01
4.999900e-01 9.999919e-11 3.904200e-02 8.616100e-01
4.999900e-01 9.999915e-11 3.226500e-02 8.595600e-01
4.999901e-01 9.999921e-11 3.900800e-02 8.602300e-01
4.999902e-01 9.999942e-11 3.810800e-02 8.612400e-01
4.999898e-01 9.999893e-11 3.550700e-02 8.602500e-01
4.999900e-01 9.999926e-11 3.683800e-02 8.609100e-01
4.999897e-01 9.999903e-11 4.246300e-02 8.599300e-01
4.999900e-01 9.999922e-11 3.299400e-02 8.614000e-01
4.999898e-01 9.999901e-11 3.476200e-02 8.615900e-01
4.999898e-01 9.999899e-11 3.383200e-02 8.601500e-01
4.999900e-01 9.999911e-11 3.971800e-02 8.626200e-01
4.999899e-01 9.999910e-11 2.562300e-02 8.601800e-01
4.999901e-01 9.999927e-11 2.782400e-02 8.609700e-01
4.999901e-01 9.999917e-11 3.771500e-02 8.604000e-01
4.999902e-01 9.999933e-11 3.374300e-02 8.582800e-01
4.999903e-01 9.999934e-11 3.186800e-02 8.609700e-01
4.999898e-01 9.999906e-11 3.022700e-02 8.609400e-01
4.999901e-01 9.999930e-11 3.159200e-02 8.597800e-01
4.999900e-01 9.999916e-11 3.452800e-02 8.604000e-01
4.999901e-01 9.999924e-11 3.170600e-02 8.578200e-01
4.999900e-01 9.999914e-11 3.434400e-02 8.593900e-01
4.999903e-01 9.999947e-11 4.077700e-02 8.592800e-01
4.999897e-01 9.999889e-11 3.213300e-02 8.619000e-01
4.999899e-01 9.999903e-11 3.230700e-02 8.612000e-01
4.999902e-01 9.999927e-11 2.884700e-02 8.613200e-01
4.999900e-01 9.999921e-11 3.317800e-02 8.597500e-01
4.999902e-01 9.999934e-11 2.361500e-02 8.590600e-01
4.999900e-01 9.999920e-11 3.448000e-02 8.602700e-01
4.999900e-01 9.999914e-11 3.915500e-02 8.598300e-01
4.999901e-01 9.999921e-11 3.727900e-02 8.588600e-01
4.999896e-01 9.999886e-11 2.638800e-02 8.621400e-01
4.999899e-01 9.999908e-11 2.987200e-02 8.608000e-01
4.999900e-01 9.999918e-11 3.975600e-02 8.576300e-01
4.999897e-01 9.999888e-11 3.394900e-02 8.607500e-01
4.999899e-01 9.999918e-11 3.780200e-02 8.602800e-01
4.999901e-01 9.999933e-11 3.910800e-02 8.588700e-01
4.999900e-01 9.999916e-11 3.076200e-02 8.615900e-01
4.999900e-01 9.999918e-11 3.539800e-02 8.621000e-01
4.999900e-01 9.999918e-11 3.809900e-02 8.622800e-01
4.999899e-01 9.999905e-11 2.926200e-02 8.613400e-01
4.999899e-01 9.999905e-11 3.162800e-02 8.606400e-01
4.999900e-01 9.999915e-11 4.263500e-02 8.621500e-01
4.999899e-01 9.999913e-11 3.194000e-02 8.647000e-01
4.999901e-01 9.999924e-11 3.931800e-02 8.583500e-01
4.999899e-01 9.999913e-11 4.237100e-02 8.597100e-01
4.999901e-01 9.999942e-11 4.211400e-02 8.605700e-01
4.999901e-01 9.999936e-11 3.962600e-02 8.606900e-01
4.999901e-01 9.999926e-11 4.033500e-02 8.616700e-01
4.999899e-01 9.999906e-11 3.784600e-02 8.619700e-01
4.999901e-01 9.999928e-11 3.721800e-02 8.602700e-01
4.999900e-01 9.999919e-11 3.172900e-02 8.621300e-01
4.999900e-01 9.999910e-11 3.176000e-02 8.607700e-01
4.999899e-01 9.999913e-11 4.140500e-02 8.602800e-01
4.999902e-01 9.999928e-11 3.917800e-02 8.575500e-01
4.999899e-01 9.999906e-11 2.489300e-02 8.608300e-01
4.999900e-01 9.999914e-11 2.968400e-02 8.592400e-01
4.999900e-01 9.999922e-11 3.478400e-02 8.607400e-01
4.999900e-01 9.999914e-11 3.236600e-02 8.599000e-01
4.999901e-01 9.999933e-11 3.883700e-02 8.599300e-01
4.999899e-01 9.999910e-11 4.006100e-02 8.614200e-01
4.999900e-01 9.999910e-11 2.425700e-02 8.600200e-01
4.999901e-01 9.999931e-11 3.115000e-02 8.611300e-01
4.999901e-01 9.999924e-11 2.653100e-02 8.593700e-01
4.999902e-01 9.999926e-11 3.867300e-02 8.603900e-01
4.999900e-01 9.999920e-11 2.513900e-02 8.596200e-01
4.999899e-01 9.999907e-11 2.956000e-02 8.590000e-01
4.999899e-01 9.999899e-11 2.455700e-02 8.611200e-01
4.999898e-01 9.999901e-11 3.536000e-02 8.595700e-01
4.999898e-01 9.999903e-11 3.708000e-02 8.618100e-01
4.999898e-01 9.999905e-11 3.117500e-02 8.620000e-01
4.999901e-01 9.999931e-11 3.138600e-02 8.622400e-01
4.999902e-01 9.999939e-11 3.971500e-02 8.598600e-01
4.999899e-01 9.999915e-11 2.789300e-02 8.610200e-01
4.999898e-01 9.999893e-11 2.877100e-02 8.607600e-01
4.999897e-01 9.999895e-11 2.552100e-02 8.605600e-01
4.999900e-01 9.999918e-11 3.052000e-02 8.609700e-01
4.999901e-01 9.999923e-11 4.089800e-02 8.607900e-01
4.999900e-01 9.999919e-11 3.250200e-02 8.606800e-01
4.999901e-01 9.999921e-11 3.547000e-02 8.583300e-01
4.999900e-01 9.999912e-11 3.426200e-02 8.588600e-01
4.999904e-01 9.999961e-11 3.437800e-02 8.596400e-01
4.999904e-01 9.999964e-11 4.236500e-02 8.595500e-01
4.999902e-01 9.999943e-11 3.348200e-02 8.585200e-01
4.999903e-01 9.999961e-11 3.298500e-02 8.588000e-01
4.999899e-01 9.999911e-11 3.601300e-02 8.611400e-01
4.999901e-01 9.999930e-11 3.099000e-02 8.601300e-01
4.999901e-01 9.999922e-11 3.808900e-02 8.600300e-01
4.999901e-01 9.999933e-11 3.881800e-02 8.591000e-01
4.999901e-01 9.999922e-11 3.047100e-02 8.609100e-01
4.999902e-01 9.999931e-11 3.687600e-02 8.594600e-01
4.999898e-01 9.999898e-11 2.622300e-02 8.590900e-01
4.999899e-01 9.999912e-11 4.142700e-02 8.600600e-01
4.999901e-01 9.999924e-11 3.931300e-02 8.616300e-01
4.999901e-01 9.999925e-11 3.331800e-02 8.604800e-01
4.999900e-01 9.999920e-11 3.857900e-02 8.617100e-01
4.999899e-01 9.999916e-11 4.175400e-02 8.618900e-01
4.999899e-01 9.999907e-11 2.431300e-02 8.622500e-01
4.999901e-01 9.999943e-11 3.936800e-02 8.602100e-01
4.999900e-01 9.999921e-11 2.703400e-02 8.585600e-01
4.999901e-01 9.999928e-11 2.728100e-02 8.601000e-01
4.999901e-01 9.999929e-11 3.046900e-02 8.597000e-01
4.999898e-01 9.999898e-11 3.387600e-02 8.623600e-01
4.999898e-01 9.999904e-11 3.855600e-02 8.602200e-01
4.999901e-01 9.999927e-11 3.678500e-02 8.613700e-01
4.999901e-01 9.999935e-11 4.159100e-02 8.607600e-01
4.999900e-01 9.999915e-11 3.960600e-02 8.621700e-01
4.999900e-01 9.999919e-11 3.422400e-02 8.614300e-01
4.999899e-01 9.999908e-11 3.184300e-02 8.614700e-01
4.999899e-01 9.999906e-11 4.122100e-02 8.587400e-01
4.999901e-01 9.999933e-11 3.731400e-02 8.594500e-01
4.999899e-01 9.999915e-11 3.225800e-02 8.613600e-01
4.999903e-01 9.999939e-11 2.961300e-02 8.601600e-01
4.999899e-01 9.999903e-11 4.091200e-02 8.606500e-01
4.999899e-01 9.999901e-11 3.905100e-02 8.610000e-01
4.999899e-01 9.999915e-11 3.065700e-02 8.626400e-01
4.999900e-01 9.999924e-11 3.837900e-02 8.623000e-01
4.999899e-01 9.999909e-11 3.367800e-02 8.627200e-01
4.999901e-01 9.999927e-11 2.890600e-02 8.573600e-01
4.999899e-01 9.999908e-11 4.041200e-02 8.601400e-01
4.999902e-01 9.999931e-11 3.439900e-02 8.578000e-01
4.999903e-01 9.999936e-11 3.551700e-02 8.564900e-01
4.999901e-01 9.999928e-11 3.159400e-02 8.608400e-01
4.999900e-01 9.999913e-11 3.405800e-02 8.605300e-01
4.999900e-01 9.999924e-11 4.127500e-02 8.612200e-01
4.999901e-01 9.999938e-11 3.250600e-02 8.595800e-01
4.999899e-01 9.999905e-11 3.819100e-02 8.602200e-01
4.999902e-01 9.999933e-11 4.148700e-02 8.577000e-01
4.999901e-01 9.999934e-11 3.858700e-02 8.608600e-01
4.999899e-01 9.999913e-11 4.225800e-02 8.609000e-01
4.999900e-01 9.999922e-11 3.968500e-02 8.598500e-01
4.999899e-01 9.999917e-11 4.231600e-02 8.623800e-01
4.999902e-01 9.999935e-11 3.541600e-02 8.588600e-01
4.999901e-01 9.999922e-11 3.781100e-02 8.601600e-01
4.999902e-01 9.999933e-11 3.606300e-02 8.607700e-01
4.999900e-01 9.999911e-11 3.535900e-02 8.599400e-01
4.999899e-01 9.999920e-11 2.641600e-02 8.623600e-01
4.999902e-01 9.999934e-11 3.114900e-02 8.595600e-01
4.999903e-01 9.999941e-11 4.032800e-02 8.605200e-01
4.999901e-01 9.999923e-11 3.695800e-02 8.614500e-01
4.999899e-01 9.999910e-11 3.813700e-02 8.594500e-01
4.999900e-01 9.999920e-11 3.445900e-02 8.586400e-01
4.999898e-01 9.999895e-11 3.772100e-02 8.614800e-01
4.999901e-01 9.999922e-11 3.289200e-02 8.596100e-01
4.999898e-01 9.999904e-11 3.036700e-02 8.607200e-01
4.999898e-01 9.999899e-11 3.941300e-02 8.619100e-01
4.999902e-01 9.999936e-11 4.084200e-02 8.586500e-01
4.999902e-01 9.999932e-11 3.439100e-02 8.620300e-01
4.999898e-01 9.999900e-11 3.597900e-02 8.621600e-01
4.999901e-01 9.999918e-11 3.553900e-02 8.605600e-01
4.999900e-01 9.999925e-11 3.985000e-02 8.588800e-01
4.999899e-01 9.999905e-11 4.082100e-02 8.598800e-01
4.999898e-01 9.999897e-11 3.798000e-02 8.620900e-01
4.999899e-01 9.999903e-11 3.208400e-02 8.598200e-01
4.999901e-01 9.999925e-11 3.435000e-02 8.612600e-01
4.999899e-01 9.999905e-11 3.281800e-02 8.615800e-01
4.999899e-01 9.999911e-11 2.816100e-02 8.614900e-01
4.999900e-01 9.999914e-11 3.991600e-02 8.635200e-01
4.999903e-01 9.999938e-11 3.514600e-02 8.602300e-01
4.999899e-01 9.999906e-11 3.000000e-02 8.632700e-01
4.999900e-01 9.999919e-11 2.603800e-02 8.599700e-01
4.999902e-01 9.999939e-11 4.021300e-02 8.612300e-01
4.999898e-01 9.999907e-11 2.909100e-02 8.611700e-01
4.999900e-01 9.999919e-11 3.071600e-02 8.599500e-01
4.999900e-01 9.999929e-11 2.794900e-02 8.607400e-01
4.999902e-01 9.999930e-11 3.799500e-02 8.602700e-01
4.999901e-01 9.999922e-11 3.984300e-02 8.608300e-01
4.999901e-01 9.999928e-11 3.860200e-02 8.611900e-01
4.999897e-01 9.999883e-11 3.732200e-02 8.624400e-01
4.999902e-01 9.999935e-11 3.874200e-02 8.600200e-01
4.999902e-01 9.999947e-11 3.802100e-02 8.610600e-01
4.999901e-01 9.999928e-11 3.466700e-02 8.600300e-01
4.999897e-01 9.999894e-11 3.197000e-02 8.606800e-01
4.999900e-01 9.999914e-11 2.798400e-02 8.582600e-01
4.999900e-01 9.999914e-11 3.867300e-02 8.596800e-01
4.999902e-01 9.999930e-11 3.874800e-02 8.604300e-01
4.999900e-01 9.999920e-11 3.115400e-02 8.598800e-01
4.999900e-01 9.999922e-11 3.648000e-02 8.606700e-01
4.999901e-01 9.999917e-11 3.723200e-02 8.578900e-01
4.999902e-01 9.999940e-11 2.777900e-02 8.584400e-01
4.999900e-01 9.999922e-11 4.145200e-02 8.609700e-01
4.999899e-01 9.999908e-11 4.281200e-02 8.597000e-01
4.999901e-01 9.999922e-11 2.535400e-02 8.611200e-01
4.999900e-01 9.999916e-11 3.640300e-02 8.618100e-01
4.999899e-01 9.999923e-11 4.227900e-02 8.621300e-01
4.999899e-01 9.999917e-11 2.725800e-02 8.603600e-01
4.999900e-01 9.999919e-11 3.522800e-02 8.592000e-01
4.999901e-01 9.999932e-11 4.109100e-02 8.608500e-01
4.999902e-01 9.999930e-11 4.046800e-02 8.598100e-01
4.999899e-01 9.999910e-11 3.698200e-02 8.615700e-01
4.999900e-01 9.999915e-11 3.429100e-02 8.592100e-01
4.999901e-01 9.999923e-11 3.515100e-02 8.598600e-01
4.999898e-01 9.999902e-11 3.599400e-02 8.593400e-01
4.999901e-01 9.999923e-11 2.979900e-02 8.608400e-01
4.999899e-01 9.999908e-11 3.295700e-02 8.618700e-01
4.999899e-01 9.999907e-11 3.801500e-02 8.617500e-01
4.999899e-01 9.999907e-11 3.892100e-02 8.613700e-01
4.999899e-01 9.999915e-11 2.659600e-02 8.611100e-01
4.999902e-01 9.999940e-11 3.835000e-02 8.602700e-01
4.999900e-01 9.999914e-11 4.127300e-02 8.615800e-01
4.999900e-01 9.999920e-11 3.631700e-02 8.606500e-01
4.999901e-01 9.999924e-11 3.546000e-02 8.625800e-01
4.999902e-01 9.999949e-11 3.426100e-02 8.605000e-01
4.999898e-01 9.999899e-11 3.029300e-02 8.596900e-01
4.999899e-01 9.999907e-11 4.011600e-02 8.616300e-01
4.999899e-01 9.999915e-11 3.027800e-02 8.599600e-01
4.999902e-01 9.999930e-11 3.383400e-02 8.592300e-01
4.999900e-01 9.999911e-11 4.217500e-02 8.612500e-01
4.999900e-01 9.999924e-11 2.919100e-02 8.613700e-01
4.999899e-01 9.999909e-11 4.051400e-02 8.613000e-01
4.999902e-01 9.999934e-11 4.182100e-02 8.577800e-01
4.999897e-01 9.999889e-11 3.201400e-02 8.612500e-01
4.999900e-01 9.999926e-11 3.228200e-02 8.600700e-01
4.999899e-01 9.999909e-11 4.011100e-02 8.600100e-01
4.999903e-01 9.999934e-11 4.036600e-02 8.590400e-01
4.999901e-01 9.999922e-11 3.441100e-02 8.623700e-01
4.999897e-01 9.999899e-11 2.852900e-02 8.606900e-01
4.999901e-01 9.999922e-11 4.041400e-02 8.614100e-01
4.999900e-01 9.999913e-11 3.085100e-02 8.601700e-01
4.999899e-01 9.999907e-11 3.473100e-02 8.585400e-01
4.999901e-01 9.999927e-11 4.101400e-02 8.587400e-01
4.999900e-01 9.999919e-11 4.008000e-02 8.605400e-01
4.999899e-01 9.999903e-11 3.389700e-02 8.613900e-01
4.999899e-01 9.999907e-11 2.912900e-02 8.605200e-01
4.999900e-01 9.999915e-11 2.284500e-02 8.594900e-01
4.999900e-01 9.999915e-11 3.587300e-02 8.618900e-01
4.999899e-01 9.999902e-11 3.924300e-02 8.590100e-01
