# dim  N   mc   rho  Brute 
# 1    1 100000 1
#
# Theoretical Energy = 5.000000e-01
# Energy     Variance     CPU time     Acceptance
5.604237e-01 1.120589e-06 4.171200e-02 8.593000e-01
5.551001e-01 9.951493e-07 4.161700e-02 8.597000e-01
5.381607e-01 8.324428e-07 4.194100e-02 8.591400e-01
5.419504e-01 7.404814e-07 4.161700e-02 8.590700e-01
5.234595e-01 6.418428e-07 4.175400e-02 8.595800e-01
5.294141e-01 5.673225e-07 4.167700e-02 8.601700e-01
5.201263e-01 5.049118e-07 4.199100e-02 8.624300e-01
5.206406e-01 4.386329e-07 4.159100e-02 8.616900e-01
5.227216e-01 3.881463e-07 4.211800e-02 8.597000e-01
5.122323e-01 3.584809e-07 4.222900e-02 8.589200e-01
5.172831e-01 3.149169e-07 4.192200e-02 8.589000e-01
5.126818e-01 2.606000e-07 4.180400e-02 8.637100e-01
5.136047e-01 2.391319e-07 4.192100e-02 8.630500e-01
5.077385e-01 2.148115e-07 4.159500e-02 8.607100e-01
5.061596e-01 1.981904e-07 4.184800e-02 8.592100e-01
5.088879e-01 1.542439e-07 4.176600e-02 8.619200e-01
5.064504e-01 1.388057e-07 4.180400e-02 8.619200e-01
5.059457e-01 1.279113e-07 4.164100e-02 8.608300e-01
5.055906e-01 1.182697e-07 4.167600e-02 8.579000e-01
5.037772e-01 9.877973e-08 4.173400e-02 8.620800e-01
5.028358e-01 8.402056e-08 4.197400e-02 8.590400e-01
5.035240e-01 7.308158e-08 4.180600e-02 8.592400e-01
5.024301e-01 6.254766e-08 4.194700e-02 8.611100e-01
5.036439e-01 5.707429e-08 4.167200e-02 8.613100e-01
5.040815e-01 4.974699e-08 4.195800e-02 8.602000e-01
5.020968e-01 4.384741e-08 4.180500e-02 8.592800e-01
5.042150e-01 3.748399e-08 4.216100e-02 8.595200e-01
5.016574e-01 3.298881e-08 4.176300e-02 8.610800e-01
5.010286e-01 2.900312e-08 4.214600e-02 8.620000e-01
5.019853e-01 2.655927e-08 4.177900e-02 8.610400e-01
5.019203e-01 2.235755e-08 4.175300e-02 8.596400e-01
5.023843e-01 2.018089e-08 4.171200e-02 8.605700e-01
5.005927e-01 1.787435e-08 4.167300e-02 8.608700e-01
5.012665e-01 1.576008e-08 4.219800e-02 8.604600e-01
5.014501e-01 1.438285e-08 4.219400e-02 8.604000e-01
5.002585e-01 1.246365e-08 4.180500e-02 8.585500e-01
5.007419e-01 1.092176e-08 4.198600e-02 8.575200e-01
5.002124e-01 9.490444e-09 4.181200e-02 8.599600e-01
5.012599e-01 8.467957e-09 4.200800e-02 8.616600e-01
5.010078e-01 6.946014e-09 4.182500e-02 8.615300e-01
5.007514e-01 6.657975e-09 4.172500e-02 8.623400e-01
5.005441e-01 5.344275e-09 4.178600e-02 8.623400e-01
5.001267e-01 4.961294e-09 4.198700e-02 8.589300e-01
4.999192e-01 4.514163e-09 4.154900e-02 8.594800e-01
5.000088e-01 3.816324e-09 4.179000e-02 8.602900e-01
4.995251e-01 3.525607e-09 4.172900e-02 8.593100e-01
5.006112e-01 3.018600e-09 4.165900e-02 8.609700e-01
5.004460e-01 2.759761e-09 4.221400e-02 8.600900e-01
4.996074e-01 2.422206e-09 4.193300e-02 8.578800e-01
4.999511e-01 2.089995e-09 4.174400e-02 8.608200e-01
5.002115e-01 1.868534e-09 4.158400e-02 8.616200e-01
5.002037e-01 1.685244e-09 4.167200e-02 8.582700e-01
5.001005e-01 1.502902e-09 4.205000e-02 8.597600e-01
4.999757e-01 1.296044e-09 4.193000e-02 8.619200e-01
5.000687e-01 1.156726e-09 4.187000e-02 8.584300e-01
5.000004e-01 1.064803e-09 4.189800e-02 8.605400e-01
4.997608e-01 9.351442e-10 4.185700e-02 8.603300e-01
4.999550e-01 8.155520e-10 4.178200e-02 8.611400e-01
5.001981e-01 7.350688e-10 4.197900e-02 8.600900e-01
5.000004e-01 6.596907e-10 4.192400e-02 8.596200e-01
4.997626e-01 6.180966e-10 4.208800e-02 8.608400e-01
5.000345e-01 5.421504e-10 4.172600e-02 8.593500e-01
4.999295e-01 4.912063e-10 4.187200e-02 8.585100e-01
4.998967e-01 4.425063e-10 4.190000e-02 8.601800e-01
4.999349e-01 3.930683e-10 4.212800e-02 8.617000e-01
4.997412e-01 3.698169e-10 4.185000e-02 8.593300e-01
5.000269e-01 3.379756e-10 4.215200e-02 8.587300e-01
5.000320e-01 3.043758e-10 4.180800e-02 8.589800e-01
4.999099e-01 2.722480e-10 4.172500e-02 8.581700e-01
5.002041e-01 2.589793e-10 4.193800e-02 8.591900e-01
5.001515e-01 2.424408e-10 4.201300e-02 8.613300e-01
4.999603e-01 2.207672e-10 4.195600e-02 8.614300e-01
4.999763e-01 2.098110e-10 4.173000e-02 8.596900e-01
5.000766e-01 1.904360e-10 4.187300e-02 8.611300e-01
5.000195e-01 1.876723e-10 4.193200e-02 8.586000e-01
4.999672e-01 1.710308e-10 4.184200e-02 8.624900e-01
4.999886e-01 1.652493e-10 4.216600e-02 8.599300e-01
5.000220e-01 1.538307e-10 4.161600e-02 8.620900e-01
4.999665e-01 1.516431e-10 4.171500e-02 8.612800e-01
5.000106e-01 1.427282e-10 4.175000e-02 8.607600e-01
4.999960e-01 1.394206e-10 4.201300e-02 8.606500e-01
4.999917e-01 1.321539e-10 4.240400e-02 8.614100e-01
4.999826e-01 1.289417e-10 4.170000e-02 8.598100e-01
4.999584e-01 1.269938e-10 4.222200e-02 8.595000e-01
5.000221e-01 1.241538e-10 4.217900e-02 8.606900e-01
4.999914e-01 1.202317e-10 4.198500e-02 8.604300e-01
4.999918e-01 1.182963e-10 4.176600e-02 8.604800e-01
4.999543e-01 1.157676e-10 4.185800e-02 8.604200e-01
4.999918e-01 1.139241e-10 4.175800e-02 8.600600e-01
5.000056e-01 1.125897e-10 4.186200e-02 8.623900e-01
4.999905e-01 1.108850e-10 4.166300e-02 8.602200e-01
5.000000e-01 1.097732e-10 4.192700e-02 8.623800e-01
4.999914e-01 1.086796e-10 4.202800e-02 8.623000e-01
5.000163e-01 1.078086e-10 4.171100e-02 8.595200e-01
4.999845e-01 1.063658e-10 4.166400e-02 8.609700e-01
4.999867e-01 1.058716e-10 4.220300e-02 8.630900e-01
4.999723e-01 1.051504e-10 4.180900e-02 8.604400e-01
4.999878e-01 1.044117e-10 4.183900e-02 8.610200e-01
4.999759e-01 1.039584e-10 4.159400e-02 8.600600e-01
4.999923e-01 1.034678e-10 4.176800e-02 8.616000e-01
4.999781e-01 1.030106e-10 4.174300e-02 8.619700e-01
4.999797e-01 1.028352e-10 4.191900e-02 8.594900e-01
4.999922e-01 1.025115e-10 4.169800e-02 8.620200e-01
4.999828e-01 1.021466e-10 4.184800e-02 8.608600e-01
4.999968e-01 1.019734e-10 4.158600e-02 8.603100e-01
4.999949e-01 1.017506e-10 4.192700e-02 8.567000e-01
4.999929e-01 1.014342e-10 4.195000e-02 8.581100e-01
4.999972e-01 1.012870e-10 4.166900e-02 8.605500e-01
4.999834e-01 1.011983e-10 4.196300e-02 8.590500e-01
5.000018e-01 1.010623e-10 4.203700e-02 8.602700e-01
4.999954e-01 1.008823e-10 4.182800e-02 8.590700e-01
4.999833e-01 1.007800e-10 4.193300e-02 8.605700e-01
4.999853e-01 1.006339e-10 4.170400e-02 8.640100e-01
4.999880e-01 1.005885e-10 4.192100e-02 8.616800e-01
4.999851e-01 1.005281e-10 4.198300e-02 8.613100e-01
4.999863e-01 1.004406e-10 4.189800e-02 8.603400e-01
4.999859e-01 1.004016e-10 4.166500e-02 8.604400e-01
4.999935e-01 1.003841e-10 4.173900e-02 8.604900e-01
4.999876e-01 1.003246e-10 4.150600e-02 8.617800e-01
4.999891e-01 1.002828e-10 4.186000e-02 8.606600e-01
4.999865e-01 1.002465e-10 4.177500e-02 8.604300e-01
4.999892e-01 1.002234e-10 4.194500e-02 8.628900e-01
4.999899e-01 1.001975e-10 4.195600e-02 8.608900e-01
4.999925e-01 1.001834e-10 4.185800e-02 8.594200e-01
4.999889e-01 1.001519e-10 4.163100e-02 8.607100e-01
4.999897e-01 1.001407e-10 4.182800e-02 8.616200e-01
4.999886e-01 1.001186e-10 4.199100e-02 8.602900e-01
4.999923e-01 1.001167e-10 4.195200e-02 8.604700e-01
4.999896e-01 1.000948e-10 4.181100e-02 8.612400e-01
4.999885e-01 1.000862e-10 4.150200e-02 8.602800e-01
4.999880e-01 1.000760e-10 4.184700e-02 8.597400e-01
4.999899e-01 1.000760e-10 4.176800e-02 8.601500e-01
4.999870e-01 1.000564e-10 4.198200e-02 8.609300e-01
4.999912e-01 1.000621e-10 4.177300e-02 8.607100e-01
4.999908e-01 1.000510e-10 4.169300e-02 8.596800e-01
4.999885e-01 1.000442e-10 4.198400e-02 8.607200e-01
4.999895e-01 1.000420e-10 4.165200e-02 8.608500e-01
4.999900e-01 1.000367e-10 4.223000e-02 8.616500e-01
4.999900e-01 1.000365e-10 4.183700e-02 8.592100e-01
4.999898e-01 1.000330e-10 4.189300e-02 8.610500e-01
4.999896e-01 1.000273e-10 4.185300e-02 8.605000e-01
4.999893e-01 1.000271e-10 4.191500e-02 8.595000e-01
4.999891e-01 1.000236e-10 4.160400e-02 8.610300e-01
4.999888e-01 1.000221e-10 4.210400e-02 8.611900e-01
4.999890e-01 1.000222e-10 4.188500e-02 8.608200e-01
4.999892e-01 1.000194e-10 4.182200e-02 8.610700e-01
4.999903e-01 1.000209e-10 4.171100e-02 8.599500e-01
4.999884e-01 1.000166e-10 4.198400e-02 8.623200e-01
4.999890e-01 1.000167e-10 4.176600e-02 8.602400e-01
4.999907e-01 1.000178e-10 4.198900e-02 8.607200e-01
4.999900e-01 1.000168e-10 4.171100e-02 8.616900e-01
4.999896e-01 1.000150e-10 4.186700e-02 8.596100e-01
4.999897e-01 1.000140e-10 4.179900e-02 8.605600e-01
4.999895e-01 1.000137e-10 4.196200e-02 8.614100e-01
4.999902e-01 1.000144e-10 4.158600e-02 8.614500e-01
4.999906e-01 1.000142e-10 4.184900e-02 8.601000e-01
4.999889e-01 1.000109e-10 4.192500e-02 8.615800e-01
4.999901e-01 1.000134e-10 4.176100e-02 8.587400e-01
4.999903e-01 1.000136e-10 4.198300e-02 8.599100e-01
4.999906e-01 1.000150e-10 4.170100e-02 8.627600e-01
4.999906e-01 1.000140e-10 4.186000e-02 8.591000e-01
4.999893e-01 1.000105e-10 4.186000e-02 8.643900e-01
4.999896e-01 1.000121e-10 4.167700e-02 8.614200e-01
4.999900e-01 1.000115e-10 4.164200e-02 8.612300e-01
4.999892e-01 1.000100e-10 4.209400e-02 8.604300e-01
4.999899e-01 1.000111e-10 4.177800e-02 8.589400e-01
4.999895e-01 1.000106e-10 4.192900e-02 8.620600e-01
4.999899e-01 1.000107e-10 4.205000e-02 8.595000e-01
4.999907e-01 1.000138e-10 4.178800e-02 8.606100e-01
4.999905e-01 1.000117e-10 4.207100e-02 8.610300e-01
4.999903e-01 1.000129e-10 4.161400e-02 8.622700e-01
4.999899e-01 1.000106e-10 4.172200e-02 8.597300e-01
4.999906e-01 1.000119e-10 4.171800e-02 8.578600e-01
4.999899e-01 1.000107e-10 4.161100e-02 8.591300e-01
4.999905e-01 1.000120e-10 4.182200e-02 8.592200e-01
4.999893e-01 1.000098e-10 4.183300e-02 8.599700e-01
4.999902e-01 1.000111e-10 4.159900e-02 8.611400e-01
4.999905e-01 1.000112e-10 4.178800e-02 8.588300e-01
4.999901e-01 1.000111e-10 4.189900e-02 8.600900e-01
4.999906e-01 1.000116e-10 4.169200e-02 8.601200e-01
4.999907e-01 1.000118e-10 4.170200e-02 8.590100e-01
4.999896e-01 1.000099e-10 4.207300e-02 8.604200e-01
4.999899e-01 1.000101e-10 4.176000e-02 8.594000e-01
4.999906e-01 1.000119e-10 4.196700e-02 8.568400e-01
4.999895e-01 1.000097e-10 4.156900e-02 8.620900e-01
4.999898e-01 1.000096e-10 4.166800e-02 8.612100e-01
4.999898e-01 1.000105e-10 4.169000e-02 8.598800e-01
4.999904e-01 1.000109e-10 4.171200e-02 8.603300e-01
4.999898e-01 1.000102e-10 4.167800e-02 8.587400e-01
4.999899e-01 1.000104e-10 4.195900e-02 8.591800e-01
4.999899e-01 1.000109e-10 4.194500e-02 8.616900e-01
4.999897e-01 1.000094e-10 4.179100e-02 8.600800e-01
4.999892e-01 1.000094e-10 4.165800e-02 8.596700e-01
4.999896e-01 1.000100e-10 4.153100e-02 8.593300e-01
4.999893e-01 1.000093e-10 4.147700e-02 8.607000e-01
4.999899e-01 1.000108e-10 4.198900e-02 8.600100e-01
4.999899e-01 1.000101e-10 4.223100e-02 8.617500e-01
4.999909e-01 1.000124e-10 4.212800e-02 8.590500e-01
4.999893e-01 1.000089e-10 4.166400e-02 8.608200e-01
4.999906e-01 1.000114e-10 4.201200e-02 8.602000e-01
4.999903e-01 1.000116e-10 4.170700e-02 8.604900e-01
4.999898e-01 1.000096e-10 4.156900e-02 8.605500e-01
4.999896e-01 1.000090e-10 4.225400e-02 8.600400e-01
4.999899e-01 1.000105e-10 4.183800e-02 8.642900e-01
4.999901e-01 1.000104e-10 4.193100e-02 8.598400e-01
4.999900e-01 1.000104e-10 4.194800e-02 8.590400e-01
4.999897e-01 1.000104e-10 4.191800e-02 8.587300e-01
4.999896e-01 1.000100e-10 4.183100e-02 8.596100e-01
4.999890e-01 1.000090e-10 4.179200e-02 8.630800e-01
4.999900e-01 1.000105e-10 4.198400e-02 8.591300e-01
4.999905e-01 1.000124e-10 4.182300e-02 8.613000e-01
4.999897e-01 1.000102e-10 4.225900e-02 8.624500e-01
4.999906e-01 1.000124e-10 4.197300e-02 8.584500e-01
4.999895e-01 1.000097e-10 4.168200e-02 8.610700e-01
4.999900e-01 1.000115e-10 4.169200e-02 8.598000e-01
4.999898e-01 1.000098e-10 4.206300e-02 8.623100e-01
4.999899e-01 1.000108e-10 4.195800e-02 8.606400e-01
4.999898e-01 1.000094e-10 4.207000e-02 8.595700e-01
4.999900e-01 1.000107e-10 4.196200e-02 8.622800e-01
4.999896e-01 1.000109e-10 4.194500e-02 8.613700e-01
4.999904e-01 1.000122e-10 4.181100e-02 8.605500e-01
4.999891e-01 1.000084e-10 4.163900e-02 8.605200e-01
4.999891e-01 1.000096e-10 4.200800e-02 8.598200e-01
4.999894e-01 1.000095e-10 4.195100e-02 8.623400e-01
4.999900e-01 1.000102e-10 4.186600e-02 8.601100e-01
4.999902e-01 1.000110e-10 4.177000e-02 8.606700e-01
4.999898e-01 1.000099e-10 4.185000e-02 8.597100e-01
4.999902e-01 1.000108e-10 4.170500e-02 8.634500e-01
4.999894e-01 1.000092e-10 4.166500e-02 8.605900e-01
4.999903e-01 1.000111e-10 4.190500e-02 8.607400e-01
4.999903e-01 1.000106e-10 4.204200e-02 8.600600e-01
4.999898e-01 1.000103e-10 4.173500e-02 8.604500e-01
4.999901e-01 1.000106e-10 4.176800e-02 8.604300e-01
4.999902e-01 1.000120e-10 4.205100e-02 8.593500e-01
4.999901e-01 1.000107e-10 4.191400e-02 8.601400e-01
4.999895e-01 1.000101e-10 4.200300e-02 8.611300e-01
4.999910e-01 1.000131e-10 4.203800e-02 8.600400e-01
4.999903e-01 1.000101e-10 4.156100e-02 8.607900e-01
4.999897e-01 1.000095e-10 4.218600e-02 8.587900e-01
4.999904e-01 1.000107e-10 4.184100e-02 8.602800e-01
4.999899e-01 1.000101e-10 4.174100e-02 8.605700e-01
4.999908e-01 1.000120e-10 4.148500e-02 8.602600e-01
4.999909e-01 1.000129e-10 4.194700e-02 8.618100e-01
4.999902e-01 1.000118e-10 4.194400e-02 8.596200e-01
4.999896e-01 1.000100e-10 4.184300e-02 8.607300e-01
4.999901e-01 1.000101e-10 4.164800e-02 8.591100e-01
4.999900e-01 1.000098e-10 4.154000e-02 8.588500e-01
4.999904e-01 1.000118e-10 4.178800e-02 8.594800e-01
4.999900e-01 1.000102e-10 4.180100e-02 8.604800e-01
4.999897e-01 1.000102e-10 4.172700e-02 8.597400e-01
4.999892e-01 1.000094e-10 4.189000e-02 8.620600e-01
4.999901e-01 1.000102e-10 4.181700e-02 8.593800e-01
4.999903e-01 1.000107e-10 4.256100e-02 8.580600e-01
4.999904e-01 1.000117e-10 4.221300e-02 8.610000e-01
4.999894e-01 1.000096e-10 4.207900e-02 8.617600e-01
4.999899e-01 1.000106e-10 4.172700e-02 8.635800e-01
4.999893e-01 1.000097e-10 4.198700e-02 8.602400e-01
4.999892e-01 1.000090e-10 4.182900e-02 8.621400e-01
4.999903e-01 1.000109e-10 4.187000e-02 8.598200e-01
4.999906e-01 1.000119e-10 4.160600e-02 8.583800e-01
4.999902e-01 1.000113e-10 4.171800e-02 8.609900e-01
4.999903e-01 1.000113e-10 4.171400e-02 8.606300e-01
4.999894e-01 1.000093e-10 4.167200e-02 8.645200e-01
4.999893e-01 1.000089e-10 4.197900e-02 8.618200e-01
4.999903e-01 1.000102e-10 4.195100e-02 8.597000e-01
4.999902e-01 1.000120e-10 4.166200e-02 8.635200e-01
4.999899e-01 1.000099e-10 4.181900e-02 8.619500e-01
4.999909e-01 1.000119e-10 4.164000e-02 8.593900e-01
4.999892e-01 1.000093e-10 4.186800e-02 8.606500e-01
4.999899e-01 1.000104e-10 4.148600e-02 8.611000e-01
4.999898e-01 1.000099e-10 4.159000e-02 8.615400e-01
4.999901e-01 1.000114e-10 4.177900e-02 8.602100e-01
4.999908e-01 1.000123e-10 4.164800e-02 8.584000e-01
4.999893e-01 1.000093e-10 4.201600e-02 8.629300e-01
4.999891e-01 1.000084e-10 4.164300e-02 8.605600e-01
4.999900e-01 1.000112e-10 4.191000e-02 8.592800e-01
4.999901e-01 1.000110e-10 4.194100e-02 8.628300e-01
4.999903e-01 1.000111e-10 4.201400e-02 8.610300e-01
4.999892e-01 1.000092e-10 4.160300e-02 8.625600e-01
4.999905e-01 1.000114e-10 4.165300e-02 8.596600e-01
4.999898e-01 1.000102e-10 4.183700e-02 8.611000e-01
4.999894e-01 1.000092e-10 4.195200e-02 8.621000e-01
4.999898e-01 1.000098e-10 4.186700e-02 8.596200e-01
4.999904e-01 1.000117e-10 4.188300e-02 8.594000e-01
4.999908e-01 1.000115e-10 4.187500e-02 8.598200e-01
4.999897e-01 1.000094e-10 4.164400e-02 8.591700e-01
4.999898e-01 1.000104e-10 4.169800e-02 8.601700e-01
4.999907e-01 1.000118e-10 4.191400e-02 8.581400e-01
4.999902e-01 1.000115e-10 4.204900e-02 8.593300e-01
4.999898e-01 1.000109e-10 4.228000e-02 8.608900e-01
4.999898e-01 1.000104e-10 4.168700e-02 8.629500e-01
4.999892e-01 1.000093e-10 4.172700e-02 8.592400e-01
4.999901e-01 1.000120e-10 4.199300e-02 8.629300e-01
4.999903e-01 1.000127e-10 4.176700e-02 8.597100e-01
4.999908e-01 1.000120e-10 4.175900e-02 8.598600e-01
4.999899e-01 1.000093e-10 4.195600e-02 8.595700e-01
4.999908e-01 1.000115e-10 4.179500e-02 8.593100e-01
4.999894e-01 1.000094e-10 4.212600e-02 8.612700e-01
4.999902e-01 1.000110e-10 4.181900e-02 8.592500e-01
4.999902e-01 1.000113e-10 4.214500e-02 8.597100e-01
4.999901e-01 1.000101e-10 4.197800e-02 8.597300e-01
4.999894e-01 1.000093e-10 4.192700e-02 8.602200e-01
4.999892e-01 1.000091e-10 4.185600e-02 8.609800e-01
4.999901e-01 1.000106e-10 4.212500e-02 8.586100e-01
4.999893e-01 1.000095e-10 4.183700e-02 8.616900e-01
4.999902e-01 1.000111e-10 4.149800e-02 8.634500e-01
4.999909e-01 1.000116e-10 4.164100e-02 8.610700e-01
4.999897e-01 1.000099e-10 4.172900e-02 8.601300e-01
4.999906e-01 1.000121e-10 4.196900e-02 8.604900e-01
4.999901e-01 1.000108e-10 4.192300e-02 8.609100e-01
4.999898e-01 1.000100e-10 4.159800e-02 8.595400e-01
4.999899e-01 1.000103e-10 4.190800e-02 8.585400e-01
4.999897e-01 1.000097e-10 4.177100e-02 8.597400e-01
4.999897e-01 1.000097e-10 4.205900e-02 8.603700e-01
4.999902e-01 1.000107e-10 4.202200e-02 8.608500e-01
4.999911e-01 1.000128e-10 4.171900e-02 8.617100e-01
4.999904e-01 1.000112e-10 4.199600e-02 8.626200e-01
4.999899e-01 1.000094e-10 4.157400e-02 8.589200e-01
4.999900e-01 1.000105e-10 4.174000e-02 8.625500e-01
4.999903e-01 1.000118e-10 4.178000e-02 8.575300e-01
4.999904e-01 1.000110e-10 4.218000e-02 8.614800e-01
4.999893e-01 1.000093e-10 4.224100e-02 8.611800e-01
4.999904e-01 1.000108e-10 4.173000e-02 8.597700e-01
4.999902e-01 1.000122e-10 4.149100e-02 8.593600e-01
4.999898e-01 1.000105e-10 4.176300e-02 8.588700e-01
4.999899e-01 1.000106e-10 4.184300e-02 8.612300e-01
4.999902e-01 1.000108e-10 4.171800e-02 8.594800e-01
4.999896e-01 1.000102e-10 4.161500e-02 8.602200e-01
4.999899e-01 1.000100e-10 4.193600e-02 8.590600e-01
4.999893e-01 1.000103e-10 4.172500e-02 8.621700e-01
4.999894e-01 1.000092e-10 4.197800e-02 8.605100e-01
4.999894e-01 1.000094e-10 4.200600e-02 8.601400e-01
4.999904e-01 1.000114e-10 4.193200e-02 8.589500e-01
4.999894e-01 1.000097e-10 4.166400e-02 8.610200e-01
4.999898e-01 1.000103e-10 4.178500e-02 8.610100e-01
4.999899e-01 1.000105e-10 4.171400e-02 8.596300e-01
4.999897e-01 1.000099e-10 4.188100e-02 8.609200e-01
4.999904e-01 1.000114e-10 4.182500e-02 8.597400e-01
4.999899e-01 1.000099e-10 4.181900e-02 8.590100e-01
4.999902e-01 1.000111e-10 4.176900e-02 8.602700e-01
4.999895e-01 1.000104e-10 4.184700e-02 8.607900e-01
4.999904e-01 1.000107e-10 4.191200e-02 8.621900e-01
4.999898e-01 1.000098e-10 4.172200e-02 8.599700e-01
4.999913e-01 1.000127e-10 4.185800e-02 8.581100e-01
4.999904e-01 1.000105e-10 4.176300e-02 8.566000e-01
4.999901e-01 1.000107e-10 4.180600e-02 8.609800e-01
4.999906e-01 1.000111e-10 4.184700e-02 8.608400e-01
4.999908e-01 1.000132e-10 4.198100e-02 8.605600e-01
4.999897e-01 1.000098e-10 4.183900e-02 8.616200e-01
4.999900e-01 1.000105e-10 4.196000e-02 8.595700e-01
4.999895e-01 1.000093e-10 4.169500e-02 8.591800e-01
4.999898e-01 1.000096e-10 4.159400e-02 8.626000e-01
4.999903e-01 1.000116e-10 4.179500e-02 8.579900e-01
4.999896e-01 1.000101e-10 4.207300e-02 8.615100e-01
4.999900e-01 1.000107e-10 4.219000e-02 8.601400e-01
4.999906e-01 1.000117e-10 4.179900e-02 8.589400e-01
4.999896e-01 1.000098e-10 4.172300e-02 8.590400e-01
4.999901e-01 1.000104e-10 4.155700e-02 8.599400e-01
4.999908e-01 1.000118e-10 4.149000e-02 8.599600e-01
4.999896e-01 1.000100e-10 4.163600e-02 8.598800e-01
4.999904e-01 1.000114e-10 4.190300e-02 8.601600e-01
4.999900e-01 1.000100e-10 4.179200e-02 8.591000e-01
4.999900e-01 1.000104e-10 4.187100e-02 8.607700e-01
4.999899e-01 1.000100e-10 4.203200e-02 8.610100e-01
4.999901e-01 1.000109e-10 4.153600e-02 8.616000e-01
4.999900e-01 1.000101e-10 4.169000e-02 8.600000e-01
4.999914e-01 1.000135e-10 4.171300e-02 8.583600e-01
4.999906e-01 1.000116e-10 4.193100e-02 8.596300e-01
4.999902e-01 1.000107e-10 4.204800e-02 8.607500e-01
4.999902e-01 1.000109e-10 4.173100e-02 8.568200e-01
4.999897e-01 1.000095e-10 4.165700e-02 8.625300e-01
4.999895e-01 1.000100e-10 4.175400e-02 8.640700e-01
4.999902e-01 1.000104e-10 4.177000e-02 8.596100e-01
4.999902e-01 1.000112e-10 4.185400e-02 8.620200e-01
4.999909e-01 1.000122e-10 4.170200e-02 8.579300e-01
4.999900e-01 1.000101e-10 4.203800e-02 8.610500e-01
4.999912e-01 1.000125e-10 4.198200e-02 8.589600e-01
4.999901e-01 1.000102e-10 4.177300e-02 8.585100e-01
4.999900e-01 1.000117e-10 4.194200e-02 8.612600e-01
4.999902e-01 1.000108e-10 4.191800e-02 8.592700e-01
4.999897e-01 1.000096e-10 4.187400e-02 8.590700e-01
4.999899e-01 1.000104e-10 4.175100e-02 8.562600e-01
4.999901e-01 1.000106e-10 4.201100e-02 8.588900e-01
4.999900e-01 1.000115e-10 4.168500e-02 8.603000e-01
4.999906e-01 1.000116e-10 4.200400e-02 8.627900e-01
4.999902e-01 1.000109e-10 4.190100e-02 8.591700e-01
4.999899e-01 1.000101e-10 4.160000e-02 8.591000e-01
4.999901e-01 1.000106e-10 4.202500e-02 8.607000e-01
4.999905e-01 1.000119e-10 4.186200e-02 8.609400e-01
4.999907e-01 1.000120e-10 4.165000e-02 8.601100e-01
4.999891e-01 1.000086e-10 4.195800e-02 8.596600e-01
4.999899e-01 1.000103e-10 4.184700e-02 8.603900e-01
4.999909e-01 1.000124e-10 4.204300e-02 8.599700e-01
4.999897e-01 1.000105e-10 4.187200e-02 8.623600e-01
4.999899e-01 1.000108e-10 4.169600e-02 8.578900e-01
4.999901e-01 1.000103e-10 4.168700e-02 8.599200e-01
4.999901e-01 1.000109e-10 4.179000e-02 8.628000e-01
4.999896e-01 1.000093e-10 4.173500e-02 8.609400e-01
4.999902e-01 1.000107e-10 4.178300e-02 8.605400e-01
4.999910e-01 1.000124e-10 4.159700e-02 8.602600e-01
4.999898e-01 1.000101e-10 4.172000e-02 8.612900e-01
4.999902e-01 1.000107e-10 4.178000e-02 8.605700e-01
4.999894e-01 1.000099e-10 4.176100e-02 8.619300e-01
4.999898e-01 1.000104e-10 4.199600e-02 8.592500e-01
4.999897e-01 1.000098e-10 4.163500e-02 8.600300e-01
4.999893e-01 1.000096e-10 4.167900e-02 8.623000e-01
4.999900e-01 1.000108e-10 4.163700e-02 8.597500e-01
4.999903e-01 1.000105e-10 4.175400e-02 8.599500e-01
4.999905e-01 1.000111e-10 4.177800e-02 8.592200e-01
4.999900e-01 1.000104e-10 4.164000e-02 8.596800e-01
4.999904e-01 1.000114e-10 4.186700e-02 8.577400e-01
4.999908e-01 1.000120e-10 4.169800e-02 8.583400e-01
4.999899e-01 1.000103e-10 4.195100e-02 8.586700e-01
4.999900e-01 1.000106e-10 4.163600e-02 8.604100e-01
4.999897e-01 1.000095e-10 4.160100e-02 8.600000e-01
4.999896e-01 1.000105e-10 4.184100e-02 8.612200e-01
4.999905e-01 1.000109e-10 4.151400e-02 8.604200e-01
4.999896e-01 1.000098e-10 4.186800e-02 8.600500e-01
4.999901e-01 1.000102e-10 4.183000e-02 8.594700e-01
4.999898e-01 1.000104e-10 4.173000e-02 8.628900e-01
4.999897e-01 1.000102e-10 4.155000e-02 8.599100e-01
4.999904e-01 1.000113e-10 4.162700e-02 8.615300e-01
4.999899e-01 1.000104e-10 4.170000e-02 8.586500e-01
4.999921e-01 1.000140e-10 4.207500e-02 8.599100e-01
4.999901e-01 1.000107e-10 4.183500e-02 8.612800e-01
4.999894e-01 1.000091e-10 4.178000e-02 8.609600e-01
4.999889e-01 1.000084e-10 4.200700e-02 8.626400e-01
4.999896e-01 1.000101e-10 4.186000e-02 8.613800e-01
4.999894e-01 1.000092e-10 4.163100e-02 8.578600e-01
4.999902e-01 1.000107e-10 4.188400e-02 8.588300e-01
4.999901e-01 1.000106e-10 4.178800e-02 8.593000e-01
4.999903e-01 1.000123e-10 4.199400e-02 8.602900e-01
4.999894e-01 1.000089e-10 4.183100e-02 8.605100e-01
4.999897e-01 1.000096e-10 4.181700e-02 8.605500e-01
4.999897e-01 1.000107e-10 4.223100e-02 8.602500e-01
4.999910e-01 1.000127e-10 4.172300e-02 8.627800e-01
4.999902e-01 1.000111e-10 4.182900e-02 8.599100e-01
4.999896e-01 1.000103e-10 4.176800e-02 8.623000e-01
4.999900e-01 1.000110e-10 4.184800e-02 8.605700e-01
4.999899e-01 1.000112e-10 4.168200e-02 8.615500e-01
4.999905e-01 1.000108e-10 4.189900e-02 8.570100e-01
4.999900e-01 1.000108e-10 4.168700e-02 8.594400e-01
4.999901e-01 1.000115e-10 4.191800e-02 8.602500e-01
4.999896e-01 1.000091e-10 4.187100e-02 8.607500e-01
4.999906e-01 1.000114e-10 4.147100e-02 8.599800e-01
4.999906e-01 1.000120e-10 4.169900e-02 8.595500e-01
4.999899e-01 1.000108e-10 4.183700e-02 8.602600e-01
4.999900e-01 1.000103e-10 4.186200e-02 8.585300e-01
4.999898e-01 1.000102e-10 4.170600e-02 8.601700e-01
4.999902e-01 1.000110e-10 4.151000e-02 8.607500e-01
4.999903e-01 1.000112e-10 4.175100e-02 8.586700e-01
4.999896e-01 1.000100e-10 4.195100e-02 8.607900e-01
4.999909e-01 1.000116e-10 4.186500e-02 8.593900e-01
4.999899e-01 1.000102e-10 4.173400e-02 8.605900e-01
4.999899e-01 1.000105e-10 4.173100e-02 8.596800e-01
4.999903e-01 1.000113e-10 4.159800e-02 8.583500e-01
4.999895e-01 1.000096e-10 4.168800e-02 8.619600e-01
4.999908e-01 1.000128e-10 4.156400e-02 8.605300e-01
4.999904e-01 1.000107e-10 4.186300e-02 8.603400e-01
4.999899e-01 1.000105e-10 4.200800e-02 8.578100e-01
4.999892e-01 1.000094e-10 4.187800e-02 8.606000e-01
4.999905e-01 1.000115e-10 4.166800e-02 8.592700e-01
4.999900e-01 1.000110e-10 4.205500e-02 8.610500e-01
4.999900e-01 1.000106e-10 4.184800e-02 8.599800e-01
4.999893e-01 1.000100e-10 4.188500e-02 8.625600e-01
4.999901e-01 1.000105e-10 4.185100e-02 8.616100e-01
4.999898e-01 1.000096e-10 4.180200e-02 8.589100e-01
4.999898e-01 1.000101e-10 4.219900e-02 8.604100e-01
4.999895e-01 1.000097e-10 4.185500e-02 8.590100e-01
4.999898e-01 1.000101e-10 4.174200e-02 8.591900e-01
4.999904e-01 1.000108e-10 4.180300e-02 8.612700e-01
4.999909e-01 1.000122e-10 4.171700e-02 8.602700e-01
4.999896e-01 1.000105e-10 4.204400e-02 8.598100e-01
4.999899e-01 1.000095e-10 4.183900e-02 8.622900e-01
4.999901e-01 1.000108e-10 4.164300e-02 8.596700e-01
4.999899e-01 1.000101e-10 4.204700e-02 8.601500e-01
4.999893e-01 1.000094e-10 4.168600e-02 8.622100e-01
4.999904e-01 1.000119e-10 4.187200e-02 8.594600e-01
4.999899e-01 1.000108e-10 4.206800e-02 8.615600e-01
4.999900e-01 1.000097e-10 4.184500e-02 8.593000e-01
4.999903e-01 1.000113e-10 4.171400e-02 8.597500e-01
4.999897e-01 1.000095e-10 4.185900e-02 8.608500e-01
4.999900e-01 1.000102e-10 4.181100e-02 8.606300e-01
4.999906e-01 1.000114e-10 4.196600e-02 8.581600e-01
4.999907e-01 1.000123e-10 4.183600e-02 8.599500e-01
4.999898e-01 1.000110e-10 4.201000e-02 8.585000e-01
4.999902e-01 1.000109e-10 4.173300e-02 8.612000e-01
4.999898e-01 1.000106e-10 4.160200e-02 8.598400e-01
4.999904e-01 1.000115e-10 4.198400e-02 8.609600e-01
4.999900e-01 1.000107e-10 4.178400e-02 8.584700e-01
4.999902e-01 1.000111e-10 4.176000e-02 8.599200e-01
4.999899e-01 1.000103e-10 4.190200e-02 8.621300e-01
4.999886e-01 1.000080e-10 4.181900e-02 8.604700e-01
4.999906e-01 1.000110e-10 4.183900e-02 8.592600e-01
4.999895e-01 1.000092e-10 4.176800e-02 8.603200e-01
4.999896e-01 1.000098e-10 4.200900e-02 8.604100e-01
4.999905e-01 1.000114e-10 4.191000e-02 8.594600e-01
4.999896e-01 1.000093e-10 4.165000e-02 8.606200e-01
4.999899e-01 1.000114e-10 4.181100e-02 8.593900e-01
4.999903e-01 1.000116e-10 4.188900e-02 8.619900e-01
4.999893e-01 1.000088e-10 4.184100e-02 8.605500e-01
4.999909e-01 1.000118e-10 4.200500e-02 8.577000e-01
4.999897e-01 1.000104e-10 4.209300e-02 8.606000e-01
4.999892e-01 1.000089e-10 4.170000e-02 8.630000e-01
4.999901e-01 1.000106e-10 4.207700e-02 8.613300e-01
4.999895e-01 1.000093e-10 4.181100e-02 8.598000e-01
4.999905e-01 1.000122e-10 4.185100e-02 8.586100e-01
4.999902e-01 1.000107e-10 4.183400e-02 8.604400e-01
4.999896e-01 1.000091e-10 4.193900e-02 8.613500e-01
4.999907e-01 1.000119e-10 4.190800e-02 8.616800e-01
4.999901e-01 1.000101e-10 4.177200e-02 8.622800e-01
4.999901e-01 1.000104e-10 4.176000e-02 8.576700e-01
4.999907e-01 1.000118e-10 4.179000e-02 8.574500e-01
4.999900e-01 1.000110e-10 4.174100e-02 8.618800e-01
4.999903e-01 1.000107e-10 4.173200e-02 8.606100e-01
4.999898e-01 1.000103e-10 4.170900e-02 8.618200e-01
4.999903e-01 1.000116e-10 4.154900e-02 8.613900e-01
4.999896e-01 1.000097e-10 4.187800e-02 8.612300e-01
4.999907e-01 1.000114e-10 4.188600e-02 8.578100e-01
4.999903e-01 1.000107e-10 4.173500e-02 8.587600e-01
4.999895e-01 1.000097e-10 4.191000e-02 8.611100e-01
4.999902e-01 1.000106e-10 4.153900e-02 8.607300e-01
4.999901e-01 1.000109e-10 4.165900e-02 8.588300e-01
4.999892e-01 1.000090e-10 4.195900e-02 8.611600e-01
4.999906e-01 1.000117e-10 4.190600e-02 8.608600e-01
4.999898e-01 1.000102e-10 4.176900e-02 8.593300e-01
4.999893e-01 1.000093e-10 4.182800e-02 8.612600e-01
4.999901e-01 1.000110e-10 4.182300e-02 8.594900e-01
4.999896e-01 1.000092e-10 4.209000e-02 8.614800e-01
4.999905e-01 1.000105e-10 4.177800e-02 8.574500e-01
4.999895e-01 1.000100e-10 4.147000e-02 8.616100e-01
4.999904e-01 1.000116e-10 4.139000e-02 8.610400e-01
4.999896e-01 1.000100e-10 4.198100e-02 8.602800e-01
4.999900e-01 1.000104e-10 4.192900e-02 8.610100e-01
4.999904e-01 1.000112e-10 4.184500e-02 8.593400e-01
4.999896e-01 1.000102e-10 4.177700e-02 8.595000e-01
4.999895e-01 1.000100e-10 4.194600e-02 8.631600e-01
4.999895e-01 1.000097e-10 4.192000e-02 8.619300e-01
4.999902e-01 1.000106e-10 4.187000e-02 8.607200e-01
4.999905e-01 1.000122e-10 4.201200e-02 8.597800e-01
4.999899e-01 1.000101e-10 4.178000e-02 8.593900e-01
4.999907e-01 1.000125e-10 4.176900e-02 8.585300e-01
4.999901e-01 1.000109e-10 4.168900e-02 8.588600e-01
4.999906e-01 1.000115e-10 4.203900e-02 8.598300e-01
4.999902e-01 1.000115e-10 4.199300e-02 8.596600e-01
4.999900e-01 1.000108e-10 4.141400e-02 8.592000e-01
4.999891e-01 1.000084e-10 4.191600e-02 8.593100e-01
4.999898e-01 1.000098e-10 4.164800e-02 8.601800e-01
4.999909e-01 1.000131e-10 4.201300e-02 8.570200e-01
4.999901e-01 1.000109e-10 4.190200e-02 8.620800e-01
4.999895e-01 1.000090e-10 4.184300e-02 8.606700e-01
4.999897e-01 1.000096e-10 4.191800e-02 8.611200e-01
4.999900e-01 1.000102e-10 4.203600e-02 8.618200e-01
4.999895e-01 1.000093e-10 4.150800e-02 8.623000e-01
4.999892e-01 1.000094e-10 4.170000e-02 8.607800e-01
4.999900e-01 1.000117e-10 4.172800e-02 8.604000e-01
4.999897e-01 1.000102e-10 4.191200e-02 8.602300e-01
4.999904e-01 1.000111e-10 4.192700e-02 8.607500e-01
4.999903e-01 1.000112e-10 4.169600e-02 8.619800e-01
4.999894e-01 1.000090e-10 4.159900e-02 8.604100e-01
4.999892e-01 1.000087e-10 4.200000e-02 8.608600e-01
4.999902e-01 1.000104e-10 4.182200e-02 8.603500e-01
4.999905e-01 1.000116e-10 4.174800e-02 8.624000e-01
4.999903e-01 1.000110e-10 4.184500e-02 8.626200e-01
4.999897e-01 1.000104e-10 4.185500e-02 8.599600e-01
4.999893e-01 1.000092e-10 4.159400e-02 8.611500e-01
4.999901e-01 1.000106e-10 4.187200e-02 8.599400e-01
4.999904e-01 1.000118e-10 4.170300e-02 8.584400e-01
4.999898e-01 1.000108e-10 4.189100e-02 8.601800e-01
4.999897e-01 1.000109e-10 4.166400e-02 8.622700e-01
4.999897e-01 1.000100e-10 4.201500e-02 8.594000e-01
4.999901e-01 1.000112e-10 4.187100e-02 8.604900e-01
4.999902e-01 1.000107e-10 4.196600e-02 8.604400e-01
4.999898e-01 1.000105e-10 4.183400e-02 8.581300e-01
4.999902e-01 1.000119e-10 4.195300e-02 8.608600e-01
4.999896e-01 1.000100e-10 4.202900e-02 8.598200e-01
4.999906e-01 1.000120e-10 4.195200e-02 8.603100e-01
4.999903e-01 1.000111e-10 4.196200e-02 8.598200e-01
4.999892e-01 1.000090e-10 4.215100e-02 8.618700e-01
4.999903e-01 1.000111e-10 4.185700e-02 8.598800e-01
4.999893e-01 1.000088e-10 4.213100e-02 8.627600e-01
4.999903e-01 1.000117e-10 4.166000e-02 8.605600e-01
4.999899e-01 1.000098e-10 4.179300e-02 8.580700e-01
4.999900e-01 1.000104e-10 4.158400e-02 8.597200e-01
4.999902e-01 1.000102e-10 4.163700e-02 8.577600e-01
4.999898e-01 1.000110e-10 4.168300e-02 8.630100e-01
4.999900e-01 1.000109e-10 4.184300e-02 8.609100e-01
4.999897e-01 1.000114e-10 4.180700e-02 8.621500e-01
4.999897e-01 1.000099e-10 4.193700e-02 8.616700e-01
4.999907e-01 1.000117e-10 4.225300e-02 8.609500e-01
4.999903e-01 1.000110e-10 4.157200e-02 8.598000e-01
4.999903e-01 1.000114e-10 4.199900e-02 8.594300e-01
4.999892e-01 1.000094e-10 4.204700e-02 8.608900e-01
4.999906e-01 1.000115e-10 4.209200e-02 8.617100e-01
4.999893e-01 1.000100e-10 4.202700e-02 8.638900e-01
4.999900e-01 1.000103e-10 4.210700e-02 8.579900e-01
4.999899e-01 1.000103e-10 4.178300e-02 8.581100e-01
4.999900e-01 1.000103e-10 4.186800e-02 8.591700e-01
4.999899e-01 1.000106e-10 4.197300e-02 8.589900e-01
4.999895e-01 1.000101e-10 4.169700e-02 8.611800e-01
4.999913e-01 1.000132e-10 4.189400e-02 8.610400e-01
4.999890e-01 1.000088e-10 4.185000e-02 8.618900e-01
4.999893e-01 1.000093e-10 4.191500e-02 8.634400e-01
4.999905e-01 1.000107e-10 4.172300e-02 8.593900e-01
4.999902e-01 1.000109e-10 4.201200e-02 8.606900e-01
4.999898e-01 1.000104e-10 4.187000e-02 8.606700e-01
4.999900e-01 1.000107e-10 4.189200e-02 8.590900e-01
4.999896e-01 1.000098e-10 4.191900e-02 8.607600e-01
4.999895e-01 1.000094e-10 4.182100e-02 8.609900e-01
4.999896e-01 1.000096e-10 4.159500e-02 8.618100e-01
4.999905e-01 1.000121e-10 4.175100e-02 8.599400e-01
4.999903e-01 1.000112e-10 4.208800e-02 8.606400e-01
4.999907e-01 1.000115e-10 4.162300e-02 8.572800e-01
4.999905e-01 1.000115e-10 4.180000e-02 8.608700e-01
4.999899e-01 1.000105e-10 4.192000e-02 8.613500e-01
4.999897e-01 1.000102e-10 4.188000e-02 8.610000e-01
4.999896e-01 1.000095e-10 4.192100e-02 8.601000e-01
4.999892e-01 1.000094e-10 4.185400e-02 8.615600e-01
4.999907e-01 1.000115e-10 4.181900e-02 8.570500e-01
4.999905e-01 1.000117e-10 4.172200e-02 8.604800e-01
4.999894e-01 1.000089e-10 4.157800e-02 8.619600e-01
4.999896e-01 1.000097e-10 4.206800e-02 8.605800e-01
4.999908e-01 1.000125e-10 4.234300e-02 8.601700e-01
4.999902e-01 1.000107e-10 4.204800e-02 8.569200e-01
4.999894e-01 1.000098e-10 4.188800e-02 8.616800e-01
4.999901e-01 1.000112e-10 4.152900e-02 8.613300e-01
4.999898e-01 1.000097e-10 4.184300e-02 8.609900e-01
4.999902e-01 1.000113e-10 4.184600e-02 8.597600e-01
4.999905e-01 1.000121e-10 4.183800e-02 8.580200e-01
4.999901e-01 1.000109e-10 4.207300e-02 8.621200e-01
4.999895e-01 1.000096e-10 4.164900e-02 8.617100e-01
4.999904e-01 1.000112e-10 4.182100e-02 8.616700e-01
4.999901e-01 1.000103e-10 4.215200e-02 8.574100e-01
4.999904e-01 1.000111e-10 4.211500e-02 8.602500e-01
4.999896e-01 1.000098e-10 4.177500e-02 8.608200e-01
4.999896e-01 1.000100e-10 4.158000e-02 8.605500e-01
4.999895e-01 1.000092e-10 4.200100e-02 8.604700e-01
4.999889e-01 1.000091e-10 4.208400e-02 8.609300e-01
4.999902e-01 1.000111e-10 4.191900e-02 8.594400e-01
4.999904e-01 1.000119e-10 4.199700e-02 8.599900e-01
4.999900e-01 1.000104e-10 4.241800e-02 8.613100e-01
4.999892e-01 1.000091e-10 4.166500e-02 8.631300e-01
4.999900e-01 1.000102e-10 4.189800e-02 8.604600e-01
4.999904e-01 1.000113e-10 4.183600e-02 8.593600e-01
4.999895e-01 1.000095e-10 4.189100e-02 8.599500e-01
4.999900e-01 1.000115e-10 4.176300e-02 8.584500e-01
4.999901e-01 1.000110e-10 4.189300e-02 8.638300e-01
4.999909e-01 1.000124e-10 4.211000e-02 8.605100e-01
4.999908e-01 1.000128e-10 4.190700e-02 8.569300e-01
4.999895e-01 1.000101e-10 4.225800e-02 8.620700e-01
4.999905e-01 1.000112e-10 4.168200e-02 8.576300e-01
4.999906e-01 1.000120e-10 4.137100e-02 8.589200e-01
4.999904e-01 1.000106e-10 4.187400e-02 8.608700e-01
4.999900e-01 1.000110e-10 4.185600e-02 8.617300e-01
4.999901e-01 1.000102e-10 4.209000e-02 8.609900e-01
4.999890e-01 1.000092e-10 4.161000e-02 8.607300e-01
4.999897e-01 1.000098e-10 4.147600e-02 8.613100e-01
4.999902e-01 1.000110e-10 4.160900e-02 8.576900e-01
4.999895e-01 1.000094e-10 4.213700e-02 8.603900e-01
4.999907e-01 1.000109e-10 4.210700e-02 8.594100e-01
4.999907e-01 1.000122e-10 4.228200e-02 8.597200e-01
4.999903e-01 1.000107e-10 4.216300e-02 8.618700e-01
4.999905e-01 1.000117e-10 4.183500e-02 8.600800e-01
4.999897e-01 1.000105e-10 4.178400e-02 8.622900e-01
4.999907e-01 1.000121e-10 4.193300e-02 8.601900e-01
4.999891e-01 1.000084e-10 4.162900e-02 8.633000e-01
4.999897e-01 1.000094e-10 4.166600e-02 8.599700e-01
4.999899e-01 1.000099e-10 4.173300e-02 8.604900e-01
4.999899e-01 1.000103e-10 4.207700e-02 8.575500e-01
4.999901e-01 1.000106e-10 4.161900e-02 8.630000e-01
4.999898e-01 1.000108e-10 4.185200e-02 8.597800e-01
4.999893e-01 1.000094e-10 4.188600e-02 8.613200e-01
4.999902e-01 1.000111e-10 4.182500e-02 8.587900e-01
4.999897e-01 1.000101e-10 4.226600e-02 8.600600e-01
4.999897e-01 1.000097e-10 4.220800e-02 8.586200e-01
4.999903e-01 1.000110e-10 4.188700e-02 8.591400e-01
4.999904e-01 1.000109e-10 4.187700e-02 8.590100e-01
4.999901e-01 1.000101e-10 4.199100e-02 8.600700e-01
4.999895e-01 1.000100e-10 4.215700e-02 8.623600e-01
4.999899e-01 1.000108e-10 4.196000e-02 8.607600e-01
4.999895e-01 1.000096e-10 4.191000e-02 8.627400e-01
4.999900e-01 1.000109e-10 4.193300e-02 8.572000e-01
4.999901e-01 1.000108e-10 4.188700e-02 8.586700e-01
4.999903e-01 1.000108e-10 4.184000e-02 8.599900e-01
4.999899e-01 1.000097e-10 4.185000e-02 8.620300e-01
4.999902e-01 1.000110e-10 4.165100e-02 8.601600e-01
4.999907e-01 1.000120e-10 4.183000e-02 8.603600e-01
4.999898e-01 1.000102e-10 4.172700e-02 8.597100e-01
4.999900e-01 1.000106e-10 4.188000e-02 8.610800e-01
4.999905e-01 1.000115e-10 4.178600e-02 8.578500e-01
4.999902e-01 1.000112e-10 4.182000e-02 8.609600e-01
4.999902e-01 1.000109e-10 4.208200e-02 8.597600e-01
4.999896e-01 1.000097e-10 4.195600e-02 8.605800e-01
4.999894e-01 1.000108e-10 4.214900e-02 8.625300e-01
4.999895e-01 1.000109e-10 4.221900e-02 8.616900e-01
4.999902e-01 1.000105e-10 4.162000e-02 8.620900e-01
4.999895e-01 1.000095e-10 4.186000e-02 8.592300e-01
4.999899e-01 1.000104e-10 4.195200e-02 8.610400e-01
4.999899e-01 1.000112e-10 4.165600e-02 8.604100e-01
4.999898e-01 1.000098e-10 4.202000e-02 8.603200e-01
4.999895e-01 1.000091e-10 4.183500e-02 8.629600e-01
4.999910e-01 1.000124e-10 4.165500e-02 8.599000e-01
4.999891e-01 1.000085e-10 4.249100e-02 8.613400e-01
4.999907e-01 1.000124e-10 4.247100e-02 8.582300e-01
4.999907e-01 1.000112e-10 4.215000e-02 8.600400e-01
4.999901e-01 1.000108e-10 4.169600e-02 8.599800e-01
4.999910e-01 1.000123e-10 4.200500e-02 8.574100e-01
4.999897e-01 1.000098e-10 4.175200e-02 8.632800e-01
4.999904e-01 1.000108e-10 4.191200e-02 8.614200e-01
4.999897e-01 1.000094e-10 4.172900e-02 8.603400e-01
4.999911e-01 1.000121e-10 4.195000e-02 8.599300e-01
4.999899e-01 1.000101e-10 4.186200e-02 8.596400e-01
4.999905e-01 1.000116e-10 4.187300e-02 8.603100e-01
4.999898e-01 1.000096e-10 4.152100e-02 8.614000e-01
4.999899e-01 1.000106e-10 4.247400e-02 8.597600e-01
4.999892e-01 1.000089e-10 4.155000e-02 8.599600e-01
4.999898e-01 1.000110e-10 4.194800e-02 8.622900e-01
4.999892e-01 1.000093e-10 4.199700e-02 8.606300e-01
4.999903e-01 1.000112e-10 4.181600e-02 8.604500e-01
4.999902e-01 1.000108e-10 4.201800e-02 8.607400e-01
4.999900e-01 1.000104e-10 4.168800e-02 8.582800e-01
4.999904e-01 1.000118e-10 4.196900e-02 8.590300e-01
4.999903e-01 1.000113e-10 4.150500e-02 8.605100e-01
4.999907e-01 1.000123e-10 4.151700e-02 8.587100e-01
4.999895e-01 1.000095e-10 4.158500e-02 8.613100e-01
4.999890e-01 1.000087e-10 4.192000e-02 8.638800e-01
4.999906e-01 1.000113e-10 4.186000e-02 8.592100e-01
4.999910e-01 1.000126e-10 4.182300e-02 8.577300e-01
4.999899e-01 1.000104e-10 4.256500e-02 8.612900e-01
4.999893e-01 1.000097e-10 4.162000e-02 8.609900e-01
4.999901e-01 1.000104e-10 4.163000e-02 8.592200e-01
4.999908e-01 1.000114e-10 4.169000e-02 8.575300e-01
4.999899e-01 1.000100e-10 4.164000e-02 8.599100e-01
4.999900e-01 1.000112e-10 4.149400e-02 8.616200e-01
4.999896e-01 1.000099e-10 4.185200e-02 8.586300e-01
4.999896e-01 1.000095e-10 4.168300e-02 8.618600e-01
4.999895e-01 1.000096e-10 4.168300e-02 8.591700e-01
4.999890e-01 1.000083e-10 4.210700e-02 8.608100e-01
4.999900e-01 1.000108e-10 4.207900e-02 8.595600e-01
4.999891e-01 1.000097e-10 4.196500e-02 8.643900e-01
4.999901e-01 1.000107e-10 4.212200e-02 8.589000e-01
4.999897e-01 1.000100e-10 4.189200e-02 8.611400e-01
4.999893e-01 1.000088e-10 4.191900e-02 8.599700e-01
4.999905e-01 1.000114e-10 4.184500e-02 8.599100e-01
4.999904e-01 1.000116e-10 4.161500e-02 8.604200e-01
4.999899e-01 1.000106e-10 4.210200e-02 8.582100e-01
4.999904e-01 1.000113e-10 4.186900e-02 8.575900e-01
4.999896e-01 1.000092e-10 4.176100e-02 8.582700e-01
4.999898e-01 1.000108e-10 4.219200e-02 8.586400e-01
4.999902e-01 1.000110e-10 4.210200e-02 8.606600e-01
4.999897e-01 1.000100e-10 4.165100e-02 8.617900e-01
4.999898e-01 1.000107e-10 4.178100e-02 8.622800e-01
4.999901e-01 1.000103e-10 4.203800e-02 8.613600e-01
4.999901e-01 1.000107e-10 4.147900e-02 8.593500e-01
4.999902e-01 1.000114e-10 4.164000e-02 8.581800e-01
4.999896e-01 1.000100e-10 4.156400e-02 8.626600e-01
4.999904e-01 1.000113e-10 4.194600e-02 8.603000e-01
4.999901e-01 1.000104e-10 4.174100e-02 8.591700e-01
4.999900e-01 1.000105e-10 4.183300e-02 8.616400e-01
4.999898e-01 1.000117e-10 4.193100e-02 8.617000e-01
4.999898e-01 1.000099e-10 4.197900e-02 8.600500e-01
4.999895e-01 1.000095e-10 4.198100e-02 8.587300e-01
4.999902e-01 1.000117e-10 4.201600e-02 8.614000e-01
4.999907e-01 1.000115e-10 4.225400e-02 8.581700e-01
4.999905e-01 1.000113e-10 4.184100e-02 8.584900e-01
4.999900e-01 1.000108e-10 4.166100e-02 8.602500e-01
4.999890e-01 1.000093e-10 4.178000e-02 8.613400e-01
4.999905e-01 1.000118e-10 4.187500e-02 8.584400e-01
4.999900e-01 1.000113e-10 4.186600e-02 8.620500e-01
4.999893e-01 1.000098e-10 4.171300e-02 8.604900e-01
4.999894e-01 1.000088e-10 4.186900e-02 8.632500e-01
4.999894e-01 1.000091e-10 4.164100e-02 8.591100e-01
4.999891e-01 1.000088e-10 4.181800e-02 8.611200e-01
4.999893e-01 1.000097e-10 4.180700e-02 8.606100e-01
4.999899e-01 1.000103e-10 4.187300e-02 8.592100e-01
4.999895e-01 1.000094e-10 4.186000e-02 8.606000e-01
4.999898e-01 1.000102e-10 4.186400e-02 8.621700e-01
4.999900e-01 1.000103e-10 4.151800e-02 8.638000e-01
4.999895e-01 1.000101e-10 4.225800e-02 8.646200e-01
4.999890e-01 1.000086e-10 4.169700e-02 8.592500e-01
4.999896e-01 1.000101e-10 4.204700e-02 8.585100e-01
4.999904e-01 1.000111e-10 4.189400e-02 8.608000e-01
4.999897e-01 1.000100e-10 4.134800e-02 8.631800e-01
4.999897e-01 1.000108e-10 4.198200e-02 8.626600e-01
4.999900e-01 1.000109e-10 4.237100e-02 8.602200e-01
4.999899e-01 1.000102e-10 4.189600e-02 8.607400e-01
4.999899e-01 1.000105e-10 4.199000e-02 8.578000e-01
4.999895e-01 1.000099e-10 4.176500e-02 8.616800e-01
4.999905e-01 1.000113e-10 4.197400e-02 8.609000e-01
4.999901e-01 1.000111e-10 4.181500e-02 8.609100e-01
4.999908e-01 1.000118e-10 4.205900e-02 8.618800e-01
4.999905e-01 1.000111e-10 4.204500e-02 8.582100e-01
4.999900e-01 1.000098e-10 4.177100e-02 8.618900e-01
4.999912e-01 1.000129e-10 4.191200e-02 8.591800e-01
4.999898e-01 1.000107e-10 4.159200e-02 8.603700e-01
4.999902e-01 1.000113e-10 4.147600e-02 8.601300e-01
4.999899e-01 1.000104e-10 4.158600e-02 8.606800e-01
4.999902e-01 1.000109e-10 4.149900e-02 8.607500e-01
4.999904e-01 1.000116e-10 4.174100e-02 8.610300e-01
4.999902e-01 1.000108e-10 4.186600e-02 8.606000e-01
4.999905e-01 1.000122e-10 4.141100e-02 8.590700e-01
4.999895e-01 1.000088e-10 4.162900e-02 8.598300e-01
4.999897e-01 1.000103e-10 4.184800e-02 8.613100e-01
4.999896e-01 1.000098e-10 4.206800e-02 8.624000e-01
4.999903e-01 1.000110e-10 4.175500e-02 8.578200e-01
4.999896e-01 1.000091e-10 4.166500e-02 8.620900e-01
4.999894e-01 1.000096e-10 4.180800e-02 8.615600e-01
4.999906e-01 1.000116e-10 4.165700e-02 8.589000e-01
4.999900e-01 1.000106e-10 4.164100e-02 8.627700e-01
4.999893e-01 1.000092e-10 4.172700e-02 8.619500e-01
4.999894e-01 1.000089e-10 4.164900e-02 8.575000e-01
4.999897e-01 1.000097e-10 4.151800e-02 8.598400e-01
4.999900e-01 1.000101e-10 4.195500e-02 8.604800e-01
4.999914e-01 1.000134e-10 4.190700e-02 8.582800e-01
4.999901e-01 1.000119e-10 4.189900e-02 8.591800e-01
4.999901e-01 1.000101e-10 4.178700e-02 8.606600e-01
4.999900e-01 1.000102e-10 4.145600e-02 8.591300e-01
4.999897e-01 1.000099e-10 4.168700e-02 8.603000e-01
4.999897e-01 1.000106e-10 4.181100e-02 8.625100e-01
4.999903e-01 1.000110e-10 4.184400e-02 8.602700e-01
4.999907e-01 1.000121e-10 4.203900e-02 8.597800e-01
4.999898e-01 1.000101e-10 4.182800e-02 8.618700e-01
4.999901e-01 1.000102e-10 4.190300e-02 8.582200e-01
4.999898e-01 1.000103e-10 4.200700e-02 8.612800e-01
4.999895e-01 1.000096e-10 4.200500e-02 8.594400e-01
4.999904e-01 1.000106e-10 4.232800e-02 8.580700e-01
4.999892e-01 1.000085e-10 4.185700e-02 8.596900e-01
4.999900e-01 1.000113e-10 4.159100e-02 8.610700e-01
4.999906e-01 1.000116e-10 4.185400e-02 8.573700e-01
4.999891e-01 1.000093e-10 4.191600e-02 8.628500e-01
4.999908e-01 1.000127e-10 4.182400e-02 8.599500e-01
4.999901e-01 1.000113e-10 4.168300e-02 8.612100e-01
4.999890e-01 1.000083e-10 4.206800e-02 8.614700e-01
4.999900e-01 1.000111e-10 4.173800e-02 8.607900e-01
4.999898e-01 1.000101e-10 4.186700e-02 8.589300e-01
4.999896e-01 1.000100e-10 4.196700e-02 8.605900e-01
4.999899e-01 1.000095e-10 4.164100e-02 8.589000e-01
4.999905e-01 1.000117e-10 4.192600e-02 8.599500e-01
4.999886e-01 1.000078e-10 4.202100e-02 8.622500e-01
4.999896e-01 1.000100e-10 4.196900e-02 8.603400e-01
4.999897e-01 1.000099e-10 4.162400e-02 8.609500e-01
4.999903e-01 1.000110e-10 4.185900e-02 8.612800e-01
4.999905e-01 1.000113e-10 4.166000e-02 8.606600e-01
4.999896e-01 1.000097e-10 4.221600e-02 8.637000e-01
4.999902e-01 1.000127e-10 4.230500e-02 8.602200e-01
4.999899e-01 1.000106e-10 4.183000e-02 8.614400e-01
4.999901e-01 1.000101e-10 4.194000e-02 8.597700e-01
4.999898e-01 1.000098e-10 4.190400e-02 8.594300e-01
4.999896e-01 1.000096e-10 4.192200e-02 8.620700e-01
4.999906e-01 1.000121e-10 4.182100e-02 8.595700e-01
4.999890e-01 1.000087e-10 4.201400e-02 8.616100e-01
4.999905e-01 1.000110e-10 4.202200e-02 8.598600e-01
4.999896e-01 1.000096e-10 4.172100e-02 8.607800e-01
4.999898e-01 1.000101e-10 4.198900e-02 8.625500e-01
4.999894e-01 1.000094e-10 4.211900e-02 8.625500e-01
4.999902e-01 1.000112e-10 4.180300e-02 8.580900e-01
4.999894e-01 1.000089e-10 4.189200e-02 8.629800e-01
4.999895e-01 1.000095e-10 4.194500e-02 8.620600e-01
4.999901e-01 1.000105e-10 4.197400e-02 8.619100e-01
4.999909e-01 1.000116e-10 4.179400e-02 8.590900e-01
4.999908e-01 1.000118e-10 4.191200e-02 8.592100e-01
4.999898e-01 1.000102e-10 4.164800e-02 8.625400e-01
4.999898e-01 1.000105e-10 4.185000e-02 8.605700e-01
4.999907e-01 1.000135e-10 4.201000e-02 8.635000e-01
4.999897e-01 1.000098e-10 4.155200e-02 8.608200e-01
4.999901e-01 1.000110e-10 4.215700e-02 8.599600e-01
4.999897e-01 1.000095e-10 4.169600e-02 8.607900e-01
4.999895e-01 1.000100e-10 4.162200e-02 8.574800e-01
4.999899e-01 1.000114e-10 4.185200e-02 8.614800e-01
4.999900e-01 1.000107e-10 4.213000e-02 8.611300e-01
4.999901e-01 1.000110e-10 4.178300e-02 8.586600e-01
4.999899e-01 1.000107e-10 4.183900e-02 8.603900e-01
4.999898e-01 1.000095e-10 4.207000e-02 8.579500e-01
4.999904e-01 1.000119e-10 4.193900e-02 8.605200e-01
4.999893e-01 1.000097e-10 4.178000e-02 8.623900e-01
4.999904e-01 1.000117e-10 4.180900e-02 8.611900e-01
4.999899e-01 1.000105e-10 4.205800e-02 8.578400e-01
4.999907e-01 1.000124e-10 4.232100e-02 8.580000e-01
4.999905e-01 1.000111e-10 4.214800e-02 8.609500e-01
4.999898e-01 1.000098e-10 4.137100e-02 8.602500e-01
4.999902e-01 1.000106e-10 4.209300e-02 8.589300e-01
4.999911e-01 1.000129e-10 4.199700e-02 8.591400e-01
4.999899e-01 1.000099e-10 4.173300e-02 8.600000e-01
4.999898e-01 1.000104e-10 4.171100e-02 8.623800e-01
4.999894e-01 1.000092e-10 4.181300e-02 8.613400e-01
4.999905e-01 1.000118e-10 4.172800e-02 8.614000e-01
4.999896e-01 1.000094e-10 4.159000e-02 8.608200e-01
4.999897e-01 1.000103e-10 4.189400e-02 8.607200e-01
4.999904e-01 1.000114e-10 4.194200e-02 8.585900e-01
4.999903e-01 1.000111e-10 4.173000e-02 8.597900e-01
4.999897e-01 1.000099e-10 4.202200e-02 8.609100e-01
4.999901e-01 1.000108e-10 4.194900e-02 8.598500e-01
4.999900e-01 1.000106e-10 4.191800e-02 8.592000e-01
4.999904e-01 1.000110e-10 4.169600e-02 8.587500e-01
4.999894e-01 1.000099e-10 4.170300e-02 8.606700e-01
4.999904e-01 1.000112e-10 4.151200e-02 8.597900e-01
4.999898e-01 1.000108e-10 4.167800e-02 8.600900e-01
4.999900e-01 1.000106e-10 4.203400e-02 8.614400e-01
4.999901e-01 1.000104e-10 4.196700e-02 8.596500e-01
4.999899e-01 1.000105e-10 4.189300e-02 8.600300e-01
4.999898e-01 1.000100e-10 4.179600e-02 8.611800e-01
4.999900e-01 1.000112e-10 4.195000e-02 8.621700e-01
4.999905e-01 1.000113e-10 4.146100e-02 8.582600e-01
4.999904e-01 1.000119e-10 4.183500e-02 8.623500e-01
4.999899e-01 1.000106e-10 4.183600e-02 8.598600e-01
4.999899e-01 1.000103e-10 4.199100e-02 8.588300e-01
4.999904e-01 1.000111e-10 4.140700e-02 8.590100e-01
4.999903e-01 1.000102e-10 4.194900e-02 8.596800e-01
4.999896e-01 1.000094e-10 4.173600e-02 8.593200e-01
4.999907e-01 1.000112e-10 4.176700e-02 8.613500e-01
4.999897e-01 1.000099e-10 4.171200e-02 8.622300e-01
4.999900e-01 1.000105e-10 4.185400e-02 8.600900e-01
4.999897e-01 1.000100e-10 4.201900e-02 8.597800e-01
4.999898e-01 1.000098e-10 4.214800e-02 8.613700e-01
4.999902e-01 1.000105e-10 4.184000e-02 8.605200e-01
4.999901e-01 1.000119e-10 4.177300e-02 8.621200e-01
4.999909e-01 1.000128e-10 4.203000e-02 8.610600e-01
4.999906e-01 1.000116e-10 4.214900e-02 8.592300e-01
4.999904e-01 1.000120e-10 4.169800e-02 8.608500e-01
4.999891e-01 1.000098e-10 4.159000e-02 8.615100e-01
4.999900e-01 1.000104e-10 4.164000e-02 8.604200e-01
4.999895e-01 1.000096e-10 4.217500e-02 8.602600e-01
4.999901e-01 1.000101e-10 4.146200e-02 8.581000e-01
4.999891e-01 1.000093e-10 4.177100e-02 8.634600e-01
4.999905e-01 1.000120e-10 4.208900e-02 8.601700e-01
4.999895e-01 1.000098e-10 4.180600e-02 8.618600e-01
4.999896e-01 1.000100e-10 4.146800e-02 8.610200e-01
4.999904e-01 1.000115e-10 4.173900e-02 8.591400e-01
4.999899e-01 1.000102e-10 4.222400e-02 8.610400e-01
4.999894e-01 1.000091e-10 4.201100e-02 8.615600e-01
4.999900e-01 1.000112e-10 4.176300e-02 8.604800e-01
4.999895e-01 1.000090e-10 4.187900e-02 8.600200e-01
4.999895e-01 1.000096e-10 4.186700e-02 8.623500e-01
4.999901e-01 1.000111e-10 4.193700e-02 8.576100e-01
4.999902e-01 1.000108e-10 4.180900e-02 8.619500e-01
4.999905e-01 1.000122e-10 4.197800e-02 8.587800e-01
4.999902e-01 1.000106e-10 4.197900e-02 8.592000e-01
4.999910e-01 1.000128e-10 4.179500e-02 8.593300e-01
4.999907e-01 1.000118e-10 4.156300e-02 8.603900e-01
4.999902e-01 1.000110e-10 4.206100e-02 8.621000e-01
4.999907e-01 1.000118e-10 4.216200e-02 8.589600e-01
4.999905e-01 1.000107e-10 4.221900e-02 8.602800e-01
4.999903e-01 1.000114e-10 4.176600e-02 8.609700e-01
4.999905e-01 1.000118e-10 4.188800e-02 8.594000e-01
4.999907e-01 1.000127e-10 4.213700e-02 8.589700e-01
4.999898e-01 1.000096e-10 4.189200e-02 8.600600e-01
4.999903e-01 1.000108e-10 4.181700e-02 8.593000e-01
4.999906e-01 1.000117e-10 4.184900e-02 8.595000e-01
4.999901e-01 1.000103e-10 4.184200e-02 8.595700e-01
4.999903e-01 1.000113e-10 4.202300e-02 8.613700e-01
4.999905e-01 1.000113e-10 4.203300e-02 8.604000e-01
4.999899e-01 1.000105e-10 4.203200e-02 8.584900e-01
4.999909e-01 1.000120e-10 4.187800e-02 8.581500e-01
4.999894e-01 1.000088e-10 4.161000e-02 8.599700e-01
4.999900e-01 1.000104e-10 4.185900e-02 8.599300e-01
4.999900e-01 1.000105e-10 4.212100e-02 8.605300e-01
4.999900e-01 1.000106e-10 4.193300e-02 8.618200e-01
4.999891e-01 1.000084e-10 4.168200e-02 8.600400e-01
4.999904e-01 1.000113e-10 4.172200e-02 8.595900e-01
4.999902e-01 1.000105e-10 4.162800e-02 8.613200e-01
4.999898e-01 1.000106e-10 4.157200e-02 8.612400e-01
4.999897e-01 1.000094e-10 4.193300e-02 8.625700e-01
4.999905e-01 1.000113e-10 4.194300e-02 8.606400e-01
4.999905e-01 1.000120e-10 4.176500e-02 8.594800e-01
4.999894e-01 1.000091e-10 4.176200e-02 8.593100e-01
4.999905e-01 1.000122e-10 4.217400e-02 8.596700e-01
4.999905e-01 1.000112e-10 4.188000e-02 8.604600e-01
4.999895e-01 1.000093e-10 4.206200e-02 8.593400e-01
4.999899e-01 1.000107e-10 4.166900e-02 8.608400e-01
4.999900e-01 1.000108e-10 4.172400e-02 8.583300e-01
4.999895e-01 1.000101e-10 4.211200e-02 8.630900e-01
4.999905e-01 1.000107e-10 4.155700e-02 8.576100e-01
4.999904e-01 1.000117e-10 4.176300e-02 8.590400e-01
4.999898e-01 1.000095e-10 4.188300e-02 8.602100e-01
4.999896e-01 1.000094e-10 4.177800e-02 8.619100e-01
4.999893e-01 1.000085e-10 4.202200e-02 8.605600e-01
4.999904e-01 1.000109e-10 4.192700e-02 8.601800e-01
4.999898e-01 1.000098e-10 4.199000e-02 8.604600e-01
4.999901e-01 1.000111e-10 4.166100e-02 8.587000e-01
4.999893e-01 1.000095e-10 4.163100e-02 8.610400e-01
4.999896e-01 1.000105e-10 4.212600e-02 8.593000e-01
4.999904e-01 1.000119e-10 4.185900e-02 8.596400e-01
4.999890e-01 1.000081e-10 4.176000e-02 8.589800e-01
4.999904e-01 1.000118e-10 4.162100e-02 8.608100e-01
4.999903e-01 1.000113e-10 4.182300e-02 8.608000e-01
4.999895e-01 1.000090e-10 4.189600e-02 8.631200e-01
4.999897e-01 1.000108e-10 4.168900e-02 8.602700e-01
4.999895e-01 1.000095e-10 4.197900e-02 8.608300e-01
4.999898e-01 1.000093e-10 4.193100e-02 8.632900e-01
4.999898e-01 1.000107e-10 4.169900e-02 8.584700e-01
4.999901e-01 1.000105e-10 4.209100e-02 8.623100e-01
4.999895e-01 1.000095e-10 4.200100e-02 8.616400e-01
4.999894e-01 1.000094e-10 4.181500e-02 8.601200e-01
4.999896e-01 1.000097e-10 4.175700e-02 8.579400e-01
4.999906e-01 1.000113e-10 4.191600e-02 8.595800e-01
4.999900e-01 1.000103e-10 4.178000e-02 8.603800e-01
4.999900e-01 1.000114e-10 4.171100e-02 8.611200e-01
4.999904e-01 1.000115e-10 4.188100e-02 8.575200e-01
4.999889e-01 1.000090e-10 4.157300e-02 8.641300e-01
4.999899e-01 1.000113e-10 4.166300e-02 8.603600e-01
4.999901e-01 1.000104e-10 4.183100e-02 8.611300e-01
4.999896e-01 1.000096e-10 4.206300e-02 8.596900e-01
4.999898e-01 1.000096e-10 4.162000e-02 8.600700e-01
4.999901e-01 1.000101e-10 4.174700e-02 8.597800e-01
4.999892e-01 1.000093e-10 4.168400e-02 8.613300e-01
4.999904e-01 1.000114e-10 4.168000e-02 8.593000e-01
4.999901e-01 1.000109e-10 4.183800e-02 8.602700e-01
4.999904e-01 1.000114e-10 4.172600e-02 8.586500e-01
4.999887e-01 1.000083e-10 4.200000e-02 8.613800e-01
4.999899e-01 1.000099e-10 4.170100e-02 8.606000e-01
4.999909e-01 1.000127e-10 4.187500e-02 8.585900e-01
4.999900e-01 1.000107e-10 4.177700e-02 8.615000e-01
4.999905e-01 1.000121e-10 4.167200e-02 8.580700e-01
4.999893e-01 1.000090e-10 4.184400e-02 8.600400e-01
4.999895e-01 1.000096e-10 4.164300e-02 8.592400e-01
4.999902e-01 1.000107e-10 4.194600e-02 8.569700e-01
4.999895e-01 1.000103e-10 4.165400e-02 8.617300e-01
4.999906e-01 1.000116e-10 4.182100e-02 8.597700e-01
4.999900e-01 1.000105e-10 4.213700e-02 8.619500e-01
4.999895e-01 1.000100e-10 4.171300e-02 8.614100e-01
4.999899e-01 1.000098e-10 4.218400e-02 8.596100e-01
4.999900e-01 1.000108e-10 4.171600e-02 8.608800e-01
4.999901e-01 1.000108e-10 4.206700e-02 8.600300e-01
4.999895e-01 1.000093e-10 4.196800e-02 8.597600e-01
4.999902e-01 1.000110e-10 4.154100e-02 8.588900e-01
4.999899e-01 1.000104e-10 4.204500e-02 8.586900e-01
4.999905e-01 1.000115e-10 4.207500e-02 8.583500e-01
4.999901e-01 1.000117e-10 4.204800e-02 8.613500e-01
4.999904e-01 1.000116e-10 4.172600e-02 8.577600e-01
4.999897e-01 1.000095e-10 4.171500e-02 8.607600e-01
4.999891e-01 1.000087e-10 4.183500e-02 8.603300e-01
4.999899e-01 1.000103e-10 4.191900e-02 8.613200e-01
4.999904e-01 1.000114e-10 4.196400e-02 8.618800e-01
4.999903e-01 1.000112e-10 4.191100e-02 8.602500e-01
4.999902e-01 1.000112e-10 4.177500e-02 8.612400e-01
4.999894e-01 1.000096e-10 4.188300e-02 8.645100e-01
4.999899e-01 1.000105e-10 4.199400e-02 8.633000e-01
4.999896e-01 1.000095e-10 4.190200e-02 8.589300e-01
4.999897e-01 1.000103e-10 4.198200e-02 8.594200e-01
4.999904e-01 1.000103e-10 4.182300e-02 8.584100e-01
4.999900e-01 1.000112e-10 4.220400e-02 8.605400e-01
4.999895e-01 1.000101e-10 4.181500e-02 8.615700e-01
4.999899e-01 1.000107e-10 4.183000e-02 8.608300e-01
4.999896e-01 1.000102e-10 4.170800e-02 8.629400e-01
4.999901e-01 1.000102e-10 4.213800e-02 8.618400e-01
4.999906e-01 1.000118e-10 4.186900e-02 8.571800e-01
4.999901e-01 1.000116e-10 4.150500e-02 8.600600e-01
4.999903e-01 1.000105e-10 4.169600e-02 8.597200e-01
4.999890e-01 1.000094e-10 4.173800e-02 8.619200e-01
4.999898e-01 1.000100e-10 4.204200e-02 8.599400e-01
4.999888e-01 1.000097e-10 4.173800e-02 8.625800e-01
4.999907e-01 1.000126e-10 4.178800e-02 8.594900e-01
4.999902e-01 1.000117e-10 4.173300e-02 8.611700e-01
4.999892e-01 1.000085e-10 4.189800e-02 8.616100e-01
4.999902e-01 1.000114e-10 4.193100e-02 8.599300e-01
4.999905e-01 1.000121e-10 4.194000e-02 8.590100e-01
4.999906e-01 1.000114e-10 4.185700e-02 8.593900e-01
4.999895e-01 1.000095e-10 4.155200e-02 8.604900e-01
4.999907e-01 1.000115e-10 4.154800e-02 8.594500e-01
4.999902e-01 1.000114e-10 4.195500e-02 8.595300e-01
4.999901e-01 1.000109e-10 4.172200e-02 8.601400e-01
4.999893e-01 1.000096e-10 4.192900e-02 8.621300e-01
4.999898e-01 1.000098e-10 4.162500e-02 8.592500e-01
4.999901e-01 1.000115e-10 4.169800e-02 8.603600e-01
4.999898e-01 1.000104e-10 4.213000e-02 8.605600e-01
4.999904e-01 1.000111e-10 4.170000e-02 8.579300e-01
4.999897e-01 1.000100e-10 4.192800e-02 8.589700e-01
4.999903e-01 1.000109e-10 4.183300e-02 8.603200e-01
4.999903e-01 1.000109e-10 4.157100e-02 8.593000e-01
4.999898e-01 1.000102e-10 4.138200e-02 8.604400e-01
4.999896e-01 1.000090e-10 4.207600e-02 8.591100e-01
4.999905e-01 1.000115e-10 4.166500e-02 8.595700e-01
4.999896e-01 1.000095e-10 4.175500e-02 8.615300e-01
4.999898e-01 1.000104e-10 4.184100e-02 8.621300e-01
4.999908e-01 1.000120e-10 4.171200e-02 8.598700e-01
4.999904e-01 1.000112e-10 4.209000e-02 8.616900e-01
4.999898e-01 1.000098e-10 4.181900e-02 8.582600e-01
4.999911e-01 1.000121e-10 4.174600e-02 8.575500e-01
4.999904e-01 1.000108e-10 4.188000e-02 8.601800e-01
4.999906e-01 1.000114e-10 4.160900e-02 8.603000e-01
4.999892e-01 1.000090e-10 4.178200e-02 8.629300e-01
4.999899e-01 1.000106e-10 4.161300e-02 8.606000e-01
4.999899e-01 1.000096e-10 4.173800e-02 8.577900e-01
4.999900e-01 1.000101e-10 4.174800e-02 8.590600e-01
4.999898e-01 1.000102e-10 4.158900e-02 8.608100e-01
4.999904e-01 1.000116e-10 4.179000e-02 8.604100e-01
4.999904e-01 1.000114e-10 4.182100e-02 8.589400e-01
4.999902e-01 1.000119e-10 4.186100e-02 8.597400e-01
4.999902e-01 1.000110e-10 4.186400e-02 8.607800e-01
4.999902e-01 1.000116e-10 4.194700e-02 8.625000e-01
4.999899e-01 1.000106e-10 4.194100e-02 8.586200e-01
4.999908e-01 1.000130e-10 4.160900e-02 8.609700e-01
4.999900e-01 1.000107e-10 4.197200e-02 8.621700e-01
4.999898e-01 1.000108e-10 4.147200e-02 8.599900e-01
4.999903e-01 1.000104e-10 4.177500e-02 8.594800e-01
4.999897e-01 1.000105e-10 4.173200e-02 8.612100e-01
4.999902e-01 1.000106e-10 4.198000e-02 8.591600e-01
4.999902e-01 1.000106e-10 4.178800e-02 8.590600e-01
4.999903e-01 1.000110e-10 4.163800e-02 8.600400e-01
4.999898e-01 1.000101e-10 4.195600e-02 8.610400e-01
4.999896e-01 1.000098e-10 4.199900e-02 8.594700e-01
4.999905e-01 1.000110e-10 4.196000e-02 8.604200e-01
4.999903e-01 1.000112e-10 4.198500e-02 8.594800e-01
4.999905e-01 1.000120e-10 4.214300e-02 8.593000e-01
4.999899e-01 1.000096e-10 4.173300e-02 8.598700e-01
4.999911e-01 1.000130e-10 4.163100e-02 8.593400e-01
4.999900e-01 1.000100e-10 4.143000e-02 8.600500e-01
4.999904e-01 1.000113e-10 4.166300e-02 8.603400e-01
4.999906e-01 1.000112e-10 4.247400e-02 8.598600e-01
4.999903e-01 1.000115e-10 4.196900e-02 8.598300e-01
4.999898e-01 1.000103e-10 4.200400e-02 8.602300e-01
4.999901e-01 1.000104e-10 4.160800e-02 8.570300e-01
4.999899e-01 1.000109e-10 4.193500e-02 8.600000e-01
4.999897e-01 1.000103e-10 4.178600e-02 8.608300e-01
4.999903e-01 1.000108e-10 4.185500e-02 8.592600e-01
4.999898e-01 1.000100e-10 4.161800e-02 8.589100e-01
4.999894e-01 1.000091e-10 4.161100e-02 8.608900e-01
4.999895e-01 1.000105e-10 4.189500e-02 8.601300e-01
4.999896e-01 1.000097e-10 4.164700e-02 8.609100e-01
4.999896e-01 1.000098e-10 4.181100e-02 8.597900e-01
4.999904e-01 1.000113e-10 4.171700e-02 8.594000e-01
4.999902e-01 1.000112e-10 4.160800e-02 8.616100e-01
4.999904e-01 1.000120e-10 4.152400e-02 8.610300e-01
4.999901e-01 1.000111e-10 4.206300e-02 8.584200e-01
4.999900e-01 1.000112e-10 4.206500e-02 8.603200e-01
4.999887e-01 1.000077e-10 4.184300e-02 8.630100e-01
4.999898e-01 1.000097e-10 4.191300e-02 8.610000e-01
4.999898e-01 1.000098e-10 4.186500e-02 8.617900e-01
4.999914e-01 1.000144e-10 4.189700e-02 8.600200e-01
4.999911e-01 1.000126e-10 4.180900e-02 8.578100e-01
4.999902e-01 1.000105e-10 4.182800e-02 8.582300e-01
4.999903e-01 1.000107e-10 4.193000e-02 8.602800e-01
4.999897e-01 1.000108e-10 4.224400e-02 8.602500e-01
4.999907e-01 1.000121e-10 4.203100e-02 8.583900e-01
4.999900e-01 1.000106e-10 4.171000e-02 8.620300e-01
4.999903e-01 1.000108e-10 4.197000e-02 8.610800e-01
4.999894e-01 1.000090e-10 4.153100e-02 8.585500e-01
4.999900e-01 1.000107e-10 4.195400e-02 8.627000e-01
4.999897e-01 1.000100e-10 4.152100e-02 8.580600e-01
4.999901e-01 1.000103e-10 4.178700e-02 8.605900e-01
4.999900e-01 1.000110e-10 4.170200e-02 8.615000e-01
4.999899e-01 1.000110e-10 4.204800e-02 8.598500e-01
4.999899e-01 1.000104e-10 4.200900e-02 8.618200e-01
4.999902e-01 1.000108e-10 4.175100e-02 8.617600e-01
4.999899e-01 1.000099e-10 4.177000e-02 8.598200e-01
4.999899e-01 1.000108e-10 4.190100e-02 8.576000e-01
4.999895e-01 1.000099e-10 4.191000e-02 8.638300e-01
4.999897e-01 1.000104e-10 4.162300e-02 8.611300e-01
4.999901e-01 1.000115e-10 4.174900e-02 8.601000e-01
4.999902e-01 1.000110e-10 4.211500e-02 8.607200e-01
4.999898e-01 1.000112e-10 4.183300e-02 8.624100e-01
4.999905e-01 1.000115e-10 4.222700e-02 8.621100e-01
4.999902e-01 1.000111e-10 4.157700e-02 8.623500e-01
4.999898e-01 1.000102e-10 4.198900e-02 8.601800e-01
4.999900e-01 1.000106e-10 4.207300e-02 8.608200e-01
4.999897e-01 1.000099e-10 4.163000e-02 8.610100e-01
4.999897e-01 1.000100e-10 4.197700e-02 8.611500e-01
4.999898e-01 1.000101e-10 4.205900e-02 8.605100e-01
4.999899e-01 1.000105e-10 4.156000e-02 8.621100e-01
4.999902e-01 1.000105e-10 4.182200e-02 8.619100e-01
4.999890e-01 1.000079e-10 4.205200e-02 8.605400e-01
4.999898e-01 1.000107e-10 4.188800e-02 8.628000e-01
4.999901e-01 1.000114e-10 4.168000e-02 8.612900e-01
4.999904e-01 1.000113e-10 4.202700e-02 8.585800e-01
4.999895e-01 1.000093e-10 4.195000e-02 8.616000e-01
4.999893e-01 1.000090e-10 4.204100e-02 8.594500e-01
4.999899e-01 1.000104e-10 4.177900e-02 8.604100e-01
4.999899e-01 1.000107e-10 4.163600e-02 8.606900e-01
4.999903e-01 1.000115e-10 4.194800e-02 8.620700e-01
4.999896e-01 1.000100e-10 4.169700e-02 8.610000e-01
4.999897e-01 1.000094e-10 4.172500e-02 8.600500e-01
4.999894e-01 1.000096e-10 4.164400e-02 8.612300e-01
4.999903e-01 1.000122e-10 4.222200e-02 8.597700e-01
4.999905e-01 1.000114e-10 4.164600e-02 8.616300e-01
4.999898e-01 1.000098e-10 4.191000e-02 8.607300e-01
4.999899e-01 1.000107e-10 4.170300e-02 8.587400e-01
4.999889e-01 1.000086e-10 4.179200e-02 8.596500e-01
4.999897e-01 1.000096e-10 4.203300e-02 8.591700e-01
4.999901e-01 1.000104e-10 4.176900e-02 8.597400e-01
4.999905e-01 1.000108e-10 4.149200e-02 8.591900e-01
4.999895e-01 1.000090e-10 4.174400e-02 8.599500e-01
4.999887e-01 1.000077e-10 4.179500e-02 8.595000e-01
4.999899e-01 1.000103e-10 4.167500e-02 8.621400e-01
4.999902e-01 1.000115e-10 4.171500e-02 8.600700e-01
4.999911e-01 1.000130e-10 4.193100e-02 8.590600e-01
4.999898e-01 1.000098e-10 4.176200e-02 8.616300e-01
4.999898e-01 1.000103e-10 4.186100e-02 8.611700e-01
4.999901e-01 1.000106e-10 4.137000e-02 8.612900e-01
4.999894e-01 1.000095e-10 4.172900e-02 8.607800e-01
4.999901e-01 1.000110e-10 4.201800e-02 8.607800e-01
4.999906e-01 1.000120e-10 4.192400e-02 8.585100e-01
4.999906e-01 1.000116e-10 4.202800e-02 8.596000e-01
4.999896e-01 1.000104e-10 4.218500e-02 8.621900e-01
4.999905e-01 1.000113e-10 4.197700e-02 8.594300e-01
4.999897e-01 1.000097e-10 4.176600e-02 8.624900e-01
4.999899e-01 1.000106e-10 4.163400e-02 8.616800e-01
4.999897e-01 1.000102e-10 4.175600e-02 8.611300e-01
4.999902e-01 1.000112e-10 4.186200e-02 8.590200e-01
4.999909e-01 1.000116e-10 4.183500e-02 8.593800e-01
4.999898e-01 1.000100e-10 4.169100e-02 8.601600e-01
4.999895e-01 1.000094e-10 4.163800e-02 8.612100e-01
4.999892e-01 1.000101e-10 4.185000e-02 8.642000e-01
4.999909e-01 1.000123e-10 4.182900e-02 8.611700e-01
4.999907e-01 1.000115e-10 4.187700e-02 8.583900e-01
4.999900e-01 1.000103e-10 4.174600e-02 8.588000e-01
4.999894e-01 1.000089e-10 4.184200e-02 8.620200e-01
4.999897e-01 1.000107e-10 4.178700e-02 8.613900e-01
4.999900e-01 1.000117e-10 4.151800e-02 8.602000e-01
4.999896e-01 1.000099e-10 4.165800e-02 8.611300e-01
4.999898e-01 1.000108e-10 4.157200e-02 8.607300e-01
4.999906e-01 1.000113e-10 4.195800e-02 8.602200e-01
4.999891e-01 1.000088e-10 4.185300e-02 8.614600e-01
4.999907e-01 1.000115e-10 4.209000e-02 8.584100e-01
4.999893e-01 1.000089e-10 4.177500e-02 8.587500e-01
4.999895e-01 1.000097e-10 4.154600e-02 8.624200e-01
4.999899e-01 1.000102e-10 4.187300e-02 8.624900e-01
4.999902e-01 1.000109e-10 4.222400e-02 8.594000e-01
4.999899e-01 1.000100e-10 4.186800e-02 8.603000e-01
4.999895e-01 1.000094e-10 4.201000e-02 8.622200e-01
4.999894e-01 1.000094e-10 4.182900e-02 8.612400e-01
4.999899e-01 1.000108e-10 4.175200e-02 8.618400e-01
4.999902e-01 1.000110e-10 4.237500e-02 8.591800e-01
4.999897e-01 1.000110e-10 4.159200e-02 8.615100e-01
4.999900e-01 1.000104e-10 4.168200e-02 8.608500e-01
4.999908e-01 1.000119e-10 4.162700e-02 8.583000e-01
4.999905e-01 1.000114e-10 4.160500e-02 8.588900e-01
4.999897e-01 1.000103e-10 4.180600e-02 8.590400e-01
4.999894e-01 1.000088e-10 4.182400e-02 8.616000e-01
4.999896e-01 1.000102e-10 4.161800e-02 8.577200e-01
4.999896e-01 1.000111e-10 4.166700e-02 8.601600e-01
4.999902e-01 1.000111e-10 4.178600e-02 8.604700e-01
4.999906e-01 1.000114e-10 4.223400e-02 8.614800e-01
4.999900e-01 1.000102e-10 4.215700e-02 8.608000e-01
4.999902e-01 1.000106e-10 4.218600e-02 8.622200e-01
4.999900e-01 1.000109e-10 4.160500e-02 8.607700e-01
4.999903e-01 1.000110e-10 4.227200e-02 8.599600e-01
4.999903e-01 1.000116e-10 4.193400e-02 8.603600e-01
4.999896e-01 1.000102e-10 4.196700e-02 8.600200e-01
4.999900e-01 1.000104e-10 4.185800e-02 8.614300e-01
4.999895e-01 1.000098e-10 4.169800e-02 8.598300e-01
4.999894e-01 1.000094e-10 4.201800e-02 8.618400e-01
4.999907e-01 1.000124e-10 4.197300e-02 8.601800e-01
4.999905e-01 1.000115e-10 4.200700e-02 8.599200e-01
4.999910e-01 1.000115e-10 4.151000e-02 8.590300e-01
4.999898e-01 1.000104e-10 4.186400e-02 8.616400e-01
4.999901e-01 1.000112e-10 4.198200e-02 8.599500e-01
4.999901e-01 1.000110e-10 4.146000e-02 8.584400e-01
4.999904e-01 1.000107e-10 4.178200e-02 8.583100e-01
4.999889e-01 1.000084e-10 4.211700e-02 8.612100e-01
4.999903e-01 1.000102e-10 4.159500e-02 8.600300e-01
4.999892e-01 1.000083e-10 4.190500e-02 8.582000e-01
4.999897e-01 1.000092e-10 4.220700e-02 8.590800e-01
4.999902e-01 1.000107e-10 4.229000e-02 8.584900e-01
4.999901e-01 1.000120e-10 4.206300e-02 8.597100e-01
4.999898e-01 1.000110e-10 4.185600e-02 8.607200e-01
4.999902e-01 1.000104e-10 4.222400e-02 8.581100e-01
4.999896e-01 1.000100e-10 4.206000e-02 8.597400e-01
4.999902e-01 1.000109e-10 4.190300e-02 8.619000e-01
4.999890e-01 1.000083e-10 4.179000e-02 8.580500e-01
4.999902e-01 1.000107e-10 4.201800e-02 8.623600e-01
4.999901e-01 1.000110e-10 4.186900e-02 8.586400e-01
4.999906e-01 1.000119e-10 4.177300e-02 8.629000e-01
4.999899e-01 1.000098e-10 4.178100e-02 8.580900e-01
4.999899e-01 1.000107e-10 4.174000e-02 8.600700e-01
4.999898e-01 1.000104e-10 4.193700e-02 8.603500e-01
4.999898e-01 1.000107e-10 4.174200e-02 8.609000e-01
4.999897e-01 1.000096e-10 4.189700e-02 8.608600e-01
4.999902e-01 1.000109e-10 4.190000e-02 8.612400e-01
4.999896e-01 1.000099e-10 4.184700e-02 8.630700e-01
4.999900e-01 1.000104e-10 4.213000e-02 8.614700e-01
4.999905e-01 1.000116e-10 4.189700e-02 8.599100e-01
4.999906e-01 1.000123e-10 4.174700e-02 8.613400e-01
4.999901e-01 1.000104e-10 4.190500e-02 8.597400e-01
4.999899e-01 1.000105e-10 4.168400e-02 8.599400e-01
4.999895e-01 1.000099e-10 4.148900e-02 8.614400e-01
4.999902e-01 1.000107e-10 4.164400e-02 8.594400e-01
4.999902e-01 1.000108e-10 4.167800e-02 8.617900e-01
4.999900e-01 1.000112e-10 4.211200e-02 8.576700e-01
4.999905e-01 1.000116e-10 4.170600e-02 8.597700e-01
4.999897e-01 1.000097e-10 4.171500e-02 8.610200e-01
4.999903e-01 1.000117e-10 4.192200e-02 8.593300e-01
4.999902e-01 1.000109e-10 4.178800e-02 8.601100e-01
4.999902e-01 1.000108e-10 4.181800e-02 8.589300e-01
4.999898e-01 1.000102e-10 4.168500e-02 8.613600e-01
4.999910e-01 1.000121e-10 4.161800e-02 8.590100e-01
4.999897e-01 1.000108e-10 4.188500e-02 8.620400e-01
4.999894e-01 1.000096e-10 4.176500e-02 8.609100e-01
4.999899e-01 1.000104e-10 4.178800e-02 8.590000e-01
4.999891e-01 1.000087e-10 4.245500e-02 8.601200e-01
4.999904e-01 1.000120e-10 4.168100e-02 8.579800e-01
4.999897e-01 1.000101e-10 4.204000e-02 8.630700e-01
4.999900e-01 1.000103e-10 4.164500e-02 8.597000e-01
4.999907e-01 1.000117e-10 4.201500e-02 8.599500e-01
4.999898e-01 1.000101e-10 4.142900e-02 8.611400e-01
4.999901e-01 1.000109e-10 4.180000e-02 8.596100e-01
4.999901e-01 1.000118e-10 4.164700e-02 8.612000e-01
4.999896e-01 1.000092e-10 4.191600e-02 8.597500e-01
4.999898e-01 1.000101e-10 4.218700e-02 8.600000e-01
4.999895e-01 1.000099e-10 4.150500e-02 8.597200e-01
4.999904e-01 1.000113e-10 4.190500e-02 8.598300e-01
4.999898e-01 1.000097e-10 4.193000e-02 8.599900e-01
4.999894e-01 1.000089e-10 4.184400e-02 8.600300e-01
4.999906e-01 1.000129e-10 4.174200e-02 8.603200e-01
4.999894e-01 1.000096e-10 4.206200e-02 8.609800e-01
4.999904e-01 1.000110e-10 4.196800e-02 8.597600e-01
4.999903e-01 1.000112e-10 4.205600e-02 8.594000e-01
4.999901e-01 1.000102e-10 4.186700e-02 8.594700e-01
4.999899e-01 1.000109e-10 4.190000e-02 8.595900e-01
4.999898e-01 1.000108e-10 4.183800e-02 8.607900e-01
4.999902e-01 1.000103e-10 4.153300e-02 8.639100e-01
4.999903e-01 1.000112e-10 4.187700e-02 8.589500e-01
4.999911e-01 1.000123e-10 4.199500e-02 8.593400e-01
4.999894e-01 1.000090e-10 4.216300e-02 8.603000e-01
4.999893e-01 1.000091e-10 4.200600e-02 8.586600e-01
4.999898e-01 1.000100e-10 4.181700e-02 8.598400e-01
4.999901e-01 1.000104e-10 4.184100e-02 8.592900e-01
4.999894e-01 1.000096e-10 4.150700e-02 8.602900e-01
4.999905e-01 1.000117e-10 4.194700e-02 8.609200e-01
4.999902e-01 1.000107e-10 4.197500e-02 8.566600e-01
4.999901e-01 1.000103e-10 4.162900e-02 8.605100e-01
4.999894e-01 1.000096e-10 4.183500e-02 8.596500e-01
4.999909e-01 1.000140e-10 4.160300e-02 8.608700e-01
4.999897e-01 1.000104e-10 4.166800e-02 8.617000e-01
4.999902e-01 1.000103e-10 4.179800e-02 8.591800e-01
4.999899e-01 1.000108e-10 4.220500e-02 8.593500e-01
4.999900e-01 1.000102e-10 4.177100e-02 8.606100e-01
4.999907e-01 1.000121e-10 4.161700e-02 8.608500e-01
4.999901e-01 1.000117e-10 4.187600e-02 8.609100e-01
4.999901e-01 1.000100e-10 4.183600e-02 8.611300e-01
4.999896e-01 1.000095e-10 4.191100e-02 8.608300e-01
4.999907e-01 1.000116e-10 4.174100e-02 8.587100e-01
4.999900e-01 1.000108e-10 4.184500e-02 8.614700e-01
4.999899e-01 1.000103e-10 4.192600e-02 8.609600e-01
4.999900e-01 1.000108e-10 4.168400e-02 8.607000e-01
4.999899e-01 1.000105e-10 4.162700e-02 8.613000e-01
4.999892e-01 1.000093e-10 4.168000e-02 8.597700e-01
4.999898e-01 1.000108e-10 4.159900e-02 8.604800e-01
4.999902e-01 1.000112e-10 4.145600e-02 8.611800e-01
4.999905e-01 1.000119e-10 4.168800e-02 8.563800e-01
4.999900e-01 1.000097e-10 4.178700e-02 8.590200e-01
4.999902e-01 1.000114e-10 4.155900e-02 8.607400e-01
4.999906e-01 1.000124e-10 4.172300e-02 8.589900e-01
4.999903e-01 1.000113e-10 4.205200e-02 8.613000e-01
4.999902e-01 1.000111e-10 4.217700e-02 8.610100e-01
4.999901e-01 1.000105e-10 4.179000e-02 8.613400e-01
4.999892e-01 1.000101e-10 4.205000e-02 8.624000e-01
4.999895e-01 1.000100e-10 4.185600e-02 8.616300e-01
4.999898e-01 1.000097e-10 4.158900e-02 8.612500e-01
4.999895e-01 1.000091e-10 4.196600e-02 8.596300e-01
4.999897e-01 1.000099e-10 4.191000e-02 8.608900e-01
4.999895e-01 1.000093e-10 4.191000e-02 8.614600e-01
4.999895e-01 1.000095e-10 4.183100e-02 8.595600e-01
4.999904e-01 1.000113e-10 4.204600e-02 8.604300e-01
4.999896e-01 1.000099e-10 4.237900e-02 8.597300e-01
4.999902e-01 1.000105e-10 4.165200e-02 8.591700e-01
4.999905e-01 1.000116e-10 4.208900e-02 8.595400e-01
4.999909e-01 1.000128e-10 4.200500e-02 8.601700e-01
4.999905e-01 1.000116e-10 4.188400e-02 8.595300e-01
4.999899e-01 1.000103e-10 4.156700e-02 8.612000e-01
4.999901e-01 1.000109e-10 4.185300e-02 8.611300e-01
4.999908e-01 1.000127e-10 4.163300e-02 8.593700e-01
4.999898e-01 1.000100e-10 4.173700e-02 8.623600e-01
4.999894e-01 1.000091e-10 4.186500e-02 8.607400e-01
4.999903e-01 1.000111e-10 4.245500e-02 8.606600e-01
4.999908e-01 1.000123e-10 4.209100e-02 8.615400e-01
4.999901e-01 1.000109e-10 4.157300e-02 8.620700e-01
4.999894e-01 1.000099e-10 4.159300e-02 8.614500e-01
4.999907e-01 1.000107e-10 4.167600e-02 8.592800e-01
4.999896e-01 1.000101e-10 4.185300e-02 8.583900e-01
4.999898e-01 1.000100e-10 4.175000e-02 8.624000e-01
4.999905e-01 1.000115e-10 4.173900e-02 8.588700e-01
4.999894e-01 1.000097e-10 4.185900e-02 8.625700e-01
4.999905e-01 1.000124e-10 4.171900e-02 8.604400e-01
4.999906e-01 1.000115e-10 4.180000e-02 8.585700e-01
4.999892e-01 1.000090e-10 4.202100e-02 8.614300e-01
4.999913e-01 1.000134e-10 4.182700e-02 8.585400e-01
4.999895e-01 1.000096e-10 4.175500e-02 8.625800e-01
4.999895e-01 1.000094e-10 4.182600e-02 8.612800e-01
4.999898e-01 1.000106e-10 4.194200e-02 8.629100e-01
4.999891e-01 1.000086e-10 4.167600e-02 8.615900e-01
4.999902e-01 1.000111e-10 4.198400e-02 8.608100e-01
4.999901e-01 1.000109e-10 4.163400e-02 8.611400e-01
4.999904e-01 1.000110e-10 4.178800e-02 8.594700e-01
4.999898e-01 1.000098e-10 4.186100e-02 8.609500e-01
4.999903e-01 1.000110e-10 4.152100e-02 8.612300e-01
4.999899e-01 1.000106e-10 4.176000e-02 8.629100e-01
4.999903e-01 1.000106e-10 4.196100e-02 8.602100e-01
4.999901e-01 1.000113e-10 4.211100e-02 8.585400e-01
4.999903e-01 1.000113e-10 4.175800e-02 8.582100e-01
4.999905e-01 1.000117e-10 4.185800e-02 8.611300e-01
4.999901e-01 1.000111e-10 4.189600e-02 8.604000e-01
4.999903e-01 1.000110e-10 4.179300e-02 8.615500e-01
4.999902e-01 1.000111e-10 4.195300e-02 8.599300e-01
4.999902e-01 1.000109e-10 4.213800e-02 8.604300e-01
4.999893e-01 1.000098e-10 4.171900e-02 8.627100e-01
4.999898e-01 1.000103e-10 4.147400e-02 8.619100e-01
4.999900e-01 1.000111e-10 4.198600e-02 8.610000e-01
4.999907e-01 1.000126e-10 4.219100e-02 8.600200e-01
4.999902e-01 1.000108e-10 4.205300e-02 8.601200e-01
4.999895e-01 1.000102e-10 4.194000e-02 8.632600e-01
4.999895e-01 1.000092e-10 4.178600e-02 8.607600e-01
4.999899e-01 1.000106e-10 4.185200e-02 8.577500e-01
4.999898e-01 1.000103e-10 4.213500e-02 8.626900e-01
4.999899e-01 1.000098e-10 4.150500e-02 8.596000e-01
4.999906e-01 1.000117e-10 4.172600e-02 8.586300e-01
4.999893e-01 1.000094e-10 4.171600e-02 8.630900e-01
4.999908e-01 1.000128e-10 4.213400e-02 8.575000e-01
4.999903e-01 1.000112e-10 4.182400e-02 8.606600e-01
4.999902e-01 1.000105e-10 4.195100e-02 8.607800e-01
4.999898e-01 1.000102e-10 4.176700e-02 8.591500e-01
4.999899e-01 1.000102e-10 4.179200e-02 8.600600e-01
4.999906e-01 1.000117e-10 4.167700e-02 8.597400e-01
4.999906e-01 1.000116e-10 4.166400e-02 8.588900e-01
4.999898e-01 1.000094e-10 4.162000e-02 8.607700e-01
4.999902e-01 1.000112e-10 4.211100e-02 8.600300e-01
4.999902e-01 1.000106e-10 4.208700e-02 8.619000e-01
4.999895e-01 1.000092e-10 4.182100e-02 8.588500e-01
4.999899e-01 1.000108e-10 4.164300e-02 8.618600e-01
4.999901e-01 1.000112e-10 4.153500e-02 8.600700e-01
4.999897e-01 1.000098e-10 4.223100e-02 8.597800e-01
4.999899e-01 1.000102e-10 4.185100e-02 8.613100e-01
4.999894e-01 1.000095e-10 4.223800e-02 8.616600e-01
4.999899e-01 1.000100e-10 4.170100e-02 8.591800e-01
4.999902e-01 1.000106e-10 4.161000e-02 8.612000e-01
4.999906e-01 1.000115e-10 4.170800e-02 8.583800e-01
4.999905e-01 1.000121e-10 4.240200e-02 8.600700e-01
4.999903e-01 1.000105e-10 4.157100e-02 8.602900e-01
4.999906e-01 1.000121e-10 4.213000e-02 8.598400e-01
4.999902e-01 1.000111e-10 4.221500e-02 8.615100e-01
4.999894e-01 1.000095e-10 4.192300e-02 8.627600e-01
4.999902e-01 1.000123e-10 4.185000e-02 8.613600e-01
4.999895e-01 1.000101e-10 4.210800e-02 8.618900e-01
4.999896e-01 1.000099e-10 4.163900e-02 8.602000e-01
4.999913e-01 1.000142e-10 4.230500e-02 8.584500e-01
4.999896e-01 1.000099e-10 4.173300e-02 8.609800e-01
4.999903e-01 1.000113e-10 4.173500e-02 8.581200e-01
4.999906e-01 1.000116e-10 4.169900e-02 8.591700e-01
4.999902e-01 1.000105e-10 4.161700e-02 8.593800e-01
4.999895e-01 1.000090e-10 4.175000e-02 8.628600e-01
4.999914e-01 1.000125e-10 4.176200e-02 8.576800e-01
4.999906e-01 1.000119e-10 4.152100e-02 8.609500e-01
4.999898e-01 1.000106e-10 4.202100e-02 8.611400e-01
4.999909e-01 1.000124e-10 4.201200e-02 8.607300e-01
4.999899e-01 1.000112e-10 4.211000e-02 8.626200e-01
4.999895e-01 1.000096e-10 4.176600e-02 8.616000e-01
4.999900e-01 1.000101e-10 4.195200e-02 8.598900e-01
4.999897e-01 1.000100e-10 4.139500e-02 8.626000e-01
4.999901e-01 1.000104e-10 4.146900e-02 8.597200e-01
4.999907e-01 1.000127e-10 4.178400e-02 8.607100e-01
4.999903e-01 1.000109e-10 4.151900e-02 8.578900e-01
4.999902e-01 1.000103e-10 4.188200e-02 8.586300e-01
4.999901e-01 1.000111e-10 4.204200e-02 8.594900e-01
4.999900e-01 1.000108e-10 4.168300e-02 8.594500e-01
4.999900e-01 1.000111e-10 4.182800e-02 8.624100e-01
4.999896e-01 1.000096e-10 4.166100e-02 8.600700e-01
4.999893e-01 1.000099e-10 4.167300e-02 8.591800e-01
4.999898e-01 1.000102e-10 4.186900e-02 8.595600e-01
4.999905e-01 1.000115e-10 4.177000e-02 8.586500e-01
4.999898e-01 1.000105e-10 4.210200e-02 8.603300e-01
4.999909e-01 1.000125e-10 4.201000e-02 8.593300e-01
4.999907e-01 1.000111e-10 4.176900e-02 8.601200e-01
4.999910e-01 1.000130e-10 4.187500e-02 8.594400e-01
4.999897e-01 1.000097e-10 4.171100e-02 8.607600e-01
4.999891e-01 1.000093e-10 4.186000e-02 8.616100e-01
4.999900e-01 1.000101e-10 4.179000e-02 8.631700e-01
4.999896e-01 1.000100e-10 4.176900e-02 8.575200e-01
4.999901e-01 1.000105e-10 4.140900e-02 8.603100e-01
4.999902e-01 1.000107e-10 4.167400e-02 8.615800e-01
4.999903e-01 1.000109e-10 4.168300e-02 8.601600e-01
4.999901e-01 1.000102e-10 4.186900e-02 8.590600e-01
4.999908e-01 1.000115e-10 4.184000e-02 8.600300e-01
4.999908e-01 1.000131e-10 4.194900e-02 8.593300e-01
4.999897e-01 1.000099e-10 4.188500e-02 8.590900e-01
4.999900e-01 1.000105e-10 4.177200e-02 8.632400e-01
4.999909e-01 1.000123e-10 4.184500e-02 8.605500e-01
4.999902e-01 1.000115e-10 4.185500e-02 8.576600e-01
4.999900e-01 1.000109e-10 4.169700e-02 8.619500e-01
4.999907e-01 1.000130e-10 4.188700e-02 8.606400e-01
4.999900e-01 1.000104e-10 4.195300e-02 8.599500e-01
4.999899e-01 1.000103e-10 4.160900e-02 8.590200e-01
4.999892e-01 1.000096e-10 4.183000e-02 8.604500e-01
4.999909e-01 1.000118e-10 4.180600e-02 8.581300e-01
4.999904e-01 1.000114e-10 4.188300e-02 8.600100e-01
4.999898e-01 1.000102e-10 4.175500e-02 8.606600e-01
4.999901e-01 1.000099e-10 4.209700e-02 8.591500e-01
4.999899e-01 1.000113e-10 4.161000e-02 8.590000e-01
4.999905e-01 1.000125e-10 4.187500e-02 8.582500e-01
4.999900e-01 1.000102e-10 4.179600e-02 8.622500e-01
4.999900e-01 1.000107e-10 4.179900e-02 8.609200e-01
4.999900e-01 1.000101e-10 4.149000e-02 8.595700e-01
4.999902e-01 1.000115e-10 4.172200e-02 8.611700e-01
4.999900e-01 1.000100e-10 4.152700e-02 8.608100e-01
4.999893e-01 1.000093e-10 4.162500e-02 8.612100e-01
4.999901e-01 1.000105e-10 4.198100e-02 8.572000e-01
4.999897e-01 1.000092e-10 4.167500e-02 8.611400e-01
4.999893e-01 1.000095e-10 4.183700e-02 8.609100e-01
4.999891e-01 1.000091e-10 4.182400e-02 8.613300e-01
4.999897e-01 1.000104e-10 4.193500e-02 8.607800e-01
4.999900e-01 1.000103e-10 4.163700e-02 8.589100e-01
