# dim  N   mc   rho  Brute 
# 1    1 1049576 0.4
#
# Theoretical Energy = 5.000000e-01
# Energy     Variance     CPU time     Acceptance
5.273557e-01 2.868155e-08 5.524960e-01 9.434848e-01
5.273370e-01 2.767056e-08 5.497150e-01 9.433371e-01
5.240329e-01 2.551175e-08 5.897430e-01 9.436010e-01
5.227402e-01 2.478873e-08 5.526850e-01 9.435658e-01
5.277094e-01 2.347893e-08 5.176100e-01 9.434057e-01
5.222972e-01 2.196149e-08 5.143360e-01 9.435210e-01
5.228873e-01 2.039638e-08 5.370590e-01 9.436973e-01
5.222126e-01 1.959288e-08 5.447460e-01 9.439221e-01
5.206752e-01 1.803669e-08 5.299000e-01 9.443737e-01
5.193150e-01 1.780304e-08 5.541440e-01 9.432933e-01
5.192407e-01 1.667882e-08 5.523510e-01 9.436668e-01
5.167056e-01 1.560921e-08 5.505420e-01 9.442623e-01
5.152534e-01 1.514840e-08 5.417360e-01 9.431456e-01
5.150082e-01 1.404101e-08 4.946900e-01 9.438993e-01
5.134065e-01 1.358262e-08 4.820730e-01 9.436572e-01
5.147078e-01 1.270053e-08 5.162180e-01 9.436420e-01
5.133899e-01 1.205682e-08 5.395230e-01 9.434495e-01
5.126256e-01 1.173321e-08 5.180740e-01 9.432457e-01
5.116163e-01 1.063675e-08 5.230370e-01 9.437887e-01
5.111551e-01 1.016561e-08 5.679950e-01 9.436858e-01
5.090403e-01 9.719050e-09 5.592280e-01 9.437925e-01
5.091651e-01 9.202871e-09 5.346380e-01 9.440403e-01
5.096459e-01 8.908846e-09 4.791470e-01 9.432190e-01
5.070895e-01 8.039694e-09 4.776660e-01 9.443432e-01
5.085528e-01 7.930629e-09 4.743820e-01 9.434019e-01
5.084254e-01 7.423527e-09 5.220680e-01 9.435953e-01
5.060620e-01 7.053210e-09 5.400600e-01 9.433705e-01
5.068908e-01 6.555135e-09 5.592980e-01 9.434676e-01
5.060348e-01 6.406168e-09 5.987180e-01 9.434676e-01
5.057850e-01 6.064492e-09 5.465120e-01 9.428398e-01
5.064685e-01 5.581679e-09 4.976710e-01 9.438973e-01
5.057904e-01 5.338903e-09 5.066860e-01 9.436944e-01
5.049171e-01 5.049852e-09 5.485530e-01 9.430408e-01
5.042833e-01 4.677087e-09 5.641530e-01 9.446834e-01
5.044836e-01 4.477159e-09 5.383200e-01 9.442851e-01
5.041815e-01 4.353678e-09 5.473260e-01 9.430351e-01
5.046903e-01 4.042960e-09 5.366000e-01 9.439288e-01
5.043514e-01 3.853919e-09 5.374090e-01 9.437925e-01
5.029263e-01 3.683242e-09 5.298550e-01 9.435210e-01
5.037426e-01 3.461332e-09 5.292880e-01 9.435343e-01
5.029512e-01 3.355827e-09 5.399660e-01 9.431075e-01
5.034821e-01 3.132839e-09 5.427610e-01 9.431456e-01
5.014986e-01 2.910193e-09 5.386810e-01 9.437306e-01
5.042129e-01 2.822556e-09 5.487320e-01 9.433057e-01
5.030650e-01 2.611628e-09 5.417140e-01 9.440098e-01
5.029363e-01 2.574940e-09 5.277770e-01 9.436172e-01
5.021005e-01 2.380164e-09 5.353410e-01 9.434295e-01
5.027707e-01 2.253757e-09 5.506490e-01 9.438221e-01
5.017665e-01 2.120170e-09 5.992590e-01 9.437011e-01
5.016183e-01 2.004489e-09 5.075390e-01 9.441536e-01
5.023368e-01 1.885103e-09 4.930970e-01 9.446691e-01
5.018411e-01 1.816816e-09 4.867420e-01 9.442432e-01
5.017416e-01 1.704494e-09 4.933020e-01 9.441155e-01
5.006800e-01 1.581211e-09 5.293040e-01 9.446758e-01
5.022572e-01 1.585611e-09 5.296750e-01 9.435953e-01
5.014251e-01 1.474126e-09 6.010570e-01 9.438745e-01
5.011642e-01 1.391970e-09 6.138830e-01 9.437116e-01
5.011142e-01 1.318912e-09 6.963550e-01 9.439907e-01
5.006637e-01 1.238881e-09 6.748380e-01 9.447081e-01
5.010872e-01 1.221209e-09 6.185550e-01 9.440069e-01
5.010783e-01 1.159720e-09 5.081910e-01 9.436239e-01
5.013709e-01 1.072071e-09 5.598810e-01 9.441927e-01
5.003443e-01 1.010297e-09 5.041860e-01 9.444014e-01
5.008599e-01 9.808029e-10 5.330920e-01 9.438869e-01
5.003926e-01 9.082332e-10 4.943890e-01 9.443309e-01
5.008984e-01 8.777305e-10 4.892060e-01 9.441736e-01
5.003717e-01 8.317796e-10 4.879400e-01 9.441908e-01
5.011814e-01 8.180316e-10 4.747250e-01 9.441717e-01
5.003846e-01 7.773420e-10 5.269370e-01 9.444433e-01
5.005140e-01 7.333349e-10 5.305240e-01 9.442508e-01
5.011290e-01 7.076834e-10 5.292540e-01 9.442994e-01
5.005188e-01 6.542955e-10 5.308170e-01 9.446758e-01
5.000760e-01 6.118084e-10 5.440810e-01 9.448187e-01
5.006805e-01 6.086019e-10 5.101250e-01 9.440441e-01
5.002058e-01 5.858957e-10 5.222630e-01 9.439259e-01
5.004144e-01 5.531737e-10 4.811020e-01 9.437297e-01
5.004329e-01 5.318014e-10 4.740550e-01 9.440469e-01
5.001713e-01 5.087605e-10 5.098470e-01 9.441660e-01
5.000978e-01 4.805098e-10 5.554000e-01 9.440574e-01
5.002038e-01 4.653722e-10 5.459600e-01 9.438583e-01
5.002866e-01 4.534311e-10 5.244750e-01 9.437859e-01
5.006576e-01 4.437325e-10 5.408710e-01 9.434743e-01
5.007202e-01 4.387593e-10 5.388070e-01 9.436077e-01
5.005840e-01 4.041195e-10 5.217100e-01 9.445967e-01
5.005362e-01 3.920973e-10 5.401670e-01 9.437868e-01
5.003369e-01 3.732114e-10 5.417040e-01 9.435801e-01
5.003914e-01 3.702633e-10 5.370690e-01 9.437106e-01
5.007214e-01 3.598748e-10 5.227170e-01 9.440517e-01
5.003456e-01 3.322000e-10 5.266760e-01 9.441393e-01
5.003818e-01 3.210642e-10 5.141370e-01 9.441746e-01
5.000339e-01 3.070945e-10 5.114950e-01 9.439374e-01
5.005221e-01 3.127759e-10 5.220380e-01 9.437020e-01
5.001502e-01 2.931338e-10 5.450900e-01 9.435143e-01
5.002768e-01 2.903020e-10 4.876670e-01 9.434353e-01
4.999709e-01 2.685024e-10 5.301400e-01 9.440183e-01
5.002009e-01 2.613937e-10 5.299420e-01 9.439050e-01
5.000240e-01 2.509911e-10 5.348890e-01 9.440793e-01
5.006026e-01 2.596600e-10 5.107820e-01 9.438068e-01
5.001276e-01 2.478597e-10 5.452700e-01 9.444557e-01
5.002149e-01 2.408824e-10 5.284980e-01 9.440041e-01
5.003922e-01 2.403895e-10 5.435600e-01 9.440917e-01
5.001644e-01 2.258596e-10 5.794210e-01 9.441708e-01
5.003559e-01 2.340320e-10 5.396800e-01 9.439593e-01
5.003390e-01 2.244861e-10 5.658400e-01 9.443871e-01
5.001037e-01 2.105048e-10 5.394710e-01 9.442718e-01
5.000609e-01 2.041866e-10 5.560150e-01 9.445443e-01
5.001029e-01 2.063539e-10 5.326950e-01 9.446710e-01
5.001967e-01 2.004937e-10 5.668670e-01 9.445262e-01
4.999521e-01 1.954669e-10 5.495490e-01 9.443975e-01
5.001581e-01 1.932147e-10 5.347350e-01 9.434152e-01
5.004683e-01 2.048416e-10 5.469530e-01 9.440965e-01
5.002484e-01 1.856156e-10 5.312220e-01 9.439421e-01
5.001959e-01 1.853823e-10 5.015980e-01 9.445443e-01
5.000746e-01 1.794903e-10 5.462250e-01 9.441775e-01
5.002240e-01 1.860869e-10 5.363100e-01 9.436744e-01
5.000089e-01 1.810988e-10 5.310210e-01 9.443051e-01
5.002307e-01 1.817022e-10 5.331040e-01 9.436734e-01
5.002929e-01 1.829241e-10 5.417060e-01 9.439783e-01
4.999681e-01 1.700656e-10 5.380160e-01 9.447853e-01
5.001713e-01 1.714139e-10 5.513530e-01 9.439021e-01
5.001767e-01 1.780925e-10 5.282790e-01 9.441994e-01
5.001021e-01 1.657489e-10 5.122780e-01 9.441832e-01
4.999568e-01 1.599406e-10 5.568830e-01 9.442013e-01
5.001970e-01 1.678466e-10 5.331450e-01 9.439840e-01
5.001458e-01 1.658362e-10 5.508110e-01 9.441860e-01
5.001168e-01 1.641529e-10 5.383630e-01 9.436229e-01
5.001841e-01 1.625919e-10 5.176040e-01 9.438954e-01
5.001004e-01 1.578292e-10 5.445700e-01 9.442623e-01
4.999167e-01 1.518458e-10 5.522330e-01 9.444156e-01
5.001866e-01 1.646393e-10 5.508930e-01 9.439602e-01
5.002142e-01 1.629210e-10 5.652510e-01 9.437516e-01
5.000855e-01 1.576784e-10 5.143710e-01 9.439879e-01
5.001837e-01 1.654917e-10 5.446550e-01 9.442756e-01
4.999491e-01 1.517968e-10 5.257080e-01 9.442613e-01
5.000664e-01 1.572244e-10 4.828100e-01 9.441575e-01
4.999428e-01 1.480157e-10 5.176870e-01 9.444347e-01
4.998914e-01 1.503679e-10 5.386140e-01 9.448034e-01
5.002215e-01 1.581136e-10 5.326660e-01 9.439240e-01
5.001821e-01 1.563133e-10 5.414030e-01 9.440412e-01
5.002908e-01 1.586893e-10 5.561350e-01 9.437773e-01
5.001553e-01 1.524562e-10 4.996860e-01 9.436544e-01
4.998955e-01 1.422315e-10 5.513900e-01 9.444271e-01
5.001568e-01 1.509471e-10 5.446460e-01 9.439574e-01
5.002844e-01 1.574915e-10 5.506160e-01 9.432590e-01
5.002317e-01 1.607168e-10 5.674300e-01 9.442584e-01
5.001033e-01 1.522763e-10 8.745150e-01 9.442603e-01
5.001452e-01 1.516717e-10 6.507830e-01 9.439316e-01
5.000206e-01 1.503496e-10 6.191340e-01 9.444738e-01
5.000315e-01 1.515257e-10 5.847840e-01 9.440812e-01
5.001373e-01 1.545657e-10 5.618330e-01 9.439031e-01
4.998319e-01 1.437009e-10 5.562210e-01 9.451464e-01
4.999835e-01 1.455665e-10 5.490110e-01 9.446910e-01
5.001509e-01 1.506283e-10 5.322950e-01 9.441632e-01
5.001964e-01 1.499454e-10 5.638400e-01 9.440441e-01
5.001019e-01 1.476310e-10 5.296500e-01 9.437906e-01
5.002364e-01 1.539376e-10 5.556050e-01 9.438078e-01
5.002503e-01 1.554123e-10 5.506080e-01 9.435734e-01
4.998779e-01 1.413711e-10 5.520900e-01 9.444137e-01
5.000920e-01 1.466801e-10 5.371830e-01 9.440555e-01
5.001617e-01 1.487940e-10 5.432140e-01 9.441546e-01
5.000987e-01 1.471925e-10 5.543150e-01 9.435391e-01
4.999214e-01 1.438080e-10 5.514330e-01 9.445748e-01
5.002720e-01 1.561076e-10 5.508550e-01 9.436325e-01
4.999069e-01 1.372941e-10 5.310970e-01 9.445852e-01
5.001543e-01 1.555361e-10 4.944710e-01 9.440517e-01
5.000174e-01 1.464200e-10 5.411140e-01 9.441632e-01
5.000223e-01 1.449380e-10 5.361160e-01 9.443175e-01
5.000244e-01 1.435065e-10 5.179530e-01 9.440650e-01
5.000905e-01 1.486696e-10 5.447830e-01 9.441879e-01
5.000396e-01 1.442601e-10 5.210490e-01 9.440784e-01
5.001543e-01 1.508337e-10 5.295210e-01 9.438907e-01
5.001790e-01 1.518570e-10 5.253200e-01 9.440269e-01
5.000841e-01 1.458214e-10 5.268680e-01 9.440908e-01
5.001522e-01 1.486075e-10 5.192310e-01 9.440526e-01
5.000191e-01 1.479003e-10 5.154930e-01 9.449502e-01
5.001148e-01 1.490220e-10 5.295980e-01 9.439326e-01
4.999170e-01 1.432223e-10 5.411910e-01 9.447567e-01
5.001814e-01 1.476545e-10 5.247050e-01 9.438068e-01
5.000194e-01 1.489662e-10 5.391920e-01 9.444195e-01
5.000774e-01 1.471111e-10 5.264620e-01 9.439393e-01
5.001678e-01 1.516883e-10 5.313780e-01 9.438526e-01
5.002485e-01 1.528278e-10 5.318420e-01 9.440917e-01
5.002132e-01 1.531547e-10 5.596350e-01 9.439097e-01
5.002230e-01 1.467037e-10 5.493880e-01 9.434696e-01
5.000424e-01 1.457309e-10 5.309410e-01 9.443404e-01
4.999397e-01 1.403712e-10 5.467680e-01 9.444471e-01
5.000212e-01 1.472740e-10 5.172660e-01 9.442918e-01
4.999486e-01 1.483530e-10 5.399390e-01 9.446824e-01
5.000360e-01 1.449384e-10 5.121390e-01 9.439955e-01
5.000227e-01 1.423431e-10 5.665940e-01 9.437335e-01
5.001215e-01 1.478146e-10 5.444450e-01 9.441155e-01
5.002369e-01 1.549413e-10 4.981730e-01 9.439116e-01
5.002122e-01 1.522040e-10 4.931850e-01 9.441317e-01
5.000656e-01 1.473287e-10 5.519610e-01 9.444452e-01
5.000930e-01 1.458615e-10 5.396750e-01 9.441050e-01
4.999264e-01 1.442818e-10 5.425590e-01 9.446929e-01
4.999515e-01 1.423233e-10 5.502550e-01 9.440498e-01
5.001294e-01 1.486874e-10 5.097990e-01 9.439659e-01
4.999479e-01 1.443690e-10 5.432520e-01 9.445043e-01
5.000595e-01 1.474959e-10 5.314430e-01 9.441108e-01
5.002263e-01 1.529988e-10 5.492740e-01 9.436468e-01
4.999702e-01 1.449694e-10 5.476470e-01 9.440650e-01
4.998980e-01 1.389567e-10 5.596730e-01 9.445729e-01
5.002468e-01 1.497478e-10 5.381750e-01 9.438669e-01
4.999359e-01 1.426373e-10 5.246530e-01 9.444033e-01
4.999913e-01 1.461885e-10 5.430510e-01 9.447263e-01
5.002626e-01 1.545258e-10 5.219120e-01 9.436744e-01
5.000816e-01 1.447731e-10 5.324760e-01 9.439802e-01
4.999337e-01 1.414921e-10 5.429150e-01 9.442394e-01
5.002047e-01 1.526720e-10 5.315990e-01 9.436210e-01
5.002044e-01 1.534602e-10 5.563670e-01 9.439993e-01
5.001503e-01 1.516298e-10 5.060700e-01 9.440469e-01
5.001587e-01 1.485372e-10 5.349330e-01 9.441384e-01
5.003599e-01 1.575729e-10 5.489150e-01 9.434667e-01
5.000516e-01 1.453714e-10 5.123320e-01 9.444176e-01
5.000483e-01 1.429162e-10 5.243700e-01 9.439774e-01
4.999414e-01 1.474894e-10 4.804150e-01 9.448958e-01
5.000124e-01 1.454737e-10 4.927120e-01 9.442565e-01
5.002292e-01 1.576614e-10 5.558090e-01 9.440812e-01
4.998865e-01 1.394340e-10 5.309030e-01 9.445243e-01
5.000023e-01 1.490818e-10 5.388690e-01 9.444785e-01
4.999936e-01 1.483889e-10 5.244800e-01 9.442194e-01
4.998425e-01 1.405890e-10 5.438210e-01 9.447796e-01
5.000443e-01 1.492657e-10 5.348650e-01 9.446939e-01
4.999931e-01 1.443361e-10 5.691880e-01 9.441422e-01
5.001746e-01 1.498625e-10 5.503000e-01 9.440098e-01
5.001896e-01 1.502021e-10 5.275250e-01 9.439307e-01
5.000140e-01 1.501122e-10 5.834090e-01 9.444042e-01
5.001326e-01 1.476076e-10 5.623200e-01 9.441756e-01
5.001898e-01 1.534619e-10 5.194090e-01 9.442432e-01
4.999791e-01 1.471404e-10 5.524690e-01 9.445662e-01
5.000051e-01 1.433370e-10 5.506230e-01 9.444909e-01
5.002416e-01 1.555643e-10 5.680810e-01 9.435867e-01
4.999971e-01 1.449653e-10 5.059550e-01 9.442308e-01
5.000313e-01 1.442273e-10 5.269440e-01 9.440345e-01
5.004688e-01 1.612259e-10 5.433460e-01 9.435591e-01
4.999849e-01 1.453143e-10 5.344830e-01 9.450292e-01
5.001939e-01 1.430770e-10 5.383380e-01 9.434972e-01
5.000954e-01 1.472442e-10 5.508320e-01 9.439879e-01
5.000915e-01 1.481825e-10 5.563270e-01 9.442823e-01
5.002461e-01 1.534258e-10 5.497530e-01 9.436487e-01
5.001740e-01 1.459242e-10 5.365360e-01 9.437135e-01
5.002215e-01 1.509899e-10 5.708610e-01 9.434191e-01
5.001324e-01 1.517544e-10 6.358880e-01 9.438602e-01
5.000422e-01 1.533335e-10 6.151080e-01 9.442946e-01
5.001430e-01 1.511783e-10 6.667180e-01 9.442041e-01
5.001422e-01 1.512378e-10 7.241610e-01 9.440384e-01
5.000415e-01 1.472476e-10 6.046490e-01 9.443471e-01
5.001411e-01 1.515856e-10 5.145200e-01 9.440393e-01
5.001008e-01 1.487247e-10 4.820050e-01 9.441432e-01
5.001947e-01 1.552246e-10 4.822890e-01 9.440793e-01
4.999737e-01 1.430371e-10 4.964390e-01 9.441689e-01
5.001790e-01 1.532424e-10 4.764120e-01 9.438850e-01
5.001558e-01 1.513265e-10 5.141070e-01 9.440517e-01
5.001911e-01 1.533263e-10 5.536030e-01 9.437058e-01
5.000998e-01 1.500373e-10 5.494110e-01 9.441212e-01
5.003432e-01 1.594911e-10 5.363490e-01 9.431980e-01
5.000866e-01 1.478118e-10 5.076920e-01 9.438173e-01
4.999159e-01 1.412189e-10 5.004470e-01 9.445176e-01
5.001692e-01 1.499198e-10 5.469020e-01 9.435658e-01
4.998994e-01 1.447573e-10 5.277160e-01 9.446462e-01
5.000523e-01 1.478365e-10 5.415720e-01 9.438268e-01
5.000867e-01 1.474586e-10 5.428280e-01 9.440393e-01
4.999240e-01 1.429490e-10 5.246650e-01 9.442051e-01
4.997692e-01 1.385144e-10 5.206060e-01 9.454303e-01
5.000052e-01 1.406055e-10 5.313790e-01 9.437868e-01
5.000161e-01 1.479819e-10 5.549030e-01 9.437573e-01
4.999585e-01 1.440418e-10 5.305140e-01 9.445738e-01
5.000514e-01 1.519095e-10 5.530580e-01 9.441784e-01
5.002575e-01 1.551654e-10 5.587170e-01 9.434610e-01
4.999775e-01 1.426183e-10 5.533970e-01 9.441632e-01
4.998306e-01 1.388811e-10 5.199950e-01 9.450283e-01
5.000513e-01 1.479207e-10 5.365750e-01 9.440279e-01
4.999748e-01 1.430828e-10 5.608580e-01 9.440793e-01
5.001616e-01 1.513450e-10 5.332190e-01 9.440479e-01
5.001292e-01 1.510974e-10 5.639600e-01 9.441136e-01
5.002179e-01 1.569314e-10 4.974610e-01 9.440241e-01
4.998662e-01 1.383081e-10 4.952630e-01 9.447120e-01
5.002718e-01 1.507955e-10 5.561720e-01 9.435658e-01
5.002252e-01 1.540464e-10 5.127410e-01 9.438411e-01
5.001109e-01 1.441799e-10 5.509620e-01 9.440079e-01
4.999337e-01 1.400057e-10 5.695080e-01 9.442003e-01
5.000661e-01 1.505922e-10 5.310120e-01 9.440631e-01
5.002115e-01 1.532711e-10 5.461200e-01 9.439888e-01
4.999774e-01 1.434066e-10 5.554300e-01 9.441498e-01
5.000362e-01 1.476641e-10 5.403840e-01 9.442518e-01
5.001400e-01 1.508011e-10 5.414550e-01 9.440784e-01
5.000139e-01 1.472816e-10 5.453520e-01 9.441765e-01
5.000218e-01 1.464734e-10 5.267990e-01 9.444623e-01
5.000234e-01 1.454316e-10 5.704500e-01 9.444004e-01
4.998278e-01 1.416940e-10 5.403280e-01 9.452341e-01
5.000084e-01 1.475747e-10 5.550730e-01 9.447529e-01
4.999691e-01 1.435979e-10 5.515260e-01 9.437354e-01
5.000042e-01 1.448992e-10 5.551940e-01 9.439879e-01
5.002147e-01 1.500553e-10 5.352310e-01 9.435629e-01
5.001550e-01 1.513608e-10 5.047410e-01 9.441460e-01
5.001339e-01 1.455813e-10 5.215870e-01 9.436439e-01
5.001283e-01 1.514751e-10 5.226470e-01 9.443432e-01
5.002106e-01 1.528702e-10 5.460240e-01 9.439374e-01
4.999761e-01 1.426221e-10 5.503470e-01 9.444490e-01
5.002889e-01 1.521726e-10 5.158210e-01 9.433266e-01
5.000132e-01 1.459338e-10 5.409780e-01 9.443366e-01
4.999811e-01 1.442616e-10 5.634650e-01 9.443004e-01
4.999608e-01 1.477047e-10 5.133300e-01 9.447167e-01
5.000866e-01 1.492793e-10 5.352470e-01 9.438087e-01
5.001020e-01 1.491707e-10 5.461770e-01 9.436839e-01
4.999307e-01 1.395449e-10 5.621340e-01 9.444633e-01
5.001820e-01 1.507678e-10 5.651650e-01 9.440717e-01
5.001525e-01 1.486426e-10 5.581170e-01 9.436630e-01
5.000637e-01 1.424024e-10 5.223860e-01 9.445595e-01
5.000433e-01 1.445813e-10 5.542760e-01 9.444214e-01
4.999330e-01 1.457980e-10 5.435850e-01 9.443775e-01
5.000522e-01 1.508795e-10 5.663980e-01 9.440526e-01
5.001417e-01 1.495777e-10 5.743650e-01 9.440688e-01
5.000618e-01 1.456957e-10 5.865070e-01 9.443061e-01
5.002750e-01 1.540105e-10 5.822760e-01 9.435677e-01
5.000987e-01 1.432835e-10 5.635570e-01 9.438106e-01
5.001960e-01 1.511974e-10 5.377240e-01 9.436906e-01
5.001767e-01 1.521935e-10 5.323840e-01 9.440565e-01
5.001460e-01 1.475602e-10 5.479570e-01 9.438154e-01
5.000669e-01 1.490201e-10 5.302020e-01 9.443413e-01
4.998907e-01 1.423025e-10 5.800790e-01 9.448053e-01
4.999620e-01 1.429649e-10 5.454570e-01 9.443166e-01
5.001277e-01 1.434976e-10 5.359140e-01 9.443194e-01
4.997672e-01 1.393765e-10 5.484880e-01 9.449330e-01
5.001379e-01 1.507143e-10 5.319060e-01 9.445719e-01
5.000091e-01 1.417408e-10 5.661350e-01 9.439536e-01
5.000712e-01 1.494826e-10 5.459360e-01 9.443728e-01
5.000764e-01 1.482024e-10 5.518230e-01 9.445033e-01
5.000989e-01 1.493406e-10 5.533330e-01 9.443899e-01
4.999519e-01 1.425083e-10 5.385250e-01 9.443280e-01
5.000623e-01 1.457560e-10 5.247310e-01 9.443166e-01
4.999956e-01 1.437318e-10 5.356040e-01 9.445862e-01
5.000779e-01 1.477383e-10 7.129640e-01 9.436754e-01
4.999081e-01 1.463787e-10 6.489600e-01 9.448701e-01
5.000399e-01 1.465211e-10 6.535930e-01 9.442346e-01
5.001676e-01 1.522605e-10 5.418170e-01 9.439526e-01
5.000538e-01 1.448334e-10 5.783160e-01 9.447415e-01
5.000309e-01 1.428783e-10 5.446870e-01 9.441727e-01
5.001196e-01 1.485655e-10 5.324770e-01 9.444052e-01
5.000619e-01 1.478739e-10 5.273060e-01 9.442727e-01
4.998872e-01 1.405550e-10 5.527950e-01 9.446862e-01
4.999586e-01 1.443127e-10 5.511270e-01 9.442880e-01
5.001379e-01 1.520211e-10 5.188900e-01 9.440450e-01
5.001109e-01 1.504671e-10 5.335590e-01 9.444957e-01
5.002807e-01 1.534643e-10 5.201360e-01 9.437573e-01
5.000465e-01 1.443947e-10 5.309050e-01 9.439069e-01
5.001499e-01 1.490717e-10 4.991740e-01 9.439107e-01
4.999100e-01 1.448746e-10 5.249960e-01 9.450035e-01
4.998505e-01 1.358782e-10 5.472090e-01 9.446557e-01
5.000489e-01 1.469504e-10 5.164030e-01 9.440622e-01
5.002943e-01 1.561328e-10 5.652100e-01 9.440707e-01
4.998868e-01 1.449525e-10 5.597410e-01 9.440088e-01
5.000433e-01 1.460743e-10 5.360380e-01 9.446615e-01
5.001302e-01 1.486355e-10 5.318140e-01 9.440936e-01
4.998928e-01 1.383205e-10 5.438450e-01 9.445252e-01
4.999233e-01 1.426934e-10 5.407830e-01 9.444414e-01
5.000765e-01 1.470308e-10 5.317130e-01 9.440412e-01
5.001217e-01 1.493580e-10 5.296980e-01 9.439536e-01
5.002286e-01 1.511615e-10 5.277920e-01 9.439478e-01
5.001713e-01 1.480584e-10 5.442700e-01 9.436744e-01
5.001231e-01 1.535887e-10 5.528350e-01 9.443099e-01
5.000197e-01 1.451247e-10 5.369420e-01 9.441946e-01
5.001779e-01 1.532656e-10 5.261430e-01 9.437887e-01
5.000411e-01 1.454486e-10 5.209220e-01 9.441984e-01
4.998989e-01 1.410835e-10 5.430700e-01 9.448396e-01
4.998008e-01 1.338535e-10 5.332040e-01 9.442546e-01
4.999025e-01 1.412268e-10 5.433840e-01 9.443794e-01
4.999588e-01 1.454131e-10 5.397080e-01 9.441937e-01
4.999678e-01 1.477428e-10 5.332440e-01 9.444290e-01
5.000559e-01 1.480226e-10 5.868200e-01 9.442670e-01
4.999076e-01 1.449562e-10 5.170200e-01 9.444566e-01
5.000076e-01 1.471391e-10 5.543830e-01 9.440536e-01
5.002450e-01 1.543475e-10 5.340350e-01 9.439135e-01
5.004099e-01 1.673421e-10 5.197490e-01 9.435944e-01
5.000456e-01 1.454308e-10 4.924250e-01 9.440145e-01
5.001178e-01 1.489159e-10 5.495480e-01 9.440879e-01
5.001823e-01 1.495081e-10 4.895190e-01 9.437287e-01
5.001105e-01 1.470069e-10 5.332220e-01 9.439383e-01
5.000339e-01 1.482126e-10 5.325350e-01 9.445090e-01
5.001457e-01 1.491699e-10 5.687180e-01 9.435343e-01
5.001124e-01 1.485182e-10 5.631230e-01 9.438383e-01
4.999616e-01 1.416830e-10 5.452860e-01 9.443213e-01
5.000259e-01 1.441252e-10 5.005180e-01 9.444261e-01
5.000291e-01 1.460909e-10 5.474940e-01 9.441917e-01
4.999921e-01 1.419346e-10 5.394800e-01 9.448787e-01
4.998556e-01 1.448575e-10 5.497960e-01 9.449511e-01
5.002144e-01 1.484738e-10 5.402320e-01 9.443013e-01
5.002772e-01 1.581469e-10 5.345260e-01 9.439326e-01
5.001101e-01 1.486457e-10 5.465600e-01 9.435124e-01
4.999617e-01 1.448421e-10 5.573930e-01 9.446367e-01
4.997784e-01 1.383601e-10 5.188690e-01 9.444747e-01
4.999791e-01 1.484833e-10 5.379140e-01 9.443947e-01
5.001440e-01 1.479092e-10 5.234400e-01 9.443423e-01
5.000380e-01 1.438941e-10 5.280160e-01 9.441479e-01
4.999894e-01 1.450427e-10 5.448940e-01 9.441822e-01
4.999229e-01 1.433049e-10 5.527390e-01 9.444557e-01
5.000465e-01 1.447509e-10 4.951290e-01 9.441651e-01
5.001795e-01 1.518580e-10 4.997190e-01 9.442327e-01
4.999462e-01 1.379037e-10 5.303510e-01 9.440269e-01
5.001794e-01 1.516788e-10 5.510980e-01 9.431952e-01
5.001042e-01 1.490760e-10 4.992470e-01 9.443814e-01
5.002125e-01 1.526792e-10 5.346150e-01 9.435744e-01
5.000708e-01 1.498146e-10 5.445660e-01 9.440869e-01
5.001047e-01 1.473786e-10 5.269900e-01 9.440717e-01
5.001358e-01 1.483829e-10 5.129740e-01 9.438602e-01
4.999647e-01 1.453407e-10 5.606670e-01 9.451664e-01
4.999955e-01 1.468714e-10 5.503450e-01 9.442060e-01
4.999432e-01 1.454272e-10 6.386700e-01 9.441241e-01
4.998957e-01 1.467136e-10 5.868780e-01 9.442461e-01
5.001039e-01 1.491860e-10 5.684410e-01 9.439050e-01
5.000928e-01 1.452991e-10 5.564500e-01 9.434429e-01
5.000440e-01 1.491513e-10 5.291480e-01 9.445243e-01
5.002002e-01 1.530833e-10 5.587590e-01 9.437983e-01
5.000657e-01 1.462837e-10 5.323950e-01 9.443070e-01
5.002942e-01 1.547031e-10 5.186570e-01 9.434953e-01
5.000893e-01 1.532805e-10 5.242800e-01 9.442870e-01
5.000071e-01 1.416730e-10 5.345840e-01 9.449416e-01
5.000241e-01 1.486447e-10 5.372090e-01 9.441698e-01
4.998809e-01 1.409311e-10 5.258230e-01 9.447120e-01
4.999611e-01 1.441669e-10 5.408870e-01 9.446167e-01
4.999958e-01 1.430648e-10 5.336860e-01 9.446043e-01
4.999902e-01 1.460214e-10 5.124790e-01 9.444452e-01
5.000539e-01 1.452138e-10 5.281070e-01 9.440679e-01
5.001552e-01 1.532876e-10 5.449380e-01 9.442603e-01
5.003327e-01 1.548157e-10 5.186950e-01 9.434848e-01
5.000430e-01 1.438019e-10 5.495780e-01 9.445938e-01
4.999839e-01 1.429573e-10 5.351950e-01 9.441889e-01
4.999862e-01 1.439964e-10 5.502190e-01 9.443499e-01
5.001113e-01 1.486771e-10 4.932940e-01 9.437725e-01
4.999989e-01 1.429592e-10 5.516150e-01 9.445271e-01
5.002631e-01 1.576932e-10 5.442630e-01 9.439545e-01
4.999554e-01 1.434756e-10 5.216380e-01 9.444928e-01
5.000810e-01 1.465284e-10 5.442320e-01 9.439088e-01
5.000611e-01 1.499115e-10 5.336550e-01 9.444842e-01
4.999339e-01 1.444707e-10 5.686560e-01 9.446043e-01
5.001360e-01 1.519938e-10 5.338790e-01 9.444318e-01
5.000707e-01 1.461560e-10 5.677540e-01 9.438840e-01
5.000487e-01 1.468500e-10 5.285890e-01 9.443890e-01
4.998911e-01 1.399064e-10 4.997830e-01 9.446386e-01
5.001574e-01 1.534465e-10 5.201340e-01 9.441012e-01
5.001433e-01 1.519856e-10 4.913690e-01 9.440993e-01
5.000645e-01 1.459166e-10 4.831820e-01 9.440488e-01
4.999750e-01 1.437494e-10 5.020570e-01 9.446253e-01
5.002356e-01 1.513024e-10 4.951420e-01 9.440869e-01
5.002744e-01 1.530357e-10 5.525760e-01 9.439774e-01
5.000464e-01 1.455962e-10 5.337640e-01 9.440460e-01
5.002437e-01 1.519288e-10 5.537380e-01 9.434457e-01
5.000856e-01 1.473474e-10 5.010560e-01 9.443270e-01
4.999639e-01 1.425768e-10 5.637190e-01 9.440460e-01
5.000319e-01 1.451242e-10 5.534050e-01 9.442251e-01
5.001654e-01 1.524398e-10 5.332290e-01 9.440984e-01
5.002469e-01 1.564963e-10 5.649370e-01 9.434276e-01
5.001364e-01 1.513210e-10 5.306220e-01 9.439021e-01
5.001653e-01 1.462769e-10 5.793610e-01 9.436839e-01
5.002920e-01 1.543372e-10 5.367750e-01 9.436525e-01
5.000363e-01 1.480225e-10 5.249200e-01 9.438783e-01
5.000024e-01 1.464866e-10 5.623840e-01 9.439307e-01
5.000882e-01 1.449446e-10 5.836880e-01 9.440117e-01
5.001235e-01 1.493093e-10 5.723050e-01 9.441546e-01
4.999307e-01 1.421645e-10 5.572590e-01 9.444547e-01
5.001051e-01 1.449165e-10 5.240100e-01 9.442927e-01
5.000719e-01 1.444105e-10 5.499710e-01 9.439898e-01
5.000651e-01 1.474108e-10 6.144600e-01 9.441346e-01
5.002151e-01 1.495108e-10 5.621720e-01 9.436401e-01
5.001789e-01 1.531456e-10 5.814920e-01 9.439221e-01
4.999454e-01 1.436817e-10 5.685420e-01 9.444985e-01
5.001214e-01 1.490734e-10 5.682350e-01 9.440412e-01
5.002428e-01 1.515271e-10 6.347340e-01 9.434896e-01
5.000091e-01 1.458707e-10 7.340690e-01 9.447091e-01
5.000230e-01 1.454266e-10 6.032730e-01 9.442651e-01
4.998210e-01 1.370167e-10 5.553530e-01 9.445605e-01
4.999846e-01 1.473760e-10 5.216460e-01 9.445347e-01
5.000831e-01 1.435648e-10 5.411710e-01 9.443128e-01
4.998741e-01 1.403128e-10 5.421410e-01 9.444290e-01
5.003176e-01 1.558273e-10 5.577600e-01 9.432466e-01
5.001651e-01 1.509984e-10 5.702200e-01 9.440498e-01
5.001340e-01 1.476659e-10 5.441090e-01 9.438116e-01
5.001962e-01 1.529020e-10 5.532200e-01 9.439383e-01
5.000946e-01 1.479532e-10 5.014360e-01 9.443594e-01
5.002054e-01 1.509590e-10 5.317950e-01 9.437430e-01
5.001912e-01 1.489372e-10 5.092610e-01 9.439231e-01
5.000250e-01 1.454746e-10 5.835670e-01 9.447348e-01
5.001630e-01 1.489852e-10 6.132020e-01 9.437916e-01
5.001199e-01 1.501256e-10 6.029960e-01 9.442746e-01
5.000110e-01 1.445867e-10 5.713680e-01 9.448415e-01
5.001341e-01 1.498285e-10 5.838200e-01 9.441641e-01
5.000307e-01 1.474458e-10 5.913380e-01 9.442746e-01
5.002378e-01 1.555321e-10 5.892570e-01 9.436391e-01
4.999374e-01 1.427207e-10 5.505700e-01 9.445995e-01
5.000852e-01 1.474632e-10 5.681690e-01 9.442966e-01
5.001943e-01 1.573811e-10 5.756770e-01 9.437916e-01
5.000425e-01 1.490086e-10 5.488280e-01 9.448110e-01
5.002897e-01 1.587907e-10 5.641970e-01 9.438831e-01
5.000077e-01 1.428222e-10 5.745400e-01 9.440317e-01
5.002348e-01 1.565992e-10 5.568710e-01 9.441746e-01
5.002155e-01 1.554669e-10 5.586830e-01 9.440660e-01
5.001033e-01 1.484727e-10 5.902110e-01 9.439802e-01
5.002142e-01 1.550166e-10 5.230210e-01 9.437363e-01
5.001291e-01 1.493647e-10 5.744300e-01 9.439517e-01
5.000948e-01 1.473638e-10 6.612090e-01 9.440060e-01
5.000756e-01 1.429500e-10 6.560720e-01 9.441041e-01
4.999793e-01 1.443838e-10 5.683010e-01 9.443432e-01
4.999362e-01 1.459653e-10 5.383820e-01 9.442480e-01
5.001749e-01 1.500611e-10 5.642630e-01 9.438840e-01
5.000023e-01 1.450632e-10 4.838950e-01 9.442575e-01
4.999319e-01 1.469353e-10 4.804570e-01 9.446958e-01
5.000511e-01 1.464959e-10 4.888890e-01 9.443023e-01
5.000033e-01 1.466989e-10 4.806060e-01 9.442508e-01
5.001221e-01 1.481743e-10 4.798730e-01 9.443585e-01
5.001056e-01 1.478680e-10 4.811810e-01 9.439640e-01
4.998526e-01 1.423830e-10 4.906450e-01 9.448730e-01
5.000586e-01 1.456328e-10 5.374440e-01 9.441070e-01
4.998385e-01 1.425896e-10 5.472660e-01 9.448654e-01
5.000210e-01 1.450674e-10 5.544580e-01 9.444538e-01
5.001309e-01 1.503696e-10 5.648470e-01 9.442289e-01
5.001474e-01 1.538083e-10 5.545000e-01 9.440936e-01
5.001107e-01 1.458974e-10 5.718750e-01 9.437306e-01
4.998656e-01 1.376338e-10 5.712480e-01 9.450083e-01
5.001280e-01 1.465118e-10 5.864890e-01 9.440546e-01
4.999500e-01 1.389686e-10 5.381360e-01 9.446510e-01
5.001328e-01 1.472805e-10 5.548410e-01 9.436611e-01
5.000527e-01 1.487656e-10 5.525900e-01 9.442651e-01
5.001828e-01 1.524002e-10 5.605500e-01 9.436935e-01
5.000591e-01 1.472202e-10 4.835050e-01 9.447501e-01
5.000880e-01 1.437641e-10 5.635680e-01 9.437363e-01
5.001307e-01 1.501543e-10 5.490530e-01 9.442985e-01
5.001370e-01 1.503115e-10 5.404030e-01 9.437763e-01
5.001384e-01 1.516783e-10 5.358260e-01 9.439755e-01
4.999697e-01 1.538129e-10 5.590230e-01 9.448349e-01
4.998561e-01 1.381775e-10 5.330280e-01 9.446529e-01
5.001443e-01 1.490413e-10 5.317420e-01 9.441603e-01
4.999606e-01 1.422807e-10 5.562700e-01 9.446586e-01
5.001249e-01 1.465942e-10 5.549680e-01 9.439526e-01
5.003283e-01 1.642910e-10 5.087540e-01 9.435734e-01
5.001039e-01 1.448482e-10 5.793150e-01 9.443861e-01
4.999792e-01 1.444745e-10 5.578080e-01 9.442899e-01
5.001490e-01 1.488154e-10 5.412800e-01 9.440965e-01
5.000059e-01 1.436755e-10 5.450850e-01 9.440822e-01
5.002179e-01 1.577344e-10 5.768550e-01 9.438097e-01
4.999673e-01 1.455269e-10 5.634090e-01 9.446634e-01
5.000823e-01 1.481437e-10 5.656100e-01 9.440526e-01
4.999437e-01 1.422150e-10 5.320990e-01 9.446824e-01
5.002139e-01 1.518048e-10 5.429590e-01 9.438840e-01
5.000663e-01 1.527424e-10 5.240110e-01 9.442651e-01
4.999903e-01 1.418364e-10 6.997800e-01 9.443594e-01
5.001027e-01 1.459344e-10 6.930440e-01 9.434362e-01
5.000418e-01 1.467530e-10 6.973920e-01 9.441003e-01
5.000886e-01 1.508294e-10 6.481290e-01 9.441946e-01
5.000417e-01 1.432524e-10 5.405930e-01 9.447463e-01
4.999101e-01 1.387813e-10 5.260790e-01 9.448253e-01
5.002094e-01 1.505760e-10 5.460140e-01 9.436420e-01
5.001583e-01 1.494122e-10 5.597840e-01 9.440393e-01
5.001062e-01 1.475862e-10 5.583700e-01 9.440269e-01
5.001371e-01 1.450310e-10 5.620070e-01 9.438183e-01
5.001204e-01 1.526354e-10 5.657390e-01 9.440879e-01
5.000257e-01 1.487182e-10 5.607440e-01 9.440317e-01
5.000180e-01 1.440666e-10 5.480270e-01 9.443804e-01
5.000676e-01 1.441746e-10 5.441590e-01 9.442651e-01
5.000582e-01 1.507890e-10 5.525140e-01 9.443671e-01
5.000562e-01 1.440417e-10 5.192100e-01 9.442356e-01
5.000776e-01 1.471137e-10 5.207730e-01 9.442985e-01
4.998476e-01 1.408326e-10 5.124070e-01 9.446081e-01
5.000256e-01 1.467477e-10 4.823990e-01 9.443690e-01
4.998384e-01 1.364478e-10 4.975230e-01 9.444271e-01
5.002305e-01 1.554344e-10 5.321680e-01 9.436372e-01
5.001353e-01 1.491372e-10 5.303470e-01 9.439974e-01
5.001863e-01 1.509546e-10 5.119920e-01 9.439259e-01
4.999654e-01 1.376511e-10 5.304660e-01 9.444080e-01
5.001640e-01 1.490572e-10 5.164760e-01 9.438678e-01
5.001436e-01 1.514221e-10 5.493490e-01 9.438773e-01
5.003257e-01 1.508334e-10 5.173140e-01 9.434696e-01
4.999312e-01 1.425704e-10 4.770090e-01 9.443128e-01
5.000498e-01 1.501501e-10 5.096060e-01 9.447253e-01
5.001989e-01 1.499412e-10 4.903170e-01 9.438973e-01
5.001864e-01 1.474147e-10 5.540110e-01 9.441060e-01
5.001580e-01 1.513866e-10 5.104270e-01 9.440107e-01
4.999705e-01 1.404213e-10 5.599400e-01 9.446395e-01
5.001065e-01 1.478400e-10 5.297540e-01 9.445948e-01
5.002348e-01 1.537641e-10 5.292120e-01 9.436229e-01
5.001752e-01 1.477226e-10 5.492790e-01 9.438745e-01
5.000262e-01 1.461700e-10 5.274370e-01 9.441879e-01
5.000462e-01 1.423248e-10 5.785330e-01 9.440746e-01
5.002472e-01 1.553971e-10 5.555290e-01 9.438125e-01
5.000344e-01 1.456759e-10 5.390350e-01 9.446929e-01
4.998487e-01 1.381717e-10 5.580180e-01 9.446920e-01
5.000448e-01 1.456303e-10 5.098480e-01 9.447129e-01
4.998878e-01 1.414152e-10 5.513470e-01 9.443833e-01
5.001577e-01 1.487769e-10 5.453460e-01 9.440021e-01
5.002477e-01 1.513232e-10 4.913410e-01 9.434762e-01
5.000926e-01 1.542833e-10 5.079490e-01 9.442842e-01
4.999898e-01 1.436655e-10 4.756400e-01 9.441117e-01
4.999526e-01 1.426656e-10 6.014060e-01 9.446672e-01
5.001847e-01 1.494238e-10 5.131320e-01 9.435772e-01
4.999774e-01 1.412813e-10 5.445330e-01 9.442013e-01
5.002312e-01 1.526286e-10 5.883380e-01 9.436696e-01
5.000582e-01 1.477789e-10 5.181110e-01 9.440145e-01
5.000140e-01 1.435368e-10 5.515550e-01 9.441717e-01
4.999678e-01 1.419842e-10 5.367560e-01 9.441803e-01
5.000656e-01 1.440092e-10 5.238450e-01 9.442775e-01
5.000680e-01 1.478055e-10 4.907710e-01 9.442842e-01
4.998486e-01 1.393895e-10 5.197120e-01 9.447434e-01
4.999843e-01 1.431254e-10 5.660100e-01 9.443899e-01
5.001132e-01 1.449108e-10 5.276720e-01 9.439421e-01
5.002193e-01 1.505094e-10 5.511840e-01 9.436954e-01
5.002562e-01 1.492416e-10 5.376780e-01 9.434057e-01
4.999772e-01 1.429586e-10 5.328170e-01 9.444604e-01
5.001537e-01 1.469719e-10 5.377630e-01 9.443509e-01
4.999799e-01 1.427653e-10 5.375380e-01 9.448244e-01
4.999530e-01 1.418978e-10 5.415100e-01 9.448425e-01
4.999247e-01 1.423707e-10 5.479360e-01 9.445719e-01
5.000696e-01 1.491853e-10 6.078060e-01 9.438383e-01
5.000273e-01 1.465748e-10 6.088410e-01 9.442060e-01
5.000438e-01 1.486298e-10 6.304290e-01 9.446300e-01
5.003143e-01 1.562908e-10 5.106800e-01 9.437744e-01
5.002106e-01 1.529084e-10 5.165820e-01 9.442594e-01
5.000994e-01 1.494405e-10 5.496590e-01 9.439764e-01
5.002613e-01 1.535331e-10 5.470360e-01 9.442051e-01
5.001513e-01 1.513240e-10 5.000110e-01 9.439698e-01
5.001930e-01 1.503677e-10 4.844170e-01 9.438611e-01
4.999494e-01 1.420677e-10 4.810310e-01 9.443585e-01
5.000084e-01 1.419469e-10 4.811170e-01 9.439621e-01
5.000071e-01 1.466699e-10 4.790650e-01 9.442594e-01
5.000987e-01 1.486036e-10 4.776030e-01 9.442146e-01
5.001495e-01 1.471252e-10 5.526910e-01 9.439316e-01
5.000917e-01 1.504722e-10 5.485750e-01 9.442908e-01
5.000255e-01 1.484042e-10 4.915570e-01 9.443023e-01
5.000738e-01 1.504373e-10 5.131740e-01 9.440679e-01
5.000685e-01 1.459550e-10 5.451050e-01 9.441060e-01
5.000545e-01 1.464903e-10 5.128850e-01 9.444938e-01
5.000722e-01 1.492676e-10 5.844290e-01 9.443880e-01
5.000923e-01 1.483984e-10 5.355900e-01 9.440869e-01
5.001398e-01 1.494620e-10 5.499330e-01 9.444185e-01
5.000026e-01 1.419567e-10 5.571930e-01 9.444700e-01
5.000849e-01 1.461029e-10 5.287420e-01 9.440860e-01
5.001919e-01 1.544789e-10 5.230250e-01 9.442032e-01
5.002472e-01 1.535366e-10 5.385360e-01 9.436229e-01
5.001452e-01 1.521943e-10 5.946710e-01 9.439955e-01
5.001615e-01 1.471188e-10 5.463140e-01 9.437325e-01
4.999616e-01 1.440131e-10 5.234910e-01 9.449864e-01
5.001140e-01 1.461044e-10 5.438970e-01 9.434924e-01
5.000495e-01 1.482226e-10 5.443300e-01 9.438573e-01
5.000042e-01 1.407035e-10 6.920690e-01 9.439812e-01
5.001690e-01 1.495265e-10 5.827380e-01 9.440841e-01
5.001110e-01 1.530260e-10 6.942600e-01 9.442251e-01
5.001295e-01 1.483963e-10 7.309950e-01 9.439945e-01
5.002990e-01 1.553412e-10 5.565080e-01 9.437449e-01
4.999458e-01 1.425094e-10 5.364550e-01 9.442499e-01
4.998774e-01 1.375149e-10 5.517110e-01 9.442832e-01
5.000502e-01 1.435167e-10 5.341890e-01 9.438211e-01
5.002578e-01 1.550543e-10 5.691590e-01 9.437506e-01
4.998711e-01 1.362103e-10 5.175590e-01 9.445109e-01
5.000770e-01 1.496529e-10 5.104100e-01 9.441146e-01
5.000466e-01 1.469355e-10 5.439040e-01 9.442051e-01
5.000176e-01 1.451444e-10 5.110910e-01 9.447729e-01
5.001329e-01 1.459701e-10 5.367670e-01 9.441689e-01
5.002163e-01 1.542844e-10 6.389220e-01 9.436630e-01
5.002319e-01 1.523909e-10 6.123350e-01 9.437554e-01
5.002282e-01 1.530525e-10 7.048480e-01 9.439860e-01
4.999856e-01 1.415091e-10 6.805090e-01 9.442880e-01
5.001441e-01 1.476857e-10 5.752760e-01 9.440269e-01
4.999298e-01 1.422714e-10 5.286150e-01 9.441241e-01
5.001440e-01 1.479194e-10 5.377930e-01 9.442346e-01
5.001231e-01 1.468095e-10 5.459030e-01 9.441289e-01
5.002169e-01 1.563598e-10 5.815200e-01 9.435686e-01
5.002351e-01 1.546883e-10 5.578290e-01 9.439154e-01
5.002631e-01 1.553188e-10 5.475600e-01 9.436058e-01
5.000381e-01 1.416842e-10 5.372590e-01 9.442375e-01
4.999280e-01 1.411413e-10 5.528340e-01 9.444023e-01
5.001832e-01 1.531001e-10 5.249840e-01 9.444747e-01
4.999761e-01 1.444884e-10 5.394300e-01 9.442089e-01
5.000751e-01 1.485281e-10 5.282850e-01 9.441517e-01
5.002489e-01 1.537140e-10 5.380550e-01 9.438392e-01
5.001126e-01 1.477490e-10 5.520560e-01 9.440936e-01
5.001844e-01 1.522506e-10 5.339160e-01 9.437201e-01
5.000483e-01 1.468200e-10 5.398640e-01 9.441498e-01
5.000609e-01 1.453468e-10 5.278480e-01 9.444785e-01
5.001703e-01 1.482440e-10 5.571860e-01 9.436830e-01
5.002076e-01 1.489833e-10 5.439990e-01 9.437592e-01
5.002007e-01 1.530925e-10 5.347550e-01 9.439907e-01
5.002399e-01 1.529561e-10 5.419760e-01 9.435382e-01
5.000797e-01 1.457963e-10 5.255510e-01 9.444252e-01
5.000776e-01 1.459067e-10 5.236630e-01 9.442689e-01
4.998736e-01 1.368509e-10 5.587020e-01 9.447472e-01
4.999072e-01 1.399135e-10 4.952280e-01 9.445948e-01
5.000808e-01 1.458456e-10 5.454240e-01 9.439774e-01
5.000172e-01 1.473650e-10 5.491940e-01 9.445185e-01
5.001017e-01 1.489060e-10 5.243650e-01 9.443108e-01
4.999996e-01 1.488876e-10 5.247860e-01 9.443156e-01
4.999569e-01 1.458027e-10 5.375310e-01 9.446424e-01
5.000722e-01 1.512241e-10 5.264090e-01 9.439469e-01
4.999832e-01 1.420247e-10 5.255710e-01 9.443185e-01
5.001364e-01 1.496144e-10 5.286810e-01 9.438192e-01
5.000606e-01 1.440311e-10 5.220480e-01 9.445147e-01
4.999669e-01 1.403379e-10 5.112540e-01 9.444109e-01
5.000595e-01 1.447861e-10 5.254110e-01 9.441851e-01
5.001023e-01 1.454321e-10 5.494200e-01 9.439174e-01
5.001235e-01 1.500178e-10 5.456590e-01 9.441489e-01
5.000971e-01 1.501859e-10 5.695650e-01 9.442518e-01
5.000553e-01 1.469478e-10 5.567010e-01 9.442861e-01
5.002089e-01 1.511228e-10 5.163260e-01 9.438792e-01
4.999146e-01 1.401300e-10 5.566450e-01 9.441031e-01
4.999278e-01 1.405672e-10 5.450130e-01 9.442013e-01
5.001853e-01 1.478166e-10 5.189800e-01 9.440746e-01
4.999720e-01 1.412317e-10 5.456840e-01 9.448663e-01
5.001869e-01 1.483396e-10 4.885830e-01 9.440650e-01
5.001046e-01 1.465008e-10 5.651030e-01 9.443842e-01
5.001074e-01 1.508192e-10 5.422540e-01 9.440507e-01
5.001285e-01 1.530228e-10 5.300940e-01 9.439678e-01
5.001503e-01 1.477183e-10 5.426810e-01 9.440107e-01
5.001105e-01 1.480117e-10 5.037750e-01 9.443013e-01
5.001062e-01 1.471607e-10 5.857610e-01 9.440222e-01
5.000122e-01 1.440033e-10 5.660100e-01 9.443185e-01
5.000163e-01 1.443310e-10 5.155130e-01 9.444681e-01
5.000092e-01 1.424253e-10 5.270970e-01 9.438630e-01
5.000839e-01 1.489887e-10 5.185220e-01 9.444128e-01
4.999166e-01 1.436601e-10 5.396630e-01 9.444299e-01
5.002809e-01 1.544930e-10 5.590470e-01 9.435820e-01
4.999623e-01 1.431845e-10 5.502260e-01 9.439669e-01
5.000159e-01 1.456912e-10 5.518130e-01 9.448292e-01
4.999074e-01 1.433279e-10 5.600600e-01 9.447529e-01
5.000882e-01 1.446746e-10 5.237000e-01 9.440107e-01
4.999827e-01 1.443311e-10 5.614640e-01 9.446758e-01
5.000281e-01 1.440374e-10 5.413200e-01 9.445862e-01
5.000781e-01 1.464577e-10 5.266390e-01 9.440936e-01
5.000449e-01 1.443617e-10 5.568100e-01 9.440193e-01
5.000335e-01 1.447377e-10 5.461060e-01 9.444004e-01
5.001574e-01 1.503744e-10 5.834630e-01 9.443004e-01
5.000049e-01 1.436511e-10 6.092630e-01 9.438773e-01
4.999965e-01 1.430952e-10 5.896040e-01 9.446729e-01
4.998404e-01 1.443893e-10 8.240830e-01 9.448072e-01
5.000571e-01 1.425485e-10 8.010430e-01 9.437754e-01
5.001717e-01 1.475113e-10 7.037190e-01 9.436039e-01
5.001272e-01 1.474876e-10 6.405850e-01 9.441898e-01
5.000965e-01 1.502788e-10 6.208550e-01 9.442280e-01
5.000823e-01 1.483489e-10 5.724730e-01 9.439345e-01
5.000853e-01 1.459418e-10 5.594080e-01 9.442584e-01
5.002263e-01 1.528308e-10 5.724010e-01 9.439021e-01
5.000350e-01 1.434005e-10 5.859890e-01 9.446348e-01
5.001295e-01 1.462754e-10 5.612760e-01 9.438583e-01
4.998547e-01 1.393171e-10 4.909900e-01 9.449359e-01
4.999080e-01 1.426685e-10 5.096960e-01 9.447758e-01
5.000343e-01 1.453441e-10 5.038230e-01 9.441336e-01
4.997873e-01 1.362301e-10 4.942900e-01 9.443814e-01
5.000743e-01 1.460735e-10 5.325280e-01 9.444814e-01
4.998039e-01 1.366236e-10 5.931700e-01 9.450912e-01
4.999478e-01 1.407884e-10 5.221820e-01 9.443461e-01
5.000253e-01 1.445678e-10 5.026990e-01 9.444042e-01
4.999947e-01 1.425149e-10 5.575540e-01 9.439888e-01
5.002509e-01 1.496971e-10 5.583270e-01 9.434029e-01
4.999793e-01 1.421068e-10 5.125950e-01 9.441479e-01
4.999535e-01 1.437563e-10 4.859520e-01 9.442337e-01
5.000821e-01 1.445087e-10 4.862230e-01 9.440984e-01
5.000185e-01 1.436826e-10 5.379200e-01 9.442270e-01
4.999560e-01 1.406641e-10 5.191530e-01 9.445700e-01
5.000340e-01 1.417085e-10 5.779740e-01 9.441879e-01
5.002337e-01 1.544374e-10 5.584970e-01 9.436763e-01
5.000314e-01 1.421756e-10 5.572700e-01 9.441756e-01
5.001597e-01 1.443706e-10 5.537610e-01 9.438821e-01
5.001878e-01 1.503459e-10 5.466880e-01 9.436534e-01
5.001729e-01 1.490444e-10 5.739670e-01 9.439793e-01
5.002072e-01 1.486038e-10 5.525810e-01 9.438392e-01
5.000200e-01 1.479487e-10 6.379030e-01 9.444690e-01
5.002350e-01 1.515450e-10 6.407370e-01 9.433724e-01
5.000783e-01 1.446957e-10 5.860640e-01 9.442051e-01
4.999843e-01 1.431760e-10 5.648650e-01 9.444585e-01
4.998708e-01 1.367971e-10 5.471260e-01 9.443423e-01
5.000418e-01 1.423483e-10 5.488210e-01 9.441232e-01
5.000387e-01 1.451347e-10 5.691700e-01 9.442584e-01
5.000227e-01 1.425486e-10 5.302920e-01 9.441212e-01
5.001002e-01 1.449902e-10 5.721850e-01 9.443623e-01
5.002239e-01 1.517660e-10 5.374730e-01 9.437640e-01
5.002420e-01 1.547156e-10 5.441610e-01 9.439154e-01
5.000000e-01 1.431641e-10 5.417080e-01 9.444442e-01
5.000499e-01 1.477107e-10 5.869910e-01 9.444966e-01
4.999913e-01 1.448362e-10 5.232640e-01 9.441022e-01
5.002065e-01 1.515809e-10 5.554690e-01 9.436077e-01
5.000050e-01 1.434696e-10 5.476550e-01 9.443099e-01
5.001144e-01 1.464805e-10 5.736290e-01 9.443575e-01
5.001407e-01 1.484918e-10 5.823850e-01 9.439783e-01
5.000794e-01 1.437139e-10 5.580100e-01 9.440431e-01
4.999505e-01 1.416434e-10 5.813670e-01 9.445871e-01
5.001493e-01 1.509236e-10 5.363320e-01 9.437182e-01
5.000929e-01 1.463857e-10 7.024930e-01 9.438059e-01
5.001638e-01 1.479358e-10 6.856210e-01 9.437601e-01
5.000460e-01 1.396092e-10 6.979130e-01 9.435448e-01
5.000020e-01 1.459302e-10 6.197530e-01 9.442765e-01
5.000760e-01 1.458261e-10 6.054010e-01 9.441965e-01
5.001260e-01 1.498255e-10 5.470500e-01 9.444785e-01
5.002597e-01 1.491925e-10 5.345130e-01 9.434724e-01
4.998384e-01 1.406603e-10 5.773680e-01 9.450464e-01
5.001932e-01 1.526111e-10 5.767290e-01 9.438106e-01
5.001417e-01 1.508788e-10 5.525820e-01 9.444528e-01
5.002475e-01 1.569761e-10 5.568720e-01 9.441413e-01
5.001149e-01 1.481427e-10 5.504240e-01 9.442823e-01
5.001042e-01 1.477469e-10 5.245800e-01 9.441670e-01
5.001127e-01 1.481225e-10 5.681340e-01 9.442260e-01
5.002079e-01 1.490716e-10 5.317150e-01 9.441555e-01
5.001459e-01 1.461149e-10 5.982750e-01 9.439345e-01
5.000805e-01 1.466999e-10 5.381960e-01 9.439688e-01
4.999116e-01 1.399684e-10 5.419890e-01 9.444385e-01
5.001162e-01 1.487758e-10 5.479880e-01 9.438735e-01
4.999954e-01 1.457305e-10 5.406350e-01 9.442546e-01
5.000255e-01 1.463109e-10 5.391840e-01 9.446138e-01
5.001381e-01 1.508184e-10 5.339610e-01 9.443613e-01
5.001295e-01 1.479099e-10 5.704020e-01 9.439002e-01
4.998491e-01 1.378844e-10 5.573440e-01 9.451569e-01
5.001019e-01 1.455064e-10 5.618890e-01 9.437973e-01
5.001090e-01 1.497890e-10 5.663870e-01 9.446129e-01
4.999949e-01 1.463556e-10 5.320460e-01 9.444614e-01
5.000060e-01 1.424406e-10 5.724760e-01 9.446148e-01
5.000703e-01 1.440782e-10 5.512440e-01 9.439821e-01
5.000968e-01 1.429932e-10 5.305780e-01 9.438040e-01
5.001350e-01 1.478740e-10 5.634360e-01 9.437725e-01
5.000100e-01 1.470211e-10 5.610490e-01 9.447882e-01
5.000628e-01 1.463550e-10 5.624180e-01 9.445014e-01
4.998810e-01 1.394109e-10 5.127360e-01 9.446986e-01
5.001147e-01 1.460889e-10 5.465050e-01 9.438459e-01
5.000581e-01 1.443972e-10 5.636940e-01 9.440746e-01
5.003364e-01 1.573806e-10 5.232650e-01 9.431675e-01
5.001156e-01 1.505225e-10 5.400440e-01 9.438945e-01
5.001261e-01 1.439377e-10 5.505030e-01 9.439174e-01
5.003321e-01 1.603333e-10 5.314050e-01 9.435677e-01
4.999945e-01 1.406467e-10 5.430810e-01 9.442194e-01
5.000425e-01 1.414576e-10 5.741940e-01 9.440155e-01
5.002710e-01 1.540371e-10 5.896460e-01 9.437544e-01
5.000959e-01 1.465157e-10 5.591140e-01 9.442194e-01
5.001071e-01 1.488463e-10 5.014860e-01 9.445748e-01
5.000701e-01 1.437216e-10 4.986460e-01 9.438907e-01
5.000380e-01 1.459099e-10 4.977190e-01 9.446310e-01
5.000729e-01 1.465293e-10 4.869940e-01 9.444137e-01
4.999734e-01 1.412054e-10 5.582340e-01 9.445995e-01
5.000880e-01 1.430462e-10 5.133590e-01 9.440755e-01
5.000742e-01 1.425243e-10 5.119370e-01 9.439078e-01
5.001267e-01 1.430870e-10 5.246230e-01 9.438087e-01
4.999623e-01 1.440320e-10 5.440620e-01 9.442327e-01
4.999552e-01 1.440716e-10 5.101940e-01 9.445690e-01
5.000416e-01 1.449599e-10 5.630000e-01 9.443413e-01
5.001393e-01 1.557112e-10 5.568660e-01 9.438726e-01
5.002645e-01 1.516297e-10 5.445540e-01 9.438640e-01
5.001472e-01 1.490251e-10 5.395410e-01 9.438307e-01
5.000866e-01 1.443345e-10 4.956830e-01 9.442346e-01
5.000119e-01 1.447173e-10 5.592070e-01 9.448139e-01
4.999983e-01 1.428731e-10 5.282390e-01 9.442060e-01
5.002064e-01 1.477422e-10 5.290710e-01 9.436839e-01
4.998702e-01 1.352304e-10 5.240220e-01 9.444347e-01
5.001008e-01 1.473110e-10 5.556620e-01 9.444118e-01
4.998488e-01 1.389210e-10 5.540000e-01 9.447567e-01
4.999127e-01 1.390728e-10 5.152740e-01 9.439078e-01
5.001672e-01 1.440084e-10 5.467530e-01 9.435201e-01
5.001443e-01 1.464126e-10 5.620900e-01 9.442413e-01
5.000599e-01 1.462461e-10 5.168550e-01 9.443756e-01
5.001514e-01 1.471225e-10 4.909920e-01 9.438307e-01
5.000746e-01 1.536993e-10 4.920280e-01 9.444928e-01
5.000965e-01 1.442296e-10 4.946800e-01 9.444061e-01
5.000747e-01 1.458097e-10 4.928050e-01 9.442556e-01
5.000461e-01 1.416414e-10 4.835890e-01 9.442546e-01
4.998389e-01 1.363820e-10 5.039720e-01 9.445176e-01
5.000838e-01 1.482112e-10 5.219390e-01 9.439288e-01
5.001908e-01 1.544097e-10 5.428210e-01 9.439002e-01
5.001426e-01 1.502488e-10 5.335280e-01 9.445614e-01
5.002179e-01 1.488467e-10 5.311210e-01 9.439993e-01
5.000307e-01 1.445434e-10 5.270670e-01 9.443156e-01
4.998952e-01 1.397157e-10 5.410600e-01 9.443471e-01
4.999760e-01 1.429898e-10 5.205030e-01 9.443966e-01
4.999747e-01 1.397783e-10 5.403060e-01 9.442708e-01
5.001454e-01 1.488975e-10 5.435960e-01 9.439955e-01
5.000719e-01 1.483016e-10 5.612150e-01 9.441136e-01
5.000578e-01 1.470880e-10 7.193260e-01 9.442280e-01
5.000732e-01 1.520270e-10 6.852200e-01 9.440060e-01
4.999167e-01 1.399744e-10 6.352700e-01 9.444690e-01
4.998343e-01 1.393482e-10 5.849490e-01 9.450340e-01
5.002791e-01 1.565594e-10 5.807820e-01 9.437144e-01
5.002626e-01 1.522374e-10 5.310490e-01 9.436906e-01
5.002660e-01 1.499234e-10 5.424240e-01 9.439650e-01
4.999044e-01 1.387709e-10 6.116650e-01 9.446129e-01
5.002086e-01 1.582214e-10 5.056720e-01 9.440784e-01
5.001235e-01 1.482559e-10 5.310940e-01 9.441451e-01
4.999823e-01 1.412784e-10 5.121090e-01 9.443232e-01
5.000739e-01 1.472088e-10 5.189180e-01 9.442213e-01
5.000755e-01 1.463553e-10 5.063610e-01 9.439583e-01
5.000628e-01 1.476947e-10 5.120440e-01 9.441736e-01
5.000065e-01 1.415335e-10 5.648120e-01 9.444376e-01
5.000289e-01 1.445749e-10 5.336090e-01 9.443814e-01
4.998987e-01 1.419865e-10 5.227930e-01 9.449168e-01
5.001155e-01 1.489004e-10 5.756800e-01 9.438773e-01
5.000327e-01 1.448000e-10 5.214450e-01 9.444395e-01
5.002002e-01 1.476116e-10 5.744440e-01 9.440727e-01
5.000975e-01 1.430082e-10 5.229320e-01 9.439850e-01
5.001635e-01 1.489488e-10 5.502350e-01 9.443309e-01
5.000950e-01 1.450334e-10 5.578880e-01 9.437449e-01
5.001682e-01 1.456660e-10 5.226940e-01 9.442556e-01
4.999477e-01 1.418565e-10 5.220430e-01 9.442299e-01
5.001218e-01 1.473056e-10 5.329280e-01 9.442022e-01
5.000076e-01 1.447612e-10 5.024460e-01 9.443375e-01
5.001210e-01 1.529488e-10 5.331000e-01 9.444080e-01
5.000778e-01 1.451358e-10 5.119740e-01 9.440012e-01
5.001921e-01 1.486831e-10 5.213500e-01 9.436229e-01
5.001334e-01 1.473047e-10 5.294140e-01 9.442794e-01
5.000191e-01 1.462758e-10 5.151500e-01 9.447882e-01
5.001135e-01 1.473668e-10 5.078720e-01 9.439459e-01
5.000797e-01 1.488957e-10 5.145430e-01 9.443718e-01
5.001312e-01 1.474453e-10 5.151420e-01 9.441565e-01
5.001264e-01 1.527616e-10 5.242170e-01 9.442232e-01
5.000691e-01 1.465239e-10 5.071710e-01 9.443309e-01
4.999129e-01 1.386810e-10 5.281330e-01 9.447586e-01
5.002006e-01 1.489161e-10 5.938620e-01 9.436830e-01
5.000979e-01 1.440008e-10 5.749350e-01 9.437201e-01
5.000815e-01 1.450312e-10 5.521020e-01 9.443775e-01
5.000701e-01 1.476605e-10 5.767930e-01 9.445300e-01
5.001956e-01 1.504650e-10 6.068890e-01 9.439726e-01
5.000573e-01 1.435880e-10 5.753190e-01 9.445757e-01
5.001433e-01 1.452094e-10 6.206620e-01 9.440183e-01
4.998916e-01 1.432667e-10 5.567820e-01 9.446119e-01
5.001593e-01 1.468571e-10 5.190020e-01 9.439659e-01
4.998919e-01 1.397959e-10 5.677060e-01 9.447005e-01
5.001382e-01 1.483273e-10 5.783360e-01 9.444747e-01
4.999864e-01 1.422299e-10 5.410260e-01 9.445948e-01
5.002031e-01 1.487310e-10 5.726510e-01 9.437382e-01
5.000483e-01 1.443738e-10 5.538110e-01 9.440908e-01
5.000066e-01 1.463093e-10 5.565600e-01 9.445195e-01
4.999316e-01 1.402087e-10 5.311070e-01 9.444137e-01
5.002540e-01 1.493677e-10 5.793980e-01 9.437239e-01
4.999020e-01 1.394851e-10 5.304340e-01 9.444461e-01
5.001655e-01 1.498161e-10 4.977710e-01 9.443890e-01
4.999065e-01 1.393352e-10 5.177880e-01 9.443814e-01
4.998260e-01 1.393444e-10 4.792170e-01 9.446129e-01
5.003755e-01 1.548758e-10 4.999760e-01 9.434915e-01
5.001691e-01 1.496150e-10 5.169540e-01 9.438278e-01
5.000184e-01 1.448441e-10 5.574580e-01 9.443509e-01
5.001270e-01 1.513038e-10 5.663300e-01 9.439583e-01
5.001307e-01 1.502400e-10 5.671830e-01 9.438935e-01
5.001708e-01 1.476977e-10 5.147740e-01 9.438773e-01
5.001553e-01 1.476566e-10 5.787010e-01 9.437887e-01
5.001262e-01 1.510044e-10 5.615990e-01 9.443604e-01
5.000484e-01 1.451748e-10 5.288830e-01 9.443537e-01
4.999826e-01 1.427569e-10 5.281260e-01 9.445405e-01
5.000072e-01 1.412640e-10 5.838380e-01 9.440631e-01
5.001584e-01 1.495403e-10 5.612510e-01 9.440793e-01
5.001874e-01 1.465626e-10 5.663300e-01 9.441012e-01
4.999846e-01 1.405874e-10 5.559930e-01 9.441184e-01
4.998336e-01 1.421276e-10 5.699920e-01 9.445738e-01
5.001126e-01 1.450359e-10 5.903210e-01 9.442289e-01
5.000095e-01 1.432730e-10 5.817070e-01 9.445738e-01
5.000392e-01 1.438798e-10 5.627550e-01 9.441327e-01
5.001598e-01 1.532424e-10 5.472670e-01 9.440841e-01
5.000348e-01 1.434057e-10 5.843920e-01 9.446491e-01
5.000651e-01 1.441138e-10 5.342310e-01 9.444652e-01
4.998639e-01 1.400881e-10 5.905450e-01 9.448911e-01
4.998971e-01 1.407461e-10 5.729690e-01 9.443118e-01
5.000829e-01 1.511288e-10 5.037890e-01 9.446043e-01
5.001089e-01 1.441080e-10 5.543080e-01 9.443480e-01
5.000887e-01 1.467722e-10 5.047680e-01 9.445347e-01
5.001051e-01 1.517417e-10 5.434600e-01 9.443108e-01
5.002300e-01 1.531914e-10 5.615280e-01 9.439164e-01
5.000486e-01 1.429729e-10 5.083040e-01 9.443223e-01
5.002414e-01 1.531176e-10 5.599190e-01 9.438621e-01
5.001094e-01 1.457228e-10 5.674870e-01 9.437897e-01
5.001026e-01 1.462690e-10 5.477310e-01 9.439297e-01
5.002882e-01 1.526214e-10 5.627450e-01 9.439078e-01
5.001044e-01 1.450234e-10 5.462530e-01 9.442785e-01
4.999826e-01 1.428015e-10 5.095980e-01 9.441898e-01
4.998507e-01 1.388240e-10 5.368420e-01 9.446948e-01
5.000045e-01 1.429593e-10 4.939930e-01 9.443909e-01
5.001676e-01 1.547761e-10 5.306060e-01 9.442280e-01
5.000733e-01 1.478003e-10 5.167530e-01 9.441479e-01
5.001710e-01 1.536793e-10 5.415450e-01 9.439393e-01
5.000574e-01 1.433667e-10 5.587710e-01 9.442470e-01
5.001351e-01 1.499884e-10 6.262190e-01 9.441727e-01
5.000158e-01 1.417387e-10 6.975890e-01 9.445033e-01
5.001528e-01 1.488530e-10 5.483680e-01 9.439669e-01
5.000023e-01 1.475597e-10 5.903720e-01 9.442213e-01
5.000515e-01 1.438820e-10 6.168700e-01 9.442432e-01
4.999746e-01 1.445943e-10 5.566870e-01 9.443890e-01
5.001503e-01 1.504328e-10 5.248260e-01 9.438192e-01
4.999865e-01 1.446375e-10 5.252210e-01 9.446043e-01
4.999696e-01 1.406423e-10 5.254960e-01 9.443442e-01
4.998708e-01 1.368502e-10 5.389920e-01 9.446834e-01
4.999855e-01 1.442502e-10 5.673360e-01 9.444014e-01
5.001068e-01 1.455288e-10 5.457170e-01 9.437601e-01
5.000521e-01 1.455228e-10 5.396060e-01 9.445481e-01
5.001094e-01 1.442528e-10 5.654730e-01 9.438449e-01
5.000522e-01 1.449055e-10 5.613060e-01 9.443880e-01
5.002129e-01 1.521309e-10 5.463580e-01 9.442184e-01
5.001104e-01 1.465538e-10 5.243150e-01 9.439860e-01
4.999486e-01 1.399708e-10 5.680370e-01 9.445900e-01
5.004310e-01 1.563763e-10 5.557170e-01 9.431732e-01
5.002712e-01 1.532725e-10 5.347680e-01 9.435810e-01
5.002527e-01 1.497789e-10 4.859570e-01 9.435010e-01
5.000569e-01 1.431740e-10 5.142400e-01 9.444833e-01
4.999076e-01 1.435342e-10 5.495710e-01 9.445328e-01
5.001566e-01 1.524395e-10 6.389760e-01 9.437935e-01
5.000790e-01 1.438929e-10 6.110320e-01 9.438430e-01
5.002358e-01 1.520417e-10 5.981470e-01 9.438125e-01
5.001812e-01 1.510132e-10 5.584890e-01 9.444461e-01
4.999259e-01 1.421076e-10 5.634030e-01 9.443480e-01
5.002426e-01 1.462731e-10 5.459890e-01 9.438688e-01
5.000462e-01 1.445058e-10 5.458180e-01 9.438678e-01
4.999748e-01 1.438578e-10 5.387490e-01 9.445509e-01
