# dim  N   mc   rho  Brute 
# 1    1 1049576 0.4
#
# Theoretical Energy = 5.000000e-01
# Energy     Variance     CPU time     Acceptance
8.455156e-01 3.566307e-07 6.236480e-01 9.449521e-01
5.899182e-01 8.385491e-08 5.515470e-01 9.440174e-01
5.344148e-01 3.651217e-08 5.614000e-01 9.436458e-01
5.188510e-01 1.670282e-08 5.335020e-01 9.440546e-01
5.073606e-01 7.893397e-09 5.626470e-01 9.446900e-01
5.029023e-01 3.985695e-09 5.769780e-01 9.451302e-01
5.022552e-01 2.419606e-09 5.540380e-01 9.452608e-01
5.016840e-01 1.872119e-09 5.692480e-01 9.447148e-01
5.010405e-01 1.607922e-09 5.545100e-01 9.450683e-01
5.013569e-01 1.582660e-09 5.789370e-01 9.445109e-01
5.013963e-01 1.634603e-09 5.340470e-01 9.449597e-01
5.008292e-01 1.528362e-09 5.337610e-01 9.450588e-01
5.015753e-01 1.644813e-09 5.922210e-01 9.447167e-01
5.003951e-01 1.469066e-09 5.563800e-01 9.453627e-01
5.007519e-01 1.574507e-09 5.950630e-01 9.454170e-01
5.012929e-01 1.587535e-09 5.776030e-01 9.448215e-01
5.010012e-01 1.524248e-09 5.756010e-01 9.449663e-01
5.008285e-01 1.518638e-09 5.538210e-01 9.452141e-01
5.009140e-01 1.500486e-09 5.364930e-01 9.450759e-01
5.006644e-01 1.481104e-09 5.631330e-01 9.456647e-01
5.002755e-01 1.438373e-09 5.258180e-01 9.456323e-01
5.010052e-01 1.540497e-09 5.553100e-01 9.449873e-01
5.015262e-01 1.591268e-09 5.426560e-01 9.448739e-01
5.003894e-01 1.465940e-09 5.502570e-01 9.455828e-01
5.004504e-01 1.442693e-09 5.412170e-01 9.457228e-01
5.009044e-01 1.464421e-09 5.592530e-01 9.450769e-01
5.008775e-01 1.496148e-09 5.504510e-01 9.458267e-01
5.010148e-01 1.474933e-09 5.596510e-01 9.454161e-01
5.010649e-01 1.523659e-09 5.598460e-01 9.453770e-01
5.007362e-01 1.511077e-09 5.427000e-01 9.454084e-01
5.007479e-01 1.461835e-09 5.259470e-01 9.451674e-01
5.008804e-01 1.447756e-09 5.284190e-01 9.449225e-01
5.008532e-01 1.486527e-09 5.386760e-01 9.452627e-01
5.006097e-01 1.496841e-09 5.498380e-01 9.453398e-01
5.008228e-01 1.415870e-09 5.472070e-01 9.447729e-01
5.006458e-01 1.416454e-09 5.573890e-01 9.451874e-01
5.008025e-01 1.456750e-09 5.554800e-01 9.447891e-01
5.005630e-01 1.410509e-09 5.272710e-01 9.456447e-01
5.008104e-01 1.443308e-09 5.623600e-01 9.454103e-01
5.005294e-01 1.391461e-09 5.677180e-01 9.456238e-01
5.015214e-01 1.530067e-09 5.270840e-01 9.447701e-01
5.005762e-01 1.392727e-09 5.623000e-01 9.449663e-01
5.005707e-01 1.408026e-09 5.526110e-01 9.450654e-01
5.002091e-01 1.394957e-09 5.372660e-01 9.456047e-01
5.001339e-01 1.338455e-09 5.775930e-01 9.454294e-01
5.006685e-01 1.420783e-09 5.652520e-01 9.450397e-01
5.011072e-01 1.473987e-09 5.626010e-01 9.454332e-01
5.007272e-01 1.404492e-09 5.538140e-01 9.452131e-01
5.006220e-01 1.388453e-09 5.445020e-01 9.453379e-01
5.007142e-01 1.397103e-09 5.730270e-01 9.448272e-01
5.009034e-01 1.421698e-09 5.623840e-01 9.451588e-01
5.008893e-01 1.402357e-09 5.478410e-01 9.451359e-01
5.010858e-01 1.433366e-09 5.644500e-01 9.447110e-01
5.005409e-01 1.379054e-09 5.699750e-01 9.457133e-01
5.009516e-01 1.430495e-09 5.891030e-01 9.451798e-01
5.014895e-01 1.490521e-09 5.492270e-01 9.449216e-01
5.004471e-01 1.354596e-09 5.585190e-01 9.457438e-01
5.005705e-01 1.367053e-09 5.534160e-01 9.452055e-01
5.013797e-01 1.445265e-09 5.634900e-01 9.446672e-01
5.011268e-01 1.415032e-09 5.835380e-01 9.445176e-01
5.015066e-01 1.422076e-09 5.434220e-01 9.446462e-01
5.006717e-01 1.338179e-09 5.608880e-01 9.449492e-01
5.006626e-01 1.334079e-09 6.059610e-01 9.453055e-01
5.003322e-01 1.291988e-09 5.517610e-01 9.453551e-01
5.008857e-01 1.411197e-09 5.539570e-01 9.454580e-01
5.007999e-01 1.368496e-09 5.766410e-01 9.447120e-01
5.008044e-01 1.386494e-09 5.581100e-01 9.450388e-01
5.011168e-01 1.396249e-09 5.717810e-01 9.447663e-01
5.002192e-01 1.283060e-09 5.456220e-01 9.457714e-01
5.007855e-01 1.314648e-09 5.431610e-01 9.450273e-01
5.003854e-01 1.303134e-09 5.726890e-01 9.453818e-01
5.010851e-01 1.369551e-09 5.582880e-01 9.443652e-01
5.002418e-01 1.280056e-09 5.451200e-01 9.454875e-01
5.008286e-01 1.322503e-09 5.647340e-01 9.451245e-01
5.010399e-01 1.345389e-09 5.620500e-01 9.445891e-01
5.010829e-01 1.367628e-09 5.505930e-01 9.446538e-01
5.005809e-01 1.321654e-09 5.419830e-01 9.451674e-01
5.008343e-01 1.355632e-09 5.578200e-01 9.450397e-01
5.006471e-01 1.278120e-09 5.842680e-01 9.448958e-01
5.006615e-01 1.335762e-09 5.715810e-01 9.450692e-01
5.002360e-01 1.281778e-09 5.811080e-01 9.451035e-01
5.004583e-01 1.249627e-09 5.577080e-01 9.452693e-01
5.014346e-01 1.350490e-09 5.576400e-01 9.445090e-01
5.011070e-01 1.358841e-09 6.050590e-01 9.450426e-01
5.006868e-01 1.315261e-09 5.544860e-01 9.449787e-01
5.008668e-01 1.326296e-09 5.398590e-01 9.449301e-01
5.008431e-01 1.344864e-09 5.750230e-01 9.451074e-01
5.008372e-01 1.314057e-09 5.721700e-01 9.448949e-01
5.013793e-01 1.360391e-09 5.724200e-01 9.446862e-01
5.004353e-01 1.243196e-09 5.465350e-01 9.450921e-01
5.002492e-01 1.263802e-09 5.745070e-01 9.449473e-01
5.008413e-01 1.329151e-09 5.567770e-01 9.450416e-01
5.006828e-01 1.286997e-09 5.550430e-01 9.450750e-01
5.004178e-01 1.253974e-09 5.391610e-01 9.453027e-01
5.004104e-01 1.261510e-09 5.620530e-01 9.452874e-01
5.014796e-01 1.348898e-09 5.472570e-01 9.445567e-01
5.010559e-01 1.358597e-09 5.784410e-01 9.453922e-01
5.002117e-01 1.208947e-09 5.664170e-01 9.455942e-01
5.013259e-01 1.330319e-09 5.730630e-01 9.445490e-01
5.004272e-01 1.238874e-09 5.368700e-01 9.454332e-01
5.006526e-01 1.243976e-09 5.723660e-01 9.447453e-01
5.010805e-01 1.332919e-09 5.735440e-01 9.446834e-01
5.001482e-01 1.215817e-09 5.430230e-01 9.459763e-01
4.999586e-01 1.188690e-09 5.847560e-01 9.456199e-01
5.004638e-01 1.209578e-09 5.833410e-01 9.451474e-01
5.005696e-01 1.283336e-09 5.204820e-01 9.456933e-01
5.010373e-01 1.296519e-09 5.677140e-01 9.448501e-01
5.007437e-01 1.300733e-09 5.837350e-01 9.451093e-01
5.009682e-01 1.303104e-09 5.592950e-01 9.448006e-01
5.004872e-01 1.224858e-09 5.368650e-01 9.450397e-01
5.004492e-01 1.211568e-09 5.584880e-01 9.451236e-01
5.002669e-01 1.213292e-09 5.745250e-01 9.453179e-01
5.004325e-01 1.231513e-09 5.782090e-01 9.455113e-01
5.002573e-01 1.236884e-09 5.630240e-01 9.453389e-01
5.010773e-01 1.285644e-09 5.831710e-01 9.443490e-01
5.004874e-01 1.234815e-09 5.350320e-01 9.450578e-01
5.018168e-01 1.379117e-09 5.797480e-01 9.441565e-01
5.006332e-01 1.255365e-09 5.580960e-01 9.448234e-01
5.008640e-01 1.270444e-09 5.379470e-01 9.452903e-01
5.008647e-01 1.283113e-09 5.560330e-01 9.445062e-01
5.007107e-01 1.252268e-09 5.691840e-01 9.446672e-01
5.008162e-01 1.256622e-09 5.663630e-01 9.450149e-01
5.003409e-01 1.209245e-09 5.625510e-01 9.452512e-01
5.009161e-01 1.291526e-09 5.480990e-01 9.454646e-01
5.003602e-01 1.223132e-09 5.593090e-01 9.457228e-01
5.003875e-01 1.206904e-09 5.741130e-01 9.452017e-01
5.005704e-01 1.180721e-09 5.588320e-01 9.448701e-01
5.007366e-01 1.270814e-09 5.599980e-01 9.453408e-01
5.006273e-01 1.229289e-09 5.531180e-01 9.453798e-01
5.009167e-01 1.284642e-09 5.757080e-01 9.451483e-01
5.003083e-01 1.210045e-09 5.712600e-01 9.452522e-01
5.009893e-01 1.293880e-09 6.024840e-01 9.447710e-01
5.003847e-01 1.207927e-09 5.699640e-01 9.455180e-01
5.006762e-01 1.249413e-09 5.449110e-01 9.449235e-01
5.007429e-01 1.250676e-09 5.599910e-01 9.445710e-01
5.005338e-01 1.232312e-09 5.492920e-01 9.457086e-01
5.007640e-01 1.216344e-09 5.359780e-01 9.452198e-01
5.001225e-01 1.172529e-09 5.787850e-01 9.455704e-01
5.007195e-01 1.214704e-09 5.478950e-01 9.451645e-01
5.005926e-01 1.215457e-09 5.731330e-01 9.451102e-01
5.004624e-01 1.212742e-09 5.577050e-01 9.451255e-01
5.010987e-01 1.251641e-09 5.524330e-01 9.441117e-01
5.005575e-01 1.220828e-09 5.859560e-01 9.451617e-01
5.007953e-01 1.208986e-09 5.864360e-01 9.448977e-01
5.001003e-01 1.141670e-09 5.849240e-01 9.454199e-01
5.000477e-01 1.147013e-09 5.550350e-01 9.455313e-01
5.006647e-01 1.199078e-09 5.578150e-01 9.449216e-01
5.003824e-01 1.217287e-09 5.715560e-01 9.451683e-01
5.006478e-01 1.164411e-09 5.440740e-01 9.452036e-01
5.009563e-01 1.242196e-09 5.407950e-01 9.446538e-01
5.006630e-01 1.209436e-09 5.259680e-01 9.448539e-01
5.008636e-01 1.196320e-09 5.367050e-01 9.449111e-01
5.001547e-01 1.145378e-09 5.698330e-01 9.454418e-01
5.002004e-01 1.168576e-09 5.397390e-01 9.455799e-01
5.011371e-01 1.212486e-09 5.848420e-01 9.448911e-01
5.014836e-01 1.265730e-09 5.949590e-01 9.446986e-01
5.004325e-01 1.158701e-09 5.847770e-01 9.450883e-01
5.006440e-01 1.232738e-09 5.856000e-01 9.450159e-01
5.007467e-01 1.213172e-09 5.433770e-01 9.447482e-01
5.001267e-01 1.118568e-09 5.593100e-01 9.457676e-01
5.011815e-01 1.228824e-09 5.744460e-01 9.443861e-01
5.011795e-01 1.244712e-09 5.708910e-01 9.442108e-01
5.005231e-01 1.147805e-09 5.633470e-01 9.452531e-01
5.006671e-01 1.202648e-09 5.430070e-01 9.448539e-01
5.007971e-01 1.188597e-09 5.547240e-01 9.447024e-01
5.001461e-01 1.132142e-09 5.703120e-01 9.455428e-01
5.007617e-01 1.203276e-09 5.368910e-01 9.451864e-01
5.007131e-01 1.211465e-09 5.789310e-01 9.453865e-01
5.005570e-01 1.176328e-09 5.361940e-01 9.450645e-01
5.005335e-01 1.151824e-09 5.785950e-01 9.452951e-01
5.010017e-01 1.246261e-09 5.679450e-01 9.454637e-01
5.008066e-01 1.202377e-09 5.290480e-01 9.449759e-01
5.003577e-01 1.166833e-09 5.389670e-01 9.447663e-01
5.003887e-01 1.148056e-09 5.472450e-01 9.448215e-01
5.001091e-01 1.128154e-09 5.714980e-01 9.454875e-01
5.007194e-01 1.188702e-09 5.534130e-01 9.446462e-01
5.003991e-01 1.161215e-09 5.585410e-01 9.451788e-01
5.001632e-01 1.112399e-09 5.436440e-01 9.454122e-01
5.006319e-01 1.136879e-09 5.570370e-01 9.448663e-01
5.009530e-01 1.229197e-09 5.612070e-01 9.451407e-01
5.010490e-01 1.188136e-09 5.541220e-01 9.443680e-01
5.003243e-01 1.145762e-09 5.533820e-01 9.452303e-01
5.011067e-01 1.221982e-09 5.693300e-01 9.447910e-01
5.003747e-01 1.119422e-09 5.582720e-01 9.455571e-01
5.005238e-01 1.149597e-09 5.750970e-01 9.444852e-01
5.005183e-01 1.139821e-09 5.589170e-01 9.449063e-01
5.005513e-01 1.170548e-09 5.178260e-01 9.445548e-01
5.000946e-01 1.079726e-09 5.821520e-01 9.455361e-01
5.005591e-01 1.158281e-09 5.369890e-01 9.451645e-01
5.006854e-01 1.150628e-09 5.712930e-01 9.448568e-01
5.005759e-01 1.155477e-09 5.586430e-01 9.450016e-01
5.010382e-01 1.233728e-09 5.778380e-01 9.448272e-01
5.007553e-01 1.211675e-09 5.605870e-01 9.453922e-01
5.005549e-01 1.182357e-09 5.562310e-01 9.451007e-01
5.011969e-01 1.216505e-09 5.330770e-01 9.443509e-01
5.007657e-01 1.164047e-09 5.600410e-01 9.452712e-01
5.002537e-01 1.103139e-09 5.570000e-01 9.455818e-01
5.002438e-01 1.120131e-09 5.769430e-01 9.456647e-01
5.005944e-01 1.186770e-09 5.594630e-01 9.450064e-01
5.011154e-01 1.206252e-09 5.880200e-01 9.444671e-01
5.005286e-01 1.169876e-09 5.154670e-01 9.453637e-01
5.005116e-01 1.147989e-09 5.882100e-01 9.450369e-01
5.011417e-01 1.194237e-09 5.404160e-01 9.448854e-01
5.010380e-01 1.185603e-09 6.021340e-01 9.453074e-01
5.003677e-01 1.152632e-09 5.498910e-01 9.454313e-01
5.008010e-01 1.166913e-09 5.507750e-01 9.451388e-01
5.010034e-01 1.179191e-09 5.685500e-01 9.448692e-01
5.002268e-01 1.094883e-09 5.650900e-01 9.455275e-01
5.001520e-01 1.097982e-09 5.833380e-01 9.451483e-01
5.005129e-01 1.133509e-09 5.673110e-01 9.450702e-01
5.004776e-01 1.134853e-09 5.661770e-01 9.453236e-01
5.009342e-01 1.160889e-09 5.547860e-01 9.448234e-01
5.007242e-01 1.170666e-09 5.763570e-01 9.443794e-01
5.005906e-01 1.143632e-09 5.724840e-01 9.449930e-01
4.995583e-01 1.047858e-09 5.836580e-01 9.457953e-01
5.005624e-01 1.123885e-09 5.328950e-01 9.449845e-01
5.012289e-01 1.229240e-09 5.515620e-01 9.446281e-01
5.005889e-01 1.127668e-09 5.329400e-01 9.453198e-01
4.999974e-01 1.068305e-09 5.604420e-01 9.454084e-01
5.010414e-01 1.170408e-09 5.498810e-01 9.444033e-01
5.005986e-01 1.129386e-09 5.686100e-01 9.449797e-01
5.006252e-01 1.099733e-09 5.450720e-01 9.449111e-01
5.008769e-01 1.167700e-09 5.767480e-01 9.448930e-01
5.006384e-01 1.099126e-09 5.704230e-01 9.451197e-01
5.011214e-01 1.172736e-09 5.480540e-01 9.447024e-01
5.001367e-01 1.074763e-09 5.606100e-01 9.458515e-01
5.004045e-01 1.114519e-09 5.681120e-01 9.455113e-01
5.002838e-01 1.094427e-09 5.641500e-01 9.452122e-01
5.007684e-01 1.167698e-09 5.459440e-01 9.449625e-01
5.004443e-01 1.099682e-09 5.588190e-01 9.452131e-01
5.001896e-01 1.096336e-09 5.601420e-01 9.452731e-01
5.001203e-01 1.061204e-09 5.246730e-01 9.453246e-01
5.006476e-01 1.138807e-09 5.769440e-01 9.447748e-01
5.003041e-01 1.094407e-09 5.517550e-01 9.449092e-01
5.011456e-01 1.210999e-09 5.675950e-01 9.449120e-01
5.009793e-01 1.196467e-09 5.690990e-01 9.448625e-01
5.008640e-01 1.115556e-09 5.695080e-01 9.447872e-01
5.004764e-01 1.133549e-09 5.731710e-01 9.447815e-01
5.002309e-01 1.085186e-09 5.572190e-01 9.454208e-01
5.005374e-01 1.130495e-09 5.229330e-01 9.448682e-01
5.008668e-01 1.135446e-09 5.526160e-01 9.446253e-01
5.005401e-01 1.129452e-09 5.571780e-01 9.452503e-01
5.008983e-01 1.138196e-09 5.630720e-01 9.448234e-01
5.004421e-01 1.125433e-09 5.520690e-01 9.449673e-01
5.008209e-01 1.109293e-09 5.565600e-01 9.446195e-01
5.005104e-01 1.096449e-09 5.540090e-01 9.452217e-01
5.004263e-01 1.052273e-09 5.600430e-01 9.450797e-01
5.005598e-01 1.100571e-09 5.709500e-01 9.448473e-01
4.999398e-01 1.032712e-09 5.581870e-01 9.456533e-01
5.006926e-01 1.116909e-09 5.795280e-01 9.447081e-01
5.004182e-01 1.067850e-09 5.451660e-01 9.452569e-01
5.004227e-01 1.094173e-09 5.700860e-01 9.449568e-01
5.003676e-01 1.118116e-09 5.689520e-01 9.450445e-01
5.008423e-01 1.116156e-09 5.547270e-01 9.451312e-01
5.004183e-01 1.083758e-09 5.498640e-01 9.451045e-01
5.009836e-01 1.134969e-09 5.480610e-01 9.447148e-01
5.006056e-01 1.075565e-09 5.406650e-01 9.446091e-01
5.005652e-01 1.123618e-09 5.456580e-01 9.448415e-01
4.999207e-01 1.038965e-09 5.723570e-01 9.453789e-01
5.009721e-01 1.145691e-09 5.484040e-01 9.448654e-01
5.004010e-01 1.095675e-09 5.530410e-01 9.453665e-01
5.003008e-01 1.061918e-09 5.491150e-01 9.453503e-01
5.009909e-01 1.164856e-09 5.698500e-01 9.445919e-01
5.006789e-01 1.119064e-09 5.388910e-01 9.448272e-01
5.002993e-01 1.087449e-09 5.480410e-01 9.453294e-01
5.009006e-01 1.105453e-09 5.380940e-01 9.447977e-01
5.005601e-01 1.108728e-09 5.595040e-01 9.452522e-01
5.008384e-01 1.147340e-09 5.756410e-01 9.449606e-01
5.008854e-01 1.114785e-09 5.384630e-01 9.447625e-01
5.005683e-01 1.081710e-09 5.581100e-01 9.451741e-01
5.006185e-01 1.120339e-09 5.520420e-01 9.444842e-01
5.004643e-01 1.062051e-09 5.675190e-01 9.450788e-01
5.011042e-01 1.146293e-09 5.485030e-01 9.442051e-01
5.003504e-01 1.036501e-09 5.340520e-01 9.452026e-01
5.002712e-01 1.021000e-09 5.665040e-01 9.449949e-01
5.005544e-01 1.097789e-09 5.582030e-01 9.452074e-01
4.999166e-01 1.022821e-09 5.594060e-01 9.454475e-01
5.002505e-01 1.056317e-09 5.496400e-01 9.450207e-01
5.004267e-01 1.054861e-09 5.392550e-01 9.449540e-01
5.000634e-01 1.033552e-09 5.728230e-01 9.453798e-01
5.007276e-01 1.116046e-09 5.918070e-01 9.451321e-01
5.005798e-01 1.107002e-09 5.485860e-01 9.448720e-01
5.005825e-01 1.084700e-09 5.482370e-01 9.451893e-01
5.004906e-01 1.069801e-09 5.788320e-01 9.445805e-01
5.007085e-01 1.095596e-09 5.993900e-01 9.446929e-01
5.004090e-01 1.065101e-09 5.632240e-01 9.449435e-01
5.009806e-01 1.144354e-09 5.375330e-01 9.447263e-01
5.005403e-01 1.049539e-09 5.580490e-01 9.447272e-01
5.009939e-01 1.118330e-09 5.695540e-01 9.447548e-01
5.005593e-01 1.120842e-09 5.850250e-01 9.446348e-01
5.003856e-01 1.070102e-09 5.590370e-01 9.450826e-01
5.006574e-01 1.104895e-09 5.704580e-01 9.450378e-01
5.005075e-01 1.097281e-09 5.645570e-01 9.450435e-01
5.005791e-01 1.076562e-09 5.626630e-01 9.446929e-01
5.005505e-01 1.096039e-09 5.822650e-01 9.451426e-01
5.008885e-01 1.130827e-09 5.393590e-01 9.445643e-01
5.002058e-01 1.043632e-09 5.634360e-01 9.453227e-01
5.006222e-01 1.052079e-09 5.423020e-01 9.447386e-01
5.001075e-01 1.069586e-09 5.523580e-01 9.457581e-01
5.008153e-01 1.072638e-09 5.566970e-01 9.449768e-01
5.005270e-01 1.082328e-09 5.425490e-01 9.453532e-01
5.003615e-01 1.034954e-09 5.657390e-01 9.451531e-01
5.002489e-01 1.040791e-09 5.494640e-01 9.455904e-01
5.007239e-01 1.058710e-09 5.542910e-01 9.443671e-01
5.004811e-01 1.057930e-09 5.688660e-01 9.449511e-01
5.010055e-01 1.107523e-09 5.566980e-01 9.451378e-01
5.003570e-01 1.035473e-09 5.663660e-01 9.449282e-01
5.008281e-01 1.100166e-09 5.669840e-01 9.450111e-01
5.005806e-01 1.069581e-09 5.419590e-01 9.448625e-01
5.005380e-01 1.064247e-09 5.415830e-01 9.452331e-01
5.011264e-01 1.135593e-09 5.842600e-01 9.444623e-01
5.010571e-01 1.154537e-09 5.515220e-01 9.451140e-01
5.003867e-01 1.063144e-09 5.389280e-01 9.457867e-01
5.006523e-01 1.040744e-09 5.824620e-01 9.445004e-01
5.006240e-01 1.045701e-09 5.659750e-01 9.447377e-01
5.005453e-01 1.042881e-09 5.337460e-01 9.450511e-01
5.014459e-01 1.142059e-09 5.443560e-01 9.436592e-01
4.998537e-01 9.973974e-10 5.461850e-01 9.456733e-01
5.001631e-01 1.058738e-09 5.325050e-01 9.457876e-01
5.002095e-01 1.016726e-09 5.793930e-01 9.453503e-01
5.004771e-01 1.056275e-09 5.385030e-01 9.448606e-01
4.998614e-01 9.881611e-10 5.537300e-01 9.453627e-01
4.999228e-01 9.996424e-10 5.727380e-01 9.453656e-01
4.999728e-01 1.025459e-09 5.789710e-01 9.460382e-01
5.003874e-01 1.038917e-09 5.781010e-01 9.453522e-01
5.006571e-01 1.069462e-09 6.133980e-01 9.450092e-01
5.012685e-01 1.090312e-09 5.503580e-01 9.438983e-01
5.007864e-01 1.102593e-09 5.277300e-01 9.451369e-01
5.006855e-01 1.070751e-09 5.457510e-01 9.450788e-01
5.004541e-01 1.048977e-09 5.351120e-01 9.448873e-01
5.006628e-01 1.083089e-09 5.489770e-01 9.451607e-01
5.004838e-01 1.086058e-09 5.757540e-01 9.452369e-01
5.004143e-01 1.060641e-09 5.245020e-01 9.451216e-01
5.006332e-01 1.060392e-09 5.543820e-01 9.448615e-01
5.007322e-01 1.083795e-09 5.687260e-01 9.451893e-01
5.000604e-01 1.003891e-09 5.684030e-01 9.451045e-01
5.004950e-01 1.040286e-09 5.639800e-01 9.452493e-01
5.008932e-01 1.081879e-09 5.597420e-01 9.449683e-01
5.008260e-01 1.108427e-09 5.583230e-01 9.448634e-01
5.010409e-01 1.090141e-09 5.711520e-01 9.440412e-01
5.011463e-01 1.113007e-09 5.529940e-01 9.444661e-01
5.007306e-01 1.074941e-09 5.613490e-01 9.451093e-01
5.003478e-01 1.031210e-09 5.662450e-01 9.450807e-01
5.008242e-01 1.074691e-09 5.766860e-01 9.447062e-01
5.007025e-01 1.063990e-09 5.563580e-01 9.447348e-01
5.005063e-01 1.037965e-09 5.458360e-01 9.451445e-01
5.002755e-01 1.079117e-09 5.648860e-01 9.455170e-01
5.003139e-01 1.047830e-09 5.309420e-01 9.454380e-01
5.009761e-01 1.124698e-09 5.872100e-01 9.447053e-01
5.001925e-01 1.035836e-09 5.704270e-01 9.456085e-01
5.004055e-01 1.042576e-09 5.608010e-01 9.448206e-01
5.007804e-01 1.093459e-09 5.605170e-01 9.451140e-01
5.008858e-01 1.096203e-09 5.785930e-01 9.446110e-01
5.010615e-01 1.074432e-09 5.353070e-01 9.450197e-01
5.008436e-01 1.071375e-09 5.609770e-01 9.449320e-01
5.004675e-01 1.022523e-09 5.795470e-01 9.449521e-01
5.006882e-01 1.076398e-09 5.613240e-01 9.449997e-01
5.004545e-01 1.030495e-09 5.757970e-01 9.449435e-01
5.004280e-01 1.033150e-09 5.972020e-01 9.447720e-01
5.002177e-01 1.020171e-09 5.389340e-01 9.451617e-01
5.008957e-01 1.071235e-09 5.877130e-01 9.444299e-01
5.006944e-01 1.016142e-09 5.753930e-01 9.446986e-01
5.004458e-01 1.044616e-09 5.677590e-01 9.451636e-01
5.002358e-01 1.018388e-09 5.659850e-01 9.454199e-01
5.005578e-01 1.037128e-09 5.741910e-01 9.456380e-01
4.997537e-01 9.756840e-10 5.411810e-01 9.455876e-01
5.002994e-01 1.011482e-09 5.866000e-01 9.452550e-01
5.000050e-01 1.003504e-09 5.503990e-01 9.456485e-01
5.007321e-01 1.081241e-09 5.541010e-01 9.448511e-01
5.005084e-01 1.068533e-09 5.526950e-01 9.449997e-01
5.005771e-01 1.066682e-09 5.664220e-01 9.451702e-01
5.009442e-01 1.094082e-09 5.741680e-01 9.450102e-01
5.012940e-01 1.105959e-09 5.330310e-01 9.436601e-01
5.010310e-01 1.065663e-09 5.549560e-01 9.445519e-01
5.006366e-01 1.042299e-09 5.752890e-01 9.452531e-01
5.006500e-01 1.050613e-09 5.379660e-01 9.449101e-01
5.004610e-01 9.940796e-10 5.490100e-01 9.454227e-01
5.006966e-01 1.039489e-09 5.574010e-01 9.448072e-01
5.002173e-01 1.016279e-09 5.539480e-01 9.453284e-01
5.004600e-01 1.010983e-09 5.786770e-01 9.454885e-01
5.006738e-01 1.030572e-09 5.810310e-01 9.449540e-01
5.013863e-01 1.079141e-09 5.294610e-01 9.442299e-01
5.007838e-01 1.072879e-09 5.726160e-01 9.447263e-01
5.002449e-01 1.000907e-09 5.627910e-01 9.449101e-01
5.007613e-01 1.067992e-09 5.605830e-01 9.448673e-01
5.010908e-01 1.078091e-09 5.708050e-01 9.443794e-01
4.998666e-01 9.764330e-10 5.487940e-01 9.461011e-01
5.007021e-01 1.039019e-09 5.480700e-01 9.451131e-01
5.001012e-01 9.910432e-10 5.671470e-01 9.453227e-01
5.000378e-01 9.726549e-10 5.539670e-01 9.453598e-01
5.005631e-01 1.031197e-09 5.309000e-01 9.450054e-01
4.998385e-01 9.571357e-10 5.516400e-01 9.457000e-01
5.001750e-01 9.911322e-10 5.631880e-01 9.456485e-01
5.000112e-01 9.567322e-10 5.476870e-01 9.452712e-01
5.001998e-01 9.614655e-10 5.528810e-01 9.449463e-01
5.010025e-01 1.075371e-09 5.330670e-01 9.445633e-01
5.007572e-01 1.049043e-09 5.684680e-01 9.445833e-01
5.005641e-01 1.038733e-09 5.584020e-01 9.450921e-01
5.008557e-01 1.034621e-09 5.388770e-01 9.446891e-01
5.009212e-01 1.055980e-09 5.772020e-01 9.449568e-01
5.004411e-01 9.950670e-10 5.588230e-01 9.449454e-01
5.010254e-01 1.103504e-09 5.570780e-01 9.443404e-01
5.011613e-01 1.064828e-09 5.443760e-01 9.442861e-01
4.998995e-01 9.932255e-10 5.530200e-01 9.453351e-01
5.006277e-01 1.029225e-09 5.614950e-01 9.449673e-01
5.005723e-01 9.813561e-10 5.808130e-01 9.451188e-01
5.002407e-01 9.956805e-10 5.469900e-01 9.453913e-01
5.004480e-01 1.000384e-09 5.568890e-01 9.450845e-01
5.000527e-01 9.746382e-10 5.703140e-01 9.452808e-01
5.003446e-01 9.892342e-10 5.305630e-01 9.448463e-01
5.006589e-01 1.027859e-09 5.589780e-01 9.448863e-01
5.014214e-01 1.138572e-09 5.463150e-01 9.443289e-01
5.005833e-01 1.005482e-09 5.564820e-01 9.446824e-01
5.009024e-01 1.069163e-09 5.523560e-01 9.450159e-01
5.003443e-01 9.987132e-10 5.666870e-01 9.452084e-01
5.003937e-01 1.011598e-09 5.360850e-01 9.449997e-01
5.006855e-01 1.026132e-09 5.648140e-01 9.449892e-01
5.009088e-01 1.069182e-09 5.341350e-01 9.449940e-01
5.006164e-01 9.974813e-10 5.527110e-01 9.447110e-01
4.998228e-01 9.523463e-10 5.447870e-01 9.458429e-01
5.006704e-01 9.940126e-10 5.443330e-01 9.444480e-01
5.001319e-01 1.003263e-09 5.442440e-01 9.455742e-01
5.006181e-01 9.967566e-10 5.372210e-01 9.448863e-01
5.012421e-01 1.051624e-09 5.691560e-01 9.442060e-01
5.004818e-01 9.574573e-10 5.441900e-01 9.449578e-01
5.000416e-01 9.507818e-10 5.230090e-01 9.454951e-01
5.005043e-01 9.865144e-10 5.568950e-01 9.449340e-01
5.010077e-01 1.049797e-09 5.712190e-01 9.445062e-01
5.002956e-01 9.541752e-10 5.670720e-01 9.449101e-01
5.006671e-01 9.916847e-10 5.493260e-01 9.444109e-01
5.006073e-01 9.934752e-10 5.877090e-01 9.446691e-01
5.008210e-01 1.003551e-09 5.960750e-01 9.445424e-01
5.001705e-01 9.625402e-10 5.755840e-01 9.452112e-01
5.006866e-01 9.951231e-10 5.451650e-01 9.448892e-01
5.008072e-01 1.023317e-09 5.534520e-01 9.446624e-01
5.002474e-01 9.773323e-10 5.351690e-01 9.450111e-01
5.005515e-01 1.041496e-09 5.306480e-01 9.451960e-01
5.000268e-01 9.523139e-10 5.638220e-01 9.455904e-01
5.006614e-01 1.034852e-09 5.619510e-01 9.449463e-01
5.008529e-01 1.048036e-09 5.442610e-01 9.447853e-01
5.009614e-01 1.076939e-09 5.709810e-01 9.449330e-01
5.006992e-01 1.008255e-09 5.672180e-01 9.447243e-01
5.006602e-01 1.029785e-09 5.653250e-01 9.449511e-01
5.003732e-01 1.000814e-09 5.878920e-01 9.449225e-01
5.004036e-01 1.004488e-09 5.801400e-01 9.455228e-01
4.999919e-01 9.595338e-10 5.387780e-01 9.455952e-01
5.008748e-01 1.052486e-09 5.490820e-01 9.445967e-01
5.007016e-01 9.692836e-10 5.591650e-01 9.446948e-01
5.009068e-01 1.071049e-09 5.414610e-01 9.446929e-01
5.004815e-01 9.909526e-10 5.530670e-01 9.449454e-01
5.004094e-01 1.012236e-09 5.718030e-01 9.452084e-01
5.002510e-01 9.868697e-10 5.597780e-01 9.448920e-01
5.007181e-01 9.852959e-10 5.588750e-01 9.449530e-01
5.010994e-01 1.025391e-09 5.806340e-01 9.444623e-01
5.005812e-01 9.957387e-10 5.519760e-01 9.450950e-01
5.006562e-01 9.979312e-10 5.701810e-01 9.446157e-01
5.007916e-01 1.021205e-09 5.274010e-01 9.452169e-01
5.005289e-01 9.790139e-10 5.717820e-01 9.443985e-01
5.004517e-01 9.852889e-10 5.510400e-01 9.447520e-01
5.008564e-01 1.033029e-09 5.657770e-01 9.447196e-01
5.006463e-01 9.877215e-10 5.516540e-01 9.446538e-01
5.007665e-01 9.920825e-10 5.566110e-01 9.446662e-01
5.000941e-01 9.970862e-10 5.678890e-01 9.458639e-01
5.003207e-01 9.825053e-10 5.718900e-01 9.452369e-01
5.006348e-01 1.004992e-09 5.806800e-01 9.446805e-01
5.003617e-01 9.929799e-10 5.548820e-01 9.450178e-01
5.009808e-01 1.012104e-09 5.643310e-01 9.444738e-01
5.002233e-01 9.483006e-10 5.459300e-01 9.451817e-01
5.008449e-01 1.011987e-09 5.464420e-01 9.443642e-01
5.011885e-01 1.041854e-09 5.358610e-01 9.436372e-01
4.999059e-01 9.557471e-10 5.622610e-01 9.458505e-01
5.005266e-01 9.785571e-10 5.772060e-01 9.449816e-01
5.010187e-01 1.019569e-09 5.566640e-01 9.449301e-01
5.005618e-01 1.001405e-09 5.383360e-01 9.448958e-01
4.999417e-01 9.412044e-10 5.799740e-01 9.456457e-01
5.006827e-01 9.910083e-10 5.695060e-01 9.447863e-01
5.009161e-01 1.019864e-09 5.634340e-01 9.449749e-01
5.004500e-01 9.674964e-10 5.736400e-01 9.450959e-01
5.007265e-01 1.000364e-09 5.527380e-01 9.445500e-01
5.004423e-01 9.730076e-10 5.606680e-01 9.452207e-01
5.004214e-01 9.748873e-10 5.544880e-01 9.452236e-01
5.006816e-01 9.905629e-10 5.636900e-01 9.448587e-01
5.011363e-01 1.032789e-09 5.442710e-01 9.445414e-01
5.006399e-01 9.947948e-10 5.556050e-01 9.449301e-01
5.003632e-01 9.704739e-10 5.902870e-01 9.450750e-01
4.999063e-01 9.432855e-10 5.770420e-01 9.452684e-01
5.009102e-01 9.843020e-10 5.408160e-01 9.441422e-01
5.003575e-01 9.997653e-10 5.510690e-01 9.450521e-01
5.003736e-01 9.499571e-10 5.420390e-01 9.450016e-01
5.006096e-01 9.616436e-10 5.633820e-01 9.446157e-01
5.001497e-01 9.311137e-10 5.612150e-01 9.458172e-01
5.008187e-01 9.973041e-10 5.408990e-01 9.444871e-01
5.002954e-01 9.474064e-10 5.493510e-01 9.452245e-01
5.003119e-01 9.443027e-10 5.452890e-01 9.446977e-01
5.006131e-01 9.804215e-10 5.563780e-01 9.450359e-01
5.000937e-01 9.579827e-10 5.608980e-01 9.455618e-01
4.998963e-01 9.240290e-10 5.503290e-01 9.453741e-01
5.006839e-01 9.803719e-10 5.591280e-01 9.444242e-01
5.000980e-01 9.164250e-10 5.422650e-01 9.455494e-01
5.006908e-01 1.003591e-09 5.622510e-01 9.446453e-01
5.008485e-01 9.904142e-10 5.766090e-01 9.449187e-01
5.006993e-01 9.774823e-10 5.382010e-01 9.447415e-01
5.004241e-01 9.473139e-10 5.527210e-01 9.451035e-01
4.999639e-01 9.247458e-10 5.591040e-01 9.457514e-01
5.005792e-01 9.793841e-10 5.645700e-01 9.445814e-01
5.003262e-01 9.493438e-10 5.408840e-01 9.455571e-01
5.004508e-01 9.569381e-10 5.679000e-01 9.449835e-01
5.008109e-01 9.798113e-10 5.530760e-01 9.444166e-01
5.003514e-01 9.608538e-10 5.585810e-01 9.457086e-01
5.007555e-01 1.017406e-09 5.916570e-01 9.444738e-01
5.001222e-01 9.270903e-10 5.448640e-01 9.457076e-01
5.007329e-01 9.919733e-10 5.515450e-01 9.448501e-01
5.002109e-01 9.439776e-10 5.667080e-01 9.451912e-01
5.005536e-01 1.002607e-09 5.814410e-01 9.448101e-01
5.006692e-01 9.862526e-10 5.599690e-01 9.447224e-01
5.009914e-01 1.002143e-09 5.315460e-01 9.439288e-01
5.000926e-01 9.198095e-10 5.958580e-01 9.450931e-01
5.006210e-01 9.808602e-10 5.716310e-01 9.448920e-01
5.004933e-01 9.584935e-10 5.410130e-01 9.446500e-01
5.010969e-01 9.876638e-10 5.532650e-01 9.441889e-01
5.003851e-01 9.458632e-10 5.438790e-01 9.452684e-01
5.002987e-01 9.501688e-10 5.503320e-01 9.452312e-01
5.006712e-01 9.762420e-10 5.706620e-01 9.448272e-01
5.000918e-01 9.106823e-10 5.546870e-01 9.449092e-01
5.004025e-01 9.531807e-10 5.796870e-01 9.454303e-01
5.009574e-01 9.980973e-10 5.709290e-01 9.447920e-01
5.006201e-01 9.764253e-10 5.517000e-01 9.444757e-01
4.997688e-01 8.924451e-10 5.497850e-01 9.456533e-01
5.005074e-01 9.654002e-10 5.803500e-01 9.448110e-01
5.006869e-01 9.414503e-10 5.821160e-01 9.444919e-01
5.003110e-01 9.377579e-10 5.665680e-01 9.451102e-01
5.000815e-01 9.034971e-10 5.502680e-01 9.452646e-01
5.001404e-01 9.319153e-10 5.710180e-01 9.450664e-01
5.006728e-01 9.695429e-10 5.775300e-01 9.445033e-01
5.001112e-01 8.983650e-10 5.831590e-01 9.451569e-01
5.004609e-01 9.646468e-10 5.701720e-01 9.448777e-01
5.011475e-01 1.000519e-09 5.756820e-01 9.443366e-01
5.007761e-01 9.752203e-10 5.666140e-01 9.448482e-01
5.001489e-01 9.387140e-10 5.564970e-01 9.454513e-01
5.007209e-01 9.623075e-10 5.463220e-01 9.448453e-01
5.008449e-01 9.923561e-10 5.710050e-01 9.445824e-01
5.002807e-01 9.599350e-10 5.536080e-01 9.450245e-01
5.003670e-01 9.246773e-10 5.612810e-01 9.450654e-01
5.003414e-01 9.165922e-10 5.620300e-01 9.451712e-01
5.007436e-01 9.751205e-10 5.661240e-01 9.449559e-01
5.009018e-01 9.939139e-10 5.397440e-01 9.442899e-01
5.010375e-01 9.786883e-10 5.524740e-01 9.439783e-01
5.006328e-01 9.609877e-10 6.051930e-01 9.448149e-01
5.004980e-01 9.398838e-10 5.765410e-01 9.445757e-01
5.001216e-01 9.090865e-10 5.576370e-01 9.453722e-01
5.003574e-01 9.075605e-10 5.676630e-01 9.447529e-01
5.004376e-01 9.480337e-10 5.693650e-01 9.452084e-01
4.999418e-01 8.905526e-10 5.206900e-01 9.450378e-01
4.999624e-01 8.819517e-10 5.689980e-01 9.450797e-01
5.003084e-01 9.291759e-10 5.654340e-01 9.455028e-01
5.001591e-01 9.254576e-10 5.742140e-01 9.452827e-01
5.005402e-01 9.574901e-10 5.661640e-01 9.448816e-01
5.002443e-01 9.334582e-10 5.341750e-01 9.449883e-01
5.005926e-01 9.334746e-10 5.223620e-01 9.451674e-01
5.008793e-01 9.832493e-10 5.628020e-01 9.447377e-01
5.002671e-01 9.175933e-10 5.615950e-01 9.453475e-01
5.005575e-01 9.565532e-10 5.862720e-01 9.451607e-01
5.004029e-01 9.524519e-10 5.522500e-01 9.451350e-01
5.006365e-01 9.430942e-10 5.565630e-01 9.448825e-01
5.002510e-01 9.279374e-10 5.471320e-01 9.457791e-01
5.000297e-01 9.141322e-10 5.487110e-01 9.455885e-01
5.000167e-01 9.113400e-10 5.421650e-01 9.459286e-01
4.995633e-01 8.491756e-10 5.514730e-01 9.452436e-01
5.006463e-01 9.412967e-10 5.510100e-01 9.444318e-01
5.003202e-01 9.006148e-10 5.929840e-01 9.451331e-01
5.004173e-01 9.272096e-10 5.734080e-01 9.446910e-01
5.005521e-01 9.856225e-10 5.577780e-01 9.449044e-01
5.005617e-01 9.534638e-10 5.656540e-01 9.450673e-01
5.006607e-01 9.590591e-10 5.538650e-01 9.446834e-01
5.002068e-01 9.199108e-10 5.741760e-01 9.455456e-01
5.007437e-01 9.534455e-10 5.564760e-01 9.444309e-01
5.011256e-01 1.013087e-09 5.641240e-01 9.442251e-01
4.999157e-01 8.823146e-10 5.584620e-01 9.453236e-01
5.007403e-01 9.554317e-10 5.789030e-01 9.445052e-01
5.009639e-01 9.759506e-10 5.804710e-01 9.448282e-01
5.001991e-01 9.214424e-10 5.878510e-01 9.452750e-01
5.006882e-01 9.521469e-10 5.612220e-01 9.447949e-01
5.007866e-01 9.249579e-10 5.822290e-01 9.447034e-01
5.001259e-01 9.011330e-10 5.281120e-01 9.452455e-01
4.998327e-01 8.592307e-10 5.345950e-01 9.455447e-01
5.005883e-01 9.308373e-10 5.714230e-01 9.444376e-01
5.006335e-01 9.375316e-10 5.597430e-01 9.447005e-01
5.004183e-01 9.012709e-10 5.537610e-01 9.448930e-01
5.005823e-01 9.344349e-10 5.502720e-01 9.447177e-01
5.001678e-01 8.858628e-10 5.493490e-01 9.452293e-01
5.004754e-01 9.188804e-10 5.751290e-01 9.448110e-01
5.002944e-01 9.081986e-10 5.468790e-01 9.444052e-01
5.003378e-01 9.106283e-10 5.636310e-01 9.452493e-01
5.006756e-01 9.327863e-10 5.481660e-01 9.444423e-01
5.008085e-01 9.518509e-10 5.985300e-01 9.445052e-01
5.009825e-01 9.634085e-10 5.491100e-01 9.440126e-01
5.007449e-01 9.335359e-10 5.610270e-01 9.445957e-01
5.003523e-01 8.899618e-10 5.624190e-01 9.447253e-01
5.002842e-01 9.186109e-10 5.581940e-01 9.453837e-01
5.006490e-01 9.361013e-10 5.716670e-01 9.447910e-01
5.001122e-01 9.066150e-10 5.613550e-01 9.457286e-01
5.005940e-01 9.462819e-10 5.912050e-01 9.452931e-01
5.007791e-01 9.556006e-10 5.358380e-01 9.447758e-01
5.003831e-01 9.342798e-10 5.517160e-01 9.446929e-01
5.004614e-01 9.311577e-10 5.659240e-01 9.453503e-01
5.002828e-01 9.128646e-10 5.532670e-01 9.448139e-01
5.001144e-01 8.961609e-10 5.612080e-01 9.454513e-01
5.002990e-01 8.888100e-10 5.714220e-01 9.450569e-01
5.006039e-01 9.332625e-10 5.504290e-01 9.448110e-01
5.000576e-01 8.772179e-10 5.507940e-01 9.451893e-01
5.002869e-01 9.176735e-10 5.584080e-01 9.447815e-01
5.005191e-01 9.239034e-10 5.656450e-01 9.447377e-01
5.000505e-01 8.438941e-10 5.567040e-01 9.451769e-01
5.006286e-01 9.134541e-10 5.512630e-01 9.446043e-01
5.006215e-01 9.334477e-10 5.914530e-01 9.448415e-01
5.005826e-01 9.581508e-10 5.491900e-01 9.448816e-01
5.007274e-01 9.625852e-10 5.480650e-01 9.442756e-01
5.008112e-01 9.579886e-10 5.399670e-01 9.445776e-01
5.005802e-01 9.312245e-10 5.732090e-01 9.443385e-01
5.006574e-01 9.435928e-10 5.626840e-01 9.450092e-01
5.002861e-01 8.967229e-10 5.437780e-01 9.453036e-01
5.003059e-01 9.168474e-10 5.423620e-01 9.455876e-01
5.006681e-01 9.403844e-10 5.443190e-01 9.448244e-01
5.001071e-01 8.694020e-10 5.692400e-01 9.450292e-01
5.004017e-01 9.092054e-10 5.455580e-01 9.452179e-01
5.004452e-01 9.277050e-10 5.778520e-01 9.449749e-01
5.005129e-01 9.123698e-10 5.625900e-01 9.449940e-01
5.002361e-01 8.938124e-10 5.466300e-01 9.452970e-01
5.006204e-01 9.343231e-10 5.559650e-01 9.449006e-01
5.004035e-01 9.316098e-10 5.638190e-01 9.454456e-01
5.001572e-01 8.592403e-10 5.407700e-01 9.450921e-01
5.002097e-01 9.031527e-10 5.477650e-01 9.452417e-01
5.002270e-01 8.943473e-10 5.794090e-01 9.452207e-01
5.001041e-01 8.862806e-10 5.665770e-01 9.453656e-01
5.006463e-01 9.279809e-10 5.195960e-01 9.447825e-01
5.007828e-01 9.126153e-10 5.845950e-01 9.445062e-01
5.000439e-01 8.649481e-10 5.623340e-01 9.453055e-01
5.006507e-01 9.332794e-10 5.545630e-01 9.443451e-01
5.009546e-01 9.632162e-10 6.012160e-01 9.441355e-01
5.006591e-01 9.177718e-10 5.699580e-01 9.451874e-01
5.005137e-01 8.985557e-10 5.765320e-01 9.452112e-01
5.006866e-01 9.358424e-10 5.764180e-01 9.447596e-01
5.002374e-01 8.831862e-10 5.688220e-01 9.452712e-01
5.004004e-01 9.169122e-10 5.703820e-01 9.454456e-01
5.002518e-01 8.986429e-10 5.506150e-01 9.450702e-01
5.002459e-01 8.821327e-10 5.731500e-01 9.450302e-01
5.007830e-01 9.436764e-10 5.370470e-01 9.450130e-01
5.004339e-01 9.076304e-10 5.392510e-01 9.453112e-01
5.002850e-01 8.728383e-10 5.810610e-01 9.445347e-01
5.003386e-01 8.835248e-10 5.630270e-01 9.448625e-01
5.008652e-01 9.397485e-10 5.425390e-01 9.447377e-01
5.007170e-01 9.481488e-10 5.564940e-01 9.448091e-01
5.007834e-01 9.407935e-10 5.674450e-01 9.443280e-01
5.006098e-01 9.025784e-10 5.926630e-01 9.445271e-01
5.002950e-01 9.062879e-10 5.792550e-01 9.449740e-01
5.006421e-01 9.107717e-10 5.934720e-01 9.448768e-01
5.002019e-01 8.655360e-10 5.706850e-01 9.448720e-01
5.008637e-01 9.423167e-10 5.730400e-01 9.445205e-01
5.003286e-01 8.899376e-10 5.694830e-01 9.454246e-01
5.002967e-01 8.788457e-10 5.550760e-01 9.449940e-01
5.007257e-01 9.071765e-10 5.572890e-01 9.447301e-01
5.007899e-01 9.012073e-10 5.874570e-01 9.446691e-01
5.007679e-01 9.504184e-10 5.467370e-01 9.444309e-01
5.009436e-01 9.350033e-10 5.700060e-01 9.439774e-01
5.003358e-01 8.808149e-10 5.602080e-01 9.450197e-01
5.007457e-01 9.162457e-10 5.564440e-01 9.443975e-01
5.000709e-01 8.527389e-10 5.330240e-01 9.451988e-01
5.005322e-01 8.775967e-10 5.594610e-01 9.447729e-01
5.000967e-01 8.567210e-10 5.563800e-01 9.449035e-01
5.002888e-01 9.023502e-10 5.574420e-01 9.453656e-01
5.002608e-01 8.700480e-10 5.709430e-01 9.449530e-01
5.003755e-01 9.096480e-10 5.863160e-01 9.455866e-01
5.002428e-01 8.691961e-10 5.649340e-01 9.450597e-01
5.003324e-01 9.062967e-10 5.729700e-01 9.450473e-01
5.004367e-01 8.918519e-10 5.692210e-01 9.452093e-01
5.006970e-01 9.353489e-10 5.658770e-01 9.448358e-01
5.003314e-01 8.749562e-10 5.740050e-01 9.447158e-01
5.004609e-01 8.944848e-10 5.687590e-01 9.446815e-01
5.004159e-01 9.161648e-10 5.604740e-01 9.449587e-01
5.007947e-01 9.193357e-10 5.683380e-01 9.446596e-01
5.002799e-01 8.770047e-10 5.453260e-01 9.454484e-01
5.002705e-01 8.966869e-10 5.452130e-01 9.451521e-01
5.003250e-01 8.713042e-10 5.341330e-01 9.446510e-01
5.000467e-01 8.466656e-10 5.678630e-01 9.450692e-01
5.005477e-01 8.758914e-10 5.533690e-01 9.447682e-01
5.004969e-01 8.731688e-10 5.284290e-01 9.448939e-01
5.002868e-01 8.600825e-10 5.505160e-01 9.450492e-01
5.000728e-01 8.634970e-10 5.375530e-01 9.452245e-01
5.004993e-01 8.831973e-10 5.805560e-01 9.448006e-01
5.001409e-01 8.515569e-10 5.620680e-01 9.451178e-01
4.998100e-01 8.176393e-10 5.535260e-01 9.458162e-01
5.004662e-01 8.837213e-10 5.789580e-01 9.449921e-01
4.999691e-01 8.423497e-10 5.656930e-01 9.452827e-01
5.007462e-01 9.139292e-10 5.550540e-01 9.452436e-01
5.004168e-01 8.698857e-10 5.436970e-01 9.449825e-01
5.003607e-01 8.818346e-10 5.571190e-01 9.449587e-01
5.009478e-01 9.347751e-10 5.523840e-01 9.441355e-01
5.007993e-01 9.401090e-10 5.070310e-01 9.444747e-01
5.001448e-01 8.458159e-10 5.511290e-01 9.454475e-01
5.005215e-01 8.890010e-10 5.469250e-01 9.453284e-01
5.005924e-01 9.466934e-10 5.511210e-01 9.448130e-01
5.006585e-01 8.929795e-10 5.526450e-01 9.444642e-01
5.000487e-01 8.387637e-10 5.294780e-01 9.451312e-01
5.006466e-01 9.034591e-10 5.604880e-01 9.449616e-01
5.003880e-01 8.706337e-10 5.383600e-01 9.449663e-01
5.009654e-01 9.139898e-10 5.313780e-01 9.444900e-01
5.004456e-01 8.871611e-10 5.658590e-01 9.455018e-01
5.009356e-01 9.326356e-10 5.726790e-01 9.444366e-01
5.000417e-01 8.417714e-10 5.728550e-01 9.455151e-01
5.004312e-01 8.748607e-10 5.236860e-01 9.447958e-01
5.003984e-01 8.625709e-10 5.586150e-01 9.445967e-01
5.003826e-01 9.004623e-10 5.359010e-01 9.450340e-01
5.005034e-01 8.796975e-10 5.403170e-01 9.449940e-01
5.005699e-01 8.814441e-10 5.404640e-01 9.449940e-01
5.007235e-01 8.996277e-10 5.415680e-01 9.445052e-01
5.005416e-01 8.604990e-10 5.578530e-01 9.445443e-01
5.005036e-01 8.672591e-10 5.480940e-01 9.446014e-01
5.006019e-01 8.580797e-10 5.653180e-01 9.447186e-01
5.004375e-01 8.809744e-10 5.449950e-01 9.447329e-01
5.002295e-01 8.546363e-10 5.376720e-01 9.449740e-01
5.005861e-01 8.645029e-10 5.592480e-01 9.444757e-01
5.002046e-01 8.455320e-10 5.594830e-01 9.450178e-01
5.000937e-01 8.779107e-10 5.523970e-01 9.452884e-01
5.004729e-01 8.505467e-10 5.370510e-01 9.449949e-01
5.004306e-01 8.721756e-10 5.367380e-01 9.449854e-01
5.005705e-01 8.469133e-10 5.435820e-01 9.447329e-01
5.005221e-01 8.755859e-10 5.507750e-01 9.448206e-01
5.002785e-01 8.492295e-10 5.467040e-01 9.452550e-01
5.008073e-01 8.912230e-10 5.667910e-01 9.447043e-01
5.009940e-01 8.960265e-10 5.739280e-01 9.442489e-01
5.003674e-01 8.693412e-10 5.554150e-01 9.449349e-01
5.003435e-01 8.518388e-10 5.406200e-01 9.451417e-01
5.001531e-01 8.501575e-10 5.337400e-01 9.453122e-01
5.002891e-01 8.446723e-10 5.594710e-01 9.448110e-01
5.000447e-01 8.664889e-10 5.559380e-01 9.453513e-01
5.006595e-01 8.622665e-10 5.683640e-01 9.445614e-01
5.008051e-01 8.946295e-10 5.552860e-01 9.444452e-01
5.005090e-01 8.682551e-10 5.236580e-01 9.453122e-01
5.004949e-01 8.740919e-10 5.930300e-01 9.445757e-01
5.004628e-01 8.769902e-10 5.474400e-01 9.450397e-01
5.003425e-01 8.371447e-10 5.644930e-01 9.450235e-01
5.003009e-01 8.681886e-10 5.315890e-01 9.450931e-01
5.009628e-01 9.019375e-10 5.501090e-01 9.445424e-01
5.005828e-01 8.950055e-10 5.673790e-01 9.450130e-01
5.004746e-01 8.444396e-10 5.550330e-01 9.452103e-01
5.001742e-01 8.224137e-10 5.816030e-01 9.452855e-01
5.005229e-01 9.029625e-10 5.561360e-01 9.447301e-01
5.009658e-01 9.257130e-10 5.592500e-01 9.441317e-01
5.001169e-01 8.486371e-10 5.386480e-01 9.452646e-01
5.007178e-01 8.990029e-10 5.868650e-01 9.450340e-01
5.002810e-01 8.501881e-10 5.368230e-01 9.450168e-01
5.007908e-01 8.897368e-10 5.442770e-01 9.444499e-01
5.006706e-01 9.032478e-10 5.917180e-01 9.446148e-01
5.003212e-01 8.565694e-10 5.613520e-01 9.453598e-01
5.003773e-01 8.528786e-10 5.629860e-01 9.448311e-01
5.007642e-01 8.916883e-10 5.438630e-01 9.445262e-01
5.004186e-01 8.573423e-10 5.405010e-01 9.455075e-01
5.004986e-01 8.628205e-10 5.528910e-01 9.448215e-01
5.004095e-01 8.685139e-10 5.527140e-01 9.449454e-01
5.001831e-01 8.516727e-10 5.722390e-01 9.453084e-01
5.003629e-01 8.338273e-10 5.438670e-01 9.444318e-01
5.000315e-01 8.128378e-10 5.299270e-01 9.451236e-01
5.003246e-01 8.177485e-10 5.538040e-01 9.446434e-01
5.002900e-01 8.648160e-10 5.584690e-01 9.448520e-01
5.002879e-01 8.496253e-10 5.633000e-01 9.450330e-01
5.000253e-01 8.223587e-10 5.543870e-01 9.454037e-01
5.002912e-01 8.444803e-10 5.372440e-01 9.452141e-01
5.004784e-01 8.800718e-10 5.557040e-01 9.452312e-01
5.002579e-01 8.343662e-10 5.865660e-01 9.451207e-01
5.000642e-01 8.178265e-10 5.665350e-01 9.452884e-01
5.001377e-01 8.176877e-10 6.036730e-01 9.445881e-01
5.005217e-01 8.667717e-10 5.808720e-01 9.451331e-01
5.005906e-01 8.883370e-10 5.745120e-01 9.449663e-01
5.003615e-01 8.543913e-10 5.390980e-01 9.449254e-01
4.999913e-01 8.222147e-10 5.828370e-01 9.450045e-01
5.005526e-01 8.738360e-10 5.636010e-01 9.450092e-01
5.006456e-01 8.609047e-10 5.463160e-01 9.446443e-01
5.007128e-01 8.613424e-10 5.404710e-01 9.443632e-01
5.001783e-01 8.051190e-10 5.632470e-01 9.447081e-01
4.999528e-01 8.131267e-10 5.706780e-01 9.453656e-01
5.004454e-01 8.587377e-10 5.483860e-01 9.443852e-01
5.002146e-01 8.474949e-10 5.780610e-01 9.452236e-01
5.007120e-01 8.991865e-10 5.731620e-01 9.444299e-01
5.005756e-01 8.578320e-10 5.641410e-01 9.444052e-01
5.006858e-01 8.644523e-10 5.571700e-01 9.445614e-01
5.008983e-01 8.848336e-10 5.509760e-01 9.443128e-01
5.001341e-01 8.186471e-10 5.700580e-01 9.448492e-01
5.006516e-01 8.418043e-10 5.446130e-01 9.446148e-01
5.005229e-01 8.762097e-10 5.554980e-01 9.451998e-01
5.001221e-01 8.146105e-10 5.631860e-01 9.450873e-01
5.001368e-01 8.313277e-10 5.593320e-01 9.455466e-01
5.005133e-01 8.363595e-10 5.737730e-01 9.446014e-01
5.004809e-01 8.556509e-10 5.623620e-01 9.448311e-01
5.007446e-01 8.539088e-10 5.491150e-01 9.445309e-01
5.005887e-01 8.736900e-10 5.466790e-01 9.444242e-01
5.004549e-01 8.310432e-10 5.364770e-01 9.446910e-01
5.003021e-01 8.272077e-10 5.656450e-01 9.451941e-01
5.006093e-01 8.624741e-10 5.114100e-01 9.446557e-01
5.003025e-01 8.229760e-10 5.519040e-01 9.449406e-01
5.004166e-01 8.740144e-10 5.865620e-01 9.451493e-01
5.004226e-01 8.622672e-10 5.399530e-01 9.447834e-01
5.004891e-01 8.552772e-10 5.962500e-01 9.449178e-01
5.003733e-01 8.539809e-10 5.702950e-01 9.451407e-01
5.007675e-01 8.757626e-10 5.414920e-01 9.447577e-01
5.008459e-01 8.845795e-10 5.526830e-01 9.444928e-01
5.004720e-01 8.553011e-10 5.510240e-01 9.448901e-01
5.000884e-01 8.154517e-10 5.671520e-01 9.456571e-01
5.003204e-01 8.322614e-10 5.963290e-01 9.449873e-01
5.005149e-01 8.217088e-10 5.849230e-01 9.448673e-01
5.006343e-01 8.570964e-10 5.317680e-01 9.446748e-01
5.002989e-01 8.322182e-10 5.336640e-01 9.451521e-01
5.010895e-01 9.307271e-10 5.680260e-01 9.439726e-01
5.007854e-01 8.671628e-10 5.541850e-01 9.444690e-01
5.005804e-01 8.197100e-10 5.595020e-01 9.445862e-01
5.003155e-01 8.248945e-10 5.650480e-01 9.451902e-01
5.000501e-01 8.162277e-10 5.593870e-01 9.456123e-01
5.006469e-01 8.382647e-10 5.630020e-01 9.444633e-01
5.008648e-01 8.629247e-10 5.534940e-01 9.446434e-01
5.008438e-01 9.007405e-10 5.619900e-01 9.448053e-01
5.002055e-01 8.120188e-10 5.324080e-01 9.447958e-01
5.006757e-01 8.314538e-10 5.376240e-01 9.443899e-01
5.001183e-01 8.183309e-10 5.713150e-01 9.453284e-01
5.005013e-01 8.301325e-10 5.763420e-01 9.447987e-01
5.002626e-01 8.281332e-10 5.491880e-01 9.451559e-01
5.005200e-01 8.262806e-10 5.292930e-01 9.450864e-01
5.007560e-01 8.551909e-10 5.513860e-01 9.444223e-01
5.004643e-01 8.559499e-10 5.396890e-01 9.453760e-01
5.005364e-01 8.472417e-10 5.694610e-01 9.447081e-01
5.005458e-01 8.678799e-10 5.361750e-01 9.445605e-01
5.004351e-01 8.690607e-10 5.585550e-01 9.452531e-01
5.006925e-01 8.400405e-10 5.582380e-01 9.444814e-01
5.009640e-01 9.104819e-10 5.494760e-01 9.444471e-01
5.004139e-01 8.392464e-10 5.754790e-01 9.444700e-01
4.999229e-01 8.042845e-10 5.530230e-01 9.452512e-01
5.004371e-01 8.072914e-10 5.517970e-01 9.444576e-01
5.004704e-01 8.788113e-10 5.650090e-01 9.453875e-01
5.000192e-01 8.062335e-10 5.605160e-01 9.454323e-01
5.006260e-01 8.567686e-10 5.677220e-01 9.444757e-01
5.005804e-01 8.590422e-10 5.364410e-01 9.451140e-01
5.000537e-01 8.042486e-10 5.708150e-01 9.454827e-01
5.002153e-01 8.141374e-10 5.889800e-01 9.449749e-01
5.005015e-01 8.482341e-10 6.113730e-01 9.450168e-01
5.009019e-01 8.674179e-10 5.369900e-01 9.445767e-01
5.002868e-01 8.300761e-10 5.651450e-01 9.456057e-01
5.005584e-01 8.463373e-10 5.615800e-01 9.447939e-01
5.004756e-01 8.021717e-10 5.488310e-01 9.447358e-01
5.006279e-01 8.400767e-10 5.357700e-01 9.449454e-01
5.001359e-01 7.953102e-10 5.426630e-01 9.451150e-01
5.007761e-01 8.423261e-10 5.636160e-01 9.444928e-01
5.005346e-01 8.302775e-10 5.810940e-01 9.446434e-01
5.007622e-01 8.669634e-10 5.498250e-01 9.444338e-01
5.003999e-01 8.178065e-10 5.344540e-01 9.448549e-01
5.002768e-01 8.181915e-10 5.670480e-01 9.450807e-01
5.002594e-01 8.190811e-10 5.365370e-01 9.453322e-01
5.007701e-01 8.621042e-10 5.529240e-01 9.442356e-01
5.003190e-01 7.892631e-10 5.783280e-01 9.447329e-01
4.998799e-01 7.773813e-10 5.601530e-01 9.453589e-01
5.008538e-01 8.903184e-10 5.387400e-01 9.444709e-01
5.003195e-01 7.864146e-10 5.472190e-01 9.446424e-01
5.000415e-01 8.156314e-10 5.672430e-01 9.455904e-01
5.011829e-01 8.816569e-10 5.575910e-01 9.441594e-01
5.000891e-01 7.987377e-10 5.497590e-01 9.450988e-01
5.001174e-01 8.221185e-10 5.421460e-01 9.448606e-01
5.006473e-01 8.443710e-10 5.744260e-01 9.447482e-01
5.005270e-01 8.395809e-10 5.987160e-01 9.448168e-01
5.007090e-01 8.732107e-10 5.594330e-01 9.447663e-01
5.007476e-01 8.476894e-10 5.699110e-01 9.441670e-01
5.001263e-01 7.914698e-10 5.835050e-01 9.454484e-01
5.001390e-01 8.211973e-10 5.258150e-01 9.449492e-01
5.007209e-01 8.671408e-10 5.522850e-01 9.445967e-01
5.006205e-01 8.454032e-10 5.481770e-01 9.445900e-01
5.003898e-01 7.891601e-10 5.350520e-01 9.446291e-01
5.003632e-01 8.141606e-10 5.430160e-01 9.447729e-01
5.008038e-01 8.548284e-10 5.697690e-01 9.447463e-01
5.004746e-01 8.091289e-10 5.590810e-01 9.445738e-01
5.009677e-01 8.534157e-10 5.466590e-01 9.446157e-01
5.007659e-01 8.410186e-10 5.641270e-01 9.445700e-01
4.999733e-01 7.853792e-10 5.652790e-01 9.454580e-01
5.003559e-01 8.161498e-10 5.737470e-01 9.448253e-01
5.000165e-01 8.117016e-10 5.269340e-01 9.452274e-01
5.007198e-01 8.459359e-10 5.505190e-01 9.442642e-01
5.006031e-01 8.199237e-10 5.483320e-01 9.443699e-01
5.001578e-01 7.708440e-10 5.437910e-01 9.451407e-01
5.000964e-01 8.028651e-10 5.538440e-01 9.451207e-01
5.007234e-01 8.236273e-10 5.434070e-01 9.442861e-01
5.003023e-01 8.045581e-10 5.540880e-01 9.451693e-01
5.003494e-01 8.097340e-10 5.441990e-01 9.448311e-01
5.008946e-01 8.428213e-10 5.416790e-01 9.444890e-01
5.003710e-01 8.058991e-10 5.632250e-01 9.447615e-01
5.006403e-01 8.347658e-10 5.830350e-01 9.446291e-01
5.001237e-01 7.695638e-10 5.808460e-01 9.449397e-01
5.005233e-01 8.243977e-10 5.800780e-01 9.446157e-01
5.004168e-01 8.115134e-10 5.652760e-01 9.449311e-01
5.004556e-01 8.239958e-10 5.822610e-01 9.449625e-01
5.003827e-01 8.089124e-10 5.722240e-01 9.453036e-01
5.002134e-01 7.895821e-10 5.408660e-01 9.453265e-01
5.009304e-01 8.634241e-10 5.412450e-01 9.444947e-01
5.003162e-01 8.154282e-10 5.534620e-01 9.449368e-01
5.003969e-01 8.020201e-10 5.580200e-01 9.450273e-01
5.005463e-01 8.083982e-10 5.481210e-01 9.449320e-01
4.996718e-01 7.630211e-10 5.568670e-01 9.456466e-01
5.005305e-01 8.269146e-10 5.635520e-01 9.448091e-01
5.002459e-01 8.282667e-10 5.381980e-01 9.447767e-01
5.002603e-01 7.803791e-10 5.744730e-01 9.448311e-01
5.010872e-01 8.657771e-10 5.236350e-01 9.443108e-01
5.005852e-01 8.418786e-10 5.502580e-01 9.447853e-01
5.007518e-01 8.568649e-10 5.366260e-01 9.446881e-01
5.001523e-01 7.895012e-10 5.703530e-01 9.452007e-01
5.000901e-01 7.654267e-10 5.433180e-01 9.455151e-01
5.001997e-01 7.855270e-10 5.493660e-01 9.450216e-01
5.004528e-01 8.353099e-10 5.577750e-01 9.450283e-01
5.004075e-01 7.854582e-10 5.458320e-01 9.447386e-01
5.005476e-01 8.236704e-10 5.448470e-01 9.449549e-01
5.008797e-01 8.663014e-10 5.748070e-01 9.443937e-01
5.003978e-01 8.086718e-10 5.324680e-01 9.451693e-01
5.000082e-01 8.043999e-10 5.558020e-01 9.455399e-01
5.004134e-01 7.970917e-10 5.363820e-01 9.449320e-01
5.000628e-01 7.874023e-10 5.586220e-01 9.454323e-01
5.000472e-01 7.750600e-10 5.399740e-01 9.453532e-01
5.001603e-01 7.617627e-10 5.590080e-01 9.454456e-01
5.003695e-01 7.896639e-10 5.619340e-01 9.448958e-01
5.008892e-01 8.679036e-10 5.526640e-01 9.445490e-01
5.004090e-01 7.926005e-10 5.554270e-01 9.449311e-01
5.000747e-01 7.728142e-10 5.451260e-01 9.450111e-01
5.006623e-01 8.286949e-10 5.717460e-01 9.443528e-01
5.003481e-01 7.928831e-10 5.598890e-01 9.449054e-01
5.002841e-01 7.690650e-10 5.936850e-01 9.447491e-01
5.004010e-01 7.823854e-10 5.669290e-01 9.444642e-01
5.003105e-01 8.022117e-10 5.659570e-01 9.450635e-01
5.003127e-01 8.003636e-10 5.633180e-01 9.448473e-01
5.000219e-01 7.678288e-10 5.505210e-01 9.453941e-01
5.003877e-01 8.033544e-10 5.617630e-01 9.446424e-01
5.007335e-01 8.057165e-10 5.646040e-01 9.443156e-01
5.002818e-01 7.719170e-10 5.696660e-01 9.451645e-01
5.004557e-01 7.948749e-10 5.804810e-01 9.446939e-01
5.006972e-01 8.191692e-10 5.909940e-01 9.441679e-01
5.003793e-01 7.781631e-10 5.619940e-01 9.443442e-01
5.006184e-01 8.262240e-10 5.532620e-01 9.441575e-01
5.006992e-01 8.036822e-10 5.485790e-01 9.444890e-01
5.006691e-01 8.240931e-10 5.272600e-01 9.444566e-01
5.005095e-01 8.143160e-10 5.608090e-01 9.446586e-01
5.001640e-01 7.674075e-10 5.747520e-01 9.449654e-01
5.001740e-01 7.890394e-10 5.836040e-01 9.452255e-01
5.005098e-01 7.951382e-10 5.605990e-01 9.451321e-01
5.003308e-01 7.579998e-10 5.368990e-01 9.444004e-01
5.001951e-01 7.740372e-10 5.520230e-01 9.451321e-01
5.006611e-01 8.204866e-10 5.493900e-01 9.442956e-01
5.006941e-01 8.173944e-10 5.451240e-01 9.447139e-01
5.005103e-01 8.172574e-10 5.508200e-01 9.448511e-01
5.005002e-01 8.139240e-10 5.464530e-01 9.449606e-01
5.003415e-01 8.223280e-10 5.793810e-01 9.450797e-01
5.008851e-01 8.371918e-10 5.803860e-01 9.440793e-01
5.007527e-01 8.591849e-10 5.699830e-01 9.445871e-01
5.004537e-01 7.999543e-10 6.104630e-01 9.448606e-01
5.003213e-01 8.023812e-10 5.797180e-01 9.452865e-01
5.005903e-01 8.082319e-10 5.966040e-01 9.441441e-01
5.003974e-01 7.904071e-10 5.896060e-01 9.449911e-01
5.003451e-01 7.864340e-10 5.466390e-01 9.445062e-01
5.005899e-01 7.843833e-10 5.502130e-01 9.446891e-01
5.006355e-01 8.155753e-10 5.482710e-01 9.444938e-01
4.999823e-01 7.606498e-10 5.707510e-01 9.448301e-01
5.007029e-01 8.313461e-10 5.634340e-01 9.447777e-01
5.002269e-01 7.693206e-10 6.049830e-01 9.450769e-01
5.001193e-01 7.765432e-10 5.825990e-01 9.453560e-01
5.004571e-01 7.800236e-10 5.565380e-01 9.447644e-01
5.003103e-01 7.793540e-10 5.665100e-01 9.446710e-01
5.001476e-01 7.642029e-10 5.760960e-01 9.451398e-01
5.010518e-01 8.496356e-10 5.501010e-01 9.444071e-01
4.997927e-01 7.212246e-10 5.645680e-01 9.456771e-01
5.002838e-01 7.993683e-10 5.365210e-01 9.447958e-01
5.004550e-01 7.790050e-10 5.434740e-01 9.447949e-01
5.004257e-01 8.031008e-10 5.615790e-01 9.446510e-01
5.004525e-01 7.812682e-10 5.752800e-01 9.443289e-01
5.004726e-01 7.930929e-10 5.433250e-01 9.444661e-01
5.004915e-01 7.787732e-10 5.582040e-01 9.446672e-01
5.003396e-01 8.042093e-10 5.576690e-01 9.449235e-01
5.011518e-01 8.541187e-10 5.530230e-01 9.439145e-01
5.000409e-01 7.696663e-10 5.515930e-01 9.454837e-01
5.004776e-01 8.032126e-10 5.453710e-01 9.447463e-01
5.005801e-01 8.055881e-10 5.901720e-01 9.445700e-01
5.004514e-01 7.749022e-10 5.519360e-01 9.443385e-01
5.002018e-01 7.994520e-10 5.533340e-01 9.455447e-01
5.005685e-01 7.945094e-10 5.674830e-01 9.443204e-01
5.002803e-01 7.528264e-10 5.397150e-01 9.447148e-01
5.007210e-01 7.933283e-10 5.800920e-01 9.443623e-01
5.004587e-01 7.848491e-10 5.753580e-01 9.449578e-01
5.005497e-01 7.878902e-10 5.645750e-01 9.441908e-01
5.006578e-01 8.010235e-10 5.535650e-01 9.451531e-01
4.998248e-01 7.414731e-10 5.788650e-01 9.454037e-01
5.002586e-01 7.570142e-10 5.829880e-01 9.447748e-01
5.005907e-01 7.885603e-10 5.694000e-01 9.444785e-01
5.003743e-01 7.771028e-10 5.668530e-01 9.450235e-01
5.006170e-01 8.046447e-10 5.811310e-01 9.443213e-01
5.000588e-01 7.660387e-10 5.696780e-01 9.453408e-01
5.001461e-01 7.661649e-10 5.356690e-01 9.450692e-01
5.005654e-01 8.162330e-10 5.320610e-01 9.446300e-01
5.008740e-01 8.224607e-10 5.702500e-01 9.446167e-01
5.005670e-01 7.973135e-10 5.418800e-01 9.446805e-01
5.008022e-01 8.001688e-10 5.491200e-01 9.443004e-01
