# dim  N   mc   rho  Brute 
# 1    1 1049576 0.4
#
# Theoretical Energy = 5.000000e-01
# Energy     Variance     CPU time     Acceptance
5.033165e-01 5.265098e-09 5.418410e-01 9.461249e-01
5.033876e-01 4.810335e-09 5.173530e-01 9.459944e-01
5.038249e-01 4.782019e-09 4.942210e-01 9.457409e-01
5.031448e-01 4.469785e-09 4.909980e-01 9.455961e-01
5.009976e-01 3.810176e-09 5.113550e-01 9.463440e-01
5.017058e-01 3.904186e-09 4.779840e-01 9.466442e-01
5.021102e-01 3.774592e-09 4.910210e-01 9.457533e-01
5.012647e-01 3.457425e-09 4.977730e-01 9.465727e-01
5.020380e-01 3.545667e-09 4.974160e-01 9.460325e-01
5.016930e-01 3.336594e-09 4.899390e-01 9.457590e-01
5.011863e-01 3.114782e-09 5.092950e-01 9.460306e-01
5.026287e-01 3.502773e-09 5.022970e-01 9.455247e-01
5.012159e-01 3.102036e-09 5.189000e-01 9.464288e-01
5.009716e-01 2.907211e-09 4.941580e-01 9.461716e-01
5.008752e-01 2.899805e-09 4.943900e-01 9.464222e-01
5.006664e-01 2.828345e-09 5.190860e-01 9.461525e-01
5.023645e-01 2.973754e-09 4.887860e-01 9.450540e-01
5.009727e-01 2.728558e-09 4.978520e-01 9.468109e-01
5.003700e-01 2.562829e-09 5.022820e-01 9.460687e-01
5.018135e-01 2.776517e-09 4.957280e-01 9.458019e-01
5.019365e-01 2.728242e-09 5.042660e-01 9.454523e-01
5.007772e-01 2.548445e-09 4.837780e-01 9.458829e-01
5.026418e-01 2.756900e-09 4.972670e-01 9.452808e-01
5.008304e-01 2.506231e-09 5.081190e-01 9.462297e-01
5.014155e-01 2.576618e-09 4.998730e-01 9.457276e-01
5.013618e-01 2.466897e-09 4.839390e-01 9.455790e-01
5.017389e-01 2.586427e-09 4.899120e-01 9.454513e-01
5.010467e-01 2.386746e-09 4.854130e-01 9.462383e-01
5.007945e-01 2.412912e-09 4.821260e-01 9.455952e-01
5.012608e-01 2.382860e-09 4.947060e-01 9.455895e-01
5.012891e-01 2.397874e-09 5.005910e-01 9.457143e-01
5.013408e-01 2.328746e-09 4.907370e-01 9.455332e-01
5.010908e-01 2.312130e-09 4.914920e-01 9.455456e-01
5.023674e-01 2.495023e-09 4.958230e-01 9.453189e-01
5.010644e-01 2.424248e-09 4.899750e-01 9.461240e-01
5.023704e-01 2.520065e-09 4.846540e-01 9.453236e-01
5.015066e-01 2.341511e-09 4.874140e-01 9.455733e-01
5.014172e-01 2.290687e-09 4.917520e-01 9.458076e-01
5.016081e-01 2.334077e-09 4.892650e-01 9.453046e-01
5.011471e-01 2.266975e-09 4.849950e-01 9.452817e-01
5.014413e-01 2.283161e-09 4.887090e-01 9.457876e-01
5.010861e-01 2.281516e-09 4.978200e-01 9.459782e-01
5.010164e-01 2.245577e-09 4.841380e-01 9.463031e-01
5.011501e-01 2.200385e-09 4.875430e-01 9.450197e-01
5.008885e-01 2.186124e-09 5.020820e-01 9.457000e-01
5.009262e-01 2.166181e-09 4.990990e-01 9.454246e-01
5.008071e-01 2.161798e-09 5.052990e-01 9.458477e-01
5.020623e-01 2.235015e-09 4.834870e-01 9.451893e-01
5.003307e-01 2.105703e-09 4.868480e-01 9.464793e-01
5.019430e-01 2.305286e-09 4.981160e-01 9.453436e-01
5.020837e-01 2.299581e-09 5.212110e-01 9.450616e-01
5.013063e-01 2.207758e-09 4.970730e-01 9.455351e-01
5.014813e-01 2.182846e-09 4.919200e-01 9.453798e-01
5.013061e-01 2.231119e-09 4.987010e-01 9.452760e-01
5.016100e-01 2.196209e-09 4.839780e-01 9.454532e-01
5.007294e-01 2.067830e-09 4.916980e-01 9.454904e-01
5.012514e-01 2.237586e-09 4.806360e-01 9.457886e-01
5.008173e-01 2.077855e-09 4.949960e-01 9.460858e-01
5.010604e-01 2.133696e-09 4.963830e-01 9.459896e-01
5.007545e-01 2.113888e-09 4.917110e-01 9.458334e-01
5.011863e-01 2.129198e-09 4.942770e-01 9.452160e-01
5.006481e-01 2.043892e-09 5.177050e-01 9.460020e-01
5.014128e-01 2.182408e-09 5.010780e-01 9.450330e-01
5.011584e-01 2.137874e-09 5.145160e-01 9.452827e-01
5.015058e-01 2.191804e-09 5.009160e-01 9.455218e-01
5.016173e-01 2.176521e-09 5.061260e-01 9.452617e-01
5.011433e-01 2.111905e-09 4.817900e-01 9.454484e-01
5.011704e-01 2.086342e-09 5.031760e-01 9.456285e-01
5.004420e-01 2.030842e-09 4.973930e-01 9.456190e-01
5.005807e-01 2.068507e-09 5.000010e-01 9.461640e-01
5.005493e-01 2.030212e-09 4.878540e-01 9.457714e-01
5.009872e-01 2.062598e-09 4.844000e-01 9.457228e-01
5.010146e-01 2.126486e-09 4.887120e-01 9.456314e-01
5.004796e-01 2.068744e-09 4.916860e-01 9.459172e-01
5.008068e-01 2.064870e-09 4.966520e-01 9.457991e-01
5.015170e-01 2.218687e-09 4.914290e-01 9.457610e-01
5.023023e-01 2.277380e-09 4.872580e-01 9.445738e-01
5.009987e-01 2.075611e-09 4.921250e-01 9.454037e-01
5.010638e-01 2.137793e-09 5.017480e-01 9.453741e-01
5.020650e-01 2.279478e-09 4.857340e-01 9.451388e-01
5.012285e-01 2.119588e-09 4.843620e-01 9.453341e-01
5.017166e-01 2.167431e-09 4.905640e-01 9.447482e-01
5.011617e-01 2.102523e-09 4.941560e-01 9.453665e-01
5.004148e-01 1.943999e-09 4.781900e-01 9.459591e-01
5.014047e-01 2.055563e-09 4.936080e-01 9.457152e-01
5.008077e-01 2.046438e-09 4.794980e-01 9.454122e-01
5.004821e-01 1.973356e-09 4.879250e-01 9.457200e-01
5.010776e-01 1.997554e-09 4.855960e-01 9.458191e-01
5.008869e-01 2.008105e-09 4.789140e-01 9.454275e-01
5.008491e-01 1.967205e-09 4.969030e-01 9.454265e-01
5.013964e-01 2.097349e-09 4.892580e-01 9.451064e-01
5.007771e-01 2.019210e-09 4.864280e-01 9.456028e-01
5.011700e-01 2.026850e-09 4.831550e-01 9.455380e-01
5.014801e-01 2.064318e-09 5.036380e-01 9.449597e-01
5.010013e-01 2.014666e-09 4.884460e-01 9.458829e-01
5.016030e-01 2.042059e-09 4.970650e-01 9.451236e-01
5.002893e-01 1.898582e-09 4.841050e-01 9.460725e-01
5.015046e-01 2.074043e-09 4.845370e-01 9.455466e-01
5.010547e-01 1.995466e-09 4.859250e-01 9.456609e-01
5.013080e-01 2.054292e-09 4.839160e-01 9.455761e-01
5.011477e-01 2.086996e-09 4.836870e-01 9.452893e-01
5.008589e-01 1.941767e-09 4.910070e-01 9.455066e-01
5.008492e-01 1.935473e-09 4.774880e-01 9.458372e-01
5.013250e-01 2.026420e-09 4.835780e-01 9.453017e-01
5.010564e-01 2.035440e-09 4.980690e-01 9.455942e-01
5.012822e-01 1.999279e-09 4.901840e-01 9.453913e-01
5.012814e-01 1.983294e-09 4.984440e-01 9.452388e-01
5.012476e-01 2.056714e-09 4.827370e-01 9.457143e-01
5.007215e-01 1.914888e-09 4.777870e-01 9.455742e-01
5.008933e-01 1.938447e-09 4.907890e-01 9.456781e-01
5.008689e-01 1.977520e-09 5.092750e-01 9.452084e-01
5.015177e-01 2.029200e-09 4.998160e-01 9.446205e-01
5.007634e-01 1.947089e-09 4.919150e-01 9.459305e-01
5.012914e-01 2.032592e-09 5.026710e-01 9.451664e-01
5.012466e-01 1.987967e-09 4.962300e-01 9.452960e-01
5.009597e-01 1.963286e-09 4.887170e-01 9.455599e-01
5.010732e-01 1.955916e-09 4.843050e-01 9.456314e-01
5.012189e-01 1.978896e-09 4.915640e-01 9.449635e-01
5.012614e-01 2.000841e-09 4.838470e-01 9.453465e-01
5.012146e-01 1.979105e-09 4.981940e-01 9.454570e-01
5.007865e-01 1.858164e-09 4.966900e-01 9.452998e-01
5.007170e-01 1.931555e-09 4.829250e-01 9.452093e-01
5.013364e-01 1.980705e-09 4.905700e-01 9.450559e-01
5.009215e-01 1.929159e-09 4.852620e-01 9.455618e-01
5.011209e-01 1.955434e-09 4.845690e-01 9.452064e-01
5.004899e-01 1.881370e-09 4.851360e-01 9.458057e-01
5.018448e-01 2.054503e-09 4.889230e-01 9.447701e-01
5.005285e-01 1.830965e-09 4.851140e-01 9.456333e-01
5.008124e-01 1.892345e-09 4.907800e-01 9.455923e-01
5.017405e-01 2.067013e-09 4.843710e-01 9.449206e-01
5.003968e-01 1.842978e-09 4.931080e-01 9.460906e-01
5.006407e-01 1.878580e-09 4.839820e-01 9.455428e-01
5.010966e-01 1.938314e-09 4.991810e-01 9.453989e-01
5.007812e-01 1.854020e-09 4.833150e-01 9.456485e-01
5.010825e-01 1.975006e-09 4.952960e-01 9.455837e-01
5.011922e-01 1.947738e-09 4.841820e-01 9.454094e-01
5.018746e-01 2.018283e-09 4.848320e-01 9.449159e-01
5.012195e-01 1.930429e-09 4.837060e-01 9.456533e-01
5.012269e-01 2.004935e-09 4.957620e-01 9.454313e-01
5.002701e-01 1.825660e-09 4.933510e-01 9.459124e-01
5.003728e-01 1.809576e-09 4.863980e-01 9.457009e-01
5.014372e-01 2.014775e-09 4.937180e-01 9.452455e-01
5.014950e-01 1.989995e-09 4.904300e-01 9.457143e-01
5.012656e-01 1.918711e-09 4.775840e-01 9.450816e-01
5.012526e-01 1.882464e-09 4.903650e-01 9.451302e-01
5.005552e-01 1.787017e-09 4.914110e-01 9.454494e-01
5.004943e-01 1.828034e-09 4.768010e-01 9.462221e-01
5.011157e-01 1.942575e-09 4.840530e-01 9.452369e-01
5.012675e-01 1.876816e-09 4.923810e-01 9.454494e-01
5.009459e-01 1.820012e-09 4.787400e-01 9.451579e-01
5.009835e-01 1.918303e-09 4.906230e-01 9.452245e-01
5.002570e-01 1.812326e-09 4.929110e-01 9.463460e-01
5.009247e-01 1.877868e-09 4.956980e-01 9.457171e-01
5.010981e-01 1.847238e-09 4.854280e-01 9.449835e-01
5.016150e-01 1.931396e-09 4.899770e-01 9.452122e-01
5.006242e-01 1.832468e-09 4.833010e-01 9.456714e-01
5.005489e-01 1.845682e-09 4.896280e-01 9.458867e-01
5.007894e-01 1.868092e-09 4.848140e-01 9.454361e-01
5.009428e-01 1.894877e-09 4.994450e-01 9.454627e-01
5.004527e-01 1.827361e-09 4.850460e-01 9.458267e-01
5.014348e-01 1.906292e-09 4.831250e-01 9.449463e-01
5.010311e-01 1.838467e-09 4.849890e-01 9.453856e-01
5.004435e-01 1.836881e-09 4.827350e-01 9.461163e-01
5.005710e-01 1.796492e-09 5.019500e-01 9.459134e-01
5.012256e-01 1.853671e-09 4.835940e-01 9.449987e-01
5.009222e-01 1.848265e-09 4.848330e-01 9.452846e-01
5.006585e-01 1.804622e-09 4.916520e-01 9.455885e-01
5.008543e-01 1.822788e-09 4.886960e-01 9.455723e-01
5.008023e-01 1.870727e-09 4.822600e-01 9.459477e-01
5.008255e-01 1.841059e-09 4.916070e-01 9.455228e-01
5.007665e-01 1.794831e-09 4.859670e-01 9.453980e-01
5.008618e-01 1.834509e-09 4.917110e-01 9.453608e-01
5.014469e-01 1.842970e-09 4.972840e-01 9.450997e-01
5.014885e-01 1.879771e-09 4.871940e-01 9.448158e-01
5.009302e-01 1.816218e-09 4.949270e-01 9.455313e-01
5.013513e-01 1.882971e-09 4.920870e-01 9.451779e-01
5.011401e-01 1.835509e-09 5.309340e-01 9.452503e-01
5.009447e-01 1.826639e-09 5.206450e-01 9.456723e-01
5.009008e-01 1.767055e-09 4.863080e-01 9.453913e-01
5.007936e-01 1.761373e-09 4.838630e-01 9.455199e-01
5.007242e-01 1.760027e-09 4.893910e-01 9.454646e-01
5.012873e-01 1.813257e-09 4.898540e-01 9.449597e-01
5.016621e-01 1.898875e-09 4.884370e-01 9.453560e-01
5.010907e-01 1.802717e-09 4.946360e-01 9.454523e-01
5.010845e-01 1.809947e-09 4.978460e-01 9.456552e-01
5.005726e-01 1.746362e-09 4.840920e-01 9.455351e-01
5.016453e-01 1.862811e-09 4.988150e-01 9.453751e-01
5.009373e-01 1.750927e-09 5.030630e-01 9.454227e-01
5.000239e-01 1.739841e-09 4.956050e-01 9.463031e-01
5.005831e-01 1.751920e-09 4.842290e-01 9.452074e-01
5.006590e-01 1.750952e-09 4.835380e-01 9.453741e-01
5.007859e-01 1.726370e-09 4.987450e-01 9.449197e-01
5.004504e-01 1.673957e-09 4.885410e-01 9.459849e-01
5.009127e-01 1.791459e-09 4.844610e-01 9.453646e-01
5.005107e-01 1.757592e-09 4.765310e-01 9.455428e-01
5.002350e-01 1.623138e-09 4.843500e-01 9.459610e-01
5.011984e-01 1.807721e-09 4.832140e-01 9.452741e-01
5.007772e-01 1.732863e-09 4.869190e-01 9.451445e-01
5.011668e-01 1.819757e-09 4.833020e-01 9.455818e-01
5.003787e-01 1.737878e-09 4.773370e-01 9.460544e-01
5.007770e-01 1.740764e-09 4.851090e-01 9.456257e-01
5.007790e-01 1.742723e-09 4.809640e-01 9.453808e-01
5.009603e-01 1.748226e-09 4.781450e-01 9.453303e-01
5.017034e-01 1.843329e-09 4.783830e-01 9.447405e-01
5.008872e-01 1.740741e-09 4.804960e-01 9.451455e-01
5.006294e-01 1.694197e-09 4.849540e-01 9.455256e-01
5.007074e-01 1.720620e-09 4.892350e-01 9.455123e-01
5.009928e-01 1.750130e-09 4.849330e-01 9.451721e-01
5.007156e-01 1.723738e-09 4.835200e-01 9.452446e-01
5.005588e-01 1.689676e-09 4.844350e-01 9.461192e-01
5.011082e-01 1.741640e-09 4.877440e-01 9.451988e-01
5.007985e-01 1.744847e-09 4.830840e-01 9.455580e-01
5.009093e-01 1.761702e-09 5.159450e-01 9.450578e-01
5.015903e-01 1.827663e-09 4.760290e-01 9.450778e-01
5.013298e-01 1.787655e-09 4.797460e-01 9.448492e-01
5.011489e-01 1.761028e-09 4.805530e-01 9.451731e-01
5.009253e-01 1.747347e-09 4.915200e-01 9.452779e-01
5.016138e-01 1.869472e-09 4.806640e-01 9.448939e-01
5.010152e-01 1.814459e-09 4.903350e-01 9.456762e-01
5.005387e-01 1.717508e-09 4.827410e-01 9.457610e-01
5.007692e-01 1.745103e-09 4.896490e-01 9.453541e-01
5.014071e-01 1.781925e-09 4.838520e-01 9.453189e-01
5.015248e-01 1.823406e-09 4.821660e-01 9.449035e-01
5.012344e-01 1.773056e-09 4.847260e-01 9.452322e-01
5.014440e-01 1.766921e-09 4.855610e-01 9.451626e-01
5.018028e-01 1.773563e-09 4.988120e-01 9.443823e-01
5.009516e-01 1.693226e-09 4.783890e-01 9.453922e-01
5.011850e-01 1.759919e-09 4.839300e-01 9.449406e-01
5.010199e-01 1.705110e-09 4.887600e-01 9.451702e-01
5.010830e-01 1.752328e-09 4.870830e-01 9.449683e-01
5.010017e-01 1.714245e-09 4.837860e-01 9.447491e-01
5.003850e-01 1.620007e-09 4.821700e-01 9.458667e-01
5.014627e-01 1.765476e-09 4.984860e-01 9.452827e-01
5.009077e-01 1.747742e-09 4.954490e-01 9.455723e-01
5.009943e-01 1.714325e-09 4.956930e-01 9.448120e-01
5.007166e-01 1.699103e-09 5.076050e-01 9.456037e-01
5.011075e-01 1.752787e-09 4.835850e-01 9.455723e-01
5.014102e-01 1.775285e-09 4.806080e-01 9.449940e-01
5.008495e-01 1.703490e-09 5.150310e-01 9.452855e-01
5.019493e-01 1.845102e-09 4.864550e-01 9.447263e-01
5.013649e-01 1.767772e-09 4.848070e-01 9.454799e-01
5.005515e-01 1.671498e-09 4.907340e-01 9.459753e-01
5.008662e-01 1.678181e-09 4.971230e-01 9.453284e-01
5.008152e-01 1.714923e-09 4.841340e-01 9.454580e-01
5.008933e-01 1.656020e-09 4.966700e-01 9.452455e-01
5.016332e-01 1.747990e-09 4.856430e-01 9.449654e-01
5.014853e-01 1.741808e-09 5.011270e-01 9.444842e-01
5.011563e-01 1.709657e-09 4.778990e-01 9.445528e-01
5.009348e-01 1.703541e-09 4.883300e-01 9.457905e-01
5.005104e-01 1.605640e-09 4.830440e-01 9.459048e-01
5.013969e-01 1.744259e-09 4.838900e-01 9.450721e-01
5.013441e-01 1.682158e-09 4.994350e-01 9.449273e-01
5.010084e-01 1.661300e-09 4.832540e-01 9.450378e-01
5.008650e-01 1.719604e-09 4.922340e-01 9.451378e-01
4.999170e-01 1.571155e-09 4.852120e-01 9.455895e-01
5.006465e-01 1.653361e-09 4.844610e-01 9.450912e-01
5.005946e-01 1.642575e-09 4.880530e-01 9.453608e-01
5.006515e-01 1.672656e-09 4.824210e-01 9.451645e-01
5.012136e-01 1.677975e-09 4.823960e-01 9.450511e-01
5.015292e-01 1.743104e-09 4.790880e-01 9.448673e-01
4.999754e-01 1.549998e-09 4.788870e-01 9.455876e-01
5.004320e-01 1.609001e-09 4.861620e-01 9.455018e-01
5.008201e-01 1.660374e-09 4.799870e-01 9.452198e-01
5.008785e-01 1.636043e-09 5.458400e-01 9.453675e-01
5.009740e-01 1.666682e-09 6.241220e-01 9.451807e-01
5.005880e-01 1.626071e-09 5.884350e-01 9.454084e-01
5.010530e-01 1.671165e-09 5.682720e-01 9.451178e-01
5.007385e-01 1.661778e-09 5.352370e-01 9.451607e-01
5.011486e-01 1.680113e-09 5.595930e-01 9.449444e-01
5.004144e-01 1.612137e-09 5.896970e-01 9.455256e-01
5.003824e-01 1.594267e-09 6.122990e-01 9.458410e-01
5.012374e-01 1.768293e-09 5.203550e-01 9.452512e-01
5.003459e-01 1.580249e-09 5.572890e-01 9.458705e-01
5.009017e-01 1.650462e-09 5.377880e-01 9.457314e-01
5.001746e-01 1.532077e-09 5.648420e-01 9.457238e-01
5.009411e-01 1.667051e-09 5.315670e-01 9.448720e-01
5.017413e-01 1.734130e-09 4.991230e-01 9.443070e-01
5.004356e-01 1.591457e-09 5.268170e-01 9.455904e-01
5.014870e-01 1.695709e-09 5.629330e-01 9.446662e-01
5.008881e-01 1.613377e-09 4.995240e-01 9.454094e-01
5.008603e-01 1.626292e-09 5.698770e-01 9.454332e-01
5.003061e-01 1.546822e-09 5.308410e-01 9.457028e-01
5.011429e-01 1.660009e-09 5.685770e-01 9.450712e-01
5.010757e-01 1.622914e-09 5.537620e-01 9.455723e-01
5.010623e-01 1.638565e-09 5.492710e-01 9.451845e-01
5.017214e-01 1.708589e-09 5.685360e-01 9.447453e-01
5.016667e-01 1.758413e-09 5.726020e-01 9.451169e-01
5.008669e-01 1.599071e-09 5.452070e-01 9.454189e-01
5.005067e-01 1.577873e-09 5.096820e-01 9.457362e-01
5.004624e-01 1.606075e-09 5.053940e-01 9.452493e-01
5.010243e-01 1.694346e-09 4.956750e-01 9.453713e-01
5.010061e-01 1.643538e-09 4.927880e-01 9.450654e-01
5.006483e-01 1.627341e-09 5.014270e-01 9.450521e-01
5.006833e-01 1.589357e-09 4.888690e-01 9.457819e-01
5.004380e-01 1.546120e-09 5.012490e-01 9.457095e-01
5.016383e-01 1.678547e-09 4.956180e-01 9.448091e-01
5.007901e-01 1.608902e-09 4.935680e-01 9.453112e-01
5.006993e-01 1.610491e-09 5.204940e-01 9.454923e-01
5.012526e-01 1.672854e-09 4.986500e-01 9.452103e-01
5.011524e-01 1.694397e-09 6.247150e-01 9.452265e-01
5.009663e-01 1.581123e-09 5.264980e-01 9.450883e-01
5.007015e-01 1.562834e-09 4.934640e-01 9.452617e-01
5.013880e-01 1.669176e-09 4.792160e-01 9.449378e-01
5.017355e-01 1.696453e-09 5.607370e-01 9.443185e-01
5.011851e-01 1.719647e-09 5.204670e-01 9.449911e-01
5.010679e-01 1.602534e-09 5.670850e-01 9.450006e-01
5.010419e-01 1.635470e-09 5.387120e-01 9.452312e-01
5.009914e-01 1.599652e-09 5.253900e-01 9.453713e-01
5.005334e-01 1.575218e-09 5.488420e-01 9.451683e-01
5.003619e-01 1.548267e-09 6.240910e-01 9.455999e-01
5.007026e-01 1.570000e-09 5.962860e-01 9.454361e-01
5.001295e-01 1.510767e-09 5.249630e-01 9.458248e-01
5.006645e-01 1.605281e-09 5.846630e-01 9.454427e-01
5.007678e-01 1.550809e-09 6.084920e-01 9.452312e-01
5.007910e-01 1.555265e-09 5.707530e-01 9.448606e-01
5.006533e-01 1.543998e-09 5.849390e-01 9.454075e-01
5.007445e-01 1.573842e-09 5.430410e-01 9.452217e-01
5.008645e-01 1.585849e-09 5.001310e-01 9.452207e-01
5.007784e-01 1.561486e-09 5.595430e-01 9.451931e-01
5.006434e-01 1.533475e-09 5.652500e-01 9.450416e-01
5.010096e-01 1.589461e-09 5.471440e-01 9.453741e-01
5.010672e-01 1.644486e-09 5.470180e-01 9.453541e-01
5.005602e-01 1.520267e-09 5.294980e-01 9.452903e-01
5.004047e-01 1.571912e-09 5.201340e-01 9.456542e-01
5.008152e-01 1.573017e-09 5.265020e-01 9.456161e-01
5.011003e-01 1.627247e-09 5.367920e-01 9.451112e-01
5.006705e-01 1.582973e-09 5.598530e-01 9.454799e-01
5.006660e-01 1.534884e-09 5.561300e-01 9.451026e-01
5.006033e-01 1.558663e-09 5.749450e-01 9.456466e-01
5.003750e-01 1.508950e-09 5.681720e-01 9.455437e-01
5.011534e-01 1.626176e-09 5.511310e-01 9.448615e-01
5.010040e-01 1.601859e-09 5.869120e-01 9.447548e-01
5.005598e-01 1.509836e-09 5.522330e-01 9.458153e-01
5.005546e-01 1.489475e-09 5.529090e-01 9.450407e-01
4.998699e-01 1.489625e-09 5.517200e-01 9.461659e-01
5.007000e-01 1.573743e-09 5.100530e-01 9.452522e-01
4.999868e-01 1.504807e-09 5.645100e-01 9.460392e-01
5.011466e-01 1.606493e-09 5.444420e-01 9.451521e-01
5.000068e-01 1.480102e-09 5.298620e-01 9.462173e-01
5.010219e-01 1.591726e-09 5.674330e-01 9.451807e-01
5.006878e-01 1.570719e-09 5.500470e-01 9.454399e-01
5.009687e-01 1.583996e-09 5.645320e-01 9.451302e-01
5.007686e-01 1.572756e-09 5.322310e-01 9.447939e-01
5.009578e-01 1.570331e-09 5.147480e-01 9.452998e-01
5.006837e-01 1.549184e-09 5.645320e-01 9.453760e-01
5.009565e-01 1.565980e-09 5.507850e-01 9.448530e-01
5.005676e-01 1.496111e-09 5.627360e-01 9.449921e-01
5.008645e-01 1.599400e-09 5.563790e-01 9.453484e-01
5.007978e-01 1.569818e-09 5.793920e-01 9.451026e-01
5.007004e-01 1.535513e-09 5.669920e-01 9.452884e-01
5.010194e-01 1.564954e-09 5.530110e-01 9.450893e-01
5.000203e-01 1.439000e-09 5.587370e-01 9.457505e-01
5.001516e-01 1.474724e-09 5.693670e-01 9.453303e-01
5.002859e-01 1.454424e-09 5.281220e-01 9.453932e-01
5.000661e-01 1.436995e-09 5.526050e-01 9.460249e-01
5.009897e-01 1.552645e-09 5.224570e-01 9.448720e-01
5.011486e-01 1.554792e-09 5.341590e-01 9.445119e-01
5.002660e-01 1.471881e-09 5.275100e-01 9.457905e-01
5.010230e-01 1.550909e-09 5.421590e-01 9.448149e-01
5.009876e-01 1.525248e-09 5.487790e-01 9.453970e-01
4.999563e-01 1.430295e-09 5.741580e-01 9.462535e-01
5.003815e-01 1.481575e-09 4.964910e-01 9.454427e-01
5.003700e-01 1.475111e-09 5.906510e-01 9.457791e-01
5.004721e-01 1.459973e-09 5.339400e-01 9.453112e-01
5.003561e-01 1.463978e-09 5.573320e-01 9.455456e-01
5.010069e-01 1.611372e-09 5.602580e-01 9.452312e-01
5.007270e-01 1.516530e-09 5.416460e-01 9.450559e-01
5.002507e-01 1.439451e-09 5.440100e-01 9.453875e-01
5.008390e-01 1.514366e-09 5.627430e-01 9.451607e-01
5.012244e-01 1.580541e-09 5.498590e-01 9.451340e-01
5.011616e-01 1.551941e-09 5.390250e-01 9.448682e-01
5.002359e-01 1.497433e-09 5.744300e-01 9.453475e-01
5.006263e-01 1.513706e-09 5.601470e-01 9.454827e-01
5.003853e-01 1.476635e-09 5.731810e-01 9.456533e-01
5.012671e-01 1.576425e-09 5.870930e-01 9.449435e-01
5.007974e-01 1.472741e-09 5.639580e-01 9.452360e-01
5.009770e-01 1.551746e-09 5.210460e-01 9.455771e-01
5.003463e-01 1.453435e-09 5.585010e-01 9.450426e-01
5.009038e-01 1.532753e-09 5.704440e-01 9.452769e-01
5.009072e-01 1.544913e-09 5.679060e-01 9.456057e-01
5.010382e-01 1.549635e-09 5.271210e-01 9.452636e-01
5.011007e-01 1.563333e-09 7.229230e-01 9.449397e-01
5.010793e-01 1.493087e-09 7.688830e-01 9.445519e-01
5.007969e-01 1.515417e-09 6.889380e-01 9.453008e-01
5.007514e-01 1.555534e-09 5.556170e-01 9.453255e-01
5.007626e-01 1.513887e-09 5.507520e-01 9.456352e-01
5.005132e-01 1.498059e-09 4.890220e-01 9.454904e-01
5.007247e-01 1.484092e-09 5.734210e-01 9.452798e-01
5.006176e-01 1.487152e-09 5.699570e-01 9.453913e-01
5.002085e-01 1.431173e-09 5.572970e-01 9.458467e-01
5.005222e-01 1.439883e-09 5.344700e-01 9.450654e-01
5.004038e-01 1.487311e-09 5.712060e-01 9.454351e-01
5.005691e-01 1.441646e-09 5.288040e-01 9.450978e-01
5.005329e-01 1.443510e-09 5.592980e-01 9.455332e-01
5.005028e-01 1.480479e-09 5.399350e-01 9.455675e-01
5.009977e-01 1.494348e-09 4.943990e-01 9.451045e-01
5.009539e-01 1.511115e-09 5.278270e-01 9.451207e-01
5.005311e-01 1.452660e-09 5.427010e-01 9.450369e-01
5.012658e-01 1.570583e-09 5.489940e-01 9.449663e-01
5.008522e-01 1.534489e-09 5.233840e-01 9.452989e-01
5.002408e-01 1.442641e-09 5.531530e-01 9.457981e-01
5.008454e-01 1.505186e-09 5.017110e-01 9.451045e-01
5.002979e-01 1.438133e-09 5.241260e-01 9.456199e-01
5.006405e-01 1.480067e-09 5.601100e-01 9.455885e-01
5.003849e-01 1.467622e-09 5.187100e-01 9.460496e-01
5.003606e-01 1.426861e-09 5.499410e-01 9.452360e-01
5.003358e-01 1.427717e-09 4.918460e-01 9.455323e-01
5.017351e-01 1.584224e-09 5.563560e-01 9.444966e-01
5.011298e-01 1.584854e-09 4.960070e-01 9.451855e-01
5.013007e-01 1.523299e-09 5.501910e-01 9.450407e-01
5.007074e-01 1.487517e-09 4.912080e-01 9.456066e-01
5.004447e-01 1.464850e-09 5.296320e-01 9.455828e-01
5.009812e-01 1.481585e-09 5.623290e-01 9.452064e-01
5.004686e-01 1.466525e-09 4.851560e-01 9.457295e-01
5.008998e-01 1.479908e-09 4.936370e-01 9.451617e-01
4.997490e-01 1.346874e-09 5.512160e-01 9.461535e-01
5.010136e-01 1.554748e-09 4.873890e-01 9.446395e-01
5.010539e-01 1.501913e-09 5.272190e-01 9.448644e-01
5.005582e-01 1.463288e-09 4.775320e-01 9.456323e-01
5.011503e-01 1.461620e-09 4.923210e-01 9.445833e-01
5.007654e-01 1.465696e-09 5.597480e-01 9.453074e-01
5.008933e-01 1.477376e-09 5.820560e-01 9.453408e-01
5.013195e-01 1.548740e-09 5.872720e-01 9.446434e-01
5.005271e-01 1.394789e-09 5.266810e-01 9.447920e-01
5.013664e-01 1.526613e-09 5.372040e-01 9.449502e-01
5.007618e-01 1.461634e-09 5.356150e-01 9.453903e-01
5.007562e-01 1.467004e-09 5.538170e-01 9.450816e-01
5.004320e-01 1.461474e-09 4.762060e-01 9.456571e-01
5.004166e-01 1.439251e-09 5.179610e-01 9.455266e-01
5.011054e-01 1.467770e-09 5.611200e-01 9.455199e-01
5.005944e-01 1.469628e-09 5.937940e-01 9.454494e-01
5.010096e-01 1.501457e-09 5.291840e-01 9.456257e-01
5.000122e-01 1.371836e-09 5.638720e-01 9.459982e-01
5.005891e-01 1.449605e-09 5.286520e-01 9.449073e-01
5.008763e-01 1.493710e-09 4.952660e-01 9.453770e-01
5.014721e-01 1.512924e-09 4.982440e-01 9.444766e-01
5.010633e-01 1.474430e-09 5.679500e-01 9.450597e-01
5.004450e-01 1.453248e-09 5.843700e-01 9.458839e-01
5.009065e-01 1.452660e-09 4.849390e-01 9.452103e-01
5.002416e-01 1.394121e-09 4.795950e-01 9.453827e-01
5.004001e-01 1.397752e-09 4.782580e-01 9.454646e-01
5.004238e-01 1.421195e-09 4.873080e-01 9.456409e-01
5.011415e-01 1.494647e-09 4.981640e-01 9.449406e-01
5.005105e-01 1.400540e-09 5.308270e-01 9.453751e-01
5.007817e-01 1.428554e-09 5.163790e-01 9.452598e-01
5.007456e-01 1.487037e-09 6.684430e-01 9.454713e-01
5.009926e-01 1.458083e-09 6.695480e-01 9.453656e-01
5.007934e-01 1.428443e-09 6.985200e-01 9.450645e-01
5.010030e-01 1.468960e-09 7.118040e-01 9.452608e-01
5.007744e-01 1.448703e-09 6.255780e-01 9.452817e-01
5.006641e-01 1.444360e-09 5.722650e-01 9.455580e-01
5.008029e-01 1.488193e-09 5.440070e-01 9.454589e-01
5.009028e-01 1.397192e-09 5.348630e-01 9.449311e-01
5.010791e-01 1.449632e-09 5.763140e-01 9.446234e-01
5.002243e-01 1.408518e-09 5.178200e-01 9.456009e-01
5.004940e-01 1.389810e-09 5.208990e-01 9.451350e-01
5.004617e-01 1.386445e-09 5.522220e-01 9.453541e-01
5.011426e-01 1.447877e-09 5.720860e-01 9.447891e-01
5.007931e-01 1.423704e-09 5.261980e-01 9.455618e-01
5.007399e-01 1.402500e-09 5.445150e-01 9.452017e-01
5.002432e-01 1.357803e-09 5.329900e-01 9.456180e-01
5.010645e-01 1.439233e-09 5.670740e-01 9.450569e-01
5.011657e-01 1.453770e-09 5.378450e-01 9.450045e-01
5.008422e-01 1.459074e-09 5.484790e-01 9.451807e-01
5.000881e-01 1.378121e-09 5.609460e-01 9.453894e-01
5.005357e-01 1.432914e-09 5.374940e-01 9.450521e-01
5.008401e-01 1.409997e-09 5.579760e-01 9.448349e-01
5.011889e-01 1.456728e-09 5.804800e-01 9.446281e-01
5.009027e-01 1.469312e-09 5.599890e-01 9.450321e-01
5.008968e-01 1.414933e-09 5.518660e-01 9.451102e-01
5.002204e-01 1.367894e-09 5.132770e-01 9.458943e-01
5.016312e-01 1.514030e-09 5.491930e-01 9.448415e-01
5.009734e-01 1.486824e-09 5.182830e-01 9.451026e-01
5.013205e-01 1.526402e-09 5.498810e-01 9.447920e-01
5.012053e-01 1.511681e-09 5.524540e-01 9.452560e-01
5.006233e-01 1.399610e-09 5.729960e-01 9.453789e-01
5.009296e-01 1.417094e-09 5.285590e-01 9.449368e-01
5.009556e-01 1.433305e-09 5.272930e-01 9.448768e-01
5.007896e-01 1.414891e-09 5.344690e-01 9.450102e-01
5.003185e-01 1.396960e-09 5.117110e-01 9.459648e-01
5.009755e-01 1.463491e-09 5.303990e-01 9.448158e-01
5.006394e-01 1.431250e-09 5.214170e-01 9.451569e-01
5.005690e-01 1.373214e-09 5.239730e-01 9.450473e-01
5.013956e-01 1.489481e-09 5.533400e-01 9.444090e-01
5.014591e-01 1.471071e-09 5.248110e-01 9.450597e-01
5.005815e-01 1.402099e-09 5.257200e-01 9.456971e-01
5.006900e-01 1.412097e-09 5.520750e-01 9.450283e-01
5.008119e-01 1.412287e-09 5.688860e-01 9.449997e-01
5.011697e-01 1.456802e-09 5.186990e-01 9.450969e-01
5.011127e-01 1.448057e-09 5.186020e-01 9.449549e-01
5.012251e-01 1.444197e-09 5.244890e-01 9.446443e-01
5.005810e-01 1.397675e-09 5.175950e-01 9.452970e-01
5.009268e-01 1.432845e-09 5.389890e-01 9.448063e-01
5.005336e-01 1.381913e-09 4.981380e-01 9.453246e-01
5.009525e-01 1.424964e-09 4.888550e-01 9.452446e-01
5.015973e-01 1.499381e-09 5.280380e-01 9.443928e-01
5.006606e-01 1.424306e-09 5.799720e-01 9.453865e-01
5.004919e-01 1.409291e-09 7.109150e-01 9.454256e-01
5.006498e-01 1.391566e-09 6.925510e-01 9.448825e-01
5.007532e-01 1.384316e-09 6.238250e-01 9.446996e-01
5.008957e-01 1.394874e-09 5.926200e-01 9.451064e-01
5.013334e-01 1.467363e-09 5.651320e-01 9.444928e-01
4.997264e-01 1.302042e-09 5.779800e-01 9.459934e-01
5.014465e-01 1.484143e-09 5.675040e-01 9.442546e-01
5.000385e-01 1.317791e-09 5.991160e-01 9.455332e-01
5.008416e-01 1.423195e-09 5.843530e-01 9.456466e-01
5.002854e-01 1.330480e-09 5.359040e-01 9.452750e-01
5.008996e-01 1.381804e-09 5.664950e-01 9.450940e-01
5.006948e-01 1.387274e-09 5.610350e-01 9.448968e-01
5.003656e-01 1.337986e-09 5.987160e-01 9.453389e-01
5.004924e-01 1.371643e-09 5.616060e-01 9.454847e-01
5.014751e-01 1.431465e-09 5.469890e-01 9.443995e-01
5.004129e-01 1.331046e-09 5.600380e-01 9.456190e-01
5.004642e-01 1.346518e-09 5.731370e-01 9.455218e-01
5.008463e-01 1.430137e-09 5.507020e-01 9.448253e-01
5.011188e-01 1.388408e-09 5.568910e-01 9.445481e-01
5.016786e-01 1.496092e-09 5.570530e-01 9.445119e-01
5.006693e-01 1.400985e-09 5.295090e-01 9.451874e-01
5.012161e-01 1.401791e-09 5.478090e-01 9.451436e-01
5.006040e-01 1.383984e-09 5.512610e-01 9.454380e-01
5.012072e-01 1.423750e-09 5.500770e-01 9.447501e-01
5.007423e-01 1.361971e-09 5.669770e-01 9.450254e-01
5.006987e-01 1.375483e-09 5.026170e-01 9.454484e-01
5.003358e-01 1.319091e-09 5.462840e-01 9.453455e-01
5.010781e-01 1.438360e-09 5.555020e-01 9.446929e-01
5.009191e-01 1.352682e-09 5.373220e-01 9.446758e-01
5.004788e-01 1.365745e-09 5.539910e-01 9.456152e-01
5.008997e-01 1.410530e-09 5.489130e-01 9.452036e-01
5.004995e-01 1.355441e-09 5.487720e-01 9.455647e-01
5.011182e-01 1.428482e-09 6.055350e-01 9.449530e-01
5.003160e-01 1.365292e-09 5.466950e-01 9.458686e-01
5.003909e-01 1.360123e-09 4.882270e-01 9.455313e-01
5.007938e-01 1.403404e-09 5.546500e-01 9.449768e-01
5.007308e-01 1.371487e-09 5.514860e-01 9.455837e-01
5.008902e-01 1.363111e-09 5.600980e-01 9.449063e-01
5.016073e-01 1.424814e-09 5.730530e-01 9.442156e-01
5.008751e-01 1.404273e-09 5.561060e-01 9.449892e-01
5.004112e-01 1.400769e-09 5.417290e-01 9.452522e-01
5.017757e-01 1.525823e-09 5.683950e-01 9.441289e-01
5.009067e-01 1.411559e-09 5.548030e-01 9.451398e-01
5.004098e-01 1.346636e-09 5.565780e-01 9.455085e-01
5.006310e-01 1.370193e-09 5.461450e-01 9.453494e-01
5.002868e-01 1.357079e-09 5.259490e-01 9.453265e-01
5.007616e-01 1.378325e-09 5.517880e-01 9.445071e-01
5.011583e-01 1.428226e-09 5.540960e-01 9.449482e-01
5.005204e-01 1.342938e-09 5.809290e-01 9.451331e-01
5.008434e-01 1.372237e-09 5.543940e-01 9.451588e-01
5.007962e-01 1.410872e-09 4.950250e-01 9.448492e-01
5.008202e-01 1.386913e-09 5.253700e-01 9.453065e-01
5.006870e-01 1.362737e-09 5.309580e-01 9.451521e-01
5.006407e-01 1.363636e-09 6.064390e-01 9.453656e-01
5.006843e-01 1.349981e-09 8.057610e-01 9.449416e-01
5.000110e-01 1.266305e-09 7.820730e-01 9.454818e-01
5.004483e-01 1.337723e-09 6.828930e-01 9.458248e-01
5.003356e-01 1.385346e-09 5.801490e-01 9.456857e-01
5.009412e-01 1.388619e-09 5.257870e-01 9.449835e-01
5.002094e-01 1.287164e-09 4.831310e-01 9.452827e-01
5.007886e-01 1.392861e-09 5.243700e-01 9.452122e-01
5.006249e-01 1.343600e-09 5.358740e-01 9.450140e-01
5.008304e-01 1.344241e-09 5.622080e-01 9.447777e-01
5.007650e-01 1.308751e-09 5.660050e-01 9.450950e-01
5.007974e-01 1.365143e-09 5.693270e-01 9.451302e-01
5.013293e-01 1.416620e-09 5.402170e-01 9.443547e-01
5.014481e-01 1.438767e-09 5.587060e-01 9.447596e-01
5.006593e-01 1.348281e-09 5.868590e-01 9.452036e-01
5.012915e-01 1.380904e-09 5.979350e-01 9.446805e-01
5.005716e-01 1.347541e-09 5.632990e-01 9.453122e-01
5.007557e-01 1.342023e-09 5.482560e-01 9.452731e-01
5.009556e-01 1.399699e-09 5.464960e-01 9.451693e-01
5.005658e-01 1.368060e-09 5.654340e-01 9.455094e-01
5.010575e-01 1.393172e-09 5.460360e-01 9.448549e-01
5.005197e-01 1.311409e-09 5.543640e-01 9.451521e-01
5.009585e-01 1.393558e-09 5.352380e-01 9.447253e-01
5.006476e-01 1.332186e-09 4.919330e-01 9.447929e-01
5.008957e-01 1.380396e-09 5.603100e-01 9.451369e-01
5.007737e-01 1.393560e-09 5.474220e-01 9.450216e-01
5.009079e-01 1.427185e-09 5.686770e-01 9.451569e-01
5.008038e-01 1.369053e-09 5.600800e-01 9.449225e-01
5.009914e-01 1.384298e-09 5.589210e-01 9.453236e-01
5.007125e-01 1.370104e-09 5.554400e-01 9.454694e-01
5.007010e-01 1.357661e-09 5.668890e-01 9.444738e-01
5.002831e-01 1.297427e-09 5.579840e-01 9.453675e-01
5.008097e-01 1.345326e-09 5.589690e-01 9.446586e-01
5.002029e-01 1.294957e-09 5.586090e-01 9.456619e-01
5.008132e-01 1.317304e-09 5.699660e-01 9.448977e-01
5.004023e-01 1.314101e-09 5.281340e-01 9.453141e-01
5.005306e-01 1.346594e-09 5.609470e-01 9.452998e-01
5.007972e-01 1.330488e-09 5.253700e-01 9.449187e-01
5.010711e-01 1.385774e-09 5.448960e-01 9.448396e-01
5.009775e-01 1.381492e-09 5.205650e-01 9.451055e-01
5.004000e-01 1.304061e-09 5.415880e-01 9.453732e-01
5.008032e-01 1.340216e-09 5.239140e-01 9.452731e-01
5.010766e-01 1.389168e-09 5.801440e-01 9.449987e-01
5.007314e-01 1.373367e-09 5.516440e-01 9.450835e-01
5.004965e-01 1.311447e-09 5.292980e-01 9.450045e-01
5.005957e-01 1.332171e-09 5.250790e-01 9.456866e-01
5.004237e-01 1.261664e-09 5.528650e-01 9.451245e-01
5.006721e-01 1.324320e-09 5.325720e-01 9.451969e-01
5.015026e-01 1.407479e-09 5.405650e-01 9.441727e-01
5.005782e-01 1.308646e-09 5.401950e-01 9.452703e-01
5.008356e-01 1.324181e-09 5.491730e-01 9.450140e-01
5.010820e-01 1.388535e-09 5.397900e-01 9.449054e-01
5.001487e-01 1.280397e-09 4.895680e-01 9.457247e-01
5.006181e-01 1.322117e-09 5.168000e-01 9.454504e-01
5.006069e-01 1.314994e-09 5.487920e-01 9.453532e-01
5.007077e-01 1.316392e-09 5.431550e-01 9.450702e-01
5.012363e-01 1.428697e-09 5.423360e-01 9.447891e-01
5.009441e-01 1.357437e-09 5.494140e-01 9.446357e-01
5.004772e-01 1.291592e-09 5.254370e-01 9.454866e-01
5.003180e-01 1.332611e-09 5.500390e-01 9.456371e-01
5.009020e-01 1.349054e-09 5.106820e-01 9.446310e-01
5.001840e-01 1.251403e-09 5.317790e-01 9.457352e-01
5.007839e-01 1.347828e-09 5.340670e-01 9.452398e-01
5.014387e-01 1.376177e-09 5.116600e-01 9.445433e-01
5.010298e-01 1.364908e-09 5.374490e-01 9.451312e-01
5.009961e-01 1.412353e-09 5.242370e-01 9.448425e-01
5.011603e-01 1.332935e-09 5.251350e-01 9.448644e-01
5.008166e-01 1.350266e-09 5.356800e-01 9.449997e-01
5.009581e-01 1.368240e-09 5.035880e-01 9.445719e-01
5.012091e-01 1.351886e-09 5.223190e-01 9.450988e-01
5.011995e-01 1.355378e-09 5.692900e-01 9.447796e-01
5.008030e-01 1.330415e-09 5.538350e-01 9.451188e-01
5.010200e-01 1.328486e-09 5.269160e-01 9.450702e-01
5.001035e-01 1.255546e-09 5.168380e-01 9.453027e-01
5.008715e-01 1.367420e-09 5.908740e-01 9.452093e-01
5.008652e-01 1.302803e-09 5.993340e-01 9.450816e-01
5.006265e-01 1.321662e-09 5.533610e-01 9.450330e-01
5.003288e-01 1.306220e-09 5.532360e-01 9.456428e-01
5.001282e-01 1.286487e-09 5.142620e-01 9.457619e-01
5.009638e-01 1.322789e-09 5.330100e-01 9.448587e-01
5.012903e-01 1.437177e-09 5.822750e-01 9.447396e-01
5.017778e-01 1.422496e-09 6.676100e-01 9.442527e-01
5.009029e-01 1.343008e-09 6.962900e-01 9.450759e-01
5.007723e-01 1.316595e-09 6.891640e-01 9.452855e-01
5.005604e-01 1.303119e-09 6.368520e-01 9.452931e-01
5.007015e-01 1.337644e-09 5.016430e-01 9.451664e-01
5.006662e-01 1.282649e-09 5.126050e-01 9.451569e-01
5.002890e-01 1.313001e-09 5.332740e-01 9.452122e-01
5.008243e-01 1.345087e-09 5.385240e-01 9.451474e-01
5.007311e-01 1.345407e-09 5.206070e-01 9.455790e-01
5.002873e-01 1.241933e-09 5.481310e-01 9.457009e-01
5.012353e-01 1.362428e-09 5.551230e-01 9.445843e-01
5.003774e-01 1.324697e-09 5.391990e-01 9.455256e-01
5.002330e-01 1.263424e-09 5.807400e-01 9.457914e-01
5.006310e-01 1.321587e-09 5.276620e-01 9.453170e-01
5.010213e-01 1.334459e-09 5.704470e-01 9.448311e-01
5.006970e-01 1.328878e-09 5.402960e-01 9.455552e-01
5.004661e-01 1.286942e-09 5.519580e-01 9.453741e-01
5.007061e-01 1.297639e-09 5.718490e-01 9.450864e-01
5.007708e-01 1.309081e-09 5.239430e-01 9.450073e-01
5.010027e-01 1.346625e-09 5.293460e-01 9.446434e-01
5.012925e-01 1.367120e-09 5.291910e-01 9.449378e-01
5.004676e-01 1.258149e-09 5.607080e-01 9.452836e-01
5.005410e-01 1.295023e-09 5.817950e-01 9.450407e-01
5.007105e-01 1.322607e-09 5.065250e-01 9.452331e-01
5.010487e-01 1.335855e-09 5.349590e-01 9.447263e-01
5.006844e-01 1.336622e-09 5.359890e-01 9.452369e-01
5.006219e-01 1.291796e-09 5.608820e-01 9.450750e-01
5.003359e-01 1.289602e-09 5.603980e-01 9.457171e-01
5.005976e-01 1.285559e-09 5.451580e-01 9.451521e-01
5.008726e-01 1.327661e-09 5.759350e-01 9.450607e-01
5.009150e-01 1.312297e-09 5.779330e-01 9.445681e-01
5.009535e-01 1.321279e-09 5.502620e-01 9.449530e-01
5.013988e-01 1.411042e-09 5.630640e-01 9.446405e-01
5.007138e-01 1.298422e-09 5.223700e-01 9.448930e-01
5.004249e-01 1.236203e-09 5.325840e-01 9.453189e-01
5.006826e-01 1.289085e-09 5.268300e-01 9.453398e-01
5.009846e-01 1.327817e-09 5.578200e-01 9.448673e-01
5.007519e-01 1.327262e-09 5.388850e-01 9.454437e-01
5.003724e-01 1.272403e-09 5.821700e-01 9.454256e-01
5.005534e-01 1.311540e-09 5.286530e-01 9.447929e-01
5.007396e-01 1.302224e-09 5.440500e-01 9.451788e-01
5.007778e-01 1.312294e-09 5.414220e-01 9.451540e-01
5.009612e-01 1.355231e-09 5.698750e-01 9.450769e-01
5.009814e-01 1.310492e-09 5.426020e-01 9.449597e-01
5.001279e-01 1.225678e-09 5.522290e-01 9.457667e-01
5.009298e-01 1.317655e-09 5.527880e-01 9.449873e-01
5.001241e-01 1.209003e-09 5.325060e-01 9.455142e-01
5.002762e-01 1.246138e-09 5.700930e-01 9.456771e-01
5.003966e-01 1.267125e-09 5.243460e-01 9.456943e-01
5.005527e-01 1.295153e-09 5.720610e-01 9.451474e-01
5.006040e-01 1.253414e-09 5.540330e-01 9.452141e-01
5.006768e-01 1.231672e-09 5.365250e-01 9.446281e-01
5.004979e-01 1.287432e-09 5.629080e-01 9.450254e-01
5.010941e-01 1.319796e-09 5.212850e-01 9.447958e-01
5.006389e-01 1.239878e-09 5.337190e-01 9.444757e-01
5.007207e-01 1.311174e-09 5.132250e-01 9.450435e-01
5.003218e-01 1.247570e-09 5.749480e-01 9.453541e-01
5.004813e-01 1.294614e-09 5.437030e-01 9.454065e-01
5.007436e-01 1.308010e-09 4.895770e-01 9.449568e-01
5.004063e-01 1.255528e-09 4.772970e-01 9.451255e-01
5.006649e-01 1.235969e-09 4.806620e-01 9.447748e-01
5.004095e-01 1.283953e-09 5.103980e-01 9.455390e-01
5.009414e-01 1.354189e-09 5.261680e-01 9.447444e-01
5.002553e-01 1.222450e-09 5.841960e-01 9.454627e-01
5.007075e-01 1.266611e-09 5.227690e-01 9.450835e-01
5.002836e-01 1.223145e-09 5.611900e-01 9.455371e-01
5.003945e-01 1.262872e-09 5.435320e-01 9.455990e-01
5.009662e-01 1.287414e-09 5.528970e-01 9.448863e-01
5.006294e-01 1.269491e-09 5.317650e-01 9.450921e-01
5.011497e-01 1.335393e-09 5.209610e-01 9.448844e-01
5.009438e-01 1.341520e-09 5.603170e-01 9.453675e-01
5.001942e-01 1.214495e-09 5.386070e-01 9.453151e-01
5.004836e-01 1.227742e-09 5.609320e-01 9.451121e-01
4.999994e-01 1.200969e-09 5.919320e-01 9.457190e-01
5.007886e-01 1.307775e-09 5.501770e-01 9.450616e-01
5.008907e-01 1.317945e-09 5.518390e-01 9.445357e-01
5.012281e-01 1.330548e-09 6.131330e-01 9.449111e-01
5.008120e-01 1.263589e-09 6.629410e-01 9.450635e-01
5.007437e-01 1.272070e-09 7.214200e-01 9.452979e-01
5.008305e-01 1.284028e-09 6.829000e-01 9.450511e-01
5.010602e-01 1.366801e-09 6.014230e-01 9.446529e-01
5.015902e-01 1.380068e-09 5.878000e-01 9.440250e-01
5.004581e-01 1.245936e-09 5.433740e-01 9.452789e-01
5.009017e-01 1.308432e-09 5.143730e-01 9.449759e-01
5.003425e-01 1.244249e-09 5.619690e-01 9.455837e-01
5.006182e-01 1.295595e-09 5.821990e-01 9.449054e-01
5.010689e-01 1.332071e-09 5.232020e-01 9.451445e-01
5.008108e-01 1.267693e-09 5.494670e-01 9.452417e-01
5.006877e-01 1.279505e-09 5.591170e-01 9.448682e-01
5.002966e-01 1.265329e-09 5.717360e-01 9.453341e-01
5.007850e-01 1.278536e-09 5.648490e-01 9.450683e-01
5.008771e-01 1.289779e-09 6.111570e-01 9.450006e-01
5.009703e-01 1.313453e-09 6.922120e-01 9.446624e-01
5.008875e-01 1.301793e-09 7.063870e-01 9.451636e-01
5.001654e-01 1.206757e-09 6.242300e-01 9.455132e-01
5.014211e-01 1.315602e-09 6.108010e-01 9.445881e-01
5.009800e-01 1.326052e-09 6.014380e-01 9.449206e-01
5.004934e-01 1.247921e-09 5.554850e-01 9.455218e-01
5.004309e-01 1.241023e-09 4.865220e-01 9.455799e-01
5.011725e-01 1.332096e-09 4.997480e-01 9.446596e-01
5.007411e-01 1.275749e-09 5.326240e-01 9.449778e-01
5.007484e-01 1.295207e-09 5.456160e-01 9.449997e-01
5.014090e-01 1.363952e-09 5.164020e-01 9.445748e-01
5.005194e-01 1.206795e-09 5.703460e-01 9.448939e-01
5.016025e-01 1.350561e-09 5.319250e-01 9.442823e-01
5.008498e-01 1.284454e-09 5.104030e-01 9.449340e-01
5.006417e-01 1.279271e-09 4.964790e-01 9.449444e-01
5.000350e-01 1.217453e-09 4.954800e-01 9.455361e-01
5.007589e-01 1.276425e-09 4.826710e-01 9.449320e-01
5.006322e-01 1.232944e-09 4.841230e-01 9.453055e-01
5.004099e-01 1.243885e-09 4.788900e-01 9.456219e-01
5.009631e-01 1.261092e-09 4.946920e-01 9.447463e-01
5.011631e-01 1.318094e-09 5.274990e-01 9.447653e-01
5.006963e-01 1.272696e-09 5.464100e-01 9.451540e-01
5.001749e-01 1.229811e-09 5.439310e-01 9.459658e-01
5.006848e-01 1.250089e-09 5.395070e-01 9.451588e-01
5.009562e-01 1.258598e-09 5.019890e-01 9.451064e-01
5.005592e-01 1.244335e-09 5.491900e-01 9.451731e-01
5.007881e-01 1.259882e-09 5.059980e-01 9.453827e-01
5.006731e-01 1.308530e-09 5.164020e-01 9.451159e-01
5.004469e-01 1.245654e-09 4.755400e-01 9.455628e-01
5.007522e-01 1.288516e-09 4.753120e-01 9.450912e-01
5.004926e-01 1.229837e-09 4.751760e-01 9.446634e-01
5.007468e-01 1.233387e-09 5.169470e-01 9.447329e-01
5.009893e-01 1.305623e-09 5.656070e-01 9.454303e-01
5.008851e-01 1.251022e-09 6.247200e-01 9.448987e-01
5.002516e-01 1.232112e-09 5.179940e-01 9.456238e-01
5.007295e-01 1.263075e-09 5.510880e-01 9.453837e-01
5.008141e-01 1.254708e-09 5.146050e-01 9.451074e-01
5.003981e-01 1.195111e-09 5.359830e-01 9.452779e-01
5.005370e-01 1.233973e-09 5.739420e-01 9.454923e-01
5.005419e-01 1.229432e-09 5.207380e-01 9.448225e-01
5.005029e-01 1.215668e-09 5.213430e-01 9.450464e-01
5.002519e-01 1.204054e-09 4.908000e-01 9.453236e-01
5.001845e-01 1.199344e-09 4.834090e-01 9.457571e-01
5.008682e-01 1.271888e-09 4.917150e-01 9.448920e-01
5.009973e-01 1.279606e-09 4.850850e-01 9.446843e-01
5.005317e-01 1.224469e-09 4.898630e-01 9.454418e-01
5.004950e-01 1.206760e-09 5.102910e-01 9.451979e-01
5.001565e-01 1.202916e-09 5.561200e-01 9.449187e-01
5.014812e-01 1.308955e-09 5.371120e-01 9.441489e-01
5.008298e-01 1.258224e-09 5.433670e-01 9.452560e-01
5.008472e-01 1.269405e-09 5.572000e-01 9.448330e-01
5.007716e-01 1.248212e-09 5.748820e-01 9.449444e-01
5.001738e-01 1.173574e-09 4.957260e-01 9.451436e-01
5.002241e-01 1.162376e-09 5.256360e-01 9.452531e-01
5.006308e-01 1.266329e-09 4.743580e-01 9.451293e-01
5.006545e-01 1.226980e-09 5.228130e-01 9.453151e-01
5.006763e-01 1.239655e-09 5.373290e-01 9.449845e-01
5.007261e-01 1.226732e-09 5.561140e-01 9.449235e-01
5.006757e-01 1.260510e-09 5.399620e-01 9.454646e-01
5.005622e-01 1.248705e-09 5.228730e-01 9.450616e-01
5.003546e-01 1.218030e-09 5.273960e-01 9.454923e-01
5.005551e-01 1.228560e-09 5.366710e-01 9.447729e-01
5.002234e-01 1.172675e-09 5.303640e-01 9.452512e-01
5.007480e-01 1.230037e-09 5.458550e-01 9.444233e-01
5.004943e-01 1.243641e-09 5.374830e-01 9.454637e-01
5.008326e-01 1.242898e-09 5.420180e-01 9.450054e-01
5.010509e-01 1.277542e-09 5.360630e-01 9.449301e-01
5.004652e-01 1.249492e-09 5.456850e-01 9.453579e-01
5.005410e-01 1.248688e-09 5.389840e-01 9.454608e-01
5.009043e-01 1.257861e-09 5.425330e-01 9.449521e-01
5.006460e-01 1.249661e-09 5.396330e-01 9.450997e-01
5.010234e-01 1.260520e-09 5.426570e-01 9.445729e-01
5.001397e-01 1.183437e-09 5.437410e-01 9.454065e-01
5.005777e-01 1.233030e-09 4.974550e-01 9.448816e-01
5.002442e-01 1.192678e-09 4.760460e-01 9.457876e-01
5.010751e-01 1.284974e-09 4.751950e-01 9.446348e-01
5.008336e-01 1.252485e-09 4.892610e-01 9.451216e-01
5.003699e-01 1.236112e-09 4.827920e-01 9.454532e-01
5.007903e-01 1.284461e-09 4.753060e-01 9.452979e-01
5.004591e-01 1.213132e-09 4.737780e-01 9.451607e-01
5.009404e-01 1.257230e-09 4.808770e-01 9.450407e-01
5.005700e-01 1.211165e-09 4.769430e-01 9.446862e-01
5.008659e-01 1.228577e-09 5.055000e-01 9.446805e-01
5.006377e-01 1.228660e-09 4.861740e-01 9.447663e-01
5.008969e-01 1.271617e-09 4.856990e-01 9.451559e-01
5.010396e-01 1.267416e-09 4.759610e-01 9.444176e-01
5.008712e-01 1.262970e-09 5.025120e-01 9.447796e-01
5.012945e-01 1.273998e-09 4.804590e-01 9.450283e-01
5.004523e-01 1.184975e-09 4.865000e-01 9.450378e-01
5.001624e-01 1.155041e-09 5.248530e-01 9.456133e-01
5.006305e-01 1.257439e-09 5.197590e-01 9.452265e-01
5.011461e-01 1.273972e-09 4.960430e-01 9.446186e-01
5.005983e-01 1.210893e-09 5.264690e-01 9.452560e-01
5.002882e-01 1.200300e-09 5.195310e-01 9.451741e-01
5.002507e-01 1.184335e-09 5.267930e-01 9.454303e-01
5.004703e-01 1.235869e-09 5.290730e-01 9.452245e-01
5.008628e-01 1.262878e-09 5.098260e-01 9.447939e-01
5.002252e-01 1.174955e-09 4.965400e-01 9.453922e-01
5.007087e-01 1.254401e-09 5.092750e-01 9.447767e-01
5.002560e-01 1.219226e-09 5.212600e-01 9.459648e-01
5.001541e-01 1.181617e-09 5.546600e-01 9.455895e-01
5.008840e-01 1.254030e-09 5.762890e-01 9.450245e-01
5.006967e-01 1.246401e-09 5.484880e-01 9.449025e-01
5.006928e-01 1.204812e-09 5.231480e-01 9.452388e-01
5.007332e-01 1.217675e-09 5.235780e-01 9.449749e-01
5.009590e-01 1.243095e-09 5.256570e-01 9.450026e-01
5.000431e-01 1.131406e-09 5.358660e-01 9.453751e-01
5.009833e-01 1.244275e-09 5.553810e-01 9.445224e-01
5.005384e-01 1.223805e-09 5.624460e-01 9.450149e-01
5.004551e-01 1.186447e-09 5.990680e-01 9.449044e-01
5.000809e-01 1.164332e-09 5.692610e-01 9.452455e-01
5.008659e-01 1.285640e-09 6.340150e-01 9.448158e-01
5.009825e-01 1.256984e-09 5.833170e-01 9.449482e-01
5.005151e-01 1.178453e-09 5.904050e-01 9.452236e-01
5.000736e-01 1.148891e-09 5.419960e-01 9.453151e-01
5.006488e-01 1.201742e-09 6.192660e-01 9.450540e-01
5.009359e-01 1.218844e-09 5.784620e-01 9.449044e-01
5.004837e-01 1.163151e-09 5.883800e-01 9.449768e-01
5.009761e-01 1.233914e-09 5.436040e-01 9.446072e-01
5.013793e-01 1.275567e-09 5.412200e-01 9.448949e-01
5.006541e-01 1.210922e-09 5.646190e-01 9.451902e-01
5.008407e-01 1.239217e-09 5.336110e-01 9.447548e-01
5.007568e-01 1.231031e-09 5.469870e-01 9.449568e-01
5.007257e-01 1.231390e-09 5.579070e-01 9.450092e-01
5.008593e-01 1.225267e-09 5.838630e-01 9.449025e-01
5.004928e-01 1.229339e-09 5.843740e-01 9.450588e-01
4.995785e-01 1.116420e-09 5.330290e-01 9.460049e-01
5.002900e-01 1.171597e-09 5.402930e-01 9.450578e-01
5.001285e-01 1.173475e-09 6.106490e-01 9.457190e-01
5.012500e-01 1.278649e-09 5.953670e-01 9.442175e-01
5.008250e-01 1.241255e-09 5.657300e-01 9.448520e-01
5.009555e-01 1.234962e-09 5.542100e-01 9.445528e-01
5.001123e-01 1.152859e-09 5.361610e-01 9.455561e-01
5.007401e-01 1.220047e-09 5.186670e-01 9.450588e-01
5.011070e-01 1.255623e-09 5.308940e-01 9.446234e-01
5.008145e-01 1.263700e-09 5.229420e-01 9.451788e-01
5.010605e-01 1.239757e-09 5.865770e-01 9.445519e-01
5.002518e-01 1.162862e-09 5.490640e-01 9.456952e-01
5.005883e-01 1.224084e-09 5.697210e-01 9.450159e-01
5.005441e-01 1.231751e-09 5.670140e-01 9.449940e-01
5.005458e-01 1.205231e-09 5.772860e-01 9.450893e-01
5.010581e-01 1.234398e-09 5.348470e-01 9.447072e-01
4.996596e-01 1.122539e-09 5.545840e-01 9.462821e-01
5.009295e-01 1.218005e-09 5.501000e-01 9.446367e-01
5.008187e-01 1.255481e-09 5.854890e-01 9.449111e-01
5.009072e-01 1.240388e-09 5.739650e-01 9.450283e-01
5.010621e-01 1.250566e-09 5.453070e-01 9.450969e-01
5.002115e-01 1.170102e-09 5.360790e-01 9.455666e-01
5.008477e-01 1.226370e-09 5.255490e-01 9.446786e-01
5.008827e-01 1.203827e-09 5.669290e-01 9.449111e-01
5.010326e-01 1.222940e-09 5.635700e-01 9.449244e-01
5.009622e-01 1.205727e-09 5.922730e-01 9.448997e-01
5.006952e-01 1.213070e-09 5.751310e-01 9.447529e-01
5.007204e-01 1.224764e-09 5.832440e-01 9.451188e-01
5.001326e-01 1.165121e-09 5.443980e-01 9.453008e-01
5.004478e-01 1.234109e-09 5.877610e-01 9.454961e-01
4.999892e-01 1.151578e-09 5.512020e-01 9.453846e-01
5.005273e-01 1.182495e-09 5.675930e-01 9.448196e-01
5.001907e-01 1.163693e-09 6.169860e-01 9.457505e-01
5.003062e-01 1.167735e-09 6.557540e-01 9.455285e-01
5.004544e-01 1.189369e-09 5.644540e-01 9.450073e-01
5.013716e-01 1.251578e-09 7.123340e-01 9.445014e-01
5.003830e-01 1.174385e-09 5.848210e-01 9.453227e-01
5.006931e-01 1.202076e-09 5.661480e-01 9.451150e-01
5.000319e-01 1.194161e-09 5.837730e-01 9.454713e-01
5.012636e-01 1.235749e-09 5.572210e-01 9.443718e-01
5.009271e-01 1.209944e-09 5.418100e-01 9.445567e-01
5.004677e-01 1.161794e-09 5.439220e-01 9.453808e-01
5.001033e-01 1.137088e-09 5.317600e-01 9.458334e-01
5.003724e-01 1.178091e-09 5.591530e-01 9.452531e-01
5.005571e-01 1.238576e-09 5.504390e-01 9.453894e-01
5.008099e-01 1.240878e-09 5.547030e-01 9.444023e-01
5.010631e-01 1.240304e-09 5.446480e-01 9.448225e-01
5.007637e-01 1.253714e-09 5.367850e-01 9.454389e-01
5.007767e-01 1.188810e-09 5.341630e-01 9.443871e-01
5.008515e-01 1.250486e-09 4.925430e-01 9.450578e-01
5.006503e-01 1.198137e-09 5.521100e-01 9.453122e-01
5.009562e-01 1.242164e-09 5.707710e-01 9.449425e-01
5.005044e-01 1.201592e-09 5.579290e-01 9.453427e-01
5.004288e-01 1.192582e-09 5.697110e-01 9.450264e-01
5.003721e-01 1.192981e-09 6.268930e-01 9.456085e-01
5.005182e-01 1.218106e-09 5.661430e-01 9.451636e-01
5.004165e-01 1.154238e-09 6.056860e-01 9.452284e-01
5.004996e-01 1.196698e-09 5.698080e-01 9.449740e-01
5.001169e-01 1.153836e-09 6.441580e-01 9.460315e-01
5.002253e-01 1.158417e-09 7.564640e-01 9.454494e-01
5.008899e-01 1.241434e-09 7.296710e-01 9.450978e-01
5.001744e-01 1.139431e-09 5.920030e-01 9.453065e-01
5.002798e-01 1.167985e-09 6.287740e-01 9.453284e-01
5.000480e-01 1.162466e-09 5.860850e-01 9.455694e-01
5.003455e-01 1.165213e-09 5.647410e-01 9.450988e-01
5.003137e-01 1.155628e-09 5.664200e-01 9.454161e-01
5.003644e-01 1.120462e-09 5.603040e-01 9.453198e-01
5.008250e-01 1.239814e-09 5.613620e-01 9.447339e-01
5.009236e-01 1.253232e-09 5.623470e-01 9.450664e-01
5.004699e-01 1.200076e-09 6.060400e-01 9.455247e-01
5.005041e-01 1.206085e-09 5.453610e-01 9.453646e-01
5.003101e-01 1.192555e-09 5.518100e-01 9.458324e-01
5.008234e-01 1.238020e-09 5.436470e-01 9.447424e-01
5.006189e-01 1.178561e-09 6.018100e-01 9.446834e-01
5.003660e-01 1.146243e-09 7.434710e-01 9.450121e-01
5.012992e-01 1.256974e-09 6.703140e-01 9.446338e-01
5.006125e-01 1.252839e-09 6.963820e-01 9.454246e-01
5.005692e-01 1.185084e-09 6.884790e-01 9.454742e-01
5.008626e-01 1.240673e-09 5.331470e-01 9.450873e-01
5.003929e-01 1.163509e-09 5.355040e-01 9.452074e-01
5.015124e-01 1.279661e-09 5.187410e-01 9.438678e-01
5.007124e-01 1.207689e-09 5.466810e-01 9.450740e-01
5.011689e-01 1.220108e-09 6.046360e-01 9.443718e-01
5.003958e-01 1.195358e-09 5.341200e-01 9.451493e-01
5.007983e-01 1.191174e-09 5.402540e-01 9.452627e-01
5.009511e-01 1.220839e-09 5.407540e-01 9.447396e-01
5.006626e-01 1.216805e-09 5.484070e-01 9.448835e-01
5.005164e-01 1.178453e-09 5.508250e-01 9.450426e-01
5.005158e-01 1.158325e-09 5.783470e-01 9.450540e-01
5.010225e-01 1.225889e-09 5.871830e-01 9.444690e-01
5.009285e-01 1.202634e-09 6.002110e-01 9.444757e-01
5.000944e-01 1.158819e-09 5.357520e-01 9.455780e-01
5.006855e-01 1.199481e-09 5.467330e-01 9.449921e-01
5.008688e-01 1.279748e-09 5.556040e-01 9.452436e-01
5.005818e-01 1.172464e-09 6.118240e-01 9.446443e-01
5.004423e-01 1.182487e-09 5.490070e-01 9.452855e-01
5.005512e-01 1.148901e-09 5.429390e-01 9.455818e-01
5.006191e-01 1.153059e-09 5.153360e-01 9.448482e-01
5.004107e-01 1.154578e-09 5.476360e-01 9.450769e-01
5.013332e-01 1.225264e-09 5.301740e-01 9.445043e-01
5.001606e-01 1.120724e-09 5.706320e-01 9.452360e-01
5.007260e-01 1.197537e-09 5.965230e-01 9.452131e-01
5.008586e-01 1.207491e-09 5.450700e-01 9.445319e-01
5.008607e-01 1.200344e-09 5.837590e-01 9.452360e-01
5.007802e-01 1.183715e-09 5.583960e-01 9.446586e-01
5.008552e-01 1.205337e-09 5.407880e-01 9.449035e-01
5.004512e-01 1.116486e-09 5.491520e-01 9.450054e-01
5.000150e-01 1.121212e-09 5.246650e-01 9.456342e-01
5.008265e-01 1.217416e-09 5.882320e-01 9.445195e-01
5.003909e-01 1.183375e-09 5.530730e-01 9.452712e-01
5.009792e-01 1.219578e-09 5.873660e-01 9.448130e-01
5.006806e-01 1.162334e-09 5.597330e-01 9.447977e-01
5.005564e-01 1.177000e-09 5.658110e-01 9.453046e-01
5.009095e-01 1.210156e-09 5.747540e-01 9.445519e-01
5.004423e-01 1.160735e-09 5.669260e-01 9.453398e-01
5.002168e-01 1.145456e-09 5.279410e-01 9.454504e-01
5.010520e-01 1.248551e-09 5.207590e-01 9.447205e-01
5.006952e-01 1.164981e-09 5.667380e-01 9.445100e-01
5.008819e-01 1.186252e-09 5.447530e-01 9.443232e-01
5.009096e-01 1.196625e-09 5.331210e-01 9.449349e-01
5.006966e-01 1.171092e-09 5.526820e-01 9.451064e-01
5.007220e-01 1.190746e-09 6.204720e-01 9.447796e-01
5.010862e-01 1.247734e-09 6.386640e-01 9.445376e-01
5.009765e-01 1.216684e-09 6.150790e-01 9.448530e-01
5.005085e-01 1.197281e-09 5.697810e-01 9.454351e-01
5.007570e-01 1.185548e-09 5.572780e-01 9.449730e-01
5.004113e-01 1.132848e-09 5.743580e-01 9.451207e-01
5.006904e-01 1.218609e-09 5.765240e-01 9.448596e-01
5.001358e-01 1.144450e-09 5.563810e-01 9.455723e-01
5.006310e-01 1.167820e-09 5.816910e-01 9.453017e-01
5.008850e-01 1.221883e-09 6.070550e-01 9.446081e-01
5.007909e-01 1.204391e-09 5.887490e-01 9.449587e-01
5.002751e-01 1.131028e-09 6.458840e-01 9.452064e-01
5.004006e-01 1.172387e-09 5.784600e-01 9.452455e-01
5.008305e-01 1.182753e-09 5.950170e-01 9.448301e-01
5.012849e-01 1.260350e-09 5.953890e-01 9.444833e-01
5.002288e-01 1.130117e-09 6.077000e-01 9.453541e-01
5.006528e-01 1.205516e-09 5.592200e-01 9.452388e-01
5.005456e-01 1.177597e-09 5.937770e-01 9.451312e-01
5.007912e-01 1.141144e-09 6.174650e-01 9.448901e-01
5.005488e-01 1.184709e-09 5.885810e-01 9.449883e-01
5.013251e-01 1.251571e-09 6.058290e-01 9.447053e-01
5.003920e-01 1.141846e-09 6.713490e-01 9.452112e-01
5.006864e-01 1.168651e-09 5.686930e-01 9.445309e-01
5.001993e-01 1.124876e-09 5.304930e-01 9.446967e-01
5.004807e-01 1.128797e-09 5.337790e-01 9.451083e-01
5.011390e-01 1.206580e-09 5.641590e-01 9.441308e-01
5.009534e-01 1.205168e-09 5.452360e-01 9.446443e-01
5.006913e-01 1.170883e-09 5.921240e-01 9.450292e-01
5.010283e-01 1.200301e-09 6.422660e-01 9.446072e-01
