# dim  N   mc   rho  Brute 
# 1    1 1049576 0.4
#
# Theoretical Energy = 5.000000e-01
# Energy     Variance     CPU time     Acceptance
7.566679e-01 2.602780e-07 6.785850e-01 9.451617e-01
7.513217e-01 2.601058e-07 6.095460e-01 9.448987e-01
7.492344e-01 2.489576e-07 6.688580e-01 9.449139e-01
7.413488e-01 2.481741e-07 5.996570e-01 9.449568e-01
7.342715e-01 2.439329e-07 5.875390e-01 9.445119e-01
7.451450e-01 2.445103e-07 6.158910e-01 9.449482e-01
7.113740e-01 2.297798e-07 6.290270e-01 9.454532e-01
7.370551e-01 2.284390e-07 5.605790e-01 9.455933e-01
7.311579e-01 2.258849e-07 5.436800e-01 9.454885e-01
7.165362e-01 2.219050e-07 5.845250e-01 9.451359e-01
7.172019e-01 2.241339e-07 6.202740e-01 9.441984e-01
7.135341e-01 2.203002e-07 5.594340e-01 9.448425e-01
7.130464e-01 2.182405e-07 6.261750e-01 9.442156e-01
7.086547e-01 2.127739e-07 5.671170e-01 9.447043e-01
7.085824e-01 2.032703e-07 6.174420e-01 9.452550e-01
6.936537e-01 2.011214e-07 5.619850e-01 9.446710e-01
6.989373e-01 2.034270e-07 5.145390e-01 9.444309e-01
7.014989e-01 2.014988e-07 5.735190e-01 9.445243e-01
6.964229e-01 1.977706e-07 5.317640e-01 9.440831e-01
6.857165e-01 1.892205e-07 5.089530e-01 9.453570e-01
6.774147e-01 1.875398e-07 5.071790e-01 9.451207e-01
6.753021e-01 1.823763e-07 5.128240e-01 9.451550e-01
6.848657e-01 1.833485e-07 5.065220e-01 9.448482e-01
6.877812e-01 1.828640e-07 5.082980e-01 9.446977e-01
6.763491e-01 1.746728e-07 5.062040e-01 9.455113e-01
6.765706e-01 1.741411e-07 5.054980e-01 9.449282e-01
6.713226e-01 1.705598e-07 5.107410e-01 9.454837e-01
6.682098e-01 1.705326e-07 5.064220e-01 9.451474e-01
6.584387e-01 1.688538e-07 5.087180e-01 9.447024e-01
6.706756e-01 1.669611e-07 5.071320e-01 9.444385e-01
6.606021e-01 1.631592e-07 5.041400e-01 9.444052e-01
6.528686e-01 1.615029e-07 5.092560e-01 9.444223e-01
6.604211e-01 1.564799e-07 5.093360e-01 9.449492e-01
6.491813e-01 1.535348e-07 5.063530e-01 9.447567e-01
6.623813e-01 1.508664e-07 5.087940e-01 9.452312e-01
6.494135e-01 1.472324e-07 5.047340e-01 9.451579e-01
6.527527e-01 1.505433e-07 5.280020e-01 9.446443e-01
6.467565e-01 1.464146e-07 5.707910e-01 9.448587e-01
6.472546e-01 1.476778e-07 5.091110e-01 9.444299e-01
6.385610e-01 1.424805e-07 5.107950e-01 9.447396e-01
6.436975e-01 1.376304e-07 5.091530e-01 9.454389e-01
6.383041e-01 1.387039e-07 5.033310e-01 9.452865e-01
6.390153e-01 1.326583e-07 5.046930e-01 9.458534e-01
6.357948e-01 1.356480e-07 5.020560e-01 9.451779e-01
6.423837e-01 1.331457e-07 5.049410e-01 9.444509e-01
6.293168e-01 1.300077e-07 5.041330e-01 9.448606e-01
6.308328e-01 1.267691e-07 5.093390e-01 9.454532e-01
6.281072e-01 1.254143e-07 5.091180e-01 9.454532e-01
6.258698e-01 1.255324e-07 5.059670e-01 9.451226e-01
6.292619e-01 1.205519e-07 5.036900e-01 9.454113e-01
6.302961e-01 1.224209e-07 5.063000e-01 9.450454e-01
6.128800e-01 1.206050e-07 5.029160e-01 9.444137e-01
6.209189e-01 1.196687e-07 5.047280e-01 9.450188e-01
6.173453e-01 1.207210e-07 5.072180e-01 9.445910e-01
6.190470e-01 1.164023e-07 5.064890e-01 9.448949e-01
6.148350e-01 1.137377e-07 5.054780e-01 9.449730e-01
6.119299e-01 1.108477e-07 5.096830e-01 9.455113e-01
6.119684e-01 1.096275e-07 5.036290e-01 9.452750e-01
6.090147e-01 1.077983e-07 5.092520e-01 9.456542e-01
6.105218e-01 1.091117e-07 5.102910e-01 9.448263e-01
6.059654e-01 1.082718e-07 5.158300e-01 9.450445e-01
6.085473e-01 1.057548e-07 5.050380e-01 9.452255e-01
5.893016e-01 1.049833e-07 5.067290e-01 9.444423e-01
5.938930e-01 1.004046e-07 5.052290e-01 9.452569e-01
6.004727e-01 9.657230e-08 5.082690e-01 9.462964e-01
5.921186e-01 1.014636e-07 5.052920e-01 9.446538e-01
5.986173e-01 9.650838e-08 5.056710e-01 9.452122e-01
5.971825e-01 9.630436e-08 5.113770e-01 9.453398e-01
5.973115e-01 9.692188e-08 5.108840e-01 9.448177e-01
5.962884e-01 9.375165e-08 5.025210e-01 9.452312e-01
5.908969e-01 9.229956e-08 5.070360e-01 9.452722e-01
5.952371e-01 9.398584e-08 5.042090e-01 9.441898e-01
5.883149e-01 9.056503e-08 5.027980e-01 9.449587e-01
5.861518e-01 8.694112e-08 5.069580e-01 9.457657e-01
5.868471e-01 8.624294e-08 5.030570e-01 9.455075e-01
5.888011e-01 8.640175e-08 5.043180e-01 9.455952e-01
5.816447e-01 8.693295e-08 5.082250e-01 9.446186e-01
5.898827e-01 8.521861e-08 5.041290e-01 9.454789e-01
5.792262e-01 8.284676e-08 5.065810e-01 9.454065e-01
5.766060e-01 8.296117e-08 5.021770e-01 9.446272e-01
5.835728e-01 8.117662e-08 5.038930e-01 9.455199e-01
5.771247e-01 8.123865e-08 5.076310e-01 9.444833e-01
5.792483e-01 8.015704e-08 5.855540e-01 9.442651e-01
5.761910e-01 8.035003e-08 5.699330e-01 9.447615e-01
5.706858e-01 7.658119e-08 5.859530e-01 9.450864e-01
5.705987e-01 7.541502e-08 6.025140e-01 9.453513e-01
5.787960e-01 7.629315e-08 5.601860e-01 9.448110e-01
5.714800e-01 7.291057e-08 5.858680e-01 9.454961e-01
5.678023e-01 7.158573e-08 5.949500e-01 9.458143e-01
5.645750e-01 7.116639e-08 5.159230e-01 9.451455e-01
5.717676e-01 7.335153e-08 5.069550e-01 9.448139e-01
5.685891e-01 7.009032e-08 5.046260e-01 9.453255e-01
5.629351e-01 6.973918e-08 5.028130e-01 9.453722e-01
5.682878e-01 6.887924e-08 5.008190e-01 9.456161e-01
5.671587e-01 6.739885e-08 5.411580e-01 9.453122e-01
5.666203e-01 6.701946e-08 6.086810e-01 9.453694e-01
5.660455e-01 6.585813e-08 6.093060e-01 9.458553e-01
5.628121e-01 6.616847e-08 6.085770e-01 9.451121e-01
5.656506e-01 6.475958e-08 5.693940e-01 9.455628e-01
5.656912e-01 6.489352e-08 5.718320e-01 9.449673e-01
5.602079e-01 6.171283e-08 5.571820e-01 9.458057e-01
5.639194e-01 6.188050e-08 5.638510e-01 9.456990e-01
5.566130e-01 6.091649e-08 5.648410e-01 9.453989e-01
5.510069e-01 5.881554e-08 5.901270e-01 9.457714e-01
5.580538e-01 6.137109e-08 6.148490e-01 9.454961e-01
5.560275e-01 5.805488e-08 6.449270e-01 9.456371e-01
5.570882e-01 5.825832e-08 6.198800e-01 9.457991e-01
5.517205e-01 5.732836e-08 5.166700e-01 9.450111e-01
5.575730e-01 5.668142e-08 6.771300e-01 9.455180e-01
5.550281e-01 5.535265e-08 7.306130e-01 9.455266e-01
5.538587e-01 5.510020e-08 7.051470e-01 9.459277e-01
5.481879e-01 5.410300e-08 7.699170e-01 9.454742e-01
5.600158e-01 5.642631e-08 7.650680e-01 9.452274e-01
5.547702e-01 5.390852e-08 7.951670e-01 9.456390e-01
5.591532e-01 5.384065e-08 7.843740e-01 9.457914e-01
5.475101e-01 5.128424e-08 7.112850e-01 9.456438e-01
5.476381e-01 5.115890e-08 6.859960e-01 9.449911e-01
5.467156e-01 5.105464e-08 7.347970e-01 9.454361e-01
5.412829e-01 4.762700e-08 6.661080e-01 9.457057e-01
5.542596e-01 5.074300e-08 6.212690e-01 9.455313e-01
5.386457e-01 4.649162e-08 6.208810e-01 9.454742e-01
5.444084e-01 4.790432e-08 6.073160e-01 9.456190e-01
5.518582e-01 4.830756e-08 6.185840e-01 9.456180e-01
5.426161e-01 4.607225e-08 6.692800e-01 9.456905e-01
5.446241e-01 4.640882e-08 6.132290e-01 9.455513e-01
5.428012e-01 4.609965e-08 6.012270e-01 9.454637e-01
5.435823e-01 4.557111e-08 5.730970e-01 9.454284e-01
5.363858e-01 4.338114e-08 5.793910e-01 9.463317e-01
5.416101e-01 4.428359e-08 5.869200e-01 9.460144e-01
5.387886e-01 4.276174e-08 5.979700e-01 9.458658e-01
5.333380e-01 4.114991e-08 6.418490e-01 9.459153e-01
5.364895e-01 4.120296e-08 6.649320e-01 9.465194e-01
5.349397e-01 4.121454e-08 5.993500e-01 9.457686e-01
5.380656e-01 4.098215e-08 6.048740e-01 9.459887e-01
5.484478e-01 4.284039e-08 5.852720e-01 9.459286e-01
5.393905e-01 4.117761e-08 5.840370e-01 9.460373e-01
5.353082e-01 3.895776e-08 5.792950e-01 9.465803e-01
5.388196e-01 4.033294e-08 5.987180e-01 9.462554e-01
5.378589e-01 3.910836e-08 6.105590e-01 9.462126e-01
5.333116e-01 3.791825e-08 5.730910e-01 9.459163e-01
5.382093e-01 3.887193e-08 5.540880e-01 9.462307e-01
5.325723e-01 3.652309e-08 5.865400e-01 9.460439e-01
5.328920e-01 3.649461e-08 5.853490e-01 9.462173e-01
5.350933e-01 3.624598e-08 5.741890e-01 9.465984e-01
5.364646e-01 3.740175e-08 6.537770e-01 9.448072e-01
5.300202e-01 3.449947e-08 5.748790e-01 9.464898e-01
5.346723e-01 3.632727e-08 5.982740e-01 9.459134e-01
5.259449e-01 3.403833e-08 5.808790e-01 9.459677e-01
5.330060e-01 3.474147e-08 5.985450e-01 9.462488e-01
5.340666e-01 3.419002e-08 5.764130e-01 9.461525e-01
5.317198e-01 3.448404e-08 5.974570e-01 9.460087e-01
5.328647e-01 3.345192e-08 5.766190e-01 9.461135e-01
5.276890e-01 3.268984e-08 5.881340e-01 9.463869e-01
5.314401e-01 3.289523e-08 5.801510e-01 9.460982e-01
5.287302e-01 3.182363e-08 5.931310e-01 9.462383e-01
5.314550e-01 3.303600e-08 6.946480e-01 9.462869e-01
5.225671e-01 2.978746e-08 5.744220e-01 9.468099e-01
5.319905e-01 3.163947e-08 5.989770e-01 9.457076e-01
5.272192e-01 3.066339e-08 6.971630e-01 9.465765e-01
5.298867e-01 3.050978e-08 5.606450e-01 9.464288e-01
5.232401e-01 2.985163e-08 6.998960e-01 9.459991e-01
5.286915e-01 2.951302e-08 7.298920e-01 9.461983e-01
5.229280e-01 2.847471e-08 7.080940e-01 9.467051e-01
5.249235e-01 2.861495e-08 6.970880e-01 9.462497e-01
5.219705e-01 2.790036e-08 7.773060e-01 9.466708e-01
5.240147e-01 2.791561e-08 6.743450e-01 9.464317e-01
5.279412e-01 2.892424e-08 6.345000e-01 9.459153e-01
5.259371e-01 2.839044e-08 5.768350e-01 9.458124e-01
5.264925e-01 2.776618e-08 5.736500e-01 9.463850e-01
5.234573e-01 2.704122e-08 7.220330e-01 9.467271e-01
5.247189e-01 2.681452e-08 7.598070e-01 9.466909e-01
5.225120e-01 2.664996e-08 7.143390e-01 9.462612e-01
5.239658e-01 2.642387e-08 7.262230e-01 9.466747e-01
5.217725e-01 2.521654e-08 6.805180e-01 9.470615e-01
5.256572e-01 2.688577e-08 7.560240e-01 9.460982e-01
5.251502e-01 2.612449e-08 5.647720e-01 9.463641e-01
5.222279e-01 2.502666e-08 6.721130e-01 9.462640e-01
5.240607e-01 2.518342e-08 6.068100e-01 9.466165e-01
5.203551e-01 2.414055e-08 5.593550e-01 9.465327e-01
5.237173e-01 2.485724e-08 5.417860e-01 9.462326e-01
5.188385e-01 2.350998e-08 5.655740e-01 9.466061e-01
5.187571e-01 2.282252e-08 5.385630e-01 9.464288e-01
5.204321e-01 2.382495e-08 5.404120e-01 9.466842e-01
5.223701e-01 2.400027e-08 5.759330e-01 9.465117e-01
5.185994e-01 2.292228e-08 5.371410e-01 9.465556e-01
5.230668e-01 2.356698e-08 5.652830e-01 9.464384e-01
5.213152e-01 2.276268e-08 5.916960e-01 9.469881e-01
5.203280e-01 2.271111e-08 5.443690e-01 9.466613e-01
5.198808e-01 2.244324e-08 5.062620e-01 9.464231e-01
5.194159e-01 2.195362e-08 5.270750e-01 9.466280e-01
5.158823e-01 2.098136e-08 5.239290e-01 9.471615e-01
5.164265e-01 2.154661e-08 5.363420e-01 9.467966e-01
5.190386e-01 2.211525e-08 5.401530e-01 9.464927e-01
5.190966e-01 2.129064e-08 5.340480e-01 9.467461e-01
5.165749e-01 2.086470e-08 5.220490e-01 9.467347e-01
5.170937e-01 2.110060e-08 5.312280e-01 9.469805e-01
5.134806e-01 1.981984e-08 5.257770e-01 9.464822e-01
5.170527e-01 2.044953e-08 5.002470e-01 9.465556e-01
5.148112e-01 1.972259e-08 5.048570e-01 9.467042e-01
5.149323e-01 1.958918e-08 4.930260e-01 9.470596e-01
5.163267e-01 2.029952e-08 4.990370e-01 9.458153e-01
5.190276e-01 2.088438e-08 5.700340e-01 9.462059e-01
5.182773e-01 1.972495e-08 5.724170e-01 9.464708e-01
5.143773e-01 1.913063e-08 5.009230e-01 9.467194e-01
5.177972e-01 1.964249e-08 5.182610e-01 9.470119e-01
5.142972e-01 1.800867e-08 5.561370e-01 9.468128e-01
5.205106e-01 2.043054e-08 5.315250e-01 9.463155e-01
5.135102e-01 1.766295e-08 5.402360e-01 9.466966e-01
5.147285e-01 1.855677e-08 5.582390e-01 9.465908e-01
5.130867e-01 1.736814e-08 5.561690e-01 9.465051e-01
5.154470e-01 1.834049e-08 5.494070e-01 9.467614e-01
5.146938e-01 1.810496e-08 5.430210e-01 9.466642e-01
5.132609e-01 1.743820e-08 5.556760e-01 9.468099e-01
5.153149e-01 1.805330e-08 5.537080e-01 9.467747e-01
5.132429e-01 1.749444e-08 5.838960e-01 9.467699e-01
5.129377e-01 1.707122e-08 5.574700e-01 9.472015e-01
5.136313e-01 1.688805e-08 5.477820e-01 9.463831e-01
5.105499e-01 1.617132e-08 4.870980e-01 9.473149e-01
5.145156e-01 1.771413e-08 4.953050e-01 9.468442e-01
5.104580e-01 1.650778e-08 6.119210e-01 9.468957e-01
5.117612e-01 1.639524e-08 5.754720e-01 9.462812e-01
5.141085e-01 1.731178e-08 5.205620e-01 9.466251e-01
5.133121e-01 1.643403e-08 4.937360e-01 9.473978e-01
5.116603e-01 1.597701e-08 4.852280e-01 9.461440e-01
5.144732e-01 1.719810e-08 4.833890e-01 9.472244e-01
5.100983e-01 1.622270e-08 4.997540e-01 9.471958e-01
5.137613e-01 1.631265e-08 4.960210e-01 9.465899e-01
5.117544e-01 1.571677e-08 5.089890e-01 9.469776e-01
5.130906e-01 1.666756e-08 5.096500e-01 9.460982e-01
5.110506e-01 1.562668e-08 4.987630e-01 9.470510e-01
5.127398e-01 1.595827e-08 4.949540e-01 9.466804e-01
5.127817e-01 1.594523e-08 4.998210e-01 9.472082e-01
5.131024e-01 1.664835e-08 5.298640e-01 9.461830e-01
5.144233e-01 1.629232e-08 5.385150e-01 9.471653e-01
5.100782e-01 1.482118e-08 5.446670e-01 9.471730e-01
5.127313e-01 1.570801e-08 5.147390e-01 9.461049e-01
5.127392e-01 1.562283e-08 5.081310e-01 9.462859e-01
5.117850e-01 1.490341e-08 4.926720e-01 9.465899e-01
5.135768e-01 1.551557e-08 5.313110e-01 9.464565e-01
5.081979e-01 1.382085e-08 5.649060e-01 9.472196e-01
5.101885e-01 1.436919e-08 5.589280e-01 9.469872e-01
5.095059e-01 1.428932e-08 4.997540e-01 9.464622e-01
5.127015e-01 1.510755e-08 5.788740e-01 9.462040e-01
5.115571e-01 1.442891e-08 5.238690e-01 9.468042e-01
5.116413e-01 1.493968e-08 5.387300e-01 9.464460e-01
5.086602e-01 1.358322e-08 5.980620e-01 9.474893e-01
5.092923e-01 1.402100e-08 6.071410e-01 9.464803e-01
5.104722e-01 1.395298e-08 6.137950e-01 9.470319e-01
5.097127e-01 1.386331e-08 7.145250e-01 9.476627e-01
5.101576e-01 1.392721e-08 6.623130e-01 9.475464e-01
5.100133e-01 1.369515e-08 6.361080e-01 9.475941e-01
5.086565e-01 1.311150e-08 6.641850e-01 9.471206e-01
5.086866e-01 1.352780e-08 7.642970e-01 9.471996e-01
5.104640e-01 1.410369e-08 7.364250e-01 9.474426e-01
5.094534e-01 1.348100e-08 7.373500e-01 9.468185e-01
5.101105e-01 1.360352e-08 7.088800e-01 9.466308e-01
5.075823e-01 1.325400e-08 6.999290e-01 9.469148e-01
5.099469e-01 1.326523e-08 6.878390e-01 9.470062e-01
5.082381e-01 1.312120e-08 6.801680e-01 9.470567e-01
5.091337e-01 1.285858e-08 5.596880e-01 9.467757e-01
5.091544e-01 1.312718e-08 5.726110e-01 9.469443e-01
5.077953e-01 1.321040e-08 5.872360e-01 9.470720e-01
5.097538e-01 1.332381e-08 7.113660e-01 9.472301e-01
5.075470e-01 1.238462e-08 5.986030e-01 9.478456e-01
5.088492e-01 1.242778e-08 6.683330e-01 9.471749e-01
5.107640e-01 1.371610e-08 5.786530e-01 9.469996e-01
5.082180e-01 1.255336e-08 5.625130e-01 9.467242e-01
5.116850e-01 1.359874e-08 6.538050e-01 9.463850e-01
5.089525e-01 1.279532e-08 6.609570e-01 9.469148e-01
5.065736e-01 1.230448e-08 6.986570e-01 9.472444e-01
5.084519e-01 1.251148e-08 7.452040e-01 9.466623e-01
5.076526e-01 1.252066e-08 6.394290e-01 9.475922e-01
5.089715e-01 1.263665e-08 6.534060e-01 9.471358e-01
5.097714e-01 1.307421e-08 6.167600e-01 9.463917e-01
5.094149e-01 1.256458e-08 5.853280e-01 9.465327e-01
5.094516e-01 1.210126e-08 5.505190e-01 9.469462e-01
5.092881e-01 1.263976e-08 5.633940e-01 9.464155e-01
5.087573e-01 1.248658e-08 5.421490e-01 9.474445e-01
5.097529e-01 1.254221e-08 5.443820e-01 9.466022e-01
5.097024e-01 1.267916e-08 5.993120e-01 9.466928e-01
5.085871e-01 1.197246e-08 5.749670e-01 9.470167e-01
5.072730e-01 1.164948e-08 6.313300e-01 9.470358e-01
5.086197e-01 1.216750e-08 5.747380e-01 9.474207e-01
5.075678e-01 1.155282e-08 6.058990e-01 9.473654e-01
5.081617e-01 1.176400e-08 6.461580e-01 9.463507e-01
5.090003e-01 1.198309e-08 7.124460e-01 9.474921e-01
5.088689e-01 1.198828e-08 8.459360e-01 9.470405e-01
5.086658e-01 1.206966e-08 7.186670e-01 9.463364e-01
5.066827e-01 1.163818e-08 7.431000e-01 9.473530e-01
5.085394e-01 1.144831e-08 7.308440e-01 9.476169e-01
5.072979e-01 1.165829e-08 5.834280e-01 9.471672e-01
5.073656e-01 1.182993e-08 5.536920e-01 9.473406e-01
5.069741e-01 1.155676e-08 5.271840e-01 9.478913e-01
5.085975e-01 1.174863e-08 5.296360e-01 9.469957e-01
5.072523e-01 1.127145e-08 5.459830e-01 9.468147e-01
5.071310e-01 1.172971e-08 5.573660e-01 9.474073e-01
5.058125e-01 1.140207e-08 6.146310e-01 9.473492e-01
5.089575e-01 1.206037e-08 5.348870e-01 9.471367e-01
5.073721e-01 1.123634e-08 5.749630e-01 9.474750e-01
5.076164e-01 1.168249e-08 5.348150e-01 9.471577e-01
5.089828e-01 1.200821e-08 5.377260e-01 9.469062e-01
5.064419e-01 1.109172e-08 5.916890e-01 9.474883e-01
5.061442e-01 1.091584e-08 5.449990e-01 9.479047e-01
5.090917e-01 1.183477e-08 5.633770e-01 9.466537e-01
5.059001e-01 1.114345e-08 5.946540e-01 9.473292e-01
5.073459e-01 1.148069e-08 5.524630e-01 9.477389e-01
5.083079e-01 1.162885e-08 5.512760e-01 9.470157e-01
5.083519e-01 1.174532e-08 5.315120e-01 9.467652e-01
5.071524e-01 1.091985e-08 4.989650e-01 9.470977e-01
5.063900e-01 1.065627e-08 4.955340e-01 9.472139e-01
5.079615e-01 1.105960e-08 5.048450e-01 9.471425e-01
5.053238e-01 1.086594e-08 4.847040e-01 9.473425e-01
5.076651e-01 1.148526e-08 5.554700e-01 9.476131e-01
5.057391e-01 1.058697e-08 5.173120e-01 9.473197e-01
5.094268e-01 1.198484e-08 5.492580e-01 9.468776e-01
5.079938e-01 1.155314e-08 5.415300e-01 9.469138e-01
5.071103e-01 1.104092e-08 5.276230e-01 9.473416e-01
5.072713e-01 1.111098e-08 5.365100e-01 9.472063e-01
5.062763e-01 1.060215e-08 5.297770e-01 9.465984e-01
5.065200e-01 1.040671e-08 4.838050e-01 9.470529e-01
5.081923e-01 1.120250e-08 4.787970e-01 9.471815e-01
5.075048e-01 1.090339e-08 4.798300e-01 9.468433e-01
5.062705e-01 1.094875e-08 4.877750e-01 9.470672e-01
5.062280e-01 1.066414e-08 4.805950e-01 9.472482e-01
5.085356e-01 1.146218e-08 5.104360e-01 9.466270e-01
5.077083e-01 1.081635e-08 5.546650e-01 9.469205e-01
5.068759e-01 1.090564e-08 5.357280e-01 9.469748e-01
5.066453e-01 1.081671e-08 4.995650e-01 9.474607e-01
5.062963e-01 1.086187e-08 5.420200e-01 9.474988e-01
5.057443e-01 1.056875e-08 5.563470e-01 9.470005e-01
5.057281e-01 1.046269e-08 4.883500e-01 9.474569e-01
5.053613e-01 1.017167e-08 5.827680e-01 9.473949e-01
5.059224e-01 1.048699e-08 5.084310e-01 9.472720e-01
5.074967e-01 1.100502e-08 5.474490e-01 9.470691e-01
5.077382e-01 1.121663e-08 5.236880e-01 9.472158e-01
5.041055e-01 1.007637e-08 5.697350e-01 9.478952e-01
5.066539e-01 1.028693e-08 5.479920e-01 9.469176e-01
5.065149e-01 1.059209e-08 5.568130e-01 9.470224e-01
5.055370e-01 1.023917e-08 5.343420e-01 9.475884e-01
5.038471e-01 1.003330e-08 5.155190e-01 9.475369e-01
5.063904e-01 1.070659e-08 5.338410e-01 9.472206e-01
5.071582e-01 1.077821e-08 4.789030e-01 9.472844e-01
5.061807e-01 1.072534e-08 5.050220e-01 9.475007e-01
5.051781e-01 1.030402e-08 5.299420e-01 9.474950e-01
5.079209e-01 1.113866e-08 5.462790e-01 9.467909e-01
5.082602e-01 1.114151e-08 5.592160e-01 9.468652e-01
5.072527e-01 1.087707e-08 5.209820e-01 9.472749e-01
5.068966e-01 1.087548e-08 5.318640e-01 9.472987e-01
5.074422e-01 1.096454e-08 5.492040e-01 9.474007e-01
5.053548e-01 9.915871e-09 5.691660e-01 9.472901e-01
5.043325e-01 9.800528e-09 5.602920e-01 9.478170e-01
5.065151e-01 1.066273e-08 5.749760e-01 9.472597e-01
5.050659e-01 1.010913e-08 5.426260e-01 9.476246e-01
5.079745e-01 1.048130e-08 5.469580e-01 9.468986e-01
5.062722e-01 1.044507e-08 5.333830e-01 9.470967e-01
5.067624e-01 1.065151e-08 5.330080e-01 9.468042e-01
5.047431e-01 1.008277e-08 5.382170e-01 9.474559e-01
5.064382e-01 1.046952e-08 5.159870e-01 9.473302e-01
5.053354e-01 1.002081e-08 6.119220e-01 9.472111e-01
5.069551e-01 1.034320e-08 5.637390e-01 9.473816e-01
5.039604e-01 9.607634e-09 5.431670e-01 9.475512e-01
5.055645e-01 1.011160e-08 5.445890e-01 9.473988e-01
5.054467e-01 9.852267e-09 5.450810e-01 9.473283e-01
5.042530e-01 9.824411e-09 5.405630e-01 9.481171e-01
5.054084e-01 1.023175e-08 5.129240e-01 9.476074e-01
5.067891e-01 1.032274e-08 5.076390e-01 9.475045e-01
5.039789e-01 9.484532e-09 5.061560e-01 9.477989e-01
5.056361e-01 9.854492e-09 5.588150e-01 9.473283e-01
5.081398e-01 1.102918e-08 5.277110e-01 9.471415e-01
5.055052e-01 1.013309e-08 5.836420e-01 9.476960e-01
5.061045e-01 1.010629e-08 6.538940e-01 9.471472e-01
5.063617e-01 1.045495e-08 6.792910e-01 9.471596e-01
5.050696e-01 1.016722e-08 7.268750e-01 9.480457e-01
5.052640e-01 1.004047e-08 6.274640e-01 9.479352e-01
5.052301e-01 9.950063e-09 5.172950e-01 9.473035e-01
5.045212e-01 9.780425e-09 5.418070e-01 9.475703e-01
5.054051e-01 9.967951e-09 5.366840e-01 9.479618e-01
5.058281e-01 1.008640e-08 5.402620e-01 9.473978e-01
5.055176e-01 1.011702e-08 5.697270e-01 9.476093e-01
5.055305e-01 1.009987e-08 5.950140e-01 9.473988e-01
5.078077e-01 1.052121e-08 5.458820e-01 9.465775e-01
5.069626e-01 1.052219e-08 5.658080e-01 9.475407e-01
5.061689e-01 1.039087e-08 5.058920e-01 9.472901e-01
5.075325e-01 1.074012e-08 5.438090e-01 9.473416e-01
5.059222e-01 1.032061e-08 5.703100e-01 9.477646e-01
5.065593e-01 1.029918e-08 5.883990e-01 9.470234e-01
5.056723e-01 1.032602e-08 5.668650e-01 9.470386e-01
5.055513e-01 1.018497e-08 5.364930e-01 9.479218e-01
5.043221e-01 9.804847e-09 5.496920e-01 9.474674e-01
5.048129e-01 9.898194e-09 5.446330e-01 9.475826e-01
5.041317e-01 9.706484e-09 5.466010e-01 9.478418e-01
5.060932e-01 1.017609e-08 5.622450e-01 9.470529e-01
5.068152e-01 1.013948e-08 5.477210e-01 9.472368e-01
5.048067e-01 9.624471e-09 5.503930e-01 9.480905e-01
5.054544e-01 9.779684e-09 5.616920e-01 9.468366e-01
5.034259e-01 9.268363e-09 5.284250e-01 9.483734e-01
5.064244e-01 1.016312e-08 5.753850e-01 9.470215e-01
5.040558e-01 9.815259e-09 4.976080e-01 9.477923e-01
5.062337e-01 1.016403e-08 5.177930e-01 9.467804e-01
5.073069e-01 1.043162e-08 5.343440e-01 9.467699e-01
5.067963e-01 1.046882e-08 5.571210e-01 9.467528e-01
5.048111e-01 9.550174e-09 5.477020e-01 9.476922e-01
5.052613e-01 9.874907e-09 5.039250e-01 9.471615e-01
5.050513e-01 9.997178e-09 4.934170e-01 9.478370e-01
5.074194e-01 1.056839e-08 4.867730e-01 9.475988e-01
5.080935e-01 1.083987e-08 4.944990e-01 9.469767e-01
5.041932e-01 9.772375e-09 4.765570e-01 9.481276e-01
5.056144e-01 1.013831e-08 4.941480e-01 9.476188e-01
5.048115e-01 1.025301e-08 4.872650e-01 9.474445e-01
5.055671e-01 9.975407e-09 4.804280e-01 9.474397e-01
5.048372e-01 1.009742e-08 4.899140e-01 9.475341e-01
5.051711e-01 9.626727e-09 4.806350e-01 9.472416e-01
5.057964e-01 1.014539e-08 5.040960e-01 9.478380e-01
5.039130e-01 9.490797e-09 4.897960e-01 9.476713e-01
5.056231e-01 1.004992e-08 4.764940e-01 9.472244e-01
5.048669e-01 1.001923e-08 4.936270e-01 9.477427e-01
5.038036e-01 9.662133e-09 5.543910e-01 9.477456e-01
5.059716e-01 1.024892e-08 5.331880e-01 9.470053e-01
5.043408e-01 9.572998e-09 5.580370e-01 9.471634e-01
5.065798e-01 1.035944e-08 5.452130e-01 9.476179e-01
5.060480e-01 1.019264e-08 6.177830e-01 9.473616e-01
5.065344e-01 9.855792e-09 6.582230e-01 9.472778e-01
5.050381e-01 9.748161e-09 5.833690e-01 9.476179e-01
5.074777e-01 1.055064e-08 6.795250e-01 9.472492e-01
5.069016e-01 1.039099e-08 6.798010e-01 9.473321e-01
5.039851e-01 9.306922e-09 5.731610e-01 9.479495e-01
5.040839e-01 9.292820e-09 5.285970e-01 9.481991e-01
5.070015e-01 1.046639e-08 5.424850e-01 9.465518e-01
5.048827e-01 1.001521e-08 5.414880e-01 9.474350e-01
5.055857e-01 9.973682e-09 5.210070e-01 9.473835e-01
5.034317e-01 9.303179e-09 5.437620e-01 9.477084e-01
5.059747e-01 1.020194e-08 5.293830e-01 9.473902e-01
5.050402e-01 9.785548e-09 5.277420e-01 9.482839e-01
5.068065e-01 1.037282e-08 5.217260e-01 9.467347e-01
5.052601e-01 9.722997e-09 5.674820e-01 9.477217e-01
5.052136e-01 9.887860e-09 6.603790e-01 9.478218e-01
5.062982e-01 1.064708e-08 6.783350e-01 9.475626e-01
5.050605e-01 1.001566e-08 7.134470e-01 9.475531e-01
5.040159e-01 9.275983e-09 6.014940e-01 9.478065e-01
5.047319e-01 9.612889e-09 5.168490e-01 9.479857e-01
5.053982e-01 1.016898e-08 5.396870e-01 9.478218e-01
5.067775e-01 1.025329e-08 5.047610e-01 9.477065e-01
5.066922e-01 1.023501e-08 5.347510e-01 9.475159e-01
5.051823e-01 1.007560e-08 5.808970e-01 9.478008e-01
5.050587e-01 9.699347e-09 5.560350e-01 9.474921e-01
5.069219e-01 1.040844e-08 5.270160e-01 9.472930e-01
5.057798e-01 1.008207e-08 5.731500e-01 9.474073e-01
5.058938e-01 1.014261e-08 5.222000e-01 9.474464e-01
5.060707e-01 1.018279e-08 5.562710e-01 9.478094e-01
5.061660e-01 1.007717e-08 5.263030e-01 9.466270e-01
5.040689e-01 9.484258e-09 5.375800e-01 9.478123e-01
5.060247e-01 9.986380e-09 5.436110e-01 9.470653e-01
5.041566e-01 9.591220e-09 5.267330e-01 9.477227e-01
5.056760e-01 9.986109e-09 5.341600e-01 9.475331e-01
5.065821e-01 1.001361e-08 5.327110e-01 9.466061e-01
5.048606e-01 9.745128e-09 5.517390e-01 9.477256e-01
5.060473e-01 1.009000e-08 5.289520e-01 9.473807e-01
5.053455e-01 9.885549e-09 5.451700e-01 9.477923e-01
5.061302e-01 9.882288e-09 5.588570e-01 9.473378e-01
5.058861e-01 9.621714e-09 5.652700e-01 9.474054e-01
5.052658e-01 9.887153e-09 5.256690e-01 9.475569e-01
5.046422e-01 9.353073e-09 5.491540e-01 9.480552e-01
5.052177e-01 9.990477e-09 5.414320e-01 9.479790e-01
5.057227e-01 1.009407e-08 5.573980e-01 9.475274e-01
5.055664e-01 9.930175e-09 5.734680e-01 9.473816e-01
5.073651e-01 1.041654e-08 5.443980e-01 9.468909e-01
5.071100e-01 1.053136e-08 5.294100e-01 9.467061e-01
5.038482e-01 9.162156e-09 5.284060e-01 9.478675e-01
5.057561e-01 9.855262e-09 5.191150e-01 9.472320e-01
5.041944e-01 9.748157e-09 5.490070e-01 9.479580e-01
5.056266e-01 9.820392e-09 5.428690e-01 9.474064e-01
5.063449e-01 1.019194e-08 5.389280e-01 9.472292e-01
5.065016e-01 1.002723e-08 5.335120e-01 9.470748e-01
5.058459e-01 1.015462e-08 5.348840e-01 9.478742e-01
5.036870e-01 9.289522e-09 5.479890e-01 9.478980e-01
5.057081e-01 1.022977e-08 5.307230e-01 9.479761e-01
5.091158e-01 1.092227e-08 5.250360e-01 9.467242e-01
5.046781e-01 9.821650e-09 5.510620e-01 9.477560e-01
5.049020e-01 9.900839e-09 5.375960e-01 9.477265e-01
5.038544e-01 9.414457e-09 5.485080e-01 9.479685e-01
5.064515e-01 1.001609e-08 5.399600e-01 9.471539e-01
5.050439e-01 1.000355e-08 5.617080e-01 9.478942e-01
5.052778e-01 9.711308e-09 5.496840e-01 9.475264e-01
5.052913e-01 1.021104e-08 5.477020e-01 9.473635e-01
5.057824e-01 9.683164e-09 5.352320e-01 9.472482e-01
5.060024e-01 9.891849e-09 5.667510e-01 9.475150e-01
5.039169e-01 9.412637e-09 5.700210e-01 9.480628e-01
5.034972e-01 9.117696e-09 5.656890e-01 9.483487e-01
5.057053e-01 1.015023e-08 5.688500e-01 9.475455e-01
5.056971e-01 1.002688e-08 5.417080e-01 9.471320e-01
5.068829e-01 1.026672e-08 5.387570e-01 9.471568e-01
5.042657e-01 9.231778e-09 5.445300e-01 9.476007e-01
5.036333e-01 9.324033e-09 5.738010e-01 9.480066e-01
5.050597e-01 9.772092e-09 5.281520e-01 9.474131e-01
5.061622e-01 9.856626e-09 5.562690e-01 9.472034e-01
5.071047e-01 1.027281e-08 5.684650e-01 9.466527e-01
5.048224e-01 9.730310e-09 5.318820e-01 9.478075e-01
5.048321e-01 9.810501e-09 5.150270e-01 9.476703e-01
5.038359e-01 9.305998e-09 5.717960e-01 9.479952e-01
5.071241e-01 1.030938e-08 5.403150e-01 9.468690e-01
5.053742e-01 9.790059e-09 5.633110e-01 9.475341e-01
5.036979e-01 9.345347e-09 5.577590e-01 9.481657e-01
5.059143e-01 9.909781e-09 5.468920e-01 9.471939e-01
5.053554e-01 9.920427e-09 5.300780e-01 9.477703e-01
5.065517e-01 1.030720e-08 5.604490e-01 9.472292e-01
5.057701e-01 1.017359e-08 5.395410e-01 9.475731e-01
5.046033e-01 9.343769e-09 5.535310e-01 9.474178e-01
5.045929e-01 9.489060e-09 5.397250e-01 9.473902e-01
5.049573e-01 9.717650e-09 5.536080e-01 9.475264e-01
5.042662e-01 9.337998e-09 5.246310e-01 9.479599e-01
5.039657e-01 9.529177e-09 5.322700e-01 9.479676e-01
5.046058e-01 9.515331e-09 5.418670e-01 9.470500e-01
5.056231e-01 9.633839e-09 5.195550e-01 9.476246e-01
5.047481e-01 9.700358e-09 5.414690e-01 9.475912e-01
5.059790e-01 9.850313e-09 5.699030e-01 9.476713e-01
5.045045e-01 9.600999e-09 5.332980e-01 9.478113e-01
5.045605e-01 9.572212e-09 5.526410e-01 9.478084e-01
5.043583e-01 9.615724e-09 5.304600e-01 9.478885e-01
5.046903e-01 9.761954e-09 5.189590e-01 9.479942e-01
5.040749e-01 9.583341e-09 5.106370e-01 9.475550e-01
5.046572e-01 9.591750e-09 5.131870e-01 9.474693e-01
5.048615e-01 9.755648e-09 5.423340e-01 9.476474e-01
5.063018e-01 1.032289e-08 5.467190e-01 9.468852e-01
5.047848e-01 9.401569e-09 5.437560e-01 9.476141e-01
5.060689e-01 1.009784e-08 5.643540e-01 9.475779e-01
5.050219e-01 9.656513e-09 5.240460e-01 9.474226e-01
5.059343e-01 9.563265e-09 5.675870e-01 9.473807e-01
5.043255e-01 9.526354e-09 5.602030e-01 9.477151e-01
5.049047e-01 9.848404e-09 5.610490e-01 9.479352e-01
5.063904e-01 1.011879e-08 5.793190e-01 9.474750e-01
5.051858e-01 9.511174e-09 5.381230e-01 9.479428e-01
5.060645e-01 1.003055e-08 5.462060e-01 9.473225e-01
5.059093e-01 9.738289e-09 5.525640e-01 9.474836e-01
5.037325e-01 9.480283e-09 5.520050e-01 9.479428e-01
5.051200e-01 9.561183e-09 5.467960e-01 9.478418e-01
5.063144e-01 9.796789e-09 5.563710e-01 9.470272e-01
5.056193e-01 9.736374e-09 5.514220e-01 9.473168e-01
5.068858e-01 1.015805e-08 6.387200e-01 9.469452e-01
5.053572e-01 1.009035e-08 6.394520e-01 9.477837e-01
5.062582e-01 9.841644e-09 8.517180e-01 9.467032e-01
5.057189e-01 9.875888e-09 7.577390e-01 9.473168e-01
5.041069e-01 9.274362e-09 6.006570e-01 9.477437e-01
5.041559e-01 9.555157e-09 5.738500e-01 9.477313e-01
5.069056e-01 9.994854e-09 5.653020e-01 9.468395e-01
5.053867e-01 9.751671e-09 5.798790e-01 9.479704e-01
5.035379e-01 9.179574e-09 5.497160e-01 9.477427e-01
5.039429e-01 8.890140e-09 5.616710e-01 9.478456e-01
5.057116e-01 9.397499e-09 5.445340e-01 9.471196e-01
5.033809e-01 9.109714e-09 5.529520e-01 9.480485e-01
5.045175e-01 9.586020e-09 5.589140e-01 9.477246e-01
5.061553e-01 9.967844e-09 5.426330e-01 9.474121e-01
5.055403e-01 9.383348e-09 5.519100e-01 9.470691e-01
5.054663e-01 9.972596e-09 5.617820e-01 9.473930e-01
5.045836e-01 9.482515e-09 5.448190e-01 9.478685e-01
5.051740e-01 9.746070e-09 5.539030e-01 9.476341e-01
5.044761e-01 9.301519e-09 5.226330e-01 9.473054e-01
5.054005e-01 9.477725e-09 5.389630e-01 9.470872e-01
5.068088e-01 1.030252e-08 5.390020e-01 9.473159e-01
5.060032e-01 9.607958e-09 5.923570e-01 9.476350e-01
5.063317e-01 9.735243e-09 5.244450e-01 9.473483e-01
5.055945e-01 9.831829e-09 5.314660e-01 9.474454e-01
5.047931e-01 9.378604e-09 5.754880e-01 9.474245e-01
5.035823e-01 9.078169e-09 5.818490e-01 9.479933e-01
5.055093e-01 9.564243e-09 5.516480e-01 9.471177e-01
5.058992e-01 9.775387e-09 5.455480e-01 9.472254e-01
5.039364e-01 9.459565e-09 5.452440e-01 9.480876e-01
5.037566e-01 9.168150e-09 5.594260e-01 9.479933e-01
5.040414e-01 8.998943e-09 5.472360e-01 9.477903e-01
5.055481e-01 9.731820e-09 5.359270e-01 9.474807e-01
5.053720e-01 9.613259e-09 5.527600e-01 9.473330e-01
5.070617e-01 1.062113e-08 5.389860e-01 9.471434e-01
5.044993e-01 9.314496e-09 5.428230e-01 9.477913e-01
5.068661e-01 1.008537e-08 5.558490e-01 9.473788e-01
5.049846e-01 9.401025e-09 5.131880e-01 9.473597e-01
5.043135e-01 9.386129e-09 5.740520e-01 9.481162e-01
5.063322e-01 1.001322e-08 5.374510e-01 9.470539e-01
5.043407e-01 9.212052e-09 5.432030e-01 9.473082e-01
5.046325e-01 9.350278e-09 5.278100e-01 9.477675e-01
5.047375e-01 9.548386e-09 5.388860e-01 9.476636e-01
5.044290e-01 9.559308e-09 5.048770e-01 9.478971e-01
5.052582e-01 9.659021e-09 5.306910e-01 9.472530e-01
5.033235e-01 9.585979e-09 4.975620e-01 9.481562e-01
5.038707e-01 9.138662e-09 5.194490e-01 9.478980e-01
5.053269e-01 9.809900e-09 5.280510e-01 9.474759e-01
5.066289e-01 1.000469e-08 5.819320e-01 9.471853e-01
5.064538e-01 9.832777e-09 5.209650e-01 9.470034e-01
5.051177e-01 9.543520e-09 6.110560e-01 9.471882e-01
5.033822e-01 8.895055e-09 6.164770e-01 9.479180e-01
5.032533e-01 9.016537e-09 5.612880e-01 9.483001e-01
5.045516e-01 9.173288e-09 5.134400e-01 9.473178e-01
5.049210e-01 9.346580e-09 5.352050e-01 9.475807e-01
5.041781e-01 9.390794e-09 5.353720e-01 9.475836e-01
5.057071e-01 1.002297e-08 5.408580e-01 9.474073e-01
5.047090e-01 9.542707e-09 5.330460e-01 9.474664e-01
5.050948e-01 9.282988e-09 5.742110e-01 9.475474e-01
5.026086e-01 8.502727e-09 6.445520e-01 9.482734e-01
5.049553e-01 9.612396e-09 5.805290e-01 9.477237e-01
5.057356e-01 9.738035e-09 5.967580e-01 9.476579e-01
5.036324e-01 9.027637e-09 5.591740e-01 9.481943e-01
5.045432e-01 9.090671e-09 5.674030e-01 9.479304e-01
5.044180e-01 9.515009e-09 5.709990e-01 9.480076e-01
5.048537e-01 9.316596e-09 5.727230e-01 9.476350e-01
5.056392e-01 9.613256e-09 5.457420e-01 9.474426e-01
5.050082e-01 9.438222e-09 5.382770e-01 9.474026e-01
5.049242e-01 9.538415e-09 5.303510e-01 9.476751e-01
5.055915e-01 9.782203e-09 5.559390e-01 9.477151e-01
5.041899e-01 9.171103e-09 5.462990e-01 9.476608e-01
5.068500e-01 1.004201e-08 5.280400e-01 9.470967e-01
5.047219e-01 9.393934e-09 5.990630e-01 9.477799e-01
5.056168e-01 9.627243e-09 5.225740e-01 9.475140e-01
5.034758e-01 9.150052e-09 5.759070e-01 9.482715e-01
5.054687e-01 9.875227e-09 5.044160e-01 9.475531e-01
5.059508e-01 9.673374e-09 5.198790e-01 9.474207e-01
5.054093e-01 9.552283e-09 5.966810e-01 9.471167e-01
5.040628e-01 9.058323e-09 5.467780e-01 9.474921e-01
5.049290e-01 9.517060e-09 5.791810e-01 9.477903e-01
5.042402e-01 9.238705e-09 5.233540e-01 9.477894e-01
5.050981e-01 9.162355e-09 5.391230e-01 9.476141e-01
5.051019e-01 9.320189e-09 5.047980e-01 9.471577e-01
5.042972e-01 9.194202e-09 4.978980e-01 9.479599e-01
5.036821e-01 8.993311e-09 4.944430e-01 9.479123e-01
5.051181e-01 9.348251e-09 5.156330e-01 9.475055e-01
5.037901e-01 8.990679e-09 5.135030e-01 9.477322e-01
5.055193e-01 9.828725e-09 4.836950e-01 9.471291e-01
5.063467e-01 1.000212e-08 5.040520e-01 9.475112e-01
5.054204e-01 9.406152e-09 4.951640e-01 9.477884e-01
5.046804e-01 9.604035e-09 4.865950e-01 9.475979e-01
5.066828e-01 9.502696e-09 4.927480e-01 9.468852e-01
5.069431e-01 9.892432e-09 5.070680e-01 9.471024e-01
5.046251e-01 9.385442e-09 5.159820e-01 9.477494e-01
5.045505e-01 9.141090e-09 5.133800e-01 9.474702e-01
5.045812e-01 9.451497e-09 5.238740e-01 9.475664e-01
5.047458e-01 9.437079e-09 5.235840e-01 9.474569e-01
5.038368e-01 9.049215e-09 5.098580e-01 9.479971e-01
5.040569e-01 9.027989e-09 5.217710e-01 9.478856e-01
5.047028e-01 9.336987e-09 5.348800e-01 9.475426e-01
5.058527e-01 9.411026e-09 5.126460e-01 9.470986e-01
5.040833e-01 9.091759e-09 5.401750e-01 9.475598e-01
5.048354e-01 9.310393e-09 5.152870e-01 9.477532e-01
5.063294e-01 9.668852e-09 5.144470e-01 9.471558e-01
5.055368e-01 9.644992e-09 5.164650e-01 9.473416e-01
5.046903e-01 9.415761e-09 5.249320e-01 9.475036e-01
5.031251e-01 8.912884e-09 5.308950e-01 9.478551e-01
5.033577e-01 9.100478e-09 5.302740e-01 9.477237e-01
5.052570e-01 9.856084e-09 5.132910e-01 9.480066e-01
5.042830e-01 8.913302e-09 5.132180e-01 9.478246e-01
5.047730e-01 9.471419e-09 5.186990e-01 9.473016e-01
5.032482e-01 9.209238e-09 5.181450e-01 9.480400e-01
5.044542e-01 9.313092e-09 5.219480e-01 9.482505e-01
5.033312e-01 9.087274e-09 5.148500e-01 9.481314e-01
5.037867e-01 9.011329e-09 5.257960e-01 9.477722e-01
5.045421e-01 9.312148e-09 5.364340e-01 9.474674e-01
5.046610e-01 9.029323e-09 5.222040e-01 9.479399e-01
5.058251e-01 9.595243e-09 5.411520e-01 9.467757e-01
5.042225e-01 9.080869e-09 5.203470e-01 9.474607e-01
5.066222e-01 9.820367e-09 5.262210e-01 9.471872e-01
5.050477e-01 9.785093e-09 5.102760e-01 9.476798e-01
5.057757e-01 9.465459e-09 5.118660e-01 9.471291e-01
5.059036e-01 9.801465e-09 5.307490e-01 9.472006e-01
5.051517e-01 9.373671e-09 5.680090e-01 9.473378e-01
5.065431e-01 9.697561e-09 5.424590e-01 9.471463e-01
5.062154e-01 9.434974e-09 5.376270e-01 9.467318e-01
5.052125e-01 9.617027e-09 5.324230e-01 9.473807e-01
5.029587e-01 8.988392e-09 5.456550e-01 9.483182e-01
5.059034e-01 9.426516e-09 5.307870e-01 9.469119e-01
5.051656e-01 9.360442e-09 5.505230e-01 9.475531e-01
5.049297e-01 9.588705e-09 5.407910e-01 9.480133e-01
5.040616e-01 9.336501e-09 5.841520e-01 9.481410e-01
5.054617e-01 9.698212e-09 5.387310e-01 9.475369e-01
5.059721e-01 9.511787e-09 5.934510e-01 9.475426e-01
5.055289e-01 9.398358e-09 5.556830e-01 9.473044e-01
5.050478e-01 9.303758e-09 6.322820e-01 9.476779e-01
5.040573e-01 8.949061e-09 5.217810e-01 9.473597e-01
5.045531e-01 9.273761e-09 5.141930e-01 9.479037e-01
5.053268e-01 9.536948e-09 4.902800e-01 9.477370e-01
5.053063e-01 9.474134e-09 5.423960e-01 9.474416e-01
5.053393e-01 9.257790e-09 5.091310e-01 9.469243e-01
5.058441e-01 9.747413e-09 5.353500e-01 9.473349e-01
5.048134e-01 9.092156e-09 5.669340e-01 9.475769e-01
5.046690e-01 9.280217e-09 5.177240e-01 9.473673e-01
5.056941e-01 9.772243e-09 5.052740e-01 9.474855e-01
5.051601e-01 9.579586e-09 5.530000e-01 9.478399e-01
5.055382e-01 9.392749e-09 5.262590e-01 9.477551e-01
5.063336e-01 9.502442e-09 5.911510e-01 9.468843e-01
5.046817e-01 9.281780e-09 5.770330e-01 9.476007e-01
5.048385e-01 9.081117e-09 5.821540e-01 9.470596e-01
5.047369e-01 9.592840e-09 5.386240e-01 9.478466e-01
5.054491e-01 9.657298e-09 5.788480e-01 9.475560e-01
5.048556e-01 9.452388e-09 5.494870e-01 9.475169e-01
5.052756e-01 9.555862e-09 5.409270e-01 9.476693e-01
5.043559e-01 9.247515e-09 5.471970e-01 9.479476e-01
5.053137e-01 9.485444e-09 5.127740e-01 9.477227e-01
5.028600e-01 8.556618e-09 5.146380e-01 9.478323e-01
5.058392e-01 9.527688e-09 5.416940e-01 9.473464e-01
5.043587e-01 9.280674e-09 5.319880e-01 9.484030e-01
5.049155e-01 9.448096e-09 5.070180e-01 9.472149e-01
5.057368e-01 9.623401e-09 5.007850e-01 9.472130e-01
5.059390e-01 9.401948e-09 4.987380e-01 9.472187e-01
5.055734e-01 9.149691e-09 5.003080e-01 9.467814e-01
5.057301e-01 9.692702e-09 4.842030e-01 9.470424e-01
5.039861e-01 9.235349e-09 5.573570e-01 9.478847e-01
5.037441e-01 8.923581e-09 6.068270e-01 9.478323e-01
5.062625e-01 9.582547e-09 5.542750e-01 9.471415e-01
5.051898e-01 9.295538e-09 5.156360e-01 9.473568e-01
5.037689e-01 9.018207e-09 5.140590e-01 9.477560e-01
5.048824e-01 9.122234e-09 5.308070e-01 9.471815e-01
5.055409e-01 9.336111e-09 4.906940e-01 9.469462e-01
5.047972e-01 9.378553e-09 4.966170e-01 9.472330e-01
5.049953e-01 9.219952e-09 5.096570e-01 9.474073e-01
5.047334e-01 9.254404e-09 4.845250e-01 9.474159e-01
5.039223e-01 9.123884e-09 4.900140e-01 9.477694e-01
5.055635e-01 9.811455e-09 4.875470e-01 9.474836e-01
5.039564e-01 9.005861e-09 4.860220e-01 9.474940e-01
5.034894e-01 8.987319e-09 4.990380e-01 9.475684e-01
5.057275e-01 9.402209e-09 4.906220e-01 9.470272e-01
5.060967e-01 9.753460e-09 5.017220e-01 9.474388e-01
5.042349e-01 9.014312e-09 5.006550e-01 9.477989e-01
5.039124e-01 9.072729e-09 5.078220e-01 9.476598e-01
5.051706e-01 9.457974e-09 5.066190e-01 9.474416e-01
5.057557e-01 9.400239e-09 4.872610e-01 9.477160e-01
5.042808e-01 9.297416e-09 5.001460e-01 9.477741e-01
5.048143e-01 9.069918e-09 5.227630e-01 9.474740e-01
5.054740e-01 9.093279e-09 5.563470e-01 9.472854e-01
5.046316e-01 9.082257e-09 5.672640e-01 9.479571e-01
5.063564e-01 9.563492e-09 5.453420e-01 9.468747e-01
5.039171e-01 8.970025e-09 5.342470e-01 9.478523e-01
5.043718e-01 9.228495e-09 5.177720e-01 9.477094e-01
5.061185e-01 9.688072e-09 5.292490e-01 9.471291e-01
5.052154e-01 9.192258e-09 5.395200e-01 9.477627e-01
5.062899e-01 9.454564e-09 5.344010e-01 9.471225e-01
5.041759e-01 9.298092e-09 5.388480e-01 9.478151e-01
5.068155e-01 9.699611e-09 5.243820e-01 9.472111e-01
5.061927e-01 9.631318e-09 5.204850e-01 9.468776e-01
5.051522e-01 9.470226e-09 5.746760e-01 9.476808e-01
5.046995e-01 9.027839e-09 5.510260e-01 9.470891e-01
5.052744e-01 9.320178e-09 5.585200e-01 9.477808e-01
5.039386e-01 8.720703e-09 5.603180e-01 9.475455e-01
5.037924e-01 8.544211e-09 5.464670e-01 9.476408e-01
5.040899e-01 8.798418e-09 5.318110e-01 9.476970e-01
5.052103e-01 9.090593e-09 5.616410e-01 9.470481e-01
5.045845e-01 9.110096e-09 5.612420e-01 9.476665e-01
5.056099e-01 9.515351e-09 5.692860e-01 9.474350e-01
5.044865e-01 9.325604e-09 5.158370e-01 9.478475e-01
5.051619e-01 9.125443e-09 5.237290e-01 9.473464e-01
5.031132e-01 8.794976e-09 5.222530e-01 9.483496e-01
5.040102e-01 8.929456e-09 5.332920e-01 9.475903e-01
5.055279e-01 9.511896e-09 5.381530e-01 9.472349e-01
5.060996e-01 9.334095e-09 5.507090e-01 9.472158e-01
5.048740e-01 9.135614e-09 5.255910e-01 9.473425e-01
5.063332e-01 9.391988e-09 5.268480e-01 9.468357e-01
5.060530e-01 9.664114e-09 5.241780e-01 9.473940e-01
5.038111e-01 8.666118e-09 5.195430e-01 9.472149e-01
5.053220e-01 9.319163e-09 5.469320e-01 9.474807e-01
5.056833e-01 9.294870e-09 5.911090e-01 9.472654e-01
5.048660e-01 9.264776e-09 5.499500e-01 9.475369e-01
5.054381e-01 9.314354e-09 5.659050e-01 9.473988e-01
5.049334e-01 8.982937e-09 5.592960e-01 9.475674e-01
5.054601e-01 9.438121e-09 5.357960e-01 9.471901e-01
5.039999e-01 8.802089e-09 5.335050e-01 9.475417e-01
5.036040e-01 9.005662e-09 5.454860e-01 9.480914e-01
5.048878e-01 9.313715e-09 5.428030e-01 9.473397e-01
5.061467e-01 9.475862e-09 5.202550e-01 9.469205e-01
5.058659e-01 9.505411e-09 5.253910e-01 9.470281e-01
5.039625e-01 8.807544e-09 5.314960e-01 9.474826e-01
5.024988e-01 8.540413e-09 5.356760e-01 9.482439e-01
5.041666e-01 9.483935e-09 6.035200e-01 9.476103e-01
5.057427e-01 9.325389e-09 5.616110e-01 9.471282e-01
5.062832e-01 9.372901e-09 5.620160e-01 9.468766e-01
5.036900e-01 8.639407e-09 5.211980e-01 9.476865e-01
5.033937e-01 8.530765e-09 5.114550e-01 9.478427e-01
5.033807e-01 8.557016e-09 5.600380e-01 9.481391e-01
5.043099e-01 8.809363e-09 5.292580e-01 9.474350e-01
5.048407e-01 9.249595e-09 5.827210e-01 9.477513e-01
5.037875e-01 8.669143e-09 6.418860e-01 9.479009e-01
5.039399e-01 9.019159e-09 5.495180e-01 9.475226e-01
5.033085e-01 8.409435e-09 5.246640e-01 9.479571e-01
5.045169e-01 8.997381e-09 5.248860e-01 9.473606e-01
5.041200e-01 8.833690e-09 5.557360e-01 9.475884e-01
5.054399e-01 9.196409e-09 5.126840e-01 9.476979e-01
5.050566e-01 9.151981e-09 5.163270e-01 9.474178e-01
5.059310e-01 9.198305e-09 5.009360e-01 9.473187e-01
5.048966e-01 9.292389e-09 5.284640e-01 9.472797e-01
5.041977e-01 8.945905e-09 5.596580e-01 9.475903e-01
5.042932e-01 9.068671e-09 5.556760e-01 9.479190e-01
5.050213e-01 9.063137e-09 5.376900e-01 9.473673e-01
5.045851e-01 9.041043e-09 5.484850e-01 9.476617e-01
5.046478e-01 9.035805e-09 5.215350e-01 9.478256e-01
5.051373e-01 9.041788e-09 5.311220e-01 9.474750e-01
5.037760e-01 8.589413e-09 5.145310e-01 9.475798e-01
5.050548e-01 9.087921e-09 5.623300e-01 9.474712e-01
5.049949e-01 9.257637e-09 5.126150e-01 9.475626e-01
5.034780e-01 8.652653e-09 5.450420e-01 9.477884e-01
5.052371e-01 8.970287e-09 5.408330e-01 9.468023e-01
5.053870e-01 9.473060e-09 5.198090e-01 9.478189e-01
5.032618e-01 8.677182e-09 4.925300e-01 9.480152e-01
5.032621e-01 8.395881e-09 4.891510e-01 9.478161e-01
5.047288e-01 9.204321e-09 4.790300e-01 9.475445e-01
5.064262e-01 9.379133e-09 4.935670e-01 9.465756e-01
5.057171e-01 9.280725e-09 6.514790e-01 9.472911e-01
5.057363e-01 9.235851e-09 7.237060e-01 9.472101e-01
5.050010e-01 9.351969e-09 7.033040e-01 9.477198e-01
5.038035e-01 8.541630e-09 5.956080e-01 9.479456e-01
5.025477e-01 8.422750e-09 5.928530e-01 9.480438e-01
5.038667e-01 8.850707e-09 5.431100e-01 9.478256e-01
5.043477e-01 8.700806e-09 5.928240e-01 9.472616e-01
5.047523e-01 8.919235e-09 5.632870e-01 9.474150e-01
5.043742e-01 8.876098e-09 5.411940e-01 9.476350e-01
5.044370e-01 8.707971e-09 5.549230e-01 9.471501e-01
5.048664e-01 9.107217e-09 5.267560e-01 9.471396e-01
5.043990e-01 8.551798e-09 5.215200e-01 9.471244e-01
5.055960e-01 9.140043e-09 5.454790e-01 9.469271e-01
5.040827e-01 8.962765e-09 5.757300e-01 9.476169e-01
5.035044e-01 8.548072e-09 5.378290e-01 9.474131e-01
5.036082e-01 8.423083e-09 5.253330e-01 9.477560e-01
5.049650e-01 9.067388e-09 5.897010e-01 9.473263e-01
5.043579e-01 8.875770e-09 5.448110e-01 9.473559e-01
5.083675e-01 1.023578e-08 6.588230e-01 9.463469e-01
5.052242e-01 9.170876e-09 6.992580e-01 9.475769e-01
5.038427e-01 8.980618e-09 6.732850e-01 9.474655e-01
5.042735e-01 8.846711e-09 5.620110e-01 9.475102e-01
5.040076e-01 8.914347e-09 5.581050e-01 9.478046e-01
5.029552e-01 8.459453e-09 5.984190e-01 9.481876e-01
5.070975e-01 9.670379e-09 6.422170e-01 9.468528e-01
5.038762e-01 8.794761e-09 6.093800e-01 9.474140e-01
5.049831e-01 9.023781e-09 5.374460e-01 9.472787e-01
5.048867e-01 9.049098e-09 5.973470e-01 9.472597e-01
5.046160e-01 8.984502e-09 5.560320e-01 9.474216e-01
5.050291e-01 8.971953e-09 5.914790e-01 9.472568e-01
5.032838e-01 8.498803e-09 5.821570e-01 9.479180e-01
5.062469e-01 9.418726e-09 5.700060e-01 9.468862e-01
5.057807e-01 9.228084e-09 5.689260e-01 9.470291e-01
5.054268e-01 9.458746e-09 5.283070e-01 9.476531e-01
5.032117e-01 8.483457e-09 5.435970e-01 9.474664e-01
5.059980e-01 9.387669e-09 5.421010e-01 9.467328e-01
5.049909e-01 8.997007e-09 5.885990e-01 9.471615e-01
5.040110e-01 8.729787e-09 5.977420e-01 9.474740e-01
5.069671e-01 9.304728e-09 5.392390e-01 9.468080e-01
5.059809e-01 9.209308e-09 6.106350e-01 9.472053e-01
5.029729e-01 8.502897e-09 6.012280e-01 9.479514e-01
5.037998e-01 8.716226e-09 5.252650e-01 9.476522e-01
5.039509e-01 8.798028e-09 5.787790e-01 9.472911e-01
5.057471e-01 9.184614e-09 5.348310e-01 9.466737e-01
5.043006e-01 8.672796e-09 5.365340e-01 9.474073e-01
5.042268e-01 8.878932e-09 5.612860e-01 9.470367e-01
5.054069e-01 9.232516e-09 5.367700e-01 9.471110e-01
5.051130e-01 9.003697e-09 5.145680e-01 9.473606e-01
5.061391e-01 9.148521e-09 5.165500e-01 9.471139e-01
5.064651e-01 9.126994e-09 5.176270e-01 9.465594e-01
5.041595e-01 8.772140e-09 5.695720e-01 9.473111e-01
5.043637e-01 8.852952e-09 5.452260e-01 9.471396e-01
5.068883e-01 9.608172e-09 5.247240e-01 9.466728e-01
5.035399e-01 8.566696e-09 5.687460e-01 9.478923e-01
5.051077e-01 8.817524e-09 5.740370e-01 9.472568e-01
5.032057e-01 8.238713e-09 5.014210e-01 9.477732e-01
5.055956e-01 8.977316e-09 5.541630e-01 9.472044e-01
5.046102e-01 8.809668e-09 5.192360e-01 9.472473e-01
5.034717e-01 8.613187e-09 5.133830e-01 9.475645e-01
5.057111e-01 9.164034e-09 5.343140e-01 9.473254e-01
5.036153e-01 8.352356e-09 5.170450e-01 9.470929e-01
5.046252e-01 8.928692e-09 5.274180e-01 9.471472e-01
5.055371e-01 9.045271e-09 5.056770e-01 9.471186e-01
5.041066e-01 8.661303e-09 5.420750e-01 9.476141e-01
5.062496e-01 9.262675e-09 5.436270e-01 9.465641e-01
5.039755e-01 8.405229e-09 5.421230e-01 9.474331e-01
5.050748e-01 9.106404e-09 5.431740e-01 9.474483e-01
5.038924e-01 8.648761e-09 5.529440e-01 9.475407e-01
5.063125e-01 9.426613e-09 5.155050e-01 9.469395e-01
5.050485e-01 8.884947e-09 6.010530e-01 9.471482e-01
5.046764e-01 8.859388e-09 5.338910e-01 9.477379e-01
5.045798e-01 9.044237e-09 5.221110e-01 9.474788e-01
5.043062e-01 9.061991e-09 5.266750e-01 9.475598e-01
5.043520e-01 8.927025e-09 5.400370e-01 9.474197e-01
5.058442e-01 9.557655e-09 5.287850e-01 9.471291e-01
5.028310e-01 8.620165e-09 5.765210e-01 9.482029e-01
5.029765e-01 8.362267e-09 5.585100e-01 9.477808e-01
5.035499e-01 8.584632e-09 5.320110e-01 9.477818e-01
5.057858e-01 8.938381e-09 5.578340e-01 9.466566e-01
5.042328e-01 8.717842e-09 5.097130e-01 9.473549e-01
5.054114e-01 9.322281e-09 5.252510e-01 9.479456e-01
5.037577e-01 8.627806e-09 4.903750e-01 9.479418e-01
5.041967e-01 8.423848e-09 5.286980e-01 9.475893e-01
5.034862e-01 8.481400e-09 5.020490e-01 9.476855e-01
5.062820e-01 9.292435e-09 5.302900e-01 9.468376e-01
5.046069e-01 9.216333e-09 5.439660e-01 9.477103e-01
5.049636e-01 8.976262e-09 5.158980e-01 9.472282e-01
5.037083e-01 8.670397e-09 4.891190e-01 9.474416e-01
5.048353e-01 8.974712e-09 4.848750e-01 9.472806e-01
5.034540e-01 8.724603e-09 5.560460e-01 9.480628e-01
5.040847e-01 8.841948e-09 5.447810e-01 9.475083e-01
5.046149e-01 8.522287e-09 5.340230e-01 9.475159e-01
5.057038e-01 9.153760e-09 5.312190e-01 9.471024e-01
5.041817e-01 8.703807e-09 5.222270e-01 9.477684e-01
5.041859e-01 8.591079e-09 5.260860e-01 9.473321e-01
5.064569e-01 9.157626e-09 5.062360e-01 9.465613e-01
5.034827e-01 8.424861e-09 5.496430e-01 9.475502e-01
5.051574e-01 9.116637e-09 6.079130e-01 9.471644e-01
5.047972e-01 8.728085e-09 5.324060e-01 9.470901e-01
5.029703e-01 8.458091e-09 5.021450e-01 9.479647e-01
5.045135e-01 8.867787e-09 4.995820e-01 9.472187e-01
5.048989e-01 8.952369e-09 4.924000e-01 9.474054e-01
5.051127e-01 9.011850e-09 4.862180e-01 9.471120e-01
5.040872e-01 8.627161e-09 4.936990e-01 9.476112e-01
5.056872e-01 8.858661e-09 4.840270e-01 9.469948e-01
5.051311e-01 8.987097e-09 4.959960e-01 9.469681e-01
5.034265e-01 8.195541e-09 4.957960e-01 9.478161e-01
5.045557e-01 8.793719e-09 5.015760e-01 9.476350e-01
5.044087e-01 9.086464e-09 5.112610e-01 9.476998e-01
5.045921e-01 8.835250e-09 4.973910e-01 9.478447e-01
5.034990e-01 8.665209e-09 4.948460e-01 9.478104e-01
5.034861e-01 8.615228e-09 4.796950e-01 9.476932e-01
5.039474e-01 8.913899e-09 4.896750e-01 9.477284e-01
5.058190e-01 9.324838e-09 5.028560e-01 9.472930e-01
5.048720e-01 8.618390e-09 4.890420e-01 9.469643e-01
5.051894e-01 9.148359e-09 4.864860e-01 9.479819e-01
5.047311e-01 8.675350e-09 4.850640e-01 9.474836e-01
5.054491e-01 9.063092e-09 4.958860e-01 9.469919e-01
5.046363e-01 8.754978e-09 4.844380e-01 9.474816e-01
5.039748e-01 8.435630e-09 4.966700e-01 9.472577e-01
5.041060e-01 8.537120e-09 4.792600e-01 9.474254e-01
5.050217e-01 8.796113e-09 4.991300e-01 9.473244e-01
5.046778e-01 8.990872e-09 4.884230e-01 9.477351e-01
5.052390e-01 8.751140e-09 4.972790e-01 9.471672e-01
5.056350e-01 9.136717e-09 4.874040e-01 9.471215e-01
5.054066e-01 8.796194e-09 4.942550e-01 9.469576e-01
5.040355e-01 8.390631e-09 4.819310e-01 9.472701e-01
5.052510e-01 8.870143e-09 5.468880e-01 9.469224e-01
5.049747e-01 9.024372e-09 6.022260e-01 9.472396e-01
5.048224e-01 8.770349e-09 5.826140e-01 9.469910e-01
5.055939e-01 8.654694e-09 5.434570e-01 9.471015e-01
5.031101e-01 8.346144e-09 5.361690e-01 9.479342e-01
5.030031e-01 8.656078e-09 5.437390e-01 9.481800e-01
5.054653e-01 8.604838e-09 5.702730e-01 9.467223e-01
5.052939e-01 8.828215e-09 5.861400e-01 9.469738e-01
5.047314e-01 8.528763e-09 5.578410e-01 9.470310e-01
5.058026e-01 9.174744e-09 5.433460e-01 9.472416e-01
5.036046e-01 8.723299e-09 5.420670e-01 9.476417e-01
5.047126e-01 8.856651e-09 5.399280e-01 9.476579e-01
5.056246e-01 9.130997e-09 4.926150e-01 9.470148e-01
5.054679e-01 8.924016e-09 4.834420e-01 9.467414e-01
5.057415e-01 9.047842e-09 4.772730e-01 9.473692e-01
5.045012e-01 8.797378e-09 4.784650e-01 9.474988e-01
5.040719e-01 8.424262e-09 5.398650e-01 9.476303e-01
5.042972e-01 8.493720e-09 6.237890e-01 9.472130e-01
5.040517e-01 8.668781e-09 6.265780e-01 9.476998e-01
5.048905e-01 8.393303e-09 5.855700e-01 9.474474e-01
5.047487e-01 8.982398e-09 6.304540e-01 9.477246e-01
5.042195e-01 8.641420e-09 5.975770e-01 9.476217e-01
5.047189e-01 8.675503e-09 5.862600e-01 9.472673e-01
5.050757e-01 8.745526e-09 5.295300e-01 9.469948e-01
5.047662e-01 8.851779e-09 5.280440e-01 9.473673e-01
5.052595e-01 8.681611e-09 6.081640e-01 9.468690e-01
5.039197e-01 8.589244e-09 5.347210e-01 9.475198e-01
5.039056e-01 8.475738e-09 5.771250e-01 9.474635e-01
5.044365e-01 8.493152e-09 5.504370e-01 9.471263e-01
5.064342e-01 9.138188e-09 5.705980e-01 9.471101e-01
5.053841e-01 8.706923e-09 5.774430e-01 9.467795e-01
5.034673e-01 8.421302e-09 5.488930e-01 9.480114e-01
5.066940e-01 9.367318e-09 5.430870e-01 9.468576e-01
5.038473e-01 8.591752e-09 4.957690e-01 9.475636e-01
5.057776e-01 9.054644e-09 5.579920e-01 9.473483e-01
5.054969e-01 8.848392e-09 5.106320e-01 9.471339e-01
5.055703e-01 8.997092e-09 5.309120e-01 9.473873e-01
5.040418e-01 8.669899e-09 5.710710e-01 9.474807e-01
5.029238e-01 8.125633e-09 5.288620e-01 9.476150e-01
5.025150e-01 8.057404e-09 5.216830e-01 9.477942e-01
5.042729e-01 8.607716e-09 5.033570e-01 9.477903e-01
5.049322e-01 8.656906e-09 5.125220e-01 9.474235e-01
5.049513e-01 8.686238e-09 5.483850e-01 9.474235e-01
5.049697e-01 8.822904e-09 5.372690e-01 9.474588e-01
5.054860e-01 8.842509e-09 5.327060e-01 9.468576e-01
5.038323e-01 8.406006e-09 5.940810e-01 9.476979e-01
5.046081e-01 8.578723e-09 5.476000e-01 9.477703e-01
5.041292e-01 8.632004e-09 5.405630e-01 9.482648e-01
5.039485e-01 8.398642e-09 5.520320e-01 9.474007e-01
5.039346e-01 8.389969e-09 5.486690e-01 9.473692e-01
5.038769e-01 8.384331e-09 5.490390e-01 9.474464e-01
5.046666e-01 8.538084e-09 5.607940e-01 9.477513e-01
5.046457e-01 8.657749e-09 5.514600e-01 9.470100e-01
5.046447e-01 8.643550e-09 5.241150e-01 9.476560e-01
5.042277e-01 8.492986e-09 5.308100e-01 9.475341e-01
5.043708e-01 8.921848e-09 5.160480e-01 9.478170e-01
5.048666e-01 8.573268e-09 5.364310e-01 9.472339e-01
5.048123e-01 8.395706e-09 5.502950e-01 9.470786e-01
5.066793e-01 9.080520e-09 6.155460e-01 9.467604e-01
5.037392e-01 8.284408e-09 5.337070e-01 9.475731e-01
5.034247e-01 8.136683e-09 5.057090e-01 9.475941e-01
5.040292e-01 8.664214e-09 6.446130e-01 9.473959e-01
5.051737e-01 8.853052e-09 5.175180e-01 9.473626e-01
5.053283e-01 8.792577e-09 5.203440e-01 9.471244e-01
5.053652e-01 8.995989e-09 5.814430e-01 9.469243e-01
5.052774e-01 8.977544e-09 5.220850e-01 9.470167e-01
5.046120e-01 8.684304e-09 4.901600e-01 9.471587e-01
5.059871e-01 8.987339e-09 5.110600e-01 9.467880e-01
5.043679e-01 8.604617e-09 5.037530e-01 9.471796e-01
5.056155e-01 8.981212e-09 5.022030e-01 9.467938e-01
5.041851e-01 8.634862e-09 5.053110e-01 9.474188e-01
5.042575e-01 8.324456e-09 5.529790e-01 9.476798e-01
5.042390e-01 8.510911e-09 5.725940e-01 9.476065e-01
5.049457e-01 8.857095e-09 5.901520e-01 9.474007e-01
