# dim  N   mc   rho  Brute 
# 1    1 100000 0.8
#
# Theoretical Energy = 5.000000e-01
# Energy     Variance     CPU time     Acceptance
5.174528e-01 2.907692e-07 3.559100e-02 8.874900e-01
5.136734e-01 2.658852e-07 3.760700e-02 8.883000e-01
5.138093e-01 2.636799e-07 3.596200e-02 8.880900e-01
5.093721e-01 2.804467e-07 3.568200e-02 8.877000e-01
5.114346e-01 2.596336e-07 3.256700e-02 8.906600e-01
5.147526e-01 2.604119e-07 3.144700e-02 8.849600e-01
5.128407e-01 2.489064e-07 3.607800e-02 8.861100e-01
5.066392e-01 2.467449e-07 4.113400e-02 8.896300e-01
5.146066e-01 2.449849e-07 3.620300e-02 8.848800e-01
5.160471e-01 2.343845e-07 3.805200e-02 8.871900e-01
5.185737e-01 2.207297e-07 4.277500e-02 8.890800e-01
5.109687e-01 2.178719e-07 3.025800e-02 8.887700e-01
5.095061e-01 2.142075e-07 3.841800e-02 8.884500e-01
5.152956e-01 2.055046e-07 3.621100e-02 8.892700e-01
5.113847e-01 2.042637e-07 3.465800e-02 8.882300e-01
5.089610e-01 1.856669e-07 3.297600e-02 8.897000e-01
5.109041e-01 1.915863e-07 3.363100e-02 8.902600e-01
5.058760e-01 1.855449e-07 3.309200e-02 8.890300e-01
5.090400e-01 1.892953e-07 3.056700e-02 8.873700e-01
5.073744e-01 1.778361e-07 3.486300e-02 8.856300e-01
5.072631e-01 1.669679e-07 2.483900e-02 8.888600e-01
5.078249e-01 1.786004e-07 3.585900e-02 8.859100e-01
5.094929e-01 1.643798e-07 2.987000e-02 8.882300e-01
5.094777e-01 1.568237e-07 2.676000e-02 8.861000e-01
5.088023e-01 1.529898e-07 3.174400e-02 8.895600e-01
5.075416e-01 1.439166e-07 3.194100e-02 8.909500e-01
5.075711e-01 1.581255e-07 3.451500e-02 8.866200e-01
5.093951e-01 1.409346e-07 4.087300e-02 8.889300e-01
5.050138e-01 1.394281e-07 3.717400e-02 8.879200e-01
5.060709e-01 1.263481e-07 4.158600e-02 8.898000e-01
5.102102e-01 1.322092e-07 3.014200e-02 8.897800e-01
5.106585e-01 1.305914e-07 3.536000e-02 8.876200e-01
5.049992e-01 1.297011e-07 3.923300e-02 8.892600e-01
5.104848e-01 1.200611e-07 3.751800e-02 8.914500e-01
5.016840e-01 1.147997e-07 3.395200e-02 8.892300e-01
5.072222e-01 1.158083e-07 3.976700e-02 8.878900e-01
5.021019e-01 1.121781e-07 4.087600e-02 8.889500e-01
5.065465e-01 1.121241e-07 3.367400e-02 8.886000e-01
5.068844e-01 1.116229e-07 3.489500e-02 8.889800e-01
5.008072e-01 1.054571e-07 3.421300e-02 8.863700e-01
5.062575e-01 1.105474e-07 3.818700e-02 8.875300e-01
5.049013e-01 1.029807e-07 4.088400e-02 8.880100e-01
5.008432e-01 9.372875e-08 2.907000e-02 8.896200e-01
5.045661e-01 9.911568e-08 3.900000e-02 8.871300e-01
5.060301e-01 9.511324e-08 2.639500e-02 8.869600e-01
5.063425e-01 9.246071e-08 3.334300e-02 8.872500e-01
5.035854e-01 8.557269e-08 3.359900e-02 8.876000e-01
5.069752e-01 8.571285e-08 3.664600e-02 8.904200e-01
5.037652e-01 8.432534e-08 3.771600e-02 8.880600e-01
5.011474e-01 7.696894e-08 2.809400e-02 8.892300e-01
5.052411e-01 7.429455e-08 3.386300e-02 8.874000e-01
5.046008e-01 7.845352e-08 2.522700e-02 8.893200e-01
5.073534e-01 7.817161e-08 3.864100e-02 8.875600e-01
5.001713e-01 7.171615e-08 3.695700e-02 8.880300e-01
5.047110e-01 7.126031e-08 3.591100e-02 8.878000e-01
5.019554e-01 6.555932e-08 3.894800e-02 8.896700e-01
5.025188e-01 6.840249e-08 3.406700e-02 8.879500e-01
5.058747e-01 6.640043e-08 3.835500e-02 8.880300e-01
5.038758e-01 6.341186e-08 2.538600e-02 8.868100e-01
5.038822e-01 6.156102e-08 2.359900e-02 8.883900e-01
5.031229e-01 5.678457e-08 3.259800e-02 8.898100e-01
5.024220e-01 5.896114e-08 3.646900e-02 8.852300e-01
5.000386e-01 5.371553e-08 3.410400e-02 8.905100e-01
5.019136e-01 5.342038e-08 3.593000e-02 8.884900e-01
5.037156e-01 5.306052e-08 3.813900e-02 8.899000e-01
5.043848e-01 5.218905e-08 3.493700e-02 8.904400e-01
5.008470e-01 4.985053e-08 3.160300e-02 8.878400e-01
5.049945e-01 4.975688e-08 4.042400e-02 8.891300e-01
5.043106e-01 4.788342e-08 3.778500e-02 8.889200e-01
5.014107e-01 4.866636e-08 3.244200e-02 8.875700e-01
5.046051e-01 4.880818e-08 3.502700e-02 8.877600e-01
5.008547e-01 4.456516e-08 3.007700e-02 8.909200e-01
4.997693e-01 4.492965e-08 2.287000e-02 8.889500e-01
5.008353e-01 4.248160e-08 3.572000e-02 8.871800e-01
5.025601e-01 4.126495e-08 3.355300e-02 8.904700e-01
4.998725e-01 4.141451e-08 2.840400e-02 8.865200e-01
5.021660e-01 3.879817e-08 4.146200e-02 8.902000e-01
5.009302e-01 3.849404e-08 4.234900e-02 8.877400e-01
5.036200e-01 3.757215e-08 3.769300e-02 8.873100e-01
5.003834e-01 3.653492e-08 3.367300e-02 8.861200e-01
5.015794e-01 3.563120e-08 2.762000e-02 8.897400e-01
5.023401e-01 3.363732e-08 3.387600e-02 8.891400e-01
5.012729e-01 3.214148e-08 4.328100e-02 8.880100e-01
5.002177e-01 3.309640e-08 3.396100e-02 8.879700e-01
4.999036e-01 3.028170e-08 2.922500e-02 8.887100e-01
5.014447e-01 3.180757e-08 2.278400e-02 8.873000e-01
5.003729e-01 2.997277e-08 3.442400e-02 8.898200e-01
5.008863e-01 3.161936e-08 3.052000e-02 8.874700e-01
5.013723e-01 2.787466e-08 2.336700e-02 8.903200e-01
5.008548e-01 2.786429e-08 2.432600e-02 8.887200e-01
5.004209e-01 2.824728e-08 2.345000e-02 8.891100e-01
5.007823e-01 2.771827e-08 2.448200e-02 8.861400e-01
5.014478e-01 2.660293e-08 4.112600e-02 8.871400e-01
5.029127e-01 2.681361e-08 3.011300e-02 8.883000e-01
5.003758e-01 2.429830e-08 2.752400e-02 8.882500e-01
5.009127e-01 2.534086e-08 3.167500e-02 8.887700e-01
5.019723e-01 2.212652e-08 3.208200e-02 8.896800e-01
5.003923e-01 2.361729e-08 2.901800e-02 8.888300e-01
5.028550e-01 2.288052e-08 2.267800e-02 8.909800e-01
5.025441e-01 2.247540e-08 3.233700e-02 8.889700e-01
5.006230e-01 2.082925e-08 3.068500e-02 8.885600e-01
5.015988e-01 2.060123e-08 2.273200e-02 8.898800e-01
5.010032e-01 1.964962e-08 2.460600e-02 8.900100e-01
5.018428e-01 2.030003e-08 3.720100e-02 8.885600e-01
5.010386e-01 1.976017e-08 4.255800e-02 8.873800e-01
4.988617e-01 1.932083e-08 2.511200e-02 8.865300e-01
5.007016e-01 1.851077e-08 3.487900e-02 8.892500e-01
5.004781e-01 1.803077e-08 2.855000e-02 8.870000e-01
5.008053e-01 1.747988e-08 2.900800e-02 8.869900e-01
5.012870e-01 1.708077e-08 4.185500e-02 8.866900e-01
4.994508e-01 1.576668e-08 2.814700e-02 8.891000e-01
5.007226e-01 1.746035e-08 3.592900e-02 8.872400e-01
5.019061e-01 1.674876e-08 3.175600e-02 8.874600e-01
5.006759e-01 1.571164e-08 3.572100e-02 8.875400e-01
5.003330e-01 1.502934e-08 3.768000e-02 8.895800e-01
5.007807e-01 1.491918e-08 3.552600e-02 8.897800e-01
5.000641e-01 1.317708e-08 3.217100e-02 8.903500e-01
5.018803e-01 1.330587e-08 3.147400e-02 8.888400e-01
5.006852e-01 1.409664e-08 3.517200e-02 8.875600e-01
5.011238e-01 1.364434e-08 3.704100e-02 8.866100e-01
5.008690e-01 1.262139e-08 3.570100e-02 8.878600e-01
5.000676e-01 1.221825e-08 3.208300e-02 8.878900e-01
5.015883e-01 1.254757e-08 3.255300e-02 8.858400e-01
5.003572e-01 1.138579e-08 4.032900e-02 8.885100e-01
5.010095e-01 1.212467e-08 3.668000e-02 8.879500e-01
5.001092e-01 1.151595e-08 3.235500e-02 8.881800e-01
5.002697e-01 1.036911e-08 3.325000e-02 8.896800e-01
4.999667e-01 1.091037e-08 3.189300e-02 8.892300e-01
5.004736e-01 1.131103e-08 3.533900e-02 8.868200e-01
5.012573e-01 1.009902e-08 3.468200e-02 8.890500e-01
5.004304e-01 1.018485e-08 3.916200e-02 8.902300e-01
5.002128e-01 9.693947e-09 4.268900e-02 8.879500e-01
4.997255e-01 9.295446e-09 3.322000e-02 8.917100e-01
5.004805e-01 9.469019e-09 3.599600e-02 8.895400e-01
5.009441e-01 9.575331e-09 3.211900e-02 8.897200e-01
4.990495e-01 9.075698e-09 3.679400e-02 8.858300e-01
5.003790e-01 8.571631e-09 3.170300e-02 8.873400e-01
5.013959e-01 9.184798e-09 2.687000e-02 8.866200e-01
5.004300e-01 8.263896e-09 3.198000e-02 8.887900e-01
5.004897e-01 8.904003e-09 2.662700e-02 8.867100e-01
5.001578e-01 7.910598e-09 3.281900e-02 8.886500e-01
5.006229e-01 7.924722e-09 2.273300e-02 8.877700e-01
4.996490e-01 7.552568e-09 2.307500e-02 8.898200e-01
5.005397e-01 7.456939e-09 4.324600e-02 8.889900e-01
5.004937e-01 7.517079e-09 4.289200e-02 8.872200e-01
5.004571e-01 7.151869e-09 4.238000e-02 8.876400e-01
5.010118e-01 7.168150e-09 4.236300e-02 8.909900e-01
4.997361e-01 6.542648e-09 4.172300e-02 8.870100e-01
5.000420e-01 6.590222e-09 3.155200e-02 8.865400e-01
4.993662e-01 5.914686e-09 2.757300e-02 8.859700e-01
5.010926e-01 6.611142e-09 3.647000e-02 8.897600e-01
5.007420e-01 6.338173e-09 3.324300e-02 8.881500e-01
4.989971e-01 5.506523e-09 3.557300e-02 8.901400e-01
5.000815e-01 5.992141e-09 3.187800e-02 8.896200e-01
5.000682e-01 5.565098e-09 2.301900e-02 8.879100e-01
5.003430e-01 5.412822e-09 3.944800e-02 8.902000e-01
5.003917e-01 5.469388e-09 3.774000e-02 8.878200e-01
4.997157e-01 4.812622e-09 3.140000e-02 8.875500e-01
4.998260e-01 5.039733e-09 2.693800e-02 8.893500e-01
5.008150e-01 5.702413e-09 3.675000e-02 8.884300e-01
4.999265e-01 4.997242e-09 3.698200e-02 8.855000e-01
4.992191e-01 4.318995e-09 4.250300e-02 8.884900e-01
4.999625e-01 4.503357e-09 2.401500e-02 8.896500e-01
5.003469e-01 4.666228e-09 3.209700e-02 8.871500e-01
5.002196e-01 4.561780e-09 3.640300e-02 8.897700e-01
5.001151e-01 4.386254e-09 3.703200e-02 8.880300e-01
5.001642e-01 4.273403e-09 2.280600e-02 8.881900e-01
4.998347e-01 4.141233e-09 3.162000e-02 8.880000e-01
4.994786e-01 3.933082e-09 4.214800e-02 8.884800e-01
4.999962e-01 4.147054e-09 2.687600e-02 8.864000e-01
5.002751e-01 4.103623e-09 3.249800e-02 8.884200e-01
5.001701e-01 3.931437e-09 4.222500e-02 8.865100e-01
5.004473e-01 3.968250e-09 4.187700e-02 8.867900e-01
5.007088e-01 4.060580e-09 3.493000e-02 8.891200e-01
4.997393e-01 3.610650e-09 3.945700e-02 8.886500e-01
4.998441e-01 3.644374e-09 2.863200e-02 8.873100e-01
5.004519e-01 3.504061e-09 3.451100e-02 8.884600e-01
4.998503e-01 3.458570e-09 3.650100e-02 8.873500e-01
4.998518e-01 3.302812e-09 2.330500e-02 8.864700e-01
4.998372e-01 3.404999e-09 2.522000e-02 8.884600e-01
5.002120e-01 3.546112e-09 3.282600e-02 8.874200e-01
4.996610e-01 3.059644e-09 3.750400e-02 8.890000e-01
5.000796e-01 3.184479e-09 3.046200e-02 8.887400e-01
4.998668e-01 2.917201e-09 4.007400e-02 8.888200e-01
4.998948e-01 2.972669e-09 3.306700e-02 8.889400e-01
4.999401e-01 2.857686e-09 3.552100e-02 8.885700e-01
4.996365e-01 2.623983e-09 3.802500e-02 8.891300e-01
4.999975e-01 2.908548e-09 2.685200e-02 8.867700e-01
4.997356e-01 2.683660e-09 3.315400e-02 8.902000e-01
5.005152e-01 3.068401e-09 3.568200e-02 8.882200e-01
4.999905e-01 2.652853e-09 3.640900e-02 8.887400e-01
4.995693e-01 2.411066e-09 3.276600e-02 8.884400e-01
5.004993e-01 2.919822e-09 3.481800e-02 8.853300e-01
5.002375e-01 2.658440e-09 3.092300e-02 8.877900e-01
5.001220e-01 2.482025e-09 3.286800e-02 8.903800e-01
5.003269e-01 2.527613e-09 3.688600e-02 8.865700e-01
5.000893e-01 2.348749e-09 2.777500e-02 8.879000e-01
4.999982e-01 2.451929e-09 3.075000e-02 8.894100e-01
5.000731e-01 2.516014e-09 3.810200e-02 8.882500e-01
5.000973e-01 2.270641e-09 3.739600e-02 8.870400e-01
5.000522e-01 2.325065e-09 3.182300e-02 8.888200e-01
5.002600e-01 2.301317e-09 3.339500e-02 8.891000e-01
4.994282e-01 1.881228e-09 3.741700e-02 8.876700e-01
4.998022e-01 2.022064e-09 3.878500e-02 8.885000e-01
5.001363e-01 2.107042e-09 3.136400e-02 8.875200e-01
4.997961e-01 2.060827e-09 3.427200e-02 8.859900e-01
4.995659e-01 1.870412e-09 2.677100e-02 8.887000e-01
5.001956e-01 2.074678e-09 3.301000e-02 8.879300e-01
4.997802e-01 1.881097e-09 2.299600e-02 8.880000e-01
5.003391e-01 2.050229e-09 2.771300e-02 8.892100e-01
4.997895e-01 1.711399e-09 2.729400e-02 8.887100e-01
5.000553e-01 1.846828e-09 2.745800e-02 8.883900e-01
5.001323e-01 1.780807e-09 2.441900e-02 8.898200e-01
5.001404e-01 1.901603e-09 2.449700e-02 8.873200e-01
5.001661e-01 1.858041e-09 3.371800e-02 8.865200e-01
5.002544e-01 1.938831e-09 3.038100e-02 8.856100e-01
5.002193e-01 1.793030e-09 3.298500e-02 8.888300e-01
4.999997e-01 1.692169e-09 3.724100e-02 8.892200e-01
5.003117e-01 1.904998e-09 3.400500e-02 8.850600e-01
5.002394e-01 1.809184e-09 3.615600e-02 8.886400e-01
5.001930e-01 1.900127e-09 3.173400e-02 8.864900e-01
5.002175e-01 1.637931e-09 2.744500e-02 8.888900e-01
5.001957e-01 1.699563e-09 3.451700e-02 8.881000e-01
5.000824e-01 1.685545e-09 2.338000e-02 8.899700e-01
5.001580e-01 1.607037e-09 2.340500e-02 8.899200e-01
5.001504e-01 1.500664e-09 3.894200e-02 8.908800e-01
4.998646e-01 1.450989e-09 4.058400e-02 8.885100e-01
5.002542e-01 1.590886e-09 3.540400e-02 8.874600e-01
4.999362e-01 1.368044e-09 3.469500e-02 8.893300e-01
5.000677e-01 1.510818e-09 2.331300e-02 8.882000e-01
5.001237e-01 1.445890e-09 2.309900e-02 8.892800e-01
5.001364e-01 1.445308e-09 3.034900e-02 8.866800e-01
5.001594e-01 1.469584e-09 3.777800e-02 8.873300e-01
5.001449e-01 1.421407e-09 3.479000e-02 8.878900e-01
4.997671e-01 1.309508e-09 3.028000e-02 8.883800e-01
5.001237e-01 1.490744e-09 3.472700e-02 8.875900e-01
4.998929e-01 1.298269e-09 3.966600e-02 8.887900e-01
4.999653e-01 1.257643e-09 3.950700e-02 8.884700e-01
5.002343e-01 1.353079e-09 3.309600e-02 8.868100e-01
4.998786e-01 1.281292e-09 3.094300e-02 8.897900e-01
4.997021e-01 1.118406e-09 3.247200e-02 8.883500e-01
4.998977e-01 1.227166e-09 2.981600e-02 8.874000e-01
5.000174e-01 1.251394e-09 3.555900e-02 8.877100e-01
5.002836e-01 1.223523e-09 3.537400e-02 8.881300e-01
5.001680e-01 1.321723e-09 3.717000e-02 8.865600e-01
4.999026e-01 1.192956e-09 2.847100e-02 8.889400e-01
5.001322e-01 1.276365e-09 4.095000e-02 8.860100e-01
5.000175e-01 1.194649e-09 3.620200e-02 8.906100e-01
4.997128e-01 1.080345e-09 3.745500e-02 8.880200e-01
5.001908e-01 1.204892e-09 3.562900e-02 8.882300e-01
4.999289e-01 1.151021e-09 3.316600e-02 8.887700e-01
4.996038e-01 9.699861e-10 2.669200e-02 8.901200e-01
4.999477e-01 1.102430e-09 3.225300e-02 8.909900e-01
4.997835e-01 1.036669e-09 3.104500e-02 8.879400e-01
4.999789e-01 1.155489e-09 3.550300e-02 8.895800e-01
5.003096e-01 1.221778e-09 3.465800e-02 8.862400e-01
4.997783e-01 1.038157e-09 3.231600e-02 8.905400e-01
4.999823e-01 1.087912e-09 2.974000e-02 8.875000e-01
5.000507e-01 1.103304e-09 3.437200e-02 8.864800e-01
4.998323e-01 1.008584e-09 3.961800e-02 8.879900e-01
5.002085e-01 1.139657e-09 3.916400e-02 8.866900e-01
4.999588e-01 9.554406e-10 3.488300e-02 8.883400e-01
5.002310e-01 1.179762e-09 2.850200e-02 8.867300e-01
4.999160e-01 1.001886e-09 3.878700e-02 8.898200e-01
4.997570e-01 1.006652e-09 4.071300e-02 8.885900e-01
4.998035e-01 9.367250e-10 4.253800e-02 8.898000e-01
5.001061e-01 1.104405e-09 4.311200e-02 8.858100e-01
4.998340e-01 9.274450e-10 2.605500e-02 8.896700e-01
5.000110e-01 9.951090e-10 2.274000e-02 8.894300e-01
5.001718e-01 1.077461e-09 2.858500e-02 8.869500e-01
4.998645e-01 9.530960e-10 3.728000e-02 8.903100e-01
5.000583e-01 1.052997e-09 2.780000e-02 8.866300e-01
5.000739e-01 1.061278e-09 3.076800e-02 8.884600e-01
5.002015e-01 1.080642e-09 3.578400e-02 8.885100e-01
4.998583e-01 9.576670e-10 3.854900e-02 8.894600e-01
5.001529e-01 1.063911e-09 2.624700e-02 8.895000e-01
5.000323e-01 9.733464e-10 3.733400e-02 8.899800e-01
5.002478e-01 1.034203e-09 3.446600e-02 8.863900e-01
5.000411e-01 9.869526e-10 3.537700e-02 8.878000e-01
5.000307e-01 1.048905e-09 2.915300e-02 8.890100e-01
4.998694e-01 8.845802e-10 4.032900e-02 8.872000e-01
5.000629e-01 9.757423e-10 3.164400e-02 8.873000e-01
5.001159e-01 9.744456e-10 3.831100e-02 8.899500e-01
4.999224e-01 8.827274e-10 3.779400e-02 8.886800e-01
5.001590e-01 9.660113e-10 3.640600e-02 8.887500e-01
4.997175e-01 8.094806e-10 3.317400e-02 8.891000e-01
4.998547e-01 8.727907e-10 3.916400e-02 8.890300e-01
4.999529e-01 8.736422e-10 3.852300e-02 8.887800e-01
4.997945e-01 8.067483e-10 3.702200e-02 8.894500e-01
5.000377e-01 9.647843e-10 3.615300e-02 8.893000e-01
4.999623e-01 9.539892e-10 3.636800e-02 8.900200e-01
4.999552e-01 8.558631e-10 3.448800e-02 8.877200e-01
5.002114e-01 1.068246e-09 3.606700e-02 8.873000e-01
4.999477e-01 9.420904e-10 3.101000e-02 8.903800e-01
5.000720e-01 9.071831e-10 3.660000e-02 8.890100e-01
4.999758e-01 9.152021e-10 2.981900e-02 8.891000e-01
5.001410e-01 9.577552e-10 3.353500e-02 8.879200e-01
4.999927e-01 8.896437e-10 3.400400e-02 8.891700e-01
5.000765e-01 1.021710e-09 2.939000e-02 8.893500e-01
4.997692e-01 7.812126e-10 3.053300e-02 8.902400e-01
4.998386e-01 8.270420e-10 2.879600e-02 8.904600e-01
4.999741e-01 8.675915e-10 3.143200e-02 8.882100e-01
5.000161e-01 8.754706e-10 3.344500e-02 8.896300e-01
4.996669e-01 7.690613e-10 3.729800e-02 8.897800e-01
5.001356e-01 9.131038e-10 3.243400e-02 8.882300e-01
5.002664e-01 9.561898e-10 3.355600e-02 8.897600e-01
4.999421e-01 8.677443e-10 4.002500e-02 8.876500e-01
5.001898e-01 9.986590e-10 3.465700e-02 8.869800e-01
5.000102e-01 8.847592e-10 2.978500e-02 8.878900e-01
4.999847e-01 8.235699e-10 3.716200e-02 8.887900e-01
5.001487e-01 9.567912e-10 3.131800e-02 8.865400e-01
4.999786e-01 8.277293e-10 3.673100e-02 8.896300e-01
5.000266e-01 9.026741e-10 3.308800e-02 8.875100e-01
4.999846e-01 9.417615e-10 3.139000e-02 8.867500e-01
5.000927e-01 9.442930e-10 3.763800e-02 8.871300e-01
4.999921e-01 8.085730e-10 2.694500e-02 8.871600e-01
5.001464e-01 9.027602e-10 3.956800e-02 8.887000e-01
4.999921e-01 9.053492e-10 3.160200e-02 8.905300e-01
4.999254e-01 8.481975e-10 2.805000e-02 8.889300e-01
4.999241e-01 8.167436e-10 3.461000e-02 8.883600e-01
4.998128e-01 7.894783e-10 2.321400e-02 8.880400e-01
5.004117e-01 9.931538e-10 4.128100e-02 8.876900e-01
5.001331e-01 9.975496e-10 4.209100e-02 8.881200e-01
4.999323e-01 8.507025e-10 3.774000e-02 8.889900e-01
5.000616e-01 8.560153e-10 2.847800e-02 8.876400e-01
4.999748e-01 8.980337e-10 3.225200e-02 8.888600e-01
4.998588e-01 8.239474e-10 3.748600e-02 8.906700e-01
4.999324e-01 8.359773e-10 3.905800e-02 8.911400e-01
5.000101e-01 8.631540e-10 3.712100e-02 8.886400e-01
5.001744e-01 9.084705e-10 2.507900e-02 8.868200e-01
5.001159e-01 9.657905e-10 3.141600e-02 8.916100e-01
4.998457e-01 7.567907e-10 2.685400e-02 8.890000e-01
5.000028e-01 7.996923e-10 3.831700e-02 8.879900e-01
5.001382e-01 8.553417e-10 3.584400e-02 8.895300e-01
4.998255e-01 7.460790e-10 3.335800e-02 8.894200e-01
5.002320e-01 9.736896e-10 3.861200e-02 8.877700e-01
4.998898e-01 8.068071e-10 3.756800e-02 8.897000e-01
4.998895e-01 7.630040e-10 4.019000e-02 8.876700e-01
5.001050e-01 8.584144e-10 4.156600e-02 8.867900e-01
4.999122e-01 7.712551e-10 3.435200e-02 8.893200e-01
5.002097e-01 8.627834e-10 3.398100e-02 8.868100e-01
4.998602e-01 7.802913e-10 4.101300e-02 8.892000e-01
4.999522e-01 7.857538e-10 3.993900e-02 8.875100e-01
5.000085e-01 9.090193e-10 2.281800e-02 8.875900e-01
5.000738e-01 8.667115e-10 2.796600e-02 8.896900e-01
4.999035e-01 7.996004e-10 2.324900e-02 8.896900e-01
4.999711e-01 8.056692e-10 3.183100e-02 8.876200e-01
4.999377e-01 8.189796e-10 3.939800e-02 8.907500e-01
4.999878e-01 8.150151e-10 4.190600e-02 8.892600e-01
4.999514e-01 7.757687e-10 4.155300e-02 8.889800e-01
5.001622e-01 8.859452e-10 3.862600e-02 8.880200e-01
5.000729e-01 8.418699e-10 4.317500e-02 8.870000e-01
4.998968e-01 7.667414e-10 3.403800e-02 8.887000e-01
5.000732e-01 8.520843e-10 3.599400e-02 8.877800e-01
5.002780e-01 9.076204e-10 3.810000e-02 8.858600e-01
4.999496e-01 8.113063e-10 4.301000e-02 8.890400e-01
5.001303e-01 8.944237e-10 3.782500e-02 8.888800e-01
4.999567e-01 7.852910e-10 3.169700e-02 8.895500e-01
4.999271e-01 7.600968e-10 4.252900e-02 8.894300e-01
4.997980e-01 7.340773e-10 3.325100e-02 8.888200e-01
4.998497e-01 7.989552e-10 3.729600e-02 8.894200e-01
5.000531e-01 8.422602e-10 2.277500e-02 8.908700e-01
4.999728e-01 8.120672e-10 2.845800e-02 8.899500e-01
4.998680e-01 7.493414e-10 3.431700e-02 8.878200e-01
4.998529e-01 7.838188e-10 3.537400e-02 8.882100e-01
5.000906e-01 8.402765e-10 4.249900e-02 8.877100e-01
4.999823e-01 8.098188e-10 2.650800e-02 8.902000e-01
4.999742e-01 8.325466e-10 3.507700e-02 8.876000e-01
4.998547e-01 7.506854e-10 3.949800e-02 8.881000e-01
4.998995e-01 7.563754e-10 4.189200e-02 8.893700e-01
5.001665e-01 9.257048e-10 3.379300e-02 8.866700e-01
5.000057e-01 8.226215e-10 3.241000e-02 8.877600e-01
4.997328e-01 7.296687e-10 2.275900e-02 8.902200e-01
5.000628e-01 8.268241e-10 3.783500e-02 8.867200e-01
4.999439e-01 7.781002e-10 3.974400e-02 8.890400e-01
4.999100e-01 7.771431e-10 3.003800e-02 8.893500e-01
5.001779e-01 9.383900e-10 2.495100e-02 8.869900e-01
5.001794e-01 8.971258e-10 3.181300e-02 8.880500e-01
5.000944e-01 8.944381e-10 3.357600e-02 8.883600e-01
5.000046e-01 8.181436e-10 3.019000e-02 8.886700e-01
4.998620e-01 7.655154e-10 2.334200e-02 8.898500e-01
5.001614e-01 8.784146e-10 4.000900e-02 8.888500e-01
5.000753e-01 7.972333e-10 4.143300e-02 8.886600e-01
4.999392e-01 7.616308e-10 3.917300e-02 8.890900e-01
4.998671e-01 8.168226e-10 3.575800e-02 8.887300e-01
5.000590e-01 8.170489e-10 3.470700e-02 8.858500e-01
4.999770e-01 8.201048e-10 3.390300e-02 8.871900e-01
5.003319e-01 9.663238e-10 2.915700e-02 8.880300e-01
5.001965e-01 8.996497e-10 3.923000e-02 8.888800e-01
4.999784e-01 8.076811e-10 3.624400e-02 8.898700e-01
5.002919e-01 9.049253e-10 3.257100e-02 8.879700e-01
5.001402e-01 8.711564e-10 3.092700e-02 8.884000e-01
5.000129e-01 8.276887e-10 3.233400e-02 8.883900e-01
5.000302e-01 8.264071e-10 4.188900e-02 8.879800e-01
4.999441e-01 7.946206e-10 2.921100e-02 8.890200e-01
5.000255e-01 8.139910e-10 4.147400e-02 8.880300e-01
5.000441e-01 8.634324e-10 3.410600e-02 8.895300e-01
4.999065e-01 7.906922e-10 3.082300e-02 8.868000e-01
4.999761e-01 7.572562e-10 4.193000e-02 8.879600e-01
4.999969e-01 7.919644e-10 3.210500e-02 8.868700e-01
5.001705e-01 9.339152e-10 2.456900e-02 8.874200e-01
4.999446e-01 7.570427e-10 2.343700e-02 8.879900e-01
5.002218e-01 8.828736e-10 2.339900e-02 8.885800e-01
4.999741e-01 8.173846e-10 2.334600e-02 8.888400e-01
4.998095e-01 6.964642e-10 2.395600e-02 8.909400e-01
5.000762e-01 8.394852e-10 3.813400e-02 8.870900e-01
5.000462e-01 8.203275e-10 3.416100e-02 8.905900e-01
5.000761e-01 8.118671e-10 3.209900e-02 8.882600e-01
5.001318e-01 8.780632e-10 3.227200e-02 8.893500e-01
4.998973e-01 7.212037e-10 3.809700e-02 8.869000e-01
4.999773e-01 7.750942e-10 3.831300e-02 8.892200e-01
5.000567e-01 7.955634e-10 4.255200e-02 8.865600e-01
5.001453e-01 8.424574e-10 4.204400e-02 8.881300e-01
5.001598e-01 8.468961e-10 4.223100e-02 8.867200e-01
5.002283e-01 8.560297e-10 4.112600e-02 8.875600e-01
4.999478e-01 8.006770e-10 3.444400e-02 8.874800e-01
4.999794e-01 7.921536e-10 3.140100e-02 8.905200e-01
4.999839e-01 8.388274e-10 4.145500e-02 8.900300e-01
5.000615e-01 7.789250e-10 4.152600e-02 8.865200e-01
5.000001e-01 7.453901e-10 2.442800e-02 8.880600e-01
5.000464e-01 8.204921e-10 3.311400e-02 8.891300e-01
4.999662e-01 7.591055e-10 4.279000e-02 8.880500e-01
4.999044e-01 7.905275e-10 2.339400e-02 8.882700e-01
4.999437e-01 7.350737e-10 2.335100e-02 8.884200e-01
5.000084e-01 7.550672e-10 3.210000e-02 8.890600e-01
4.999805e-01 7.536202e-10 3.375400e-02 8.897100e-01
4.999404e-01 7.748832e-10 2.280300e-02 8.890000e-01
4.998446e-01 7.341497e-10 2.845200e-02 8.874100e-01
4.999141e-01 7.398825e-10 3.489000e-02 8.899000e-01
4.999387e-01 7.683167e-10 3.553500e-02 8.884200e-01
4.999901e-01 7.974190e-10 3.439800e-02 8.871400e-01
4.999185e-01 7.941069e-10 2.268200e-02 8.891900e-01
4.998338e-01 7.362143e-10 2.274400e-02 8.899900e-01
4.998895e-01 7.712557e-10 3.566000e-02 8.873300e-01
4.997829e-01 7.401589e-10 4.164500e-02 8.862600e-01
4.997111e-01 6.963952e-10 4.128300e-02 8.892500e-01
5.001238e-01 9.037439e-10 2.306000e-02 8.894000e-01
4.997928e-01 7.512154e-10 2.310400e-02 8.895400e-01
5.000316e-01 7.851051e-10 3.094800e-02 8.885700e-01
4.998301e-01 7.238799e-10 4.241000e-02 8.883100e-01
5.000121e-01 8.327247e-10 4.228900e-02 8.891900e-01
5.001510e-01 8.287016e-10 4.239300e-02 8.896600e-01
5.002274e-01 8.457059e-10 3.352100e-02 8.841600e-01
4.997451e-01 6.819112e-10 2.334800e-02 8.908100e-01
4.999379e-01 7.459885e-10 3.545000e-02 8.888900e-01
4.998657e-01 7.411977e-10 3.827200e-02 8.886900e-01
5.000068e-01 7.654095e-10 3.272900e-02 8.867900e-01
5.000809e-01 7.965119e-10 2.932300e-02 8.890300e-01
4.999011e-01 7.597683e-10 2.312400e-02 8.884500e-01
4.998617e-01 7.505453e-10 2.272300e-02 8.879900e-01
5.001747e-01 8.335520e-10 2.734400e-02 8.873300e-01
5.001667e-01 8.874154e-10 3.161600e-02 8.879300e-01
4.997633e-01 7.539481e-10 2.306900e-02 8.870100e-01
5.000298e-01 8.081656e-10 4.141900e-02 8.869500e-01
5.001261e-01 7.900539e-10 2.340200e-02 8.869100e-01
5.000282e-01 8.161943e-10 2.336600e-02 8.893200e-01
5.001683e-01 7.896727e-10 3.754500e-02 8.881200e-01
5.001991e-01 8.306146e-10 2.306700e-02 8.880200e-01
4.998235e-01 7.575110e-10 2.281000e-02 8.917200e-01
5.000027e-01 7.850633e-10 2.274000e-02 8.896300e-01
4.998923e-01 7.448082e-10 3.449700e-02 8.889600e-01
5.002087e-01 8.498250e-10 4.253400e-02 8.878500e-01
4.999510e-01 7.991335e-10 3.787800e-02 8.886900e-01
4.997492e-01 6.982707e-10 2.268000e-02 8.886900e-01
4.998918e-01 7.696737e-10 2.275500e-02 8.892800e-01
4.997457e-01 7.133306e-10 2.273400e-02 8.902700e-01
5.001576e-01 8.862876e-10 2.278000e-02 8.886500e-01
4.999398e-01 7.535019e-10 2.607200e-02 8.869100e-01
4.998848e-01 7.524749e-10 3.431000e-02 8.882700e-01
5.004213e-01 1.005551e-09 2.268400e-02 8.864100e-01
5.001718e-01 8.594735e-10 3.345000e-02 8.876900e-01
5.000227e-01 8.319116e-10 2.639700e-02 8.862200e-01
4.997441e-01 6.709462e-10 2.272900e-02 8.904300e-01
4.999447e-01 7.585031e-10 2.331900e-02 8.869200e-01
5.001130e-01 8.686977e-10 3.273200e-02 8.876800e-01
5.000225e-01 7.609792e-10 2.606500e-02 8.879800e-01
4.998899e-01 7.237046e-10 3.712900e-02 8.870700e-01
5.001738e-01 8.598944e-10 4.219400e-02 8.877100e-01
4.999787e-01 7.782238e-10 4.033000e-02 8.888000e-01
4.997644e-01 7.144518e-10 4.197600e-02 8.918100e-01
5.003058e-01 9.360703e-10 4.208500e-02 8.890900e-01
4.999669e-01 7.620959e-10 4.177900e-02 8.884700e-01
5.000720e-01 8.433146e-10 4.126300e-02 8.873300e-01
5.000694e-01 7.870297e-10 2.623300e-02 8.872600e-01
5.000297e-01 8.177527e-10 2.963400e-02 8.888900e-01
4.998522e-01 7.411222e-10 2.286500e-02 8.891800e-01
4.999696e-01 7.532432e-10 2.842800e-02 8.873700e-01
4.999071e-01 7.737016e-10 3.673900e-02 8.895800e-01
5.001836e-01 9.006316e-10 2.551700e-02 8.903700e-01
4.999683e-01 7.782268e-10 2.268100e-02 8.889000e-01
5.000315e-01 8.003168e-10 2.278400e-02 8.890300e-01
5.001801e-01 9.516243e-10 3.861400e-02 8.876700e-01
4.999646e-01 8.182354e-10 3.735200e-02 8.884200e-01
5.000716e-01 7.721150e-10 3.575900e-02 8.874200e-01
4.999770e-01 8.303212e-10 2.530500e-02 8.876300e-01
5.001378e-01 8.124677e-10 4.114700e-02 8.861200e-01
5.000000e-01 8.258033e-10 4.256800e-02 8.896300e-01
5.004045e-01 9.396907e-10 2.840400e-02 8.873400e-01
5.001574e-01 8.509474e-10 3.934700e-02 8.880100e-01
5.000553e-01 8.231961e-10 4.246800e-02 8.889900e-01
5.002465e-01 8.981160e-10 3.452000e-02 8.891000e-01
4.998949e-01 7.528349e-10 2.704900e-02 8.898600e-01
4.998686e-01 7.306525e-10 4.215400e-02 8.880500e-01
5.000454e-01 8.003987e-10 3.567000e-02 8.872800e-01
4.999790e-01 7.684213e-10 3.320900e-02 8.881500e-01
4.996177e-01 6.691651e-10 2.330200e-02 8.894800e-01
4.998945e-01 7.699877e-10 2.295500e-02 8.911200e-01
5.001760e-01 8.707396e-10 3.949000e-02 8.868600e-01
5.001515e-01 8.487258e-10 4.012700e-02 8.877700e-01
5.001647e-01 8.317997e-10 2.284100e-02 8.867800e-01
5.001411e-01 8.309968e-10 2.402000e-02 8.863200e-01
5.000405e-01 8.007002e-10 3.730700e-02 8.890700e-01
5.002115e-01 8.887674e-10 4.302100e-02 8.874500e-01
5.000670e-01 8.023514e-10 4.304000e-02 8.879100e-01
4.999836e-01 7.758391e-10 4.245800e-02 8.873000e-01
5.000384e-01 7.976409e-10 4.242800e-02 8.872500e-01
4.999719e-01 7.751239e-10 3.091300e-02 8.883300e-01
5.000680e-01 8.308026e-10 3.610800e-02 8.886800e-01
5.001342e-01 8.212459e-10 4.248600e-02 8.865400e-01
5.001942e-01 8.747771e-10 3.172900e-02 8.880400e-01
4.998931e-01 7.612554e-10 3.902500e-02 8.882700e-01
4.997342e-01 7.402381e-10 3.743400e-02 8.886200e-01
5.000573e-01 8.230422e-10 2.503200e-02 8.877800e-01
5.000570e-01 8.182811e-10 3.149200e-02 8.880600e-01
4.998601e-01 7.235429e-10 4.244400e-02 8.901400e-01
5.001636e-01 8.341425e-10 4.184100e-02 8.864100e-01
4.999504e-01 7.372603e-10 2.418800e-02 8.889600e-01
4.999792e-01 7.589042e-10 3.443300e-02 8.893300e-01
5.000692e-01 8.303410e-10 3.365500e-02 8.886100e-01
5.002282e-01 8.204463e-10 2.985700e-02 8.872900e-01
4.998964e-01 7.825160e-10 3.196200e-02 8.883600e-01
4.998804e-01 7.397979e-10 3.068500e-02 8.863200e-01
5.000355e-01 8.910762e-10 3.460200e-02 8.886000e-01
4.999381e-01 7.401146e-10 4.094900e-02 8.879400e-01
4.998427e-01 7.147100e-10 3.098500e-02 8.902300e-01
5.001998e-01 8.500829e-10 3.314200e-02 8.874700e-01
5.004178e-01 9.589529e-10 3.468400e-02 8.866300e-01
4.998761e-01 7.487324e-10 3.289700e-02 8.895600e-01
5.000525e-01 7.881379e-10 3.605000e-02 8.864700e-01
4.998425e-01 7.266172e-10 3.214000e-02 8.885100e-01
4.999937e-01 7.559380e-10 3.191600e-02 8.888200e-01
4.999771e-01 7.928428e-10 3.496400e-02 8.877800e-01
4.999886e-01 8.151071e-10 3.535000e-02 8.898900e-01
5.002416e-01 8.564070e-10 2.625100e-02 8.874200e-01
4.997554e-01 6.872294e-10 3.365500e-02 8.896600e-01
4.998217e-01 7.047462e-10 4.241500e-02 8.877300e-01
5.001875e-01 8.643205e-10 4.234200e-02 8.883700e-01
4.996915e-01 7.061064e-10 4.299500e-02 8.909100e-01
4.999489e-01 7.117128e-10 3.347900e-02 8.888100e-01
5.000507e-01 8.112347e-10 2.622400e-02 8.883200e-01
4.999025e-01 7.737568e-10 4.332200e-02 8.924800e-01
4.999516e-01 7.899138e-10 3.126600e-02 8.903700e-01
4.998255e-01 7.305701e-10 3.914500e-02 8.890700e-01
5.001789e-01 8.665911e-10 4.328400e-02 8.875100e-01
4.999460e-01 7.506119e-10 3.100900e-02 8.874200e-01
5.000921e-01 8.052564e-10 2.415100e-02 8.882300e-01
4.999446e-01 7.650991e-10 3.208500e-02 8.879500e-01
4.999597e-01 7.256917e-10 4.252700e-02 8.882600e-01
5.002303e-01 8.864145e-10 2.912900e-02 8.879300e-01
5.000080e-01 8.001049e-10 2.376900e-02 8.897500e-01
4.999437e-01 7.995524e-10 3.515900e-02 8.897200e-01
5.001754e-01 8.396768e-10 2.703400e-02 8.869500e-01
5.000557e-01 8.348329e-10 2.488600e-02 8.879600e-01
5.000033e-01 7.565867e-10 2.538200e-02 8.875800e-01
5.001333e-01 8.603559e-10 2.411200e-02 8.884500e-01
4.996983e-01 7.013111e-10 3.297300e-02 8.918900e-01
4.999357e-01 7.880766e-10 3.288000e-02 8.884700e-01
4.997821e-01 7.176834e-10 3.828000e-02 8.901200e-01
4.999978e-01 8.081657e-10 3.795700e-02 8.880200e-01
5.001837e-01 8.111587e-10 4.257700e-02 8.869600e-01
5.003096e-01 8.913245e-10 4.184500e-02 8.884200e-01
5.001776e-01 8.346605e-10 4.282700e-02 8.865200e-01
4.998679e-01 7.555685e-10 3.887900e-02 8.896600e-01
4.998618e-01 7.705436e-10 3.990200e-02 8.880500e-01
4.999338e-01 7.705130e-10 3.584500e-02 8.869700e-01
4.999429e-01 7.335576e-10 4.323800e-02 8.890200e-01
5.000868e-01 9.042808e-10 3.335900e-02 8.887500e-01
5.000998e-01 8.460718e-10 4.080600e-02 8.872800e-01
4.998427e-01 7.504246e-10 4.076000e-02 8.899200e-01
4.999509e-01 7.620478e-10 4.269500e-02 8.902700e-01
4.999897e-01 8.210775e-10 4.251700e-02 8.900000e-01
5.001250e-01 8.240519e-10 3.781600e-02 8.848100e-01
5.001050e-01 8.170328e-10 4.109700e-02 8.890300e-01
4.998891e-01 7.804462e-10 4.054200e-02 8.884500e-01
5.000456e-01 7.864607e-10 4.269200e-02 8.872800e-01
5.000115e-01 8.037755e-10 2.868600e-02 8.903300e-01
5.000936e-01 8.510898e-10 3.849500e-02 8.885600e-01
5.000900e-01 8.269230e-10 2.798100e-02 8.900800e-01
5.000897e-01 7.724776e-10 4.249300e-02 8.889800e-01
4.999097e-01 7.785878e-10 3.101000e-02 8.893700e-01
4.999909e-01 8.103455e-10 2.711900e-02 8.876500e-01
4.998057e-01 7.341229e-10 4.080400e-02 8.884200e-01
4.998645e-01 7.996424e-10 4.232000e-02 8.892200e-01
4.997187e-01 6.888328e-10 4.255500e-02 8.869900e-01
5.000897e-01 7.729128e-10 3.946800e-02 8.857100e-01
5.000645e-01 8.448176e-10 2.331800e-02 8.894200e-01
5.000247e-01 8.064104e-10 2.287500e-02 8.892500e-01
5.001106e-01 8.279177e-10 2.310500e-02 8.898200e-01
4.998722e-01 7.858433e-10 3.152500e-02 8.890900e-01
4.999919e-01 7.684309e-10 2.329800e-02 8.894600e-01
5.000217e-01 7.774044e-10 3.454200e-02 8.879900e-01
4.998956e-01 7.482883e-10 3.053200e-02 8.894100e-01
4.997413e-01 7.022335e-10 3.633200e-02 8.872700e-01
4.998028e-01 7.052361e-10 4.148200e-02 8.887100e-01
5.002791e-01 8.413197e-10 3.225600e-02 8.860700e-01
5.000701e-01 7.999414e-10 2.270600e-02 8.866900e-01
4.999817e-01 7.836257e-10 3.635600e-02 8.899500e-01
5.000271e-01 7.906205e-10 4.064600e-02 8.888000e-01
5.001607e-01 8.428315e-10 4.200600e-02 8.853700e-01
5.001740e-01 8.090192e-10 4.250400e-02 8.872300e-01
5.001026e-01 8.242312e-10 3.855000e-02 8.882900e-01
5.000665e-01 7.889914e-10 2.300500e-02 8.879500e-01
5.000747e-01 8.384468e-10 2.714500e-02 8.876200e-01
4.999677e-01 7.684351e-10 4.233000e-02 8.896900e-01
4.998379e-01 7.514810e-10 4.128500e-02 8.884800e-01
4.998567e-01 7.409648e-10 4.100800e-02 8.885900e-01
5.002016e-01 8.063402e-10 3.675800e-02 8.869000e-01
5.001587e-01 8.493048e-10 4.333900e-02 8.865600e-01
5.001831e-01 8.439528e-10 4.193400e-02 8.893200e-01
5.001489e-01 8.574566e-10 3.187200e-02 8.856700e-01
4.998761e-01 7.334395e-10 4.167600e-02 8.897900e-01
4.998216e-01 8.224055e-10 4.153300e-02 8.883500e-01
4.999257e-01 7.664029e-10 3.470500e-02 8.874300e-01
5.000770e-01 8.577647e-10 2.304400e-02 8.877300e-01
4.999451e-01 8.238231e-10 2.278700e-02 8.890000e-01
4.999876e-01 7.687336e-10 2.324200e-02 8.883600e-01
4.999270e-01 7.428817e-10 2.334300e-02 8.894300e-01
4.998747e-01 7.370630e-10 3.927200e-02 8.875100e-01
4.998887e-01 7.446020e-10 3.908400e-02 8.884500e-01
5.000923e-01 7.854226e-10 2.488300e-02 8.875400e-01
5.000531e-01 7.882105e-10 2.387800e-02 8.871500e-01
5.000615e-01 8.216904e-10 3.126300e-02 8.899400e-01
5.000175e-01 7.934076e-10 4.191400e-02 8.875600e-01
5.000398e-01 7.869404e-10 3.556400e-02 8.900100e-01
4.998457e-01 6.938507e-10 4.142900e-02 8.878800e-01
5.002970e-01 9.018969e-10 4.018500e-02 8.871300e-01
5.001310e-01 7.952357e-10 4.224600e-02 8.878300e-01
4.998324e-01 6.961383e-10 3.710800e-02 8.889900e-01
4.999279e-01 7.840024e-10 2.341400e-02 8.904300e-01
5.000086e-01 8.427741e-10 2.278900e-02 8.862500e-01
5.001582e-01 9.004826e-10 3.273500e-02 8.871600e-01
5.001070e-01 7.457475e-10 4.247800e-02 8.876400e-01
4.997974e-01 7.417882e-10 4.240500e-02 8.901000e-01
5.001500e-01 8.071604e-10 3.579700e-02 8.856700e-01
5.001268e-01 8.200095e-10 3.038100e-02 8.858300e-01
4.999542e-01 7.971651e-10 2.811700e-02 8.869300e-01
5.000335e-01 7.510021e-10 4.317600e-02 8.873400e-01
5.000642e-01 8.171773e-10 3.790800e-02 8.889800e-01
5.002597e-01 8.656589e-10 4.249200e-02 8.874700e-01
4.999231e-01 7.799657e-10 4.151100e-02 8.889200e-01
4.998001e-01 7.231597e-10 4.240400e-02 8.893100e-01
5.001917e-01 8.310511e-10 4.189800e-02 8.874800e-01
5.001762e-01 8.866794e-10 2.350900e-02 8.879300e-01
4.997849e-01 7.556617e-10 2.341200e-02 8.888400e-01
5.001410e-01 8.761215e-10 2.316700e-02 8.885500e-01
4.998504e-01 7.399407e-10 2.341300e-02 8.902000e-01
5.002782e-01 8.431412e-10 2.930300e-02 8.878900e-01
5.000880e-01 8.382674e-10 2.551700e-02 8.893000e-01
4.999708e-01 7.327856e-10 2.469700e-02 8.899500e-01
5.000102e-01 7.938111e-10 3.058300e-02 8.870700e-01
5.000621e-01 7.539274e-10 2.283600e-02 8.876000e-01
5.000421e-01 8.055575e-10 2.275000e-02 8.854300e-01
5.001235e-01 8.981161e-10 4.084200e-02 8.884300e-01
5.000294e-01 8.032554e-10 2.703300e-02 8.882200e-01
4.999587e-01 7.923684e-10 2.395300e-02 8.887100e-01
5.000068e-01 7.696898e-10 3.101700e-02 8.890200e-01
5.001235e-01 8.168021e-10 4.255900e-02 8.885700e-01
4.997701e-01 6.581299e-10 4.252200e-02 8.903900e-01
5.000524e-01 8.034315e-10 4.284800e-02 8.884500e-01
4.999254e-01 7.847798e-10 2.361700e-02 8.876500e-01
4.998863e-01 7.281863e-10 2.315400e-02 8.875800e-01
4.999997e-01 7.657294e-10 3.324800e-02 8.883800e-01
5.001780e-01 8.571730e-10 4.252200e-02 8.875800e-01
5.000560e-01 8.240977e-10 4.268000e-02 8.885400e-01
4.999581e-01 7.884771e-10 4.126900e-02 8.878800e-01
4.998317e-01 7.253665e-10 4.333800e-02 8.900900e-01
5.002733e-01 8.309940e-10 2.373000e-02 8.871000e-01
4.999342e-01 7.725894e-10 2.289600e-02 8.888800e-01
4.998879e-01 7.691378e-10 4.020500e-02 8.885700e-01
4.999260e-01 7.743484e-10 4.099000e-02 8.898000e-01
5.002862e-01 9.768057e-10 3.254300e-02 8.868800e-01
5.002743e-01 8.993500e-10 3.528600e-02 8.845200e-01
5.001550e-01 8.954761e-10 4.192100e-02 8.875900e-01
5.000200e-01 7.584682e-10 3.113100e-02 8.859100e-01
4.997301e-01 6.854860e-10 2.274100e-02 8.876700e-01
4.998595e-01 7.187218e-10 2.490500e-02 8.882800e-01
5.002237e-01 8.305365e-10 2.273100e-02 8.886200e-01
5.000984e-01 8.887789e-10 2.312100e-02 8.899000e-01
5.000715e-01 7.909572e-10 3.025200e-02 8.880100e-01
4.999871e-01 7.781309e-10 2.341200e-02 8.868400e-01
5.000305e-01 7.491272e-10 4.188000e-02 8.866900e-01
5.001685e-01 8.384083e-10 3.581100e-02 8.875000e-01
5.000030e-01 8.653158e-10 2.935800e-02 8.877500e-01
5.000122e-01 7.341001e-10 4.250200e-02 8.870200e-01
4.999322e-01 7.463095e-10 4.170100e-02 8.888800e-01
5.000784e-01 8.029531e-10 3.636700e-02 8.881500e-01
4.999377e-01 7.701069e-10 4.149000e-02 8.870900e-01
4.997798e-01 7.219346e-10 3.400900e-02 8.896700e-01
5.002996e-01 9.012323e-10 3.605700e-02 8.899000e-01
5.001535e-01 8.244453e-10 4.235000e-02 8.872300e-01
4.996462e-01 6.768827e-10 4.163700e-02 8.908800e-01
4.997789e-01 6.865419e-10 3.826700e-02 8.910200e-01
4.999712e-01 7.532191e-10 2.953600e-02 8.867700e-01
4.998487e-01 7.414873e-10 4.107300e-02 8.899100e-01
4.998741e-01 7.386870e-10 2.335400e-02 8.902700e-01
4.998735e-01 7.437094e-10 2.304100e-02 8.897900e-01
5.000434e-01 8.369821e-10 2.319000e-02 8.869300e-01
4.997588e-01 7.001578e-10 2.345400e-02 8.880500e-01
4.997732e-01 6.867671e-10 4.166900e-02 8.885400e-01
5.000660e-01 7.746500e-10 4.240000e-02 8.880900e-01
5.000658e-01 7.931800e-10 3.328800e-02 8.893000e-01
4.999965e-01 7.733832e-10 4.035300e-02 8.898500e-01
5.000948e-01 8.132119e-10 4.332500e-02 8.881900e-01
4.998202e-01 6.919946e-10 4.345300e-02 8.886400e-01
4.999853e-01 7.882650e-10 3.808400e-02 8.905900e-01
5.003176e-01 9.216979e-10 4.239700e-02 8.861900e-01
4.998169e-01 7.150083e-10 4.309200e-02 8.894300e-01
5.001077e-01 8.440791e-10 2.578900e-02 8.869700e-01
4.999386e-01 7.821221e-10 4.238500e-02 8.894100e-01
5.002674e-01 8.771431e-10 4.246300e-02 8.863300e-01
4.998497e-01 7.156611e-10 4.222800e-02 8.908100e-01
5.001093e-01 8.233110e-10 4.212000e-02 8.892600e-01
4.995989e-01 6.350397e-10 2.940800e-02 8.907500e-01
4.998886e-01 7.979500e-10 2.331100e-02 8.867200e-01
4.998899e-01 7.617867e-10 4.018300e-02 8.878200e-01
4.999301e-01 7.605865e-10 4.237700e-02 8.879400e-01
4.998153e-01 7.220068e-10 4.310400e-02 8.892200e-01
4.999761e-01 8.529121e-10 4.334500e-02 8.874600e-01
5.000012e-01 7.876549e-10 4.004100e-02 8.893200e-01
5.002104e-01 8.670221e-10 4.201700e-02 8.875600e-01
5.000109e-01 8.156228e-10 3.328600e-02 8.883300e-01
4.999525e-01 7.665396e-10 3.861300e-02 8.895300e-01
5.000325e-01 7.905043e-10 3.227700e-02 8.887900e-01
5.001224e-01 8.195930e-10 3.388300e-02 8.871700e-01
5.001272e-01 8.439213e-10 3.655900e-02 8.866200e-01
5.000776e-01 7.677853e-10 4.229300e-02 8.877200e-01
5.000081e-01 7.553427e-10 3.609500e-02 8.878700e-01
5.001239e-01 7.925445e-10 4.018500e-02 8.881800e-01
4.999898e-01 7.814517e-10 4.145700e-02 8.887000e-01
4.999781e-01 7.761280e-10 4.243900e-02 8.882800e-01
4.999960e-01 7.879904e-10 4.247200e-02 8.892800e-01
5.001617e-01 8.348047e-10 4.339900e-02 8.881400e-01
4.998936e-01 7.929379e-10 4.277300e-02 8.904800e-01
4.996904e-01 6.412962e-10 4.198600e-02 8.903900e-01
4.999228e-01 7.310900e-10 4.256200e-02 8.866100e-01
4.999508e-01 7.355192e-10 4.322500e-02 8.900200e-01
4.998969e-01 7.304710e-10 4.234000e-02 8.903600e-01
4.999734e-01 7.565926e-10 3.644400e-02 8.880000e-01
4.998389e-01 7.147352e-10 3.460500e-02 8.891700e-01
5.000341e-01 7.717011e-10 2.675400e-02 8.890500e-01
4.999102e-01 7.518979e-10 2.971900e-02 8.896100e-01
4.997870e-01 6.940717e-10 2.736200e-02 8.895500e-01
5.000848e-01 8.610534e-10 2.757900e-02 8.870200e-01
5.000764e-01 8.333480e-10 2.304800e-02 8.878400e-01
4.999546e-01 7.757685e-10 2.275500e-02 8.895600e-01
5.004188e-01 9.409897e-10 2.451400e-02 8.887600e-01
5.000224e-01 7.848018e-10 2.719100e-02 8.893400e-01
5.001023e-01 8.267766e-10 2.286000e-02 8.883600e-01
5.000111e-01 7.790764e-10 2.279400e-02 8.866400e-01
5.001039e-01 8.205568e-10 2.380200e-02 8.866000e-01
4.998869e-01 7.297152e-10 3.798900e-02 8.877400e-01
4.998532e-01 7.613284e-10 2.542400e-02 8.875500e-01
4.998327e-01 7.280348e-10 2.328600e-02 8.911700e-01
5.000567e-01 7.906945e-10 2.382100e-02 8.890200e-01
5.001306e-01 8.139189e-10 3.589900e-02 8.884700e-01
5.001701e-01 8.422053e-10 2.338900e-02 8.880100e-01
5.000142e-01 8.285740e-10 4.225300e-02 8.869500e-01
5.001700e-01 8.330223e-10 4.241900e-02 8.869000e-01
4.999991e-01 8.087699e-10 4.238100e-02 8.881100e-01
5.001653e-01 8.394237e-10 4.319000e-02 8.896400e-01
4.997490e-01 6.694859e-10 4.236900e-02 8.906100e-01
5.001304e-01 7.755132e-10 3.995000e-02 8.875800e-01
4.999334e-01 7.583260e-10 3.822400e-02 8.878200e-01
5.000516e-01 8.659203e-10 3.460800e-02 8.880300e-01
4.999616e-01 7.800096e-10 4.219300e-02 8.885700e-01
5.000945e-01 7.742071e-10 2.487800e-02 8.885000e-01
4.999588e-01 7.410498e-10 4.011300e-02 8.892900e-01
4.999016e-01 7.979604e-10 4.003800e-02 8.891700e-01
4.997359e-01 7.265569e-10 3.299400e-02 8.891800e-01
5.001060e-01 8.335375e-10 3.199900e-02 8.884600e-01
4.999469e-01 7.248330e-10 3.228900e-02 8.896000e-01
5.000077e-01 7.685462e-10 4.326400e-02 8.871300e-01
5.000805e-01 7.876995e-10 4.333200e-02 8.876900e-01
4.999095e-01 7.069940e-10 3.603500e-02 8.867400e-01
4.999153e-01 7.469214e-10 3.689400e-02 8.888500e-01
4.999436e-01 8.048836e-10 3.889500e-02 8.904500e-01
5.000527e-01 8.293438e-10 2.341200e-02 8.875800e-01
5.001332e-01 8.381434e-10 2.500500e-02 8.855500e-01
5.002502e-01 9.040419e-10 2.335000e-02 8.889900e-01
4.998882e-01 7.847997e-10 2.372600e-02 8.908200e-01
5.000383e-01 8.412795e-10 2.294200e-02 8.878700e-01
4.998619e-01 7.261238e-10 2.273700e-02 8.890000e-01
5.001557e-01 8.560448e-10 2.282900e-02 8.882800e-01
5.002209e-01 8.476716e-10 2.942900e-02 8.858300e-01
4.998988e-01 7.475518e-10 2.409400e-02 8.900800e-01
4.998546e-01 7.368768e-10 2.275200e-02 8.880900e-01
5.000061e-01 8.028822e-10 3.854900e-02 8.893600e-01
5.000673e-01 8.009719e-10 2.910500e-02 8.885400e-01
4.999545e-01 7.486466e-10 3.030600e-02 8.878900e-01
4.999155e-01 7.380087e-10 4.236000e-02 8.907200e-01
5.000714e-01 7.553836e-10 4.230800e-02 8.888900e-01
5.000556e-01 8.387492e-10 2.270700e-02 8.876800e-01
5.001211e-01 8.226588e-10 2.311900e-02 8.877900e-01
4.998036e-01 6.752565e-10 2.380100e-02 8.878800e-01
4.998983e-01 7.014526e-10 3.065200e-02 8.882900e-01
4.998073e-01 7.124163e-10 2.300900e-02 8.879300e-01
5.002657e-01 8.540992e-10 4.037400e-02 8.895400e-01
4.998931e-01 7.056524e-10 4.223400e-02 8.885600e-01
5.000981e-01 8.219632e-10 3.996100e-02 8.872100e-01
4.999631e-01 7.453855e-10 4.276900e-02 8.873200e-01
5.000648e-01 7.598928e-10 4.295200e-02 8.900000e-01
5.000058e-01 8.379715e-10 4.372400e-02 8.876600e-01
4.998982e-01 6.856351e-10 4.253100e-02 8.890200e-01
4.999372e-01 7.405420e-10 4.177500e-02 8.860600e-01
5.001325e-01 8.366848e-10 3.446100e-02 8.879400e-01
4.999173e-01 7.877351e-10 3.684200e-02 8.890900e-01
4.998484e-01 7.191651e-10 3.215700e-02 8.888800e-01
4.999096e-01 7.963382e-10 2.704800e-02 8.888200e-01
5.000546e-01 8.060106e-10 2.855300e-02 8.890300e-01
5.000838e-01 8.432483e-10 2.267100e-02 8.887700e-01
5.000073e-01 8.068557e-10 2.278900e-02 8.897400e-01
5.000086e-01 8.052427e-10 2.269000e-02 8.876500e-01
5.001116e-01 7.935845e-10 4.074000e-02 8.860300e-01
5.000298e-01 7.606190e-10 2.720400e-02 8.885700e-01
4.999631e-01 7.433428e-10 2.617400e-02 8.899600e-01
5.001308e-01 8.064270e-10 2.794400e-02 8.867600e-01
4.997562e-01 6.931010e-10 2.777700e-02 8.886200e-01
4.998279e-01 7.141946e-10 2.747600e-02 8.868700e-01
4.998801e-01 7.407476e-10 2.269200e-02 8.888800e-01
5.001992e-01 8.323349e-10 2.280200e-02 8.856600e-01
5.003402e-01 8.665161e-10 2.271000e-02 8.850600e-01
5.000590e-01 7.564307e-10 2.281900e-02 8.888100e-01
5.000181e-01 8.171557e-10 2.313200e-02 8.878500e-01
5.001236e-01 8.057198e-10 3.591100e-02 8.895200e-01
4.998779e-01 7.475083e-10 3.937000e-02 8.872600e-01
4.999586e-01 7.591219e-10 2.576800e-02 8.895800e-01
4.999185e-01 7.496875e-10 4.188900e-02 8.890900e-01
4.999735e-01 8.093131e-10 3.801900e-02 8.879100e-01
5.000501e-01 7.885718e-10 4.211700e-02 8.880000e-01
4.999669e-01 7.784160e-10 3.567800e-02 8.880500e-01
4.998431e-01 7.383130e-10 3.474100e-02 8.882000e-01
4.999083e-01 7.450147e-10 3.255200e-02 8.887500e-01
5.000517e-01 8.001254e-10 3.450200e-02 8.904600e-01
4.998333e-01 7.516010e-10 3.857300e-02 8.882300e-01
4.998819e-01 7.177848e-10 3.392000e-02 8.901100e-01
4.999151e-01 7.480496e-10 4.238100e-02 8.892700e-01
5.004091e-01 8.773490e-10 4.193800e-02 8.881200e-01
5.000275e-01 8.267022e-10 2.337800e-02 8.865900e-01
5.000561e-01 7.875109e-10 2.344700e-02 8.876400e-01
4.998657e-01 7.133310e-10 3.866200e-02 8.887200e-01
4.999320e-01 7.363521e-10 4.204500e-02 8.906700e-01
4.999510e-01 7.570552e-10 4.184800e-02 8.885600e-01
4.998935e-01 7.572535e-10 4.237900e-02 8.894000e-01
4.999829e-01 7.845677e-10 2.613900e-02 8.894000e-01
4.999353e-01 7.678303e-10 2.344200e-02 8.885100e-01
4.999273e-01 7.470641e-10 2.286600e-02 8.888900e-01
5.001325e-01 8.266132e-10 2.456000e-02 8.874500e-01
4.999442e-01 7.369033e-10 2.329500e-02 8.874300e-01
4.998694e-01 7.512947e-10 2.310300e-02 8.912700e-01
4.999447e-01 8.111596e-10 2.823000e-02 8.881300e-01
5.002556e-01 9.180628e-10 4.340700e-02 8.872800e-01
4.999366e-01 7.464872e-10 4.190100e-02 8.886300e-01
5.002082e-01 8.147866e-10 2.286400e-02 8.863300e-01
4.999951e-01 7.584730e-10 3.411600e-02 8.889400e-01
4.998982e-01 7.298695e-10 3.480400e-02 8.876900e-01
4.998341e-01 7.099227e-10 2.766100e-02 8.889000e-01
4.999801e-01 7.375442e-10 2.305200e-02 8.898100e-01
4.999590e-01 7.614077e-10 4.090700e-02 8.896600e-01
4.999782e-01 7.796810e-10 2.333200e-02 8.885700e-01
4.999463e-01 7.606489e-10 2.325000e-02 8.894800e-01
5.001040e-01 8.649423e-10 2.272700e-02 8.915800e-01
5.000413e-01 7.655860e-10 3.065000e-02 8.881600e-01
5.000651e-01 8.056122e-10 3.321700e-02 8.872900e-01
5.001878e-01 8.632102e-10 3.227200e-02 8.856600e-01
4.999728e-01 7.437823e-10 4.135100e-02 8.863200e-01
5.000721e-01 7.943948e-10 2.340200e-02 8.898000e-01
5.002707e-01 8.463239e-10 2.502100e-02 8.873900e-01
4.999588e-01 7.739513e-10 2.327700e-02 8.884400e-01
4.999622e-01 7.648127e-10 2.281000e-02 8.883600e-01
5.000955e-01 8.508458e-10 2.279600e-02 8.871900e-01
4.998906e-01 7.240709e-10 2.296100e-02 8.882000e-01
5.002714e-01 8.630794e-10 3.152400e-02 8.886700e-01
5.000952e-01 7.940251e-10 3.982700e-02 8.897800e-01
4.999839e-01 8.001576e-10 4.333200e-02 8.885100e-01
5.000823e-01 8.171788e-10 3.710000e-02 8.882600e-01
5.000975e-01 8.054883e-10 3.349600e-02 8.871800e-01
5.000377e-01 7.774590e-10 3.671900e-02 8.884000e-01
4.998113e-01 7.029037e-10 2.314500e-02 8.897200e-01
5.000344e-01 8.038880e-10 2.511300e-02 8.897100e-01
4.999649e-01 7.350429e-10 2.497600e-02 8.881000e-01
4.998366e-01 7.676954e-10 2.563400e-02 8.909900e-01
4.999218e-01 7.425501e-10 2.851900e-02 8.886800e-01
4.999678e-01 7.698385e-10 2.339500e-02 8.869000e-01
4.999130e-01 7.294927e-10 2.621100e-02 8.873500e-01
5.001701e-01 8.812647e-10 4.258000e-02 8.865400e-01
4.998702e-01 7.827142e-10 4.256800e-02 8.878400e-01
5.000456e-01 8.589288e-10 4.244600e-02 8.894500e-01
4.999355e-01 7.625450e-10 3.994300e-02 8.889300e-01
5.000097e-01 7.731408e-10 3.519900e-02 8.897500e-01
5.002252e-01 8.574645e-10 2.274900e-02 8.875900e-01
5.001203e-01 8.029131e-10 2.280200e-02 8.882800e-01
5.000168e-01 7.625822e-10 3.935100e-02 8.879000e-01
5.000843e-01 7.741092e-10 4.193600e-02 8.854800e-01
5.000877e-01 8.427405e-10 2.916400e-02 8.891600e-01
4.999411e-01 7.257495e-10 3.227300e-02 8.890500e-01
4.999972e-01 7.765690e-10 3.132600e-02 8.893400e-01
4.999404e-01 7.536438e-10 2.268500e-02 8.872600e-01
5.002192e-01 8.983664e-10 3.863100e-02 8.888000e-01
5.000830e-01 8.172072e-10 3.130600e-02 8.875600e-01
5.000561e-01 8.121412e-10 2.267900e-02 8.889500e-01
5.001974e-01 8.376161e-10 2.275700e-02 8.894400e-01
4.999330e-01 7.402343e-10 3.138300e-02 8.873300e-01
5.001477e-01 8.651724e-10 3.133400e-02 8.888400e-01
4.999681e-01 8.073097e-10 3.246400e-02 8.889800e-01
4.999334e-01 7.544838e-10 3.828400e-02 8.877600e-01
4.999653e-01 8.189789e-10 3.745500e-02 8.920000e-01
4.997551e-01 6.736126e-10 2.870500e-02 8.885100e-01
4.999253e-01 7.239469e-10 4.317800e-02 8.893400e-01
5.001199e-01 8.526027e-10 4.329900e-02 8.890500e-01
5.000764e-01 8.018218e-10 2.535400e-02 8.882100e-01
4.999236e-01 7.684386e-10 3.069000e-02 8.881100e-01
4.998358e-01 7.066256e-10 3.748800e-02 8.902300e-01
5.001583e-01 8.054802e-10 4.238000e-02 8.873600e-01
4.998378e-01 6.967353e-10 4.289200e-02 8.884100e-01
4.999540e-01 7.832720e-10 4.275400e-02 8.893500e-01
4.999542e-01 7.383965e-10 4.236600e-02 8.887500e-01
4.998111e-01 6.954308e-10 3.482900e-02 8.904000e-01
4.998396e-01 7.128990e-10 2.753800e-02 8.906200e-01
5.001251e-01 8.313711e-10 2.276700e-02 8.867900e-01
4.999543e-01 7.323098e-10 3.520100e-02 8.891500e-01
5.000704e-01 8.414214e-10 4.233600e-02 8.884100e-01
5.000024e-01 7.661834e-10 3.227400e-02 8.877700e-01
5.000938e-01 7.799037e-10 4.071800e-02 8.886000e-01
5.000862e-01 7.857877e-10 3.574500e-02 8.867600e-01
5.000898e-01 8.016433e-10 3.275100e-02 8.882000e-01
5.001907e-01 8.159592e-10 2.599400e-02 8.892100e-01
5.000396e-01 8.353573e-10 4.144900e-02 8.898900e-01
5.001144e-01 8.045042e-10 4.133300e-02 8.860500e-01
4.999851e-01 7.488229e-10 3.825300e-02 8.890100e-01
4.998196e-01 6.673555e-10 4.150200e-02 8.882600e-01
5.000164e-01 7.665579e-10 4.248800e-02 8.863100e-01
4.998223e-01 6.920639e-10 3.228800e-02 8.905400e-01
5.001060e-01 7.941456e-10 3.167100e-02 8.836500e-01
5.000291e-01 8.150817e-10 4.225100e-02 8.887200e-01
4.998009e-01 6.908848e-10 2.620100e-02 8.883500e-01
5.001890e-01 8.017407e-10 4.275700e-02 8.880700e-01
5.001078e-01 8.239964e-10 4.190800e-02 8.878900e-01
4.999692e-01 7.938585e-10 4.148400e-02 8.896500e-01
4.996478e-01 6.460166e-10 4.244200e-02 8.885200e-01
5.000492e-01 8.441268e-10 4.249500e-02 8.877300e-01
5.001468e-01 8.288493e-10 4.238500e-02 8.874300e-01
5.000506e-01 7.716899e-10 3.014100e-02 8.898600e-01
4.998306e-01 7.094683e-10 2.335500e-02 8.892700e-01
5.000131e-01 7.835169e-10 2.278600e-02 8.888800e-01
4.999805e-01 7.833818e-10 2.318200e-02 8.901300e-01
4.999235e-01 7.238126e-10 2.482800e-02 8.896400e-01
4.999721e-01 8.239363e-10 4.247600e-02 8.896000e-01
5.002520e-01 8.435886e-10 4.247200e-02 8.872300e-01
5.000839e-01 8.344062e-10 4.252100e-02 8.882000e-01
5.000305e-01 7.807884e-10 3.885000e-02 8.884200e-01
4.998829e-01 7.232336e-10 2.280700e-02 8.895100e-01
4.998195e-01 7.063270e-10 2.452100e-02 8.881900e-01
4.996858e-01 6.665718e-10 3.347600e-02 8.913300e-01
5.000239e-01 7.801354e-10 4.072700e-02 8.884800e-01
5.001415e-01 8.592331e-10 4.150800e-02 8.874900e-01
4.997856e-01 7.326697e-10 4.148500e-02 8.900500e-01
4.999743e-01 7.670177e-10 3.150600e-02 8.885100e-01
5.000964e-01 8.155484e-10 2.330300e-02 8.871600e-01
4.999783e-01 7.903259e-10 2.291200e-02 8.898100e-01
4.999215e-01 7.333943e-10 3.304300e-02 8.890800e-01
4.999263e-01 7.180870e-10 4.214800e-02 8.888500e-01
4.999958e-01 7.789850e-10 4.147000e-02 8.873000e-01
5.002431e-01 9.053281e-10 3.411000e-02 8.885800e-01
5.001177e-01 8.148250e-10 2.280800e-02 8.873500e-01
5.000037e-01 7.966220e-10 2.842100e-02 8.891600e-01
4.999515e-01 7.672457e-10 4.318300e-02 8.900100e-01
5.000581e-01 7.908884e-10 3.074500e-02 8.887400e-01
5.002603e-01 9.202030e-10 3.254200e-02 8.895300e-01
5.000105e-01 7.592336e-10 3.322500e-02 8.881400e-01
4.998713e-01 7.083250e-10 3.601600e-02 8.891200e-01
4.997696e-01 6.851877e-10 2.468900e-02 8.896800e-01
4.998831e-01 7.448636e-10 2.330600e-02 8.893400e-01
5.002614e-01 8.837949e-10 2.708900e-02 8.875800e-01
4.999790e-01 7.220349e-10 4.254400e-02 8.884600e-01
5.000103e-01 7.534763e-10 4.189600e-02 8.890400e-01
5.001491e-01 8.047955e-10 3.919600e-02 8.863700e-01
5.000826e-01 7.761026e-10 3.715800e-02 8.868600e-01
5.000127e-01 7.382399e-10 3.632000e-02 8.887000e-01
5.001558e-01 8.099702e-10 2.645600e-02 8.869600e-01
4.997781e-01 7.169405e-10 2.890500e-02 8.910100e-01
5.002566e-01 8.518066e-10 3.938700e-02 8.877700e-01
5.000688e-01 7.642014e-10 3.395600e-02 8.876000e-01
5.000883e-01 8.045704e-10 2.335000e-02 8.870600e-01
5.001107e-01 8.220760e-10 2.738300e-02 8.884500e-01
5.001022e-01 7.821328e-10 4.117700e-02 8.898200e-01
5.000293e-01 7.956255e-10 4.121000e-02 8.883200e-01
4.998585e-01 7.202044e-10 3.783600e-02 8.870200e-01
4.999055e-01 7.420191e-10 4.181900e-02 8.887500e-01
5.003565e-01 8.919837e-10 2.842100e-02 8.889700e-01
5.000138e-01 7.423524e-10 3.483300e-02 8.897000e-01
4.999988e-01 7.462940e-10 4.130500e-02 8.887300e-01
5.001535e-01 8.070146e-10 4.253900e-02 8.861200e-01
5.002221e-01 8.382665e-10 4.235400e-02 8.889400e-01
4.999588e-01 6.949573e-10 3.252500e-02 8.861300e-01
5.001628e-01 8.044650e-10 2.333200e-02 8.886500e-01
4.998662e-01 7.420752e-10 2.700200e-02 8.904500e-01
4.998528e-01 7.107700e-10 4.051000e-02 8.904100e-01
4.999701e-01 8.050150e-10 3.458300e-02 8.869800e-01
5.000592e-01 7.820585e-10 2.337700e-02 8.883000e-01
5.001871e-01 8.736231e-10 3.779300e-02 8.857100e-01
4.998789e-01 7.553838e-10 4.211200e-02 8.907700e-01
5.000226e-01 7.879800e-10 3.140800e-02 8.880200e-01
5.002811e-01 9.081300e-10 3.290700e-02 8.857400e-01
4.999422e-01 7.507114e-10 4.246700e-02 8.883800e-01
4.999697e-01 7.619039e-10 2.299400e-02 8.888300e-01
5.000748e-01 7.959190e-10 3.958100e-02 8.859500e-01
5.001478e-01 8.315132e-10 3.097200e-02 8.878600e-01
5.000080e-01 7.624442e-10 4.340800e-02 8.881500e-01
5.003194e-01 8.764774e-10 4.166000e-02 8.879900e-01
5.001013e-01 7.848133e-10 3.983200e-02 8.872900e-01
5.000462e-01 7.832092e-10 2.436700e-02 8.878800e-01
5.000207e-01 7.887803e-10 2.642700e-02 8.873400e-01
5.001547e-01 8.784132e-10 3.433300e-02 8.887800e-01
5.000693e-01 8.031098e-10 4.267400e-02 8.871200e-01
4.999402e-01 7.265487e-10 4.333600e-02 8.897700e-01
4.999340e-01 7.584762e-10 2.841700e-02 8.880200e-01
5.001890e-01 8.432047e-10 3.755100e-02 8.881000e-01
4.997549e-01 7.019223e-10 3.878800e-02 8.902200e-01
4.997075e-01 6.428217e-10 3.022500e-02 8.897700e-01
4.999232e-01 7.316945e-10 3.540200e-02 8.889100e-01
5.000163e-01 7.789091e-10 2.270600e-02 8.885800e-01
5.000012e-01 7.574291e-10 2.275600e-02 8.901700e-01
4.999673e-01 7.789238e-10 2.268500e-02 8.875800e-01
5.001157e-01 8.285242e-10 2.769400e-02 8.883500e-01
4.999851e-01 7.764176e-10 3.209900e-02 8.896600e-01
5.001290e-01 8.364534e-10 4.041700e-02 8.872700e-01
4.998573e-01 6.661479e-10 4.333800e-02 8.885800e-01
5.001307e-01 8.040821e-10 2.680100e-02 8.874600e-01
4.999010e-01 7.182059e-10 3.217500e-02 8.886200e-01
5.000529e-01 7.522894e-10 2.324800e-02 8.900300e-01
5.000763e-01 8.207160e-10 2.329500e-02 8.883000e-01
5.001988e-01 7.637539e-10 2.285900e-02 8.860400e-01
5.000748e-01 7.673300e-10 2.334000e-02 8.870000e-01
5.002066e-01 8.997011e-10 2.929900e-02 8.889200e-01
4.999980e-01 8.025635e-10 4.030500e-02 8.888700e-01
4.998800e-01 6.922588e-10 2.589400e-02 8.898600e-01
5.000549e-01 7.741873e-10 2.483600e-02 8.875300e-01
4.999430e-01 7.485000e-10 2.757800e-02 8.894700e-01
4.999910e-01 7.779972e-10 4.228100e-02 8.879300e-01
4.999794e-01 8.025633e-10 4.242200e-02 8.878000e-01
4.999986e-01 7.415101e-10 4.241800e-02 8.890400e-01
5.000127e-01 7.523869e-10 3.280000e-02 8.882600e-01
5.000335e-01 7.619282e-10 2.761100e-02 8.889100e-01
4.999488e-01 7.717036e-10 3.353300e-02 8.885900e-01
5.001642e-01 8.093906e-10 2.724400e-02 8.865700e-01
5.001366e-01 8.406365e-10 4.150500e-02 8.870900e-01
4.999559e-01 7.440425e-10 3.827500e-02 8.898600e-01
4.999098e-01 7.723100e-10 3.877100e-02 8.887200e-01
4.998711e-01 7.271927e-10 3.615000e-02 8.892700e-01
5.001672e-01 8.021411e-10 2.337800e-02 8.866700e-01
4.999441e-01 7.222129e-10 2.346200e-02 8.872300e-01
5.000769e-01 7.595390e-10 4.172600e-02 8.853700e-01
4.999804e-01 7.598308e-10 2.341600e-02 8.885500e-01
4.999583e-01 7.451883e-10 3.146600e-02 8.882300e-01
4.999267e-01 7.374033e-10 3.436000e-02 8.888900e-01
4.999519e-01 7.288385e-10 4.334500e-02 8.878400e-01
4.999282e-01 7.555570e-10 2.473300e-02 8.883700e-01
5.000949e-01 8.635548e-10 2.295100e-02 8.872900e-01
5.001401e-01 8.192818e-10 4.111600e-02 8.886100e-01
5.001681e-01 7.986066e-10 4.133000e-02 8.883200e-01
4.999032e-01 7.370364e-10 4.257500e-02 8.895200e-01
4.999355e-01 7.384570e-10 4.257000e-02 8.885900e-01
4.999516e-01 7.775459e-10 4.056700e-02 8.896800e-01
4.999088e-01 7.750757e-10 2.335400e-02 8.877800e-01
4.998310e-01 7.042656e-10 2.286100e-02 8.884100e-01
4.998131e-01 7.138072e-10 4.265500e-02 8.886900e-01
5.002757e-01 8.462725e-10 3.545600e-02 8.845700e-01
5.000578e-01 7.454576e-10 4.094400e-02 8.861600e-01
5.000717e-01 8.211061e-10 4.250600e-02 8.881900e-01
5.001149e-01 8.494130e-10 2.890000e-02 8.875300e-01
4.997609e-01 6.899803e-10 3.141500e-02 8.893700e-01
4.998732e-01 6.982417e-10 4.256700e-02 8.875500e-01
5.001562e-01 8.054415e-10 4.206200e-02 8.878700e-01
4.999969e-01 7.511296e-10 4.177600e-02 8.886600e-01
5.000754e-01 8.044229e-10 4.202900e-02 8.888500e-01
4.999833e-01 7.538941e-10 4.248600e-02 8.876100e-01
4.999594e-01 7.654884e-10 4.237000e-02 8.880200e-01
5.002276e-01 8.902938e-10 4.313600e-02 8.869000e-01
4.999224e-01 7.275365e-10 3.308600e-02 8.875400e-01
4.999811e-01 8.110454e-10 2.330300e-02 8.880900e-01
4.999065e-01 7.560652e-10 2.994000e-02 8.905100e-01
5.000437e-01 8.313272e-10 4.227900e-02 8.894200e-01
5.001729e-01 7.787986e-10 4.149100e-02 8.872600e-01
5.001256e-01 8.485562e-10 3.950800e-02 8.876000e-01
5.002379e-01 8.469929e-10 3.001900e-02 8.892900e-01
4.999878e-01 7.778094e-10 2.329500e-02 8.907600e-01
5.000554e-01 7.695299e-10 2.760700e-02 8.887700e-01
4.999592e-01 7.182421e-10 4.242000e-02 8.900500e-01
5.000765e-01 7.916184e-10 4.274200e-02 8.873300e-01
5.000453e-01 7.963522e-10 4.233900e-02 8.882900e-01
4.999397e-01 7.121342e-10 2.492800e-02 8.856700e-01
4.998102e-01 7.202739e-10 2.974200e-02 8.886500e-01
4.998217e-01 7.182125e-10 4.294400e-02 8.884000e-01
4.999080e-01 7.527628e-10 4.215900e-02 8.906000e-01
4.999072e-01 7.639507e-10 4.231700e-02 8.878900e-01
5.001753e-01 8.154003e-10 3.833300e-02 8.866100e-01
4.998360e-01 7.017390e-10 3.141000e-02 8.875400e-01
4.999214e-01 6.749033e-10 3.690900e-02 8.878300e-01
5.001931e-01 8.121647e-10 2.944300e-02 8.873000e-01
4.999587e-01 8.180440e-10 2.274700e-02 8.899600e-01
4.998944e-01 7.160859e-10 3.667000e-02 8.888300e-01
4.999419e-01 7.345947e-10 2.334100e-02 8.882300e-01
4.999540e-01 7.710389e-10 2.966700e-02 8.913900e-01
5.000489e-01 7.818808e-10 4.279700e-02 8.899600e-01
5.001809e-01 8.331891e-10 4.217300e-02 8.871600e-01
5.002317e-01 8.527738e-10 3.638800e-02 8.872700e-01
5.000123e-01 7.880898e-10 4.305700e-02 8.858400e-01
5.002424e-01 9.310684e-10 3.141800e-02 8.898600e-01
4.998052e-01 6.907914e-10 2.327700e-02 8.907300e-01
5.000935e-01 8.100335e-10 2.600400e-02 8.897500e-01
4.998600e-01 6.913212e-10 4.150700e-02 8.874800e-01
5.000944e-01 8.276469e-10 4.216500e-02 8.863800e-01
4.999372e-01 7.613066e-10 4.107200e-02 8.881700e-01
4.999876e-01 7.699389e-10 2.305300e-02 8.873700e-01
5.003398e-01 9.231641e-10 4.326900e-02 8.856700e-01
5.001442e-01 8.082948e-10 3.310000e-02 8.889200e-01
5.001351e-01 8.634702e-10 3.609600e-02 8.870600e-01
4.998668e-01 7.051520e-10 2.827200e-02 8.888100e-01
4.999803e-01 7.683606e-10 4.191300e-02 8.879100e-01
5.000700e-01 8.316533e-10 2.778900e-02 8.868100e-01
5.001626e-01 7.973925e-10 3.837700e-02 8.873400e-01
5.000767e-01 7.991669e-10 4.147000e-02 8.884000e-01
4.999090e-01 7.200303e-10 4.163500e-02 8.866000e-01
4.998681e-01 7.434659e-10 4.212600e-02 8.898900e-01
4.999765e-01 7.504735e-10 4.213400e-02 8.884000e-01
4.998031e-01 7.279901e-10 2.407100e-02 8.889000e-01
5.002762e-01 8.608418e-10 2.919400e-02 8.860200e-01
5.000984e-01 7.263797e-10 4.191000e-02 8.880600e-01
5.002073e-01 8.745694e-10 3.073800e-02 8.859400e-01
5.001408e-01 8.699367e-10 4.096500e-02 8.884900e-01
5.002423e-01 8.597380e-10 4.256000e-02 8.881200e-01
5.000618e-01 7.710001e-10 3.194400e-02 8.885700e-01
4.999559e-01 7.345731e-10 3.714300e-02 8.892900e-01
5.002147e-01 8.605429e-10 4.247800e-02 8.868600e-01
5.000923e-01 7.708020e-10 3.817600e-02 8.877900e-01
4.999488e-01 7.551343e-10 3.831900e-02 8.901800e-01
5.000374e-01 7.994207e-10 4.293500e-02 8.878600e-01
5.000608e-01 7.749808e-10 4.294900e-02 8.880100e-01
5.000268e-01 7.991425e-10 4.330200e-02 8.884300e-01
4.998442e-01 7.187399e-10 4.280200e-02 8.910000e-01
4.998962e-01 7.631634e-10 2.858800e-02 8.875300e-01
5.001776e-01 8.648931e-10 2.335200e-02 8.897300e-01
5.001565e-01 8.921245e-10 2.565100e-02 8.891500e-01
4.998674e-01 6.917107e-10 2.275700e-02 8.887500e-01
4.999858e-01 7.572742e-10 2.314900e-02 8.892000e-01
5.000504e-01 7.421687e-10 2.757400e-02 8.883600e-01
5.000286e-01 7.848257e-10 4.237600e-02 8.894500e-01
5.000749e-01 7.746784e-10 3.618200e-02 8.885500e-01
4.999396e-01 7.391242e-10 3.509400e-02 8.866100e-01
4.997055e-01 6.457915e-10 3.593700e-02 8.888700e-01
5.000074e-01 7.707859e-10 2.647000e-02 8.887000e-01
4.999448e-01 7.216716e-10 2.337600e-02 8.894600e-01
5.002467e-01 8.288031e-10 2.345800e-02 8.876200e-01
5.000203e-01 8.092995e-10 3.597600e-02 8.904600e-01
4.997299e-01 6.746010e-10 3.099200e-02 8.903900e-01
5.001203e-01 8.076662e-10 2.335900e-02 8.876000e-01
5.001303e-01 7.982415e-10 3.839000e-02 8.860300e-01
4.999257e-01 7.549848e-10 3.762200e-02 8.882500e-01
5.000892e-01 7.779648e-10 4.131900e-02 8.866900e-01
5.002856e-01 9.506112e-10 4.204200e-02 8.896300e-01
5.002076e-01 9.079362e-10 4.270700e-02 8.878200e-01
5.002181e-01 8.438886e-10 3.791000e-02 8.869600e-01
4.999310e-01 7.904121e-10 2.268300e-02 8.884900e-01
5.001442e-01 8.224402e-10 2.273500e-02 8.862100e-01
4.998709e-01 7.125314e-10 2.340400e-02 8.886600e-01
4.999755e-01 7.683254e-10 3.238000e-02 8.876200e-01
4.998681e-01 8.083251e-10 4.069200e-02 8.909700e-01
4.997440e-01 6.676276e-10 4.235400e-02 8.873700e-01
4.999525e-01 7.475578e-10 4.234400e-02 8.881600e-01
4.998561e-01 7.820811e-10 4.252600e-02 8.882900e-01
5.001522e-01 8.230468e-10 3.091600e-02 8.885700e-01
5.001728e-01 7.978152e-10 2.274100e-02 8.874100e-01
5.001695e-01 7.766765e-10 2.303000e-02 8.866500e-01
4.999116e-01 7.150611e-10 2.808800e-02 8.882800e-01
4.999610e-01 7.612404e-10 4.244400e-02 8.888700e-01
4.999241e-01 7.445723e-10 4.246100e-02 8.881800e-01
4.999652e-01 7.325384e-10 4.246200e-02 8.884300e-01
5.002483e-01 8.359984e-10 4.292500e-02 8.872900e-01
5.001539e-01 8.463071e-10 3.355100e-02 8.863600e-01
5.000485e-01 7.843962e-10 4.137900e-02 8.873600e-01
4.999802e-01 7.422832e-10 3.693900e-02 8.901700e-01
4.999591e-01 7.619334e-10 4.341600e-02 8.900600e-01
5.000857e-01 8.165349e-10 4.193300e-02 8.901100e-01
4.998051e-01 7.032451e-10 3.525600e-02 8.892800e-01
5.002393e-01 8.266834e-10 2.736500e-02 8.862200e-01
4.997645e-01 6.813144e-10 2.268300e-02 8.881400e-01
4.999175e-01 7.135048e-10 2.831100e-02 8.876200e-01
5.001413e-01 8.204940e-10 2.604200e-02 8.897700e-01
4.999975e-01 8.312833e-10 2.328800e-02 8.879800e-01
4.999275e-01 7.322915e-10 2.330500e-02 8.895400e-01
4.999103e-01 7.754956e-10 2.273900e-02 8.907300e-01
4.998131e-01 6.645386e-10 3.732100e-02 8.891600e-01
4.999994e-01 7.535577e-10 3.895100e-02 8.873900e-01
5.000675e-01 7.599300e-10 3.708500e-02 8.884500e-01
4.999379e-01 7.358470e-10 3.953300e-02 8.882900e-01
5.001583e-01 8.093590e-10 2.720700e-02 8.884800e-01
4.999461e-01 7.300290e-10 2.272900e-02 8.878900e-01
4.998352e-01 7.478143e-10 2.306500e-02 8.878500e-01
4.998270e-01 7.551814e-10 3.248200e-02 8.898900e-01
5.000371e-01 7.969116e-10 3.923500e-02 8.891900e-01
5.000632e-01 8.082388e-10 3.083000e-02 8.868600e-01
4.999977e-01 7.764949e-10 2.279700e-02 8.883800e-01
4.999673e-01 7.379868e-10 2.274000e-02 8.882900e-01
4.999233e-01 7.118866e-10 2.403800e-02 8.880100e-01
4.999624e-01 7.218249e-10 3.399100e-02 8.899600e-01
4.998956e-01 7.744742e-10 2.639400e-02 8.884200e-01
4.999393e-01 7.788189e-10 4.338500e-02 8.900800e-01
5.001556e-01 8.376703e-10 3.545600e-02 8.887100e-01
5.001056e-01 7.857531e-10 2.334200e-02 8.859300e-01
4.999975e-01 7.413254e-10 3.971200e-02 8.890400e-01
4.999625e-01 7.614558e-10 4.149200e-02 8.903300e-01
4.998034e-01 6.871647e-10 3.112100e-02 8.895300e-01
5.000797e-01 8.158019e-10 2.283600e-02 8.865000e-01
4.999954e-01 8.419889e-10 2.369200e-02 8.873700e-01
5.000662e-01 8.298769e-10 2.288900e-02 8.883500e-01
4.998875e-01 7.152882e-10 2.273000e-02 8.890800e-01
5.002454e-01 8.632598e-10 2.477300e-02 8.863800e-01
4.998608e-01 7.201321e-10 3.497000e-02 8.879800e-01
5.000024e-01 7.615969e-10 3.988000e-02 8.888500e-01
5.000131e-01 7.840441e-10 4.209000e-02 8.883300e-01
4.998775e-01 7.356437e-10 2.906400e-02 8.871000e-01
4.999897e-01 7.677494e-10 2.284000e-02 8.889100e-01
4.999233e-01 7.771262e-10 3.727900e-02 8.872000e-01
5.001777e-01 8.642644e-10 4.274100e-02 8.867700e-01
5.000632e-01 7.875685e-10 2.542100e-02 8.880000e-01
5.000776e-01 7.982020e-10 2.345100e-02 8.882800e-01
4.999650e-01 7.894877e-10 2.904600e-02 8.902500e-01
4.998305e-01 6.860937e-10 3.780900e-02 8.921100e-01
4.998743e-01 7.456613e-10 3.579400e-02 8.867100e-01
4.998236e-01 6.780607e-10 4.252300e-02 8.908800e-01
5.003013e-01 9.379333e-10 3.293800e-02 8.896400e-01
4.999668e-01 7.669293e-10 4.052700e-02 8.889000e-01
5.001951e-01 8.240243e-10 2.466300e-02 8.872200e-01
4.998697e-01 7.560699e-10 2.440200e-02 8.892700e-01
5.001916e-01 8.601921e-10 3.527600e-02 8.882800e-01
4.999049e-01 7.562440e-10 2.523200e-02 8.865300e-01
5.000836e-01 7.638426e-10 3.721400e-02 8.886000e-01
4.999359e-01 7.603882e-10 4.117000e-02 8.859100e-01
4.998292e-01 6.892064e-10 4.206100e-02 8.870100e-01
4.999854e-01 7.575805e-10 4.173600e-02 8.896000e-01
4.999870e-01 7.331947e-10 3.490900e-02 8.893300e-01
5.001920e-01 8.164073e-10 2.357600e-02 8.858400e-01
5.002164e-01 8.530825e-10 3.485500e-02 8.858200e-01
4.998169e-01 7.304156e-10 4.161600e-02 8.892600e-01
5.000802e-01 8.048300e-10 4.147100e-02 8.883300e-01
5.000288e-01 7.968018e-10 3.593200e-02 8.888200e-01
5.002148e-01 8.860743e-10 3.250200e-02 8.869900e-01
5.000056e-01 7.435323e-10 3.036500e-02 8.875800e-01
4.999103e-01 6.905804e-10 2.270000e-02 8.900200e-01
5.001519e-01 8.155411e-10 2.274300e-02 8.871100e-01
5.001035e-01 7.857004e-10 2.337100e-02 8.887200e-01
4.998225e-01 6.723311e-10 4.198700e-02 8.866900e-01
5.001526e-01 8.119851e-10 3.423000e-02 8.870700e-01
4.999245e-01 8.059822e-10 2.903800e-02 8.885400e-01
5.000567e-01 7.728957e-10 4.240700e-02 8.882500e-01
5.000669e-01 7.605071e-10 2.731300e-02 8.876200e-01
5.001472e-01 7.819966e-10 2.335400e-02 8.883200e-01
5.000193e-01 7.402020e-10 3.209900e-02 8.874100e-01
5.000484e-01 7.362987e-10 4.243600e-02 8.879100e-01
4.997965e-01 6.744560e-10 3.001300e-02 8.896700e-01
4.999593e-01 7.309735e-10 4.123000e-02 8.884300e-01
5.001098e-01 8.607236e-10 4.180600e-02 8.874800e-01
4.999987e-01 7.650916e-10 3.641800e-02 8.902100e-01
5.001538e-01 7.729932e-10 2.356200e-02 8.869500e-01
4.998424e-01 7.253713e-10 4.284000e-02 8.871900e-01
5.000143e-01 7.832105e-10 3.281100e-02 8.890000e-01
4.999105e-01 7.574093e-10 2.335600e-02 8.884200e-01
5.000715e-01 8.156134e-10 3.699000e-02 8.870300e-01
4.999807e-01 7.446468e-10 2.278800e-02 8.874200e-01
5.002032e-01 8.530867e-10 2.273600e-02 8.880100e-01
5.001680e-01 8.030278e-10 2.290600e-02 8.876300e-01
4.999202e-01 7.998369e-10 2.676600e-02 8.885700e-01
4.999289e-01 7.097800e-10 3.641700e-02 8.872100e-01
4.999284e-01 7.010750e-10 3.699300e-02 8.899500e-01
4.999635e-01 7.702650e-10 2.603900e-02 8.904900e-01
5.000292e-01 8.127065e-10 4.257900e-02 8.906300e-01
5.000529e-01 7.663138e-10 2.496100e-02 8.899800e-01
4.998169e-01 6.926147e-10 4.268500e-02 8.884700e-01
4.999277e-01 7.518636e-10 4.318900e-02 8.866900e-01
4.998117e-01 6.423125e-10 3.516800e-02 8.878700e-01
4.999082e-01 7.286339e-10 2.280800e-02 8.895100e-01
4.998519e-01 6.998836e-10 2.744800e-02 8.896700e-01
5.000407e-01 7.605066e-10 2.919200e-02 8.864600e-01
5.000149e-01 7.838068e-10 2.282100e-02 8.900000e-01
4.999055e-01 7.235410e-10 2.273700e-02 8.885500e-01
5.000968e-01 7.519446e-10 2.441400e-02 8.894500e-01
4.998877e-01 7.032126e-10 3.295800e-02 8.885200e-01
5.001938e-01 8.220527e-10 2.671700e-02 8.885500e-01
4.999691e-01 7.440549e-10 4.214400e-02 8.890200e-01
4.998725e-01 7.060583e-10 3.322800e-02 8.880200e-01
5.000555e-01 7.858802e-10 2.943200e-02 8.883600e-01
4.999083e-01 7.485975e-10 3.411600e-02 8.886700e-01
5.000973e-01 7.871968e-10 2.765200e-02 8.846800e-01
5.000872e-01 8.050403e-10 3.980600e-02 8.891500e-01
5.001223e-01 7.716514e-10 4.255300e-02 8.861200e-01
4.997667e-01 6.675533e-10 4.221700e-02 8.883100e-01
4.999967e-01 7.810922e-10 4.237900e-02 8.894100e-01
5.000327e-01 7.847035e-10 2.389000e-02 8.888800e-01
5.000239e-01 7.678568e-10 3.091900e-02 8.894500e-01
4.999675e-01 7.457449e-10 3.541500e-02 8.886600e-01
4.998970e-01 7.226095e-10 2.274400e-02 8.884700e-01
5.000437e-01 7.853896e-10 3.069700e-02 8.891000e-01
5.000846e-01 8.119681e-10 3.547300e-02 8.880900e-01
5.001068e-01 8.333898e-10 3.743900e-02 8.892500e-01
4.999232e-01 7.449296e-10 4.236600e-02 8.885900e-01
5.001087e-01 8.150492e-10 3.691000e-02 8.857100e-01
5.000605e-01 7.713990e-10 2.320200e-02 8.887900e-01
5.000946e-01 7.880980e-10 3.479200e-02 8.871700e-01
5.000307e-01 7.261594e-10 3.635900e-02 8.863800e-01
4.998613e-01 7.477407e-10 2.278600e-02 8.910500e-01
5.004427e-01 9.068280e-10 3.781200e-02 8.862000e-01
4.999912e-01 7.476563e-10 4.149200e-02 8.879400e-01
5.000080e-01 7.931878e-10 3.103000e-02 8.868500e-01
5.002551e-01 8.022713e-10 2.816000e-02 8.877500e-01
5.003234e-01 9.531637e-10 4.235600e-02 8.882500e-01
5.000412e-01 7.530369e-10 4.237600e-02 8.896200e-01
5.000366e-01 7.474712e-10 3.806400e-02 8.879300e-01
4.999875e-01 7.381974e-10 2.275800e-02 8.882800e-01
5.001320e-01 8.166366e-10 2.273200e-02 8.880900e-01
4.999462e-01 7.923816e-10 3.601400e-02 8.895100e-01
4.999685e-01 7.628502e-10 3.998800e-02 8.892800e-01
4.997659e-01 6.824513e-10 4.299500e-02 8.877800e-01
4.998654e-01 7.349746e-10 3.465400e-02 8.874400e-01
4.999745e-01 7.350472e-10 2.714500e-02 8.883600e-01
5.000417e-01 7.916667e-10 3.667900e-02 8.877000e-01
5.000765e-01 8.223284e-10 2.277700e-02 8.888600e-01
5.001969e-01 8.646885e-10 2.334600e-02 8.864500e-01
4.999045e-01 7.204670e-10 2.317300e-02 8.886500e-01
5.003121e-01 8.616998e-10 3.934600e-02 8.861200e-01
4.998700e-01 7.504699e-10 2.471900e-02 8.910700e-01
4.999869e-01 7.347366e-10 2.335400e-02 8.875300e-01
4.999994e-01 7.497565e-10 2.311300e-02 8.874700e-01
4.999836e-01 8.147314e-10 2.335300e-02 8.889800e-01
5.000551e-01 7.475410e-10 2.984400e-02 8.871600e-01
4.999974e-01 7.830145e-10 2.448700e-02 8.904900e-01
4.999037e-01 7.401886e-10 3.424700e-02 8.859400e-01
5.001593e-01 8.561549e-10 4.288000e-02 8.879800e-01
5.000471e-01 8.303752e-10 3.439800e-02 8.906300e-01
4.999697e-01 7.171221e-10 4.161700e-02 8.872500e-01
4.999285e-01 6.966546e-10 2.552800e-02 8.891400e-01
5.002276e-01 9.083580e-10 3.560300e-02 8.888600e-01
5.001901e-01 8.373975e-10 3.552500e-02 8.879100e-01
4.998997e-01 6.946235e-10 4.150700e-02 8.887000e-01
5.001779e-01 8.505896e-10 4.198300e-02 8.877500e-01
5.000747e-01 7.384156e-10 3.594600e-02 8.872700e-01
4.999638e-01 7.644983e-10 2.330900e-02 8.898200e-01
4.999664e-01 7.786195e-10 3.385400e-02 8.865200e-01
5.002622e-01 8.188343e-10 3.551100e-02 8.862800e-01
5.000885e-01 7.772193e-10 2.297400e-02 8.861100e-01
4.999940e-01 7.356124e-10 2.931000e-02 8.883400e-01
5.000567e-01 7.895374e-10 2.278600e-02 8.892600e-01
4.999208e-01 7.199525e-10 2.279700e-02 8.873700e-01
4.999594e-01 7.492575e-10 3.707100e-02 8.867400e-01
4.999596e-01 7.305602e-10 4.229200e-02 8.895100e-01
5.000958e-01 7.640043e-10 3.556500e-02 8.872300e-01
5.000029e-01 7.582292e-10 3.515800e-02 8.886600e-01
4.999238e-01 7.274592e-10 3.835100e-02 8.879000e-01
4.998302e-01 7.171229e-10 2.284400e-02 8.880000e-01
5.001198e-01 7.699263e-10 2.280000e-02 8.887400e-01
5.000882e-01 8.542984e-10 3.395300e-02 8.886800e-01
4.999037e-01 7.530373e-10 3.496400e-02 8.888300e-01
4.998941e-01 7.092461e-10 3.715100e-02 8.897800e-01
4.999399e-01 7.313339e-10 4.333000e-02 8.899000e-01
4.999530e-01 7.677542e-10 4.047000e-02 8.880700e-01
4.998628e-01 6.938601e-10 2.305300e-02 8.881400e-01
4.998715e-01 7.297616e-10 2.327600e-02 8.882500e-01
5.001424e-01 8.394960e-10 2.339800e-02 8.890400e-01
5.002821e-01 1.007229e-09 2.723000e-02 8.871200e-01
4.999249e-01 7.498474e-10 4.285200e-02 8.890500e-01
4.999359e-01 7.252226e-10 2.577400e-02 8.887700e-01
5.002287e-01 8.214223e-10 2.364900e-02 8.859100e-01
4.998577e-01 7.149625e-10 3.773700e-02 8.892600e-01
4.998996e-01 6.884624e-10 4.071200e-02 8.884900e-01
4.997725e-01 6.336320e-10 4.162400e-02 8.878500e-01
5.000839e-01 8.020563e-10 3.532000e-02 8.877100e-01
5.001139e-01 8.097573e-10 3.646400e-02 8.876200e-01
4.997054e-01 6.843042e-10 4.261000e-02 8.894700e-01
4.999141e-01 6.897468e-10 2.994200e-02 8.891500e-01
5.002080e-01 8.407829e-10 2.308900e-02 8.863900e-01
4.998437e-01 7.254915e-10 2.333100e-02 8.870300e-01
5.000024e-01 7.625377e-10 2.305900e-02 8.870700e-01
4.999533e-01 7.398600e-10 3.057400e-02 8.890500e-01
4.999395e-01 7.560125e-10 2.294000e-02 8.903400e-01
5.003041e-01 8.203036e-10 3.318800e-02 8.879200e-01
4.997640e-01 6.745751e-10 4.138700e-02 8.912800e-01
5.001789e-01 8.311164e-10 4.239200e-02 8.864300e-01
4.999257e-01 7.124569e-10 2.767100e-02 8.869500e-01
4.999130e-01 7.163234e-10 2.302600e-02 8.892900e-01
5.000700e-01 8.060846e-10 2.324500e-02 8.883700e-01
5.001367e-01 7.695792e-10 2.379100e-02 8.875900e-01
5.000316e-01 7.702805e-10 2.588400e-02 8.899800e-01
4.998766e-01 7.376242e-10 4.188400e-02 8.899800e-01
5.000115e-01 7.477099e-10 2.570800e-02 8.883000e-01
4.998209e-01 7.011302e-10 2.519500e-02 8.894900e-01
5.001311e-01 8.157697e-10 3.924500e-02 8.888900e-01
5.001671e-01 7.653736e-10 2.911900e-02 8.876200e-01
5.000566e-01 8.370604e-10 4.095400e-02 8.874300e-01
5.000684e-01 7.701976e-10 2.993400e-02 8.878700e-01
4.998990e-01 6.924323e-10 2.295200e-02 8.885100e-01
5.000899e-01 7.609978e-10 2.300400e-02 8.879800e-01
5.001579e-01 8.440468e-10 4.168500e-02 8.872800e-01
4.998671e-01 7.127698e-10 3.247600e-02 8.893200e-01
4.999290e-01 7.436665e-10 2.294800e-02 8.899900e-01
5.000151e-01 7.592235e-10 3.490600e-02 8.870500e-01
5.001012e-01 8.101110e-10 3.820100e-02 8.891400e-01
5.000383e-01 7.950636e-10 2.274500e-02 8.866100e-01
5.003600e-01 9.003896e-10 2.268900e-02 8.866600e-01
5.000240e-01 7.534901e-10 2.512100e-02 8.881300e-01
4.999959e-01 7.516098e-10 3.385200e-02 8.894400e-01
4.998617e-01 7.763841e-10 2.330400e-02 8.897600e-01
5.001666e-01 8.847687e-10 2.338500e-02 8.865300e-01
5.000539e-01 8.267195e-10 3.032200e-02 8.897300e-01
4.998232e-01 6.935811e-10 4.340200e-02 8.903900e-01
5.000212e-01 7.702008e-10 2.693100e-02 8.887300e-01
5.001054e-01 7.908642e-10 3.203400e-02 8.887800e-01
5.001211e-01 7.593623e-10 4.239900e-02 8.854100e-01
4.999221e-01 7.171022e-10 4.250700e-02 8.861100e-01
4.998996e-01 7.238676e-10 4.223100e-02 8.871500e-01
5.002817e-01 8.655460e-10 4.168300e-02 8.876000e-01
5.000718e-01 8.160092e-10 4.331500e-02 8.882200e-01
5.001657e-01 8.588365e-10 4.334400e-02 8.864500e-01
4.998030e-01 6.983998e-10 4.261800e-02 8.905700e-01
4.999584e-01 7.346430e-10 2.533100e-02 8.882600e-01
4.999810e-01 7.321658e-10 3.393600e-02 8.873200e-01
5.000665e-01 7.164224e-10 3.323700e-02 8.872000e-01
4.998851e-01 7.103580e-10 2.340400e-02 8.866400e-01
4.999930e-01 7.369876e-10 2.324800e-02 8.880700e-01
5.001086e-01 8.021766e-10 3.660400e-02 8.874400e-01
4.999946e-01 7.820340e-10 4.240500e-02 8.868600e-01
5.001400e-01 8.360025e-10 4.225500e-02 8.875900e-01
5.000886e-01 8.215737e-10 2.928700e-02 8.879300e-01
5.000062e-01 7.632446e-10 2.329200e-02 8.895000e-01
4.998591e-01 7.256608e-10 3.352800e-02 8.893600e-01
5.003031e-01 9.206000e-10 4.290700e-02 8.879500e-01
5.001566e-01 7.433436e-10 2.785400e-02 8.862400e-01
4.999461e-01 7.510302e-10 2.319700e-02 8.877700e-01
4.999936e-01 7.922604e-10 2.331100e-02 8.889300e-01
5.000950e-01 7.540182e-10 3.198900e-02 8.882200e-01
4.999632e-01 7.310215e-10 4.176000e-02 8.878700e-01
5.002789e-01 8.790204e-10 2.331000e-02 8.872800e-01
4.999413e-01 7.534570e-10 2.608500e-02 8.893200e-01
5.000616e-01 7.650376e-10 3.524200e-02 8.878500e-01
5.000282e-01 7.909405e-10 2.750900e-02 8.888800e-01
5.000357e-01 7.270824e-10 4.084900e-02 8.863400e-01
5.000927e-01 7.680053e-10 4.239300e-02 8.882400e-01
4.998846e-01 7.300407e-10 3.022100e-02 8.888800e-01
5.000838e-01 7.850454e-10 3.672700e-02 8.888200e-01
5.000107e-01 7.896033e-10 4.214300e-02 8.872400e-01
5.000341e-01 7.499575e-10 4.167500e-02 8.877900e-01
4.998800e-01 7.437011e-10 3.338700e-02 8.896800e-01
5.000476e-01 7.317803e-10 3.280600e-02 8.881300e-01
4.999849e-01 7.770797e-10 2.275700e-02 8.898600e-01
4.999324e-01 7.612928e-10 2.808200e-02 8.893900e-01
4.999109e-01 7.338537e-10 4.247500e-02 8.904100e-01
5.000649e-01 8.013741e-10 4.253600e-02 8.908900e-01
5.001499e-01 8.102732e-10 3.378600e-02 8.860300e-01
4.997760e-01 6.543324e-10 2.275600e-02 8.910200e-01
5.000696e-01 7.482636e-10 2.312300e-02 8.886000e-01
4.999823e-01 7.246908e-10 3.538100e-02 8.884900e-01
4.999886e-01 7.566512e-10 2.283500e-02 8.891400e-01
5.000735e-01 7.596297e-10 2.877900e-02 8.882700e-01
4.997871e-01 6.864278e-10 4.051900e-02 8.912800e-01
5.000685e-01 7.588947e-10 3.538800e-02 8.890100e-01
5.001162e-01 8.379727e-10 4.061100e-02 8.863500e-01
4.999799e-01 7.427518e-10 2.615200e-02 8.894100e-01
5.000364e-01 7.491048e-10 4.262800e-02 8.875500e-01
5.001015e-01 7.837859e-10 4.246800e-02 8.882000e-01
5.000102e-01 7.498662e-10 3.951600e-02 8.882500e-01
5.000781e-01 7.481960e-10 4.259600e-02 8.880100e-01
5.001134e-01 7.982718e-10 4.153900e-02 8.882000e-01
5.001131e-01 8.038517e-10 2.787000e-02 8.889600e-01
4.996388e-01 6.567751e-10 2.661200e-02 8.898700e-01
4.997537e-01 6.739969e-10 4.260500e-02 8.900400e-01
5.000719e-01 7.664033e-10 4.227100e-02 8.878000e-01
5.002161e-01 8.397273e-10 3.128800e-02 8.867800e-01
5.000640e-01 7.616908e-10 2.293000e-02 8.874700e-01
4.999548e-01 7.821221e-10 2.303700e-02 8.873200e-01
5.001635e-01 7.863004e-10 2.272300e-02 8.890200e-01
4.998861e-01 7.472720e-10 2.275400e-02 8.892600e-01
5.000230e-01 7.698072e-10 3.568700e-02 8.898200e-01
4.999541e-01 7.553449e-10 3.099600e-02 8.888300e-01
5.000230e-01 7.797169e-10 3.858400e-02 8.863200e-01
5.000920e-01 7.893593e-10 4.031000e-02 8.868600e-01
4.999234e-01 7.327107e-10 2.281100e-02 8.874100e-01
4.999736e-01 7.408879e-10 2.272900e-02 8.885100e-01
5.002230e-01 7.668502e-10 4.187500e-02 8.869500e-01
5.001081e-01 7.981373e-10 4.260500e-02 8.873900e-01
5.000659e-01 7.810907e-10 2.420600e-02 8.867000e-01
5.001236e-01 7.629308e-10 2.320000e-02 8.870500e-01
