# dim  N   mc   rho  Brute 
# 1    1 100000 1
#
# Theoretical Energy = 5.000000e-01
# Energy     Variance     CPU time     Acceptance
5.146801e-01 2.831391e-07 4.296600e-02 8.626000e-01
5.193559e-01 2.851337e-07 4.277300e-02 8.590100e-01
5.140909e-01 2.886162e-07 4.197600e-02 8.617000e-01
5.092315e-01 2.620784e-07 3.968300e-02 8.621400e-01
5.156021e-01 2.592108e-07 4.235600e-02 8.617300e-01
5.112855e-01 2.613553e-07 3.869900e-02 8.614300e-01
5.148342e-01 2.648475e-07 4.030700e-02 8.594900e-01
5.157495e-01 2.447092e-07 4.240700e-02 8.613900e-01
5.145990e-01 2.309731e-07 2.822300e-02 8.621300e-01
5.125316e-01 2.307430e-07 3.296300e-02 8.609500e-01
5.093343e-01 2.178731e-07 3.383200e-02 8.603700e-01
5.101383e-01 2.232352e-07 3.574600e-02 8.623600e-01
5.073306e-01 2.122749e-07 3.324100e-02 8.604000e-01
5.133247e-01 2.150691e-07 4.253800e-02 8.595300e-01
5.104049e-01 2.026650e-07 4.063600e-02 8.607300e-01
5.119219e-01 1.974078e-07 3.356800e-02 8.596700e-01
5.074915e-01 1.909226e-07 3.748500e-02 8.600400e-01
5.093204e-01 1.874128e-07 3.047600e-02 8.610000e-01
5.087655e-01 1.848640e-07 4.332700e-02 8.606900e-01
5.084867e-01 1.805237e-07 2.854900e-02 8.610800e-01
5.089249e-01 1.728206e-07 2.305000e-02 8.596700e-01
5.082532e-01 1.771451e-07 2.331000e-02 8.602400e-01
5.086184e-01 1.599106e-07 4.100300e-02 8.609700e-01
5.023097e-01 1.605834e-07 4.275200e-02 8.585300e-01
5.082761e-01 1.540639e-07 4.215400e-02 8.620200e-01
5.085100e-01 1.552154e-07 3.183000e-02 8.611800e-01
5.088646e-01 1.523571e-07 3.001800e-02 8.624000e-01
5.056070e-01 1.371627e-07 4.259800e-02 8.616400e-01
5.025141e-01 1.338133e-07 3.905700e-02 8.606600e-01
5.065357e-01 1.402268e-07 4.343200e-02 8.601100e-01
5.050662e-01 1.316358e-07 3.607500e-02 8.603300e-01
5.066320e-01 1.297861e-07 3.000900e-02 8.612500e-01
5.037353e-01 1.293333e-07 3.997400e-02 8.599600e-01
5.068633e-01 1.198506e-07 2.595000e-02 8.617800e-01
5.062066e-01 1.172440e-07 3.065100e-02 8.608600e-01
5.042870e-01 1.102119e-07 2.268700e-02 8.632200e-01
5.058734e-01 1.087226e-07 3.912300e-02 8.605900e-01
5.047760e-01 1.177683e-07 3.481300e-02 8.616900e-01
5.064781e-01 1.105924e-07 2.272500e-02 8.584700e-01
5.047561e-01 1.028834e-07 2.921800e-02 8.593900e-01
5.064786e-01 9.915358e-08 2.818100e-02 8.604100e-01
5.064419e-01 9.708713e-08 2.278900e-02 8.627700e-01
5.059241e-01 9.318499e-08 3.678100e-02 8.600200e-01
5.060815e-01 9.186232e-08 3.201900e-02 8.597600e-01
5.067912e-01 9.179666e-08 3.418600e-02 8.616600e-01
5.038296e-01 8.836683e-08 4.152500e-02 8.619000e-01
5.060462e-01 8.588655e-08 4.152700e-02 8.595300e-01
5.025132e-01 8.416431e-08 4.057300e-02 8.602400e-01
5.032689e-01 8.017189e-08 2.279400e-02 8.604500e-01
5.012965e-01 7.924444e-08 2.275500e-02 8.610500e-01
5.008776e-01 7.854758e-08 3.237000e-02 8.611100e-01
5.015507e-01 7.456877e-08 3.767900e-02 8.593800e-01
5.028026e-01 7.350232e-08 3.830800e-02 8.628600e-01
5.055806e-01 6.771632e-08 4.353200e-02 8.622200e-01
5.026270e-01 6.752389e-08 3.015000e-02 8.628600e-01
5.060083e-01 6.851865e-08 3.758400e-02 8.610200e-01
5.027497e-01 6.437364e-08 4.050800e-02 8.639700e-01
5.015214e-01 6.717998e-08 3.543300e-02 8.583000e-01
5.011917e-01 6.203576e-08 3.547100e-02 8.610500e-01
5.038944e-01 6.046018e-08 2.289200e-02 8.622100e-01
5.039147e-01 6.297987e-08 2.323100e-02 8.598500e-01
5.035119e-01 5.889724e-08 3.416700e-02 8.616500e-01
5.025124e-01 5.680576e-08 4.298100e-02 8.626400e-01
5.036806e-01 5.556282e-08 4.011200e-02 8.617000e-01
5.019929e-01 5.185919e-08 4.152600e-02 8.614300e-01
5.028491e-01 4.965173e-08 3.745800e-02 8.615400e-01
5.029700e-01 5.356176e-08 3.425000e-02 8.615200e-01
5.003434e-01 4.920781e-08 4.339900e-02 8.601200e-01
5.003850e-01 4.755985e-08 4.339900e-02 8.586200e-01
5.004014e-01 4.679877e-08 3.392400e-02 8.574600e-01
5.026497e-01 4.691246e-08 4.262500e-02 8.597400e-01
5.017626e-01 4.722510e-08 4.190600e-02 8.609700e-01
5.022951e-01 4.425695e-08 2.528500e-02 8.612900e-01
5.028297e-01 4.356121e-08 4.343300e-02 8.590300e-01
5.009343e-01 4.115256e-08 4.154000e-02 8.605300e-01
5.034344e-01 4.005316e-08 3.883200e-02 8.608200e-01
5.013753e-01 4.045859e-08 2.289800e-02 8.605600e-01
5.007028e-01 3.871540e-08 2.281900e-02 8.618000e-01
5.012723e-01 3.634214e-08 3.577800e-02 8.596000e-01
5.019178e-01 3.775966e-08 3.039600e-02 8.604800e-01
5.011126e-01 3.533322e-08 2.841100e-02 8.605200e-01
5.029200e-01 3.522817e-08 2.910300e-02 8.605800e-01
5.022094e-01 3.378089e-08 3.722000e-02 8.602600e-01
5.007414e-01 3.480964e-08 2.573800e-02 8.577100e-01
5.014837e-01 3.237017e-08 2.728200e-02 8.614500e-01
5.005534e-01 3.016898e-08 2.330600e-02 8.613500e-01
5.015591e-01 3.163573e-08 2.279400e-02 8.602700e-01
5.024324e-01 2.995040e-08 3.222000e-02 8.634300e-01
5.025821e-01 2.965722e-08 4.188200e-02 8.599700e-01
5.015238e-01 2.947808e-08 4.239300e-02 8.615800e-01
5.005694e-01 2.671944e-08 2.401900e-02 8.619300e-01
5.014743e-01 2.667643e-08 2.276600e-02 8.612200e-01
5.013061e-01 2.516975e-08 2.316400e-02 8.601100e-01
5.017774e-01 2.649686e-08 4.163100e-02 8.598300e-01
5.004272e-01 2.521628e-08 4.149900e-02 8.590100e-01
5.005741e-01 2.528073e-08 4.019800e-02 8.603000e-01
5.014575e-01 2.385994e-08 3.457700e-02 8.607700e-01
5.009797e-01 2.377221e-08 4.243600e-02 8.608400e-01
5.010216e-01 2.221782e-08 3.346700e-02 8.619300e-01
5.012403e-01 2.189511e-08 3.423300e-02 8.609200e-01
5.008160e-01 2.138349e-08 4.343600e-02 8.608600e-01
5.016502e-01 2.123134e-08 4.300900e-02 8.638800e-01
5.006639e-01 2.007887e-08 2.533100e-02 8.619700e-01
5.020411e-01 1.979146e-08 4.001900e-02 8.580200e-01
5.004041e-01 1.887936e-08 3.228600e-02 8.625600e-01
4.996970e-01 1.818615e-08 2.378200e-02 8.639500e-01
5.008581e-01 1.914544e-08 2.301200e-02 8.594000e-01
5.004220e-01 1.833148e-08 2.635100e-02 8.602400e-01
5.000161e-01 1.699147e-08 4.180900e-02 8.628700e-01
5.008935e-01 1.674424e-08 3.337300e-02 8.609700e-01
5.006520e-01 1.651496e-08 3.451400e-02 8.611500e-01
5.009363e-01 1.634169e-08 3.952300e-02 8.599200e-01
5.011151e-01 1.583452e-08 2.799600e-02 8.627800e-01
4.995972e-01 1.500737e-08 4.291200e-02 8.621100e-01
5.022256e-01 1.611022e-08 3.859900e-02 8.609600e-01
5.013527e-01 1.422770e-08 2.999300e-02 8.596800e-01
5.010209e-01 1.449132e-08 2.342400e-02 8.617200e-01
5.016515e-01 1.433306e-08 2.301800e-02 8.599200e-01
5.014657e-01 1.358533e-08 3.812000e-02 8.617600e-01
5.005345e-01 1.301327e-08 3.993300e-02 8.587300e-01
5.003529e-01 1.256573e-08 4.104400e-02 8.622300e-01
5.015319e-01 1.273504e-08 4.161800e-02 8.599300e-01
4.995668e-01 1.196292e-08 2.538800e-02 8.604000e-01
5.005755e-01 1.167012e-08 2.342600e-02 8.626100e-01
5.006019e-01 1.189853e-08 4.104800e-02 8.615400e-01
5.011633e-01 1.140531e-08 4.236600e-02 8.607500e-01
4.998787e-01 1.032269e-08 4.210800e-02 8.613200e-01
5.004076e-01 1.028738e-08 4.267600e-02 8.621000e-01
5.007396e-01 1.033296e-08 3.610900e-02 8.608100e-01
4.997880e-01 9.796913e-09 2.277500e-02 8.633300e-01
5.004299e-01 9.770769e-09 2.395600e-02 8.601600e-01
4.994708e-01 8.940488e-09 3.667400e-02 8.626300e-01
5.009997e-01 9.576842e-09 4.268500e-02 8.616200e-01
5.002646e-01 9.242706e-09 4.331400e-02 8.613200e-01
4.993931e-01 8.748791e-09 4.333000e-02 8.622600e-01
5.004466e-01 9.005166e-09 4.207000e-02 8.597300e-01
5.008813e-01 8.580683e-09 3.699000e-02 8.631900e-01
5.005074e-01 8.196309e-09 2.317200e-02 8.594800e-01
4.999036e-01 7.958522e-09 2.333800e-02 8.606300e-01
5.003320e-01 8.522111e-09 4.098500e-02 8.578900e-01
5.007663e-01 8.030831e-09 4.298800e-02 8.585900e-01
5.014971e-01 8.069097e-09 3.565200e-02 8.584600e-01
5.003762e-01 7.779192e-09 2.339200e-02 8.603300e-01
5.005299e-01 7.343354e-09 2.329200e-02 8.621000e-01
5.001667e-01 6.974109e-09 3.764400e-02 8.595000e-01
4.998028e-01 7.092102e-09 2.414300e-02 8.590700e-01
4.997450e-01 6.798798e-09 4.177000e-02 8.606300e-01
5.001522e-01 6.408589e-09 4.038600e-02 8.614900e-01
4.998434e-01 6.503383e-09 3.348700e-02 8.613500e-01
5.007255e-01 6.688736e-09 2.338500e-02 8.586600e-01
5.004048e-01 6.265914e-09 2.280900e-02 8.610300e-01
4.999053e-01 5.708350e-09 2.315800e-02 8.623900e-01
4.996416e-01 5.541726e-09 3.865500e-02 8.604300e-01
4.998089e-01 5.541319e-09 4.035700e-02 8.616100e-01
5.006041e-01 5.711843e-09 2.703300e-02 8.609900e-01
5.002309e-01 5.544281e-09 3.481900e-02 8.606400e-01
5.010304e-01 5.780127e-09 3.898200e-02 8.613600e-01
5.002091e-01 5.299316e-09 3.320500e-02 8.627200e-01
5.000290e-01 5.019173e-09 2.299100e-02 8.606600e-01
5.000582e-01 4.819596e-09 2.759600e-02 8.619900e-01
5.001213e-01 4.838911e-09 3.794200e-02 8.603800e-01
5.000679e-01 4.640736e-09 4.342400e-02 8.637400e-01
5.008254e-01 5.181482e-09 2.735100e-02 8.595900e-01
5.004228e-01 4.716025e-09 2.617600e-02 8.616900e-01
5.005876e-01 4.499978e-09 3.448900e-02 8.620200e-01
5.000588e-01 4.379740e-09 2.773500e-02 8.604400e-01
4.991593e-01 3.801109e-09 2.320000e-02 8.628700e-01
5.003520e-01 4.306610e-09 2.332300e-02 8.611000e-01
4.999903e-01 4.108645e-09 2.635800e-02 8.614000e-01
5.007106e-01 4.287982e-09 2.641300e-02 8.601300e-01
4.995567e-01 3.652878e-09 2.277100e-02 8.599400e-01
4.999214e-01 3.738900e-09 3.249300e-02 8.603800e-01
5.005359e-01 4.222517e-09 2.308900e-02 8.593300e-01
4.999053e-01 3.651497e-09 3.101600e-02 8.620400e-01
4.997468e-01 3.538471e-09 3.491100e-02 8.621400e-01
4.996025e-01 3.290124e-09 2.338200e-02 8.603700e-01
5.003394e-01 3.455056e-09 2.742200e-02 8.610400e-01
5.002064e-01 3.481602e-09 2.614600e-02 8.611100e-01
4.997141e-01 3.232191e-09 2.330200e-02 8.614500e-01
5.001420e-01 3.386445e-09 3.718200e-02 8.609200e-01
5.003630e-01 3.158539e-09 4.075000e-02 8.614800e-01
5.003414e-01 3.136563e-09 2.445600e-02 8.608900e-01
4.992759e-01 2.701888e-09 3.857000e-02 8.601800e-01
4.997849e-01 2.828910e-09 4.251500e-02 8.635800e-01
5.000162e-01 3.087673e-09 2.635300e-02 8.601500e-01
4.999806e-01 2.857463e-09 2.468900e-02 8.619100e-01
5.001676e-01 3.036537e-09 4.154900e-02 8.591600e-01
5.001007e-01 2.710421e-09 4.247900e-02 8.609100e-01
4.999771e-01 2.663886e-09 4.248300e-02 8.602700e-01
5.001744e-01 2.790840e-09 3.301600e-02 8.599900e-01
4.998899e-01 2.512303e-09 3.004400e-02 8.595700e-01
5.001809e-01 2.541380e-09 2.572700e-02 8.597800e-01
5.001459e-01 2.480684e-09 4.244400e-02 8.606000e-01
4.999384e-01 2.492894e-09 3.418800e-02 8.586200e-01
4.999310e-01 2.356479e-09 3.857300e-02 8.591400e-01
5.001393e-01 2.587784e-09 4.255900e-02 8.611100e-01
5.000591e-01 2.453755e-09 2.535000e-02 8.622800e-01
5.000974e-01 2.350122e-09 2.277200e-02 8.631200e-01
5.000703e-01 2.422960e-09 3.114300e-02 8.615400e-01
4.998491e-01 2.333063e-09 2.699600e-02 8.607300e-01
5.001784e-01 2.226673e-09 4.031000e-02 8.632900e-01
5.000035e-01 2.197818e-09 2.593300e-02 8.609300e-01
5.002737e-01 2.233572e-09 3.217400e-02 8.603800e-01
5.001472e-01 2.088575e-09 2.284700e-02 8.606800e-01
4.999403e-01 2.100178e-09 3.926400e-02 8.605300e-01
5.003305e-01 2.149475e-09 2.795900e-02 8.595900e-01
5.000500e-01 1.970369e-09 3.281100e-02 8.611000e-01
5.004054e-01 2.258829e-09 4.195100e-02 8.594300e-01
4.999394e-01 1.959971e-09 4.181400e-02 8.629500e-01
4.998463e-01 1.870837e-09 3.402700e-02 8.613000e-01
5.001058e-01 1.933971e-09 2.343100e-02 8.623600e-01
4.999700e-01 1.856175e-09 3.708800e-02 8.604800e-01
4.999835e-01 2.043403e-09 4.325500e-02 8.593400e-01
4.999218e-01 1.807136e-09 4.335800e-02 8.594600e-01
4.999269e-01 1.791592e-09 2.471100e-02 8.594100e-01
5.003415e-01 1.783109e-09 3.725700e-02 8.594700e-01
5.000665e-01 1.741124e-09 3.833900e-02 8.600900e-01
5.001309e-01 1.787325e-09 3.447100e-02 8.590000e-01
4.998798e-01 1.689823e-09 2.347900e-02 8.617500e-01
5.000872e-01 1.742292e-09 3.235600e-02 8.595300e-01
5.000833e-01 1.742569e-09 3.020900e-02 8.607300e-01
4.999091e-01 1.607296e-09 4.224500e-02 8.608100e-01
5.001481e-01 1.611374e-09 3.499400e-02 8.607800e-01
4.997793e-01 1.473046e-09 3.409200e-02 8.615300e-01
5.001020e-01 1.492143e-09 2.944800e-02 8.613000e-01
4.998940e-01 1.434070e-09 4.149800e-02 8.604800e-01
4.999478e-01 1.421986e-09 3.909500e-02 8.601900e-01
5.002006e-01 1.654191e-09 3.116200e-02 8.603700e-01
4.999262e-01 1.427264e-09 3.368900e-02 8.605500e-01
4.998168e-01 1.332991e-09 3.636800e-02 8.600500e-01
5.002919e-01 1.552734e-09 2.960700e-02 8.598000e-01
5.001696e-01 1.491958e-09 2.644300e-02 8.611800e-01
5.003580e-01 1.589020e-09 4.222700e-02 8.621700e-01
4.998633e-01 1.289478e-09 3.532900e-02 8.605300e-01
4.997898e-01 1.316421e-09 4.155000e-02 8.610200e-01
4.997000e-01 1.205232e-09 3.986300e-02 8.629900e-01
5.000161e-01 1.344641e-09 3.712700e-02 8.620900e-01
5.000233e-01 1.327128e-09 3.743400e-02 8.597200e-01
4.998694e-01 1.197219e-09 3.394500e-02 8.608100e-01
4.999124e-01 1.222266e-09 3.556900e-02 8.610400e-01
4.999770e-01 1.280557e-09 3.756900e-02 8.594100e-01
5.001548e-01 1.342584e-09 4.080900e-02 8.594700e-01
5.000854e-01 1.283068e-09 4.190800e-02 8.608800e-01
5.003241e-01 1.409002e-09 3.548400e-02 8.617500e-01
4.998468e-01 1.160128e-09 3.259400e-02 8.612600e-01
4.999385e-01 1.220007e-09 3.648400e-02 8.607800e-01
5.003172e-01 1.322854e-09 3.938200e-02 8.609800e-01
5.000440e-01 1.165954e-09 3.580600e-02 8.600000e-01
5.003134e-01 1.379561e-09 4.230900e-02 8.598400e-01
4.998489e-01 1.060847e-09 4.079300e-02 8.606200e-01
4.997312e-01 1.033714e-09 3.383400e-02 8.612200e-01
5.001068e-01 1.215101e-09 3.609900e-02 8.578400e-01
4.998943e-01 1.071130e-09 3.820300e-02 8.600600e-01
4.999527e-01 1.083603e-09 3.277100e-02 8.611500e-01
4.998513e-01 1.113119e-09 2.921300e-02 8.630600e-01
5.001476e-01 1.187131e-09 3.088900e-02 8.591500e-01
5.001131e-01 1.096012e-09 3.704900e-02 8.589300e-01
5.001593e-01 1.158008e-09 2.978100e-02 8.603600e-01
5.000136e-01 1.110099e-09 3.469100e-02 8.595300e-01
4.998959e-01 1.038562e-09 3.793300e-02 8.615800e-01
5.000928e-01 1.084920e-09 3.494900e-02 8.609200e-01
4.999387e-01 1.095664e-09 3.618200e-02 8.605000e-01
5.001966e-01 1.216513e-09 4.245700e-02 8.596600e-01
5.002324e-01 1.110168e-09 3.675100e-02 8.587600e-01
5.000076e-01 1.075306e-09 2.719600e-02 8.599300e-01
5.000603e-01 1.040021e-09 3.988400e-02 8.612600e-01
5.001115e-01 1.086090e-09 4.093700e-02 8.609600e-01
5.000356e-01 1.095767e-09 3.942200e-02 8.593300e-01
4.998454e-01 9.530488e-10 3.826800e-02 8.625700e-01
4.999438e-01 9.735205e-10 2.874200e-02 8.627400e-01
5.002022e-01 1.104132e-09 3.614800e-02 8.618700e-01
4.998280e-01 9.487514e-10 3.410200e-02 8.614400e-01
5.001970e-01 1.112582e-09 2.953600e-02 8.595300e-01
5.002255e-01 1.050088e-09 3.720800e-02 8.616100e-01
5.000503e-01 9.798810e-10 3.590300e-02 8.610700e-01
4.998629e-01 9.445171e-10 2.828100e-02 8.596600e-01
4.996930e-01 8.641617e-10 3.367900e-02 8.615800e-01
5.000312e-01 9.727980e-10 3.724300e-02 8.597800e-01
5.001282e-01 1.009858e-09 3.579400e-02 8.611600e-01
4.999370e-01 8.899815e-10 3.479400e-02 8.628300e-01
4.997887e-01 9.091531e-10 3.920400e-02 8.613400e-01
5.000910e-01 9.541005e-10 3.988700e-02 8.622200e-01
4.998720e-01 8.988164e-10 3.715400e-02 8.628200e-01
5.001451e-01 1.017945e-09 3.197600e-02 8.628800e-01
4.997170e-01 8.553722e-10 3.708100e-02 8.635600e-01
5.000955e-01 1.008966e-09 3.464400e-02 8.616100e-01
5.001613e-01 9.836215e-10 3.693900e-02 8.610200e-01
5.000296e-01 9.348589e-10 3.039500e-02 8.606900e-01
4.999359e-01 8.713468e-10 2.985300e-02 8.589900e-01
4.999536e-01 9.268452e-10 3.674400e-02 8.596200e-01
5.000868e-01 9.588790e-10 3.805400e-02 8.592400e-01
4.998952e-01 8.733165e-10 3.416300e-02 8.608200e-01
5.000804e-01 9.370829e-10 3.530400e-02 8.602000e-01
4.999035e-01 8.282972e-10 2.390900e-02 8.600100e-01
5.000204e-01 9.066938e-10 3.721400e-02 8.610800e-01
4.998716e-01 8.662863e-10 2.827800e-02 8.638100e-01
4.998334e-01 8.243897e-10 3.483000e-02 8.614900e-01
5.000882e-01 9.219194e-10 3.301100e-02 8.632600e-01
5.000427e-01 9.525521e-10 3.674400e-02 8.613000e-01
4.999442e-01 8.555882e-10 3.412600e-02 8.618500e-01
5.001806e-01 1.006828e-09 3.832100e-02 8.618100e-01
5.000429e-01 9.737668e-10 2.442600e-02 8.606100e-01
5.000032e-01 8.738842e-10 3.204800e-02 8.619200e-01
4.998830e-01 8.418940e-10 3.726500e-02 8.605000e-01
4.999195e-01 8.361559e-10 3.556700e-02 8.605900e-01
4.998090e-01 8.179727e-10 3.548000e-02 8.624800e-01
5.000444e-01 8.853128e-10 4.203300e-02 8.620700e-01
4.998504e-01 8.763635e-10 2.899300e-02 8.603100e-01
4.998760e-01 8.452484e-10 2.590800e-02 8.615400e-01
5.000911e-01 9.118417e-10 2.977800e-02 8.615400e-01
4.998428e-01 8.202604e-10 3.213600e-02 8.611900e-01
4.999852e-01 8.324282e-10 2.292200e-02 8.612700e-01
5.001459e-01 9.417600e-10 2.820200e-02 8.606200e-01
5.001167e-01 9.022304e-10 3.751400e-02 8.626700e-01
4.999471e-01 8.756367e-10 3.484500e-02 8.618400e-01
5.000174e-01 8.392341e-10 3.354100e-02 8.616300e-01
5.001235e-01 8.978416e-10 3.915800e-02 8.607500e-01
5.000753e-01 9.524772e-10 2.888200e-02 8.601900e-01
4.998342e-01 7.797794e-10 2.864200e-02 8.622900e-01
4.999508e-01 8.336563e-10 4.151200e-02 8.613700e-01
5.001525e-01 9.012202e-10 3.347600e-02 8.597100e-01
4.998354e-01 7.935737e-10 3.596400e-02 8.623700e-01
4.999991e-01 8.352424e-10 3.814100e-02 8.631500e-01
5.000868e-01 8.717525e-10 2.975000e-02 8.631900e-01
4.998499e-01 8.416959e-10 3.622600e-02 8.596800e-01
4.999989e-01 8.449831e-10 2.724800e-02 8.585300e-01
5.000766e-01 8.593279e-10 3.566800e-02 8.605900e-01
5.001837e-01 8.927437e-10 3.471700e-02 8.602900e-01
4.999929e-01 8.339724e-10 3.490000e-02 8.593800e-01
4.998324e-01 8.622268e-10 3.056000e-02 8.626700e-01
4.999120e-01 7.828556e-10 3.727700e-02 8.616700e-01
5.000214e-01 8.957411e-10 3.614600e-02 8.622400e-01
5.001319e-01 8.952925e-10 2.874900e-02 8.598100e-01
5.001142e-01 8.793772e-10 3.350200e-02 8.615200e-01
5.000420e-01 8.802281e-10 3.371500e-02 8.631500e-01
5.002019e-01 8.912065e-10 2.607000e-02 8.617000e-01
5.001912e-01 8.878342e-10 3.484700e-02 8.578700e-01
4.999469e-01 8.568387e-10 3.392000e-02 8.616000e-01
5.003194e-01 1.048147e-09 3.633100e-02 8.603800e-01
5.000133e-01 8.360850e-10 3.711900e-02 8.617800e-01
4.998942e-01 8.281685e-10 2.564800e-02 8.622900e-01
4.999983e-01 7.970743e-10 3.509000e-02 8.607300e-01
5.000876e-01 8.780997e-10 3.855100e-02 8.584700e-01
5.000142e-01 8.263190e-10 2.952400e-02 8.594000e-01
5.002050e-01 9.476494e-10 3.076200e-02 8.608200e-01
5.001311e-01 8.467803e-10 3.907500e-02 8.601400e-01
4.999397e-01 7.849971e-10 3.898600e-02 8.612000e-01
5.001155e-01 9.140072e-10 2.917700e-02 8.596900e-01
5.000125e-01 8.310735e-10 3.488500e-02 8.613800e-01
4.999600e-01 7.678619e-10 2.486900e-02 8.588300e-01
5.001505e-01 8.659431e-10 4.200400e-02 8.589800e-01
5.001057e-01 8.482754e-10 3.977100e-02 8.587600e-01
4.998226e-01 7.486104e-10 3.503900e-02 8.620300e-01
5.001005e-01 8.561317e-10 3.595500e-02 8.633000e-01
5.000115e-01 8.088659e-10 2.730100e-02 8.612900e-01
5.000490e-01 7.929939e-10 2.808000e-02 8.584300e-01
5.000239e-01 7.995539e-10 3.394700e-02 8.622100e-01
4.999440e-01 8.104332e-10 4.108900e-02 8.607500e-01
5.000305e-01 8.181831e-10 3.219200e-02 8.602700e-01
5.000837e-01 8.815973e-10 3.025900e-02 8.602200e-01
4.999193e-01 7.885186e-10 3.446300e-02 8.623200e-01
5.000654e-01 8.463643e-10 2.904500e-02 8.620000e-01
4.999692e-01 8.171041e-10 3.845000e-02 8.630500e-01
4.999316e-01 7.819564e-10 3.525100e-02 8.604000e-01
4.998156e-01 7.162705e-10 4.166500e-02 8.603900e-01
4.999096e-01 7.849212e-10 3.142900e-02 8.604700e-01
4.999896e-01 7.992533e-10 3.638100e-02 8.609000e-01
5.001123e-01 8.718424e-10 3.158900e-02 8.609800e-01
4.999350e-01 7.343815e-10 3.628600e-02 8.607700e-01
5.002654e-01 9.036166e-10 3.518500e-02 8.592400e-01
4.999964e-01 7.806268e-10 3.699500e-02 8.612200e-01
4.998997e-01 7.666094e-10 2.879200e-02 8.619600e-01
4.999537e-01 7.862978e-10 3.713000e-02 8.600300e-01
4.997476e-01 7.238803e-10 3.558800e-02 8.632300e-01
5.000847e-01 8.078144e-10 4.060600e-02 8.606600e-01
5.000582e-01 8.931660e-10 3.996500e-02 8.612500e-01
5.000280e-01 8.161679e-10 3.293700e-02 8.618500e-01
4.998762e-01 7.778919e-10 4.107000e-02 8.610900e-01
5.000245e-01 8.204527e-10 3.618500e-02 8.609800e-01
5.000770e-01 8.550527e-10 3.418700e-02 8.585800e-01
5.001100e-01 8.386305e-10 3.399100e-02 8.604100e-01
5.000185e-01 8.273364e-10 3.694600e-02 8.609200e-01
4.999824e-01 7.990084e-10 4.097800e-02 8.602900e-01
4.998433e-01 7.745678e-10 2.920400e-02 8.606500e-01
5.001178e-01 8.101775e-10 3.436900e-02 8.600900e-01
4.999869e-01 7.948578e-10 3.910100e-02 8.603400e-01
5.000685e-01 8.100882e-10 3.474500e-02 8.616000e-01
4.999576e-01 7.427573e-10 3.573400e-02 8.604800e-01
5.001797e-01 9.351791e-10 3.329500e-02 8.631100e-01
5.000311e-01 8.014186e-10 3.007300e-02 8.603900e-01
5.001145e-01 8.787565e-10 3.368600e-02 8.610600e-01
4.999664e-01 7.841379e-10 3.590300e-02 8.618200e-01
4.998842e-01 7.526742e-10 2.966600e-02 8.619500e-01
4.999368e-01 7.763806e-10 2.954600e-02 8.606800e-01
5.000030e-01 7.953361e-10 4.050000e-02 8.623400e-01
4.999238e-01 7.866180e-10 3.345300e-02 8.632100e-01
4.999137e-01 7.668897e-10 3.286000e-02 8.606200e-01
5.000832e-01 8.132640e-10 3.435300e-02 8.593000e-01
4.997529e-01 7.188641e-10 3.928200e-02 8.623100e-01
5.000606e-01 8.329350e-10 4.263400e-02 8.598000e-01
4.999512e-01 7.897180e-10 3.069600e-02 8.611900e-01
5.000157e-01 7.911761e-10 3.609100e-02 8.607100e-01
4.999982e-01 7.694360e-10 2.697000e-02 8.596500e-01
4.999774e-01 7.711580e-10 3.353900e-02 8.617300e-01
5.001072e-01 8.081204e-10 3.946700e-02 8.606300e-01
5.001988e-01 8.827516e-10 3.301200e-02 8.602600e-01
5.001660e-01 8.787837e-10 3.368300e-02 8.586400e-01
4.998856e-01 7.391384e-10 2.813000e-02 8.606000e-01
5.002497e-01 8.607801e-10 3.884500e-02 8.602400e-01
5.000936e-01 8.352217e-10 3.189700e-02 8.597400e-01
4.999758e-01 7.911391e-10 2.682000e-02 8.597800e-01
5.000807e-01 8.139808e-10 3.649900e-02 8.636800e-01
5.002238e-01 8.798558e-10 3.399300e-02 8.603900e-01
5.000167e-01 8.592866e-10 3.180100e-02 8.621000e-01
4.999793e-01 8.002346e-10 3.601900e-02 8.611600e-01
5.000544e-01 8.169493e-10 3.901500e-02 8.624300e-01
5.000084e-01 7.628521e-10 3.633700e-02 8.619300e-01
4.998948e-01 7.526576e-10 4.007800e-02 8.615800e-01
4.999274e-01 7.996800e-10 3.546600e-02 8.625300e-01
5.001511e-01 9.210883e-10 2.771100e-02 8.571500e-01
4.999804e-01 8.109165e-10 3.608300e-02 8.618500e-01
5.000612e-01 8.039399e-10 3.832700e-02 8.604600e-01
5.002080e-01 9.082552e-10 3.988800e-02 8.611300e-01
4.999989e-01 8.020707e-10 3.516200e-02 8.625100e-01
4.999306e-01 7.652123e-10 4.076400e-02 8.607100e-01
4.999734e-01 7.922448e-10 3.451000e-02 8.621100e-01
4.999890e-01 8.250308e-10 3.570000e-02 8.624600e-01
4.999432e-01 7.567638e-10 3.158500e-02 8.628800e-01
5.000632e-01 8.394350e-10 2.763200e-02 8.599300e-01
5.001199e-01 9.011573e-10 3.392000e-02 8.620300e-01
4.999530e-01 7.867201e-10 3.917300e-02 8.621300e-01
4.999692e-01 7.954014e-10 3.123200e-02 8.610900e-01
5.001378e-01 8.317125e-10 4.135600e-02 8.602400e-01
5.000872e-01 8.011082e-10 2.390800e-02 8.610100e-01
4.998772e-01 7.626386e-10 3.934100e-02 8.617300e-01
4.999332e-01 7.676336e-10 3.847000e-02 8.617000e-01
4.999714e-01 7.811990e-10 3.296900e-02 8.621700e-01
5.000000e-01 7.894425e-10 3.130600e-02 8.595100e-01
4.999977e-01 7.867087e-10 2.821400e-02 8.587100e-01
5.000067e-01 8.233333e-10 3.460300e-02 8.618600e-01
5.000298e-01 7.739276e-10 3.358600e-02 8.612600e-01
4.999527e-01 7.556434e-10 2.700700e-02 8.624200e-01
4.999775e-01 8.095256e-10 2.883400e-02 8.607900e-01
4.999810e-01 8.002315e-10 3.814800e-02 8.618600e-01
4.999158e-01 8.059285e-10 2.735600e-02 8.599600e-01
4.998440e-01 7.714494e-10 3.531600e-02 8.597800e-01
5.002802e-01 8.780745e-10 3.640100e-02 8.601700e-01
5.001326e-01 8.353141e-10 3.704500e-02 8.604900e-01
5.000864e-01 8.265102e-10 3.601100e-02 8.617100e-01
4.998875e-01 7.656811e-10 3.582000e-02 8.599100e-01
5.000143e-01 8.093275e-10 2.952600e-02 8.610900e-01
5.001048e-01 8.289120e-10 3.262900e-02 8.619700e-01
5.000880e-01 8.020077e-10 3.235400e-02 8.594500e-01
5.001062e-01 8.303239e-10 3.104300e-02 8.620400e-01
5.000017e-01 7.802134e-10 3.696300e-02 8.589500e-01
5.000572e-01 8.474528e-10 2.757100e-02 8.626300e-01
5.000168e-01 7.536786e-10 3.704600e-02 8.591300e-01
4.997916e-01 7.033270e-10 4.132700e-02 8.600000e-01
5.000746e-01 8.386045e-10 3.400300e-02 8.614200e-01
5.000188e-01 7.846172e-10 3.880200e-02 8.608300e-01
4.999845e-01 8.052173e-10 2.959700e-02 8.618900e-01
5.000361e-01 8.035627e-10 3.894300e-02 8.602100e-01
5.000069e-01 7.861612e-10 4.036900e-02 8.608100e-01
5.001811e-01 8.650620e-10 4.027100e-02 8.596800e-01
5.001290e-01 8.176947e-10 3.028900e-02 8.593800e-01
4.998308e-01 7.283069e-10 3.521500e-02 8.629500e-01
5.000208e-01 7.942639e-10 2.727800e-02 8.601500e-01
4.998561e-01 7.283682e-10 2.912900e-02 8.637100e-01
5.000095e-01 7.808774e-10 2.424600e-02 8.610900e-01
4.999330e-01 7.603325e-10 4.250700e-02 8.631000e-01
5.001223e-01 8.339500e-10 3.373200e-02 8.604600e-01
5.001893e-01 8.732130e-10 2.676400e-02 8.602600e-01
4.999770e-01 7.849603e-10 3.440100e-02 8.585100e-01
5.001393e-01 8.316503e-10 3.522600e-02 8.598300e-01
5.001236e-01 8.388685e-10 3.437100e-02 8.598400e-01
5.001430e-01 8.594514e-10 3.008300e-02 8.611200e-01
5.001727e-01 8.145838e-10 3.276500e-02 8.589600e-01
5.000604e-01 8.440014e-10 3.631500e-02 8.614500e-01
5.000413e-01 7.961514e-10 3.970200e-02 8.588700e-01
4.999204e-01 7.348315e-10 3.560200e-02 8.613500e-01
5.000390e-01 7.987705e-10 3.115200e-02 8.598600e-01
5.000811e-01 8.656423e-10 3.363700e-02 8.628200e-01
5.000904e-01 8.377988e-10 3.847500e-02 8.579500e-01
5.002024e-01 8.842923e-10 3.080900e-02 8.595700e-01
4.999632e-01 7.863984e-10 3.355900e-02 8.635200e-01
5.000309e-01 7.972373e-10 2.527900e-02 8.610100e-01
5.001343e-01 8.357749e-10 2.808900e-02 8.606500e-01
4.998740e-01 7.530582e-10 4.287400e-02 8.590100e-01
4.999839e-01 7.687455e-10 3.145300e-02 8.584800e-01
5.000111e-01 8.455270e-10 3.807500e-02 8.641600e-01
5.000385e-01 8.697864e-10 4.114800e-02 8.601600e-01
4.999662e-01 7.968471e-10 3.607100e-02 8.622100e-01
5.001077e-01 8.349244e-10 3.147100e-02 8.629100e-01
5.000443e-01 7.839551e-10 3.086600e-02 8.608300e-01
5.000548e-01 7.976057e-10 2.282600e-02 8.601000e-01
5.001749e-01 8.303755e-10 3.383100e-02 8.592100e-01
4.999184e-01 7.440771e-10 2.561600e-02 8.607900e-01
5.000320e-01 8.476396e-10 3.463200e-02 8.616900e-01
4.999695e-01 7.952532e-10 2.559200e-02 8.590300e-01
5.001129e-01 9.418794e-10 3.212100e-02 8.598600e-01
4.999541e-01 7.561196e-10 2.817200e-02 8.609400e-01
4.998724e-01 7.426889e-10 3.355700e-02 8.607600e-01
4.999651e-01 8.067625e-10 4.304700e-02 8.618800e-01
5.000309e-01 8.260087e-10 4.081900e-02 8.618500e-01
5.001558e-01 8.431695e-10 4.052700e-02 8.595500e-01
5.000612e-01 8.494202e-10 3.402100e-02 8.598400e-01
5.000533e-01 8.312913e-10 3.696000e-02 8.615900e-01
5.000649e-01 8.289579e-10 3.163300e-02 8.619700e-01
4.998279e-01 7.470982e-10 3.900100e-02 8.622600e-01
4.999705e-01 8.093072e-10 3.615700e-02 8.610700e-01
5.000582e-01 7.921135e-10 2.843300e-02 8.604200e-01
5.001093e-01 8.252710e-10 2.932100e-02 8.608500e-01
4.999115e-01 7.754706e-10 2.835400e-02 8.633900e-01
5.000553e-01 7.968894e-10 3.447300e-02 8.605500e-01
4.999765e-01 7.675356e-10 2.682000e-02 8.594300e-01
5.000025e-01 8.358582e-10 3.383700e-02 8.628100e-01
5.002533e-01 8.647986e-10 3.186500e-02 8.590600e-01
5.000430e-01 8.341824e-10 3.767800e-02 8.620800e-01
4.999409e-01 7.565037e-10 3.375900e-02 8.599100e-01
5.000568e-01 8.021548e-10 3.678700e-02 8.604300e-01
4.998504e-01 7.362678e-10 2.843300e-02 8.616100e-01
5.000379e-01 8.088094e-10 3.398800e-02 8.615400e-01
4.998925e-01 7.577579e-10 3.850100e-02 8.612900e-01
5.000391e-01 8.235332e-10 3.901700e-02 8.613100e-01
5.000978e-01 8.715063e-10 3.296300e-02 8.604800e-01
5.002238e-01 8.726142e-10 2.784000e-02 8.616500e-01
4.999465e-01 7.559522e-10 3.947000e-02 8.609900e-01
5.000816e-01 8.304674e-10 3.000600e-02 8.595700e-01
4.999694e-01 7.744629e-10 3.374200e-02 8.609000e-01
4.999424e-01 7.665442e-10 4.182700e-02 8.619100e-01
5.002370e-01 9.617175e-10 2.959300e-02 8.606200e-01
5.001414e-01 8.499783e-10 2.866700e-02 8.594400e-01
5.001398e-01 8.304526e-10 4.003600e-02 8.596600e-01
4.998664e-01 7.514567e-10 3.448300e-02 8.646600e-01
4.999594e-01 7.498974e-10 3.031000e-02 8.600300e-01
4.999454e-01 7.617727e-10 3.443700e-02 8.612300e-01
5.001293e-01 8.134764e-10 4.178400e-02 8.588800e-01
5.000222e-01 8.155733e-10 4.093700e-02 8.610800e-01
4.999218e-01 7.436331e-10 3.708000e-02 8.605200e-01
5.001063e-01 8.732389e-10 3.844500e-02 8.606900e-01
4.999306e-01 7.697179e-10 3.320200e-02 8.611100e-01
4.999286e-01 7.665662e-10 3.164800e-02 8.604000e-01
4.999982e-01 7.781837e-10 3.708400e-02 8.604700e-01
4.999941e-01 7.912896e-10 3.169100e-02 8.611700e-01
5.000076e-01 8.137308e-10 3.579300e-02 8.621900e-01
4.999839e-01 7.759768e-10 3.722600e-02 8.599000e-01
4.998598e-01 7.484366e-10 3.811400e-02 8.621100e-01
5.000081e-01 7.834440e-10 2.859800e-02 8.600000e-01
5.000905e-01 8.246960e-10 3.599300e-02 8.608200e-01
5.001026e-01 8.308726e-10 3.194300e-02 8.576700e-01
5.000994e-01 8.195361e-10 3.612800e-02 8.629800e-01
5.000014e-01 7.580892e-10 4.089000e-02 8.606300e-01
4.999872e-01 7.478821e-10 2.949500e-02 8.615900e-01
5.001351e-01 8.059126e-10 3.490100e-02 8.584900e-01
5.000304e-01 7.972467e-10 3.967300e-02 8.613500e-01
4.997666e-01 7.265546e-10 2.926400e-02 8.620800e-01
4.999173e-01 7.146387e-10 2.802800e-02 8.597900e-01
5.000138e-01 7.796556e-10 3.909600e-02 8.600800e-01
4.999651e-01 7.678563e-10 2.987400e-02 8.598200e-01
4.999210e-01 7.637365e-10 3.116600e-02 8.604900e-01
4.997973e-01 7.236012e-10 3.334400e-02 8.603900e-01
4.999928e-01 8.090731e-10 2.798600e-02 8.597500e-01
4.998456e-01 7.754446e-10 3.957800e-02 8.619800e-01
4.999680e-01 7.562520e-10 3.622000e-02 8.591400e-01
4.998479e-01 7.435705e-10 3.697100e-02 8.621600e-01
4.999470e-01 7.716674e-10 3.378300e-02 8.590500e-01
4.998729e-01 7.709909e-10 3.567400e-02 8.624200e-01
4.998556e-01 7.287374e-10 4.145000e-02 8.603300e-01
4.999065e-01 7.715798e-10 2.925700e-02 8.613900e-01
5.001142e-01 8.397686e-10 3.658400e-02 8.603300e-01
5.000766e-01 7.999007e-10 3.835300e-02 8.616200e-01
4.999451e-01 7.720488e-10 2.801400e-02 8.594700e-01
5.002397e-01 8.830394e-10 3.327200e-02 8.616800e-01
4.999387e-01 7.863503e-10 4.240400e-02 8.632300e-01
5.000399e-01 7.792721e-10 2.581400e-02 8.601900e-01
5.000601e-01 8.017015e-10 3.899000e-02 8.612900e-01
4.999462e-01 7.626478e-10 2.342400e-02 8.607900e-01
4.998882e-01 7.272161e-10 3.738000e-02 8.618400e-01
4.998639e-01 7.198698e-10 2.313000e-02 8.611400e-01
5.000129e-01 7.857888e-10 3.552700e-02 8.587800e-01
5.000108e-01 7.809912e-10 3.398500e-02 8.612700e-01
4.999058e-01 7.225482e-10 2.578700e-02 8.602700e-01
4.999390e-01 7.527246e-10 3.298200e-02 8.617400e-01
4.998574e-01 7.517346e-10 3.346300e-02 8.617500e-01
5.001054e-01 8.034331e-10 3.737700e-02 8.613900e-01
4.999837e-01 7.903014e-10 3.831400e-02 8.597400e-01
4.998017e-01 7.260753e-10 3.928900e-02 8.601100e-01
5.001490e-01 8.109690e-10 2.705900e-02 8.603400e-01
5.000420e-01 8.115593e-10 3.838500e-02 8.615100e-01
5.000371e-01 9.099400e-10 4.081000e-02 8.606500e-01
4.999647e-01 7.700704e-10 3.938000e-02 8.618800e-01
4.999877e-01 8.104198e-10 3.185900e-02 8.590600e-01
4.999331e-01 7.536350e-10 3.536500e-02 8.610100e-01
5.000912e-01 8.694349e-10 3.692700e-02 8.605800e-01
4.999241e-01 8.063374e-10 3.772900e-02 8.614200e-01
5.000404e-01 8.121169e-10 2.986400e-02 8.604800e-01
5.000671e-01 7.689050e-10 2.749700e-02 8.588300e-01
5.000657e-01 8.358617e-10 3.449700e-02 8.614600e-01
5.001126e-01 8.601410e-10 3.642900e-02 8.593400e-01
5.000973e-01 8.109987e-10 3.417500e-02 8.575300e-01
5.001225e-01 7.994163e-10 3.466000e-02 8.601900e-01
4.999324e-01 7.709480e-10 3.417800e-02 8.608800e-01
5.000701e-01 8.064803e-10 3.342700e-02 8.588500e-01
4.999991e-01 8.237193e-10 3.246600e-02 8.629300e-01
4.997417e-01 7.240697e-10 2.811700e-02 8.630300e-01
5.000879e-01 8.512513e-10 4.050300e-02 8.613600e-01
5.000217e-01 7.868734e-10 3.414300e-02 8.611900e-01
4.999884e-01 7.672644e-10 3.583500e-02 8.600000e-01
4.997796e-01 7.160924e-10 3.606200e-02 8.613200e-01
4.999888e-01 7.798305e-10 4.084600e-02 8.618800e-01
4.998335e-01 7.244533e-10 2.884200e-02 8.611000e-01
4.999223e-01 7.555060e-10 2.781700e-02 8.624800e-01
5.000180e-01 7.768609e-10 3.645100e-02 8.589800e-01
5.000450e-01 7.807570e-10 3.694100e-02 8.615100e-01
4.999627e-01 7.659952e-10 2.947500e-02 8.614500e-01
4.999281e-01 7.576206e-10 3.180100e-02 8.603900e-01
5.000722e-01 8.139669e-10 2.352800e-02 8.602900e-01
4.999303e-01 7.862375e-10 4.225400e-02 8.593600e-01
4.998623e-01 7.302434e-10 2.555700e-02 8.593000e-01
5.000808e-01 8.045326e-10 3.101300e-02 8.626000e-01
4.999303e-01 7.696474e-10 3.836800e-02 8.586900e-01
5.000635e-01 8.399156e-10 3.161900e-02 8.614500e-01
5.000043e-01 7.909522e-10 3.941700e-02 8.624500e-01
4.997987e-01 6.987264e-10 4.209300e-02 8.604300e-01
5.000227e-01 8.692627e-10 3.626600e-02 8.618100e-01
4.999836e-01 7.630903e-10 4.043500e-02 8.603100e-01
5.001395e-01 8.467132e-10 3.113400e-02 8.593700e-01
4.999990e-01 7.468539e-10 3.836700e-02 8.607700e-01
5.000939e-01 8.396389e-10 4.063700e-02 8.604700e-01
4.999156e-01 7.643566e-10 3.697800e-02 8.613500e-01
4.998784e-01 7.110007e-10 4.197400e-02 8.621000e-01
5.000970e-01 8.165817e-10 2.842100e-02 8.593800e-01
5.001702e-01 8.857015e-10 3.144500e-02 8.588600e-01
4.998257e-01 7.071997e-10 3.535000e-02 8.597100e-01
5.000263e-01 7.734337e-10 3.855900e-02 8.617900e-01
5.000564e-01 7.505898e-10 2.908400e-02 8.629600e-01
4.999251e-01 8.008924e-10 2.673600e-02 8.623100e-01
4.998863e-01 7.698318e-10 4.024800e-02 8.628400e-01
4.999685e-01 7.837618e-10 2.405600e-02 8.593200e-01
5.001295e-01 8.031242e-10 3.458600e-02 8.598400e-01
4.999861e-01 7.335039e-10 3.793200e-02 8.618300e-01
4.999366e-01 7.604654e-10 3.022700e-02 8.621600e-01
5.001347e-01 8.197390e-10 3.312400e-02 8.616200e-01
4.998656e-01 7.470095e-10 3.866900e-02 8.612900e-01
4.997859e-01 7.143869e-10 3.794800e-02 8.626800e-01
5.000895e-01 8.168924e-10 2.966700e-02 8.613300e-01
4.999926e-01 7.794426e-10 2.934700e-02 8.604500e-01
5.000465e-01 7.845543e-10 4.129300e-02 8.626500e-01
4.999977e-01 7.897963e-10 3.266500e-02 8.620500e-01
4.999918e-01 7.885078e-10 4.064900e-02 8.602900e-01
4.999155e-01 7.372366e-10 2.412900e-02 8.607600e-01
5.000414e-01 8.001234e-10 3.592800e-02 8.586400e-01
5.001896e-01 8.118420e-10 4.075900e-02 8.572800e-01
4.998897e-01 7.628002e-10 3.685200e-02 8.641700e-01
5.001747e-01 8.416208e-10 3.039600e-02 8.601600e-01
5.000430e-01 8.173922e-10 3.389500e-02 8.615500e-01
5.000237e-01 8.373692e-10 2.608000e-02 8.599600e-01
4.999815e-01 7.482069e-10 3.546100e-02 8.624200e-01
4.999938e-01 7.647384e-10 3.771500e-02 8.611000e-01
4.999180e-01 7.511269e-10 3.698500e-02 8.602900e-01
4.997996e-01 7.368898e-10 3.755800e-02 8.593800e-01
5.000177e-01 7.886379e-10 3.293200e-02 8.574000e-01
5.001092e-01 8.376271e-10 3.159000e-02 8.590200e-01
4.999379e-01 7.730615e-10 2.606500e-02 8.604100e-01
5.000076e-01 7.872886e-10 3.487200e-02 8.591900e-01
5.000713e-01 7.844664e-10 3.647700e-02 8.599700e-01
5.000595e-01 7.933190e-10 3.674200e-02 8.617300e-01
5.000055e-01 7.746032e-10 4.188000e-02 8.601300e-01
5.001960e-01 8.518334e-10 3.228900e-02 8.601200e-01
5.002028e-01 8.772895e-10 3.997900e-02 8.595500e-01
5.000981e-01 8.364119e-10 4.236100e-02 8.580500e-01
4.999086e-01 7.507225e-10 3.431500e-02 8.618400e-01
5.000382e-01 8.019603e-10 3.167100e-02 8.598300e-01
5.001264e-01 8.596438e-10 4.037700e-02 8.601500e-01
5.001373e-01 8.320574e-10 3.105100e-02 8.597000e-01
4.999039e-01 7.757876e-10 3.346800e-02 8.632700e-01
4.999800e-01 8.360149e-10 3.492000e-02 8.613400e-01
4.998024e-01 7.018326e-10 3.631300e-02 8.611600e-01
4.998368e-01 7.610398e-10 3.779400e-02 8.618000e-01
5.000502e-01 8.137035e-10 2.697000e-02 8.580700e-01
5.001210e-01 8.126491e-10 2.706000e-02 8.582700e-01
5.000793e-01 8.452139e-10 2.584400e-02 8.597300e-01
4.999854e-01 7.790109e-10 3.716500e-02 8.610900e-01
4.999493e-01 7.798529e-10 3.765100e-02 8.606800e-01
4.998824e-01 7.538377e-10 3.168400e-02 8.611700e-01
4.999348e-01 7.369865e-10 2.754900e-02 8.604600e-01
5.001499e-01 8.464298e-10 4.245100e-02 8.594900e-01
5.001048e-01 8.387759e-10 3.029300e-02 8.588300e-01
5.000549e-01 7.829189e-10 3.447000e-02 8.605600e-01
5.001046e-01 8.195005e-10 2.548700e-02 8.604200e-01
4.998858e-01 7.395111e-10 3.219900e-02 8.609100e-01
5.000217e-01 8.176991e-10 3.990500e-02 8.591400e-01
5.000507e-01 7.906064e-10 3.644800e-02 8.616300e-01
5.000598e-01 8.151258e-10 3.900100e-02 8.605000e-01
5.001876e-01 8.608157e-10 3.347100e-02 8.608600e-01
5.000597e-01 8.390946e-10 2.876800e-02 8.637700e-01
4.999736e-01 8.058055e-10 2.644900e-02 8.616600e-01
5.000772e-01 8.064143e-10 2.820800e-02 8.616400e-01
4.999182e-01 7.245455e-10 3.571300e-02 8.619200e-01
5.000358e-01 7.709038e-10 3.608400e-02 8.614800e-01
5.001140e-01 8.687777e-10 3.600200e-02 8.612900e-01
4.999985e-01 7.674532e-10 2.872000e-02 8.604700e-01
5.000441e-01 7.518707e-10 4.135000e-02 8.602000e-01
5.001007e-01 8.087647e-10 2.607500e-02 8.603900e-01
4.999939e-01 7.769491e-10 3.953300e-02 8.602900e-01
5.001138e-01 8.035964e-10 3.172100e-02 8.592000e-01
4.999480e-01 7.837071e-10 4.222900e-02 8.606800e-01
5.000988e-01 7.877609e-10 4.250400e-02 8.593700e-01
4.999551e-01 7.497481e-10 3.691300e-02 8.612700e-01
4.998878e-01 7.428772e-10 3.979700e-02 8.628200e-01
5.000345e-01 7.539962e-10 3.423200e-02 8.599400e-01
5.000769e-01 8.142521e-10 3.042300e-02 8.607900e-01
4.998121e-01 6.917620e-10 3.101000e-02 8.603800e-01
5.001144e-01 8.517966e-10 2.293600e-02 8.595500e-01
5.000372e-01 7.687313e-10 2.958200e-02 8.617600e-01
5.000742e-01 8.255324e-10 3.479600e-02 8.588700e-01
5.000518e-01 7.836178e-10 3.701200e-02 8.619100e-01
5.001247e-01 8.723815e-10 3.153000e-02 8.597400e-01
5.000115e-01 7.771415e-10 3.802200e-02 8.615100e-01
5.000483e-01 8.394941e-10 3.367800e-02 8.603800e-01
4.999280e-01 7.813100e-10 2.836500e-02 8.613800e-01
5.001349e-01 8.653310e-10 2.897400e-02 8.603200e-01
5.000017e-01 7.883912e-10 3.433000e-02 8.626200e-01
5.000934e-01 8.235926e-10 3.914600e-02 8.604500e-01
5.003889e-01 8.951045e-10 3.596900e-02 8.602500e-01
5.000012e-01 8.207185e-10 3.483500e-02 8.619400e-01
5.000846e-01 8.057307e-10 3.790700e-02 8.606700e-01
4.999109e-01 7.247345e-10 3.984600e-02 8.617800e-01
4.999846e-01 7.915099e-10 2.857000e-02 8.595800e-01
5.001545e-01 8.205960e-10 3.201400e-02 8.590600e-01
5.000388e-01 7.491584e-10 3.386900e-02 8.603500e-01
5.001756e-01 8.263619e-10 3.635700e-02 8.593600e-01
4.999043e-01 7.225711e-10 4.143600e-02 8.602900e-01
4.999248e-01 7.568954e-10 3.243200e-02 8.619200e-01
4.998757e-01 7.288047e-10 3.211700e-02 8.609600e-01
5.001215e-01 7.985526e-10 4.249900e-02 8.607900e-01
4.998221e-01 6.910103e-10 3.194500e-02 8.617700e-01
4.998983e-01 7.555916e-10 3.165100e-02 8.616000e-01
4.998122e-01 7.529893e-10 3.595700e-02 8.613800e-01
4.999688e-01 7.391984e-10 2.963200e-02 8.632100e-01
4.998581e-01 7.325952e-10 3.740800e-02 8.615800e-01
4.999201e-01 8.112872e-10 2.549900e-02 8.596100e-01
5.000230e-01 7.943920e-10 4.080900e-02 8.642700e-01
5.000237e-01 7.922640e-10 2.672300e-02 8.605900e-01
5.000248e-01 7.811597e-10 2.823400e-02 8.613100e-01
4.999582e-01 7.573208e-10 3.401300e-02 8.608800e-01
5.001328e-01 8.571671e-10 4.336900e-02 8.610300e-01
4.999381e-01 7.406643e-10 3.182600e-02 8.614400e-01
4.999866e-01 8.083993e-10 3.628500e-02 8.587900e-01
5.000198e-01 7.637239e-10 3.787100e-02 8.611700e-01
5.001524e-01 8.304069e-10 2.688900e-02 8.598700e-01
5.000505e-01 8.063210e-10 3.352200e-02 8.610600e-01
4.999549e-01 7.655517e-10 2.514000e-02 8.609200e-01
5.001491e-01 8.763902e-10 3.717800e-02 8.615700e-01
5.001440e-01 8.779387e-10 4.011400e-02 8.602100e-01
5.000330e-01 8.121713e-10 2.794900e-02 8.608200e-01
5.002019e-01 8.647119e-10 3.001400e-02 8.605800e-01
5.001508e-01 8.075502e-10 2.531700e-02 8.615200e-01
4.998725e-01 7.340944e-10 4.076800e-02 8.630800e-01
5.000420e-01 7.890952e-10 4.109100e-02 8.628100e-01
5.001054e-01 8.173025e-10 3.477000e-02 8.597900e-01
4.999613e-01 7.703710e-10 3.177400e-02 8.623100e-01
5.002240e-01 8.840222e-10 3.641100e-02 8.591400e-01
4.999579e-01 7.642542e-10 4.159700e-02 8.640000e-01
4.999998e-01 8.552761e-10 3.256300e-02 8.628800e-01
5.000256e-01 7.701311e-10 3.263400e-02 8.598400e-01
4.999494e-01 7.549039e-10 2.511100e-02 8.611500e-01
4.999937e-01 7.835105e-10 3.458000e-02 8.604600e-01
4.999081e-01 7.434036e-10 4.113000e-02 8.589200e-01
5.001193e-01 8.183726e-10 3.917500e-02 8.590800e-01
4.999106e-01 7.811082e-10 3.196600e-02 8.599300e-01
5.002070e-01 8.549080e-10 3.207300e-02 8.607900e-01
4.999782e-01 8.213580e-10 3.329700e-02 8.601000e-01
5.000285e-01 7.590056e-10 3.258500e-02 8.591800e-01
4.999471e-01 7.521072e-10 3.036400e-02 8.599900e-01
5.001455e-01 8.990347e-10 3.328300e-02 8.583900e-01
4.999571e-01 7.374064e-10 3.983300e-02 8.605500e-01
4.999150e-01 7.279270e-10 3.527300e-02 8.617600e-01
5.000746e-01 8.220309e-10 2.938700e-02 8.607600e-01
5.001022e-01 8.580730e-10 3.657100e-02 8.604000e-01
4.999967e-01 8.322355e-10 4.309900e-02 8.633100e-01
5.000420e-01 8.091764e-10 2.661300e-02 8.587800e-01
5.001599e-01 8.230301e-10 3.160900e-02 8.603300e-01
4.998822e-01 7.489206e-10 3.154700e-02 8.612700e-01
4.997374e-01 6.707276e-10 3.700100e-02 8.631800e-01
4.999063e-01 7.539478e-10 2.979200e-02 8.614000e-01
5.001848e-01 8.747688e-10 3.581600e-02 8.595300e-01
4.999928e-01 7.661487e-10 4.214500e-02 8.626100e-01
5.002243e-01 8.250845e-10 3.734700e-02 8.599400e-01
4.998908e-01 7.482459e-10 3.079800e-02 8.624900e-01
5.000277e-01 7.851953e-10 4.349900e-02 8.586100e-01
5.000281e-01 8.290737e-10 4.196800e-02 8.610100e-01
4.998693e-01 7.512411e-10 3.523900e-02 8.619600e-01
5.000602e-01 8.109470e-10 4.152100e-02 8.602600e-01
5.000243e-01 7.951083e-10 3.118600e-02 8.600000e-01
5.000614e-01 8.205346e-10 3.333700e-02 8.609500e-01
5.001173e-01 8.299042e-10 4.084100e-02 8.614600e-01
4.998861e-01 7.536078e-10 3.742900e-02 8.628100e-01
4.999225e-01 7.686613e-10 3.478800e-02 8.602800e-01
5.000051e-01 7.968843e-10 3.598000e-02 8.602800e-01
4.999229e-01 7.702501e-10 3.772800e-02 8.589500e-01
5.002711e-01 9.052958e-10 3.250200e-02 8.600300e-01
5.001438e-01 8.072650e-10 3.943500e-02 8.606900e-01
5.000338e-01 7.746926e-10 2.942300e-02 8.607400e-01
4.999798e-01 7.818264e-10 3.766400e-02 8.603300e-01
5.000728e-01 8.172805e-10 3.681200e-02 8.593400e-01
4.998582e-01 7.521036e-10 3.966100e-02 8.602300e-01
5.001591e-01 7.617841e-10 3.132300e-02 8.582000e-01
4.999781e-01 7.749749e-10 3.966000e-02 8.602900e-01
5.000794e-01 8.256661e-10 2.316700e-02 8.626800e-01
4.998795e-01 7.299339e-10 3.180900e-02 8.605700e-01
4.999646e-01 7.377249e-10 3.900600e-02 8.610200e-01
4.999497e-01 7.585660e-10 3.930500e-02 8.605700e-01
4.999124e-01 8.084963e-10 2.869300e-02 8.615900e-01
4.998844e-01 6.999680e-10 3.402200e-02 8.590100e-01
4.999712e-01 7.456436e-10 4.239000e-02 8.607300e-01
4.999644e-01 7.648586e-10 3.109500e-02 8.615600e-01
4.998889e-01 7.943645e-10 4.155700e-02 8.615500e-01
5.000545e-01 7.665125e-10 4.145800e-02 8.611000e-01
5.001682e-01 8.483395e-10 4.146800e-02 8.585700e-01
5.001522e-01 8.473306e-10 4.222300e-02 8.606400e-01
4.998441e-01 7.405029e-10 3.046600e-02 8.616700e-01
4.999503e-01 8.238083e-10 3.977800e-02 8.592300e-01
5.001275e-01 8.125164e-10 3.368600e-02 8.606800e-01
5.001474e-01 8.314191e-10 2.824900e-02 8.627400e-01
5.000395e-01 8.007886e-10 3.748400e-02 8.589800e-01
5.001218e-01 8.105356e-10 3.317500e-02 8.585600e-01
5.000175e-01 7.953235e-10 2.788900e-02 8.616500e-01
5.000558e-01 7.658111e-10 3.973300e-02 8.618900e-01
5.003194e-01 8.824357e-10 3.567800e-02 8.595000e-01
4.998432e-01 7.650806e-10 2.829400e-02 8.611500e-01
5.001968e-01 8.779565e-10 4.158500e-02 8.598700e-01
4.999914e-01 7.887504e-10 4.043900e-02 8.603200e-01
4.999078e-01 7.495232e-10 3.732900e-02 8.609400e-01
4.999804e-01 7.270971e-10 2.599400e-02 8.619500e-01
5.000924e-01 7.894381e-10 3.629900e-02 8.614700e-01
5.002204e-01 8.540604e-10 3.378600e-02 8.597800e-01
4.999874e-01 7.715274e-10 3.819700e-02 8.605500e-01
5.000600e-01 7.723115e-10 4.119800e-02 8.600900e-01
5.001377e-01 8.319246e-10 2.742300e-02 8.589700e-01
4.999670e-01 7.805254e-10 3.247700e-02 8.619300e-01
4.999792e-01 7.543025e-10 3.840300e-02 8.613800e-01
5.002793e-01 8.771205e-10 4.294500e-02 8.591300e-01
5.000812e-01 8.250916e-10 3.056400e-02 8.631100e-01
5.000705e-01 8.496690e-10 3.330600e-02 8.617400e-01
4.997878e-01 6.956404e-10 4.150900e-02 8.605000e-01
4.999043e-01 7.796413e-10 3.695000e-02 8.613700e-01
4.998486e-01 7.227218e-10 3.412000e-02 8.633100e-01
5.000416e-01 7.893594e-10 3.204100e-02 8.610000e-01
4.999358e-01 7.515147e-10 3.165000e-02 8.597200e-01
5.000537e-01 7.900381e-10 4.084300e-02 8.602200e-01
5.000951e-01 7.953726e-10 3.998800e-02 8.599900e-01
4.998880e-01 7.397920e-10 3.372800e-02 8.623300e-01
5.000920e-01 7.952272e-10 3.446200e-02 8.591200e-01
5.001863e-01 8.711585e-10 2.641600e-02 8.581500e-01
5.004211e-01 1.012018e-09 3.915500e-02 8.589800e-01
5.000441e-01 7.877866e-10 2.647600e-02 8.602500e-01
4.999504e-01 7.484047e-10 3.490600e-02 8.615000e-01
4.998994e-01 7.140629e-10 2.310900e-02 8.592900e-01
5.000332e-01 7.960675e-10 3.810700e-02 8.607900e-01
4.999980e-01 7.742966e-10 4.057500e-02 8.638600e-01
5.000066e-01 8.047160e-10 3.925300e-02 8.612200e-01
4.999477e-01 8.213937e-10 2.528100e-02 8.626300e-01
5.000099e-01 7.751106e-10 3.521600e-02 8.603800e-01
4.998594e-01 7.302004e-10 3.027600e-02 8.620800e-01
5.000898e-01 8.306445e-10 3.650600e-02 8.613900e-01
5.001556e-01 8.585610e-10 4.101400e-02 8.601900e-01
4.999780e-01 7.553767e-10 3.499300e-02 8.623900e-01
5.000034e-01 7.809496e-10 4.167100e-02 8.627000e-01
4.999694e-01 7.842227e-10 3.198800e-02 8.617200e-01
5.000763e-01 7.866859e-10 3.724400e-02 8.612100e-01
5.000726e-01 7.756658e-10 3.198100e-02 8.608800e-01
5.000227e-01 7.844535e-10 3.776100e-02 8.610900e-01
5.001343e-01 8.159834e-10 4.228100e-02 8.608300e-01
5.000562e-01 7.760702e-10 3.040300e-02 8.610700e-01
5.000484e-01 7.733524e-10 2.901700e-02 8.610000e-01
4.998616e-01 7.192623e-10 2.452200e-02 8.610300e-01
4.999417e-01 7.626110e-10 3.708200e-02 8.611300e-01
4.998195e-01 7.139417e-10 2.422200e-02 8.601500e-01
4.999704e-01 7.799834e-10 3.175300e-02 8.612200e-01
5.000423e-01 8.089207e-10 3.623000e-02 8.606000e-01
5.000624e-01 8.031770e-10 3.428500e-02 8.606100e-01
5.000085e-01 7.526715e-10 2.779000e-02 8.624400e-01
4.999464e-01 7.642547e-10 2.447600e-02 8.604400e-01
5.001590e-01 8.018313e-10 3.036700e-02 8.610700e-01
4.997909e-01 7.600187e-10 3.248200e-02 8.634600e-01
4.999964e-01 7.788872e-10 3.439800e-02 8.627100e-01
4.999791e-01 7.679098e-10 4.196200e-02 8.634900e-01
5.001920e-01 8.364006e-10 4.019600e-02 8.609900e-01
5.000671e-01 8.167360e-10 3.019100e-02 8.616800e-01
5.001485e-01 7.907801e-10 3.724500e-02 8.602100e-01
5.000921e-01 7.975116e-10 3.995500e-02 8.594700e-01
4.997915e-01 7.329761e-10 2.746800e-02 8.648000e-01
5.001143e-01 8.246014e-10 3.229000e-02 8.600100e-01
4.997513e-01 6.920910e-10 3.801400e-02 8.620100e-01
4.998807e-01 7.312834e-10 3.373700e-02 8.601300e-01
5.002043e-01 8.097563e-10 4.035500e-02 8.590000e-01
5.000923e-01 7.923133e-10 2.858500e-02 8.594500e-01
5.000582e-01 8.212674e-10 4.054400e-02 8.607400e-01
5.000045e-01 7.290757e-10 4.234000e-02 8.599300e-01
4.999725e-01 7.892595e-10 3.215300e-02 8.609200e-01
5.000381e-01 7.858293e-10 3.143100e-02 8.595800e-01
5.000280e-01 8.148817e-10 3.493500e-02 8.616200e-01
5.000855e-01 8.309791e-10 3.670100e-02 8.607100e-01
4.999220e-01 7.605930e-10 3.421100e-02 8.610500e-01
5.000705e-01 8.123073e-10 4.061300e-02 8.601900e-01
5.001823e-01 8.605340e-10 3.906500e-02 8.604900e-01
4.999919e-01 7.600341e-10 3.098500e-02 8.597600e-01
5.000697e-01 7.829533e-10 4.036400e-02 8.588700e-01
5.000328e-01 8.404728e-10 3.166700e-02 8.610400e-01
4.999041e-01 7.530026e-10 4.042700e-02 8.601600e-01
4.998628e-01 7.260397e-10 3.537900e-02 8.623800e-01
4.999084e-01 7.378362e-10 3.781700e-02 8.618100e-01
4.999251e-01 7.455255e-10 4.103500e-02 8.614800e-01
4.998397e-01 7.452881e-10 2.809900e-02 8.635000e-01
4.998422e-01 7.815696e-10 4.134500e-02 8.638700e-01
5.001222e-01 8.444772e-10 3.244300e-02 8.609900e-01
4.998347e-01 7.073282e-10 3.335300e-02 8.617100e-01
4.998947e-01 7.000845e-10 3.755200e-02 8.606700e-01
4.999636e-01 7.440421e-10 4.029100e-02 8.610300e-01
4.999867e-01 7.508867e-10 3.280400e-02 8.607100e-01
4.998467e-01 6.650339e-10 3.868200e-02 8.593100e-01
4.999433e-01 7.505161e-10 4.232700e-02 8.600000e-01
5.000215e-01 8.397883e-10 3.155400e-02 8.625100e-01
4.998350e-01 6.867912e-10 4.241400e-02 8.602200e-01
5.001160e-01 8.174054e-10 4.062100e-02 8.596900e-01
4.999444e-01 7.646699e-10 3.419800e-02 8.618400e-01
5.001129e-01 8.239968e-10 3.339300e-02 8.599200e-01
4.998920e-01 7.348893e-10 4.166500e-02 8.609600e-01
4.997986e-01 7.169782e-10 2.283700e-02 8.620100e-01
4.998919e-01 7.145594e-10 3.854700e-02 8.612100e-01
4.998166e-01 7.184230e-10 3.332300e-02 8.601300e-01
5.000346e-01 7.791702e-10 3.397300e-02 8.624900e-01
4.999123e-01 7.698269e-10 2.917500e-02 8.611100e-01
5.001041e-01 8.416273e-10 3.698000e-02 8.586800e-01
4.999128e-01 7.445200e-10 3.264600e-02 8.596200e-01
4.999074e-01 7.359646e-10 3.035600e-02 8.625100e-01
5.001413e-01 7.993689e-10 2.748300e-02 8.610500e-01
4.999764e-01 8.034905e-10 3.116300e-02 8.602700e-01
4.999662e-01 7.681215e-10 3.852600e-02 8.597100e-01
5.000268e-01 7.890790e-10 3.068300e-02 8.609100e-01
5.001542e-01 8.650284e-10 3.688300e-02 8.595600e-01
4.999277e-01 7.367556e-10 3.317900e-02 8.623400e-01
4.999097e-01 7.379445e-10 3.568000e-02 8.617100e-01
5.000087e-01 7.615568e-10 3.385400e-02 8.619200e-01
5.000785e-01 8.103203e-10 2.771300e-02 8.588200e-01
5.000441e-01 7.856061e-10 3.287500e-02 8.627100e-01
4.999338e-01 7.515956e-10 3.805200e-02 8.617300e-01
5.002394e-01 8.572082e-10 4.225700e-02 8.601800e-01
5.000038e-01 7.919201e-10 2.641400e-02 8.601100e-01
5.001338e-01 8.640892e-10 3.162700e-02 8.593500e-01
4.999896e-01 7.579874e-10 2.975400e-02 8.607400e-01
5.001443e-01 8.698188e-10 3.313900e-02 8.600000e-01
4.998951e-01 7.416942e-10 3.845800e-02 8.605400e-01
5.000172e-01 7.855386e-10 3.793500e-02 8.598300e-01
5.000918e-01 7.961556e-10 3.980100e-02 8.614400e-01
5.000521e-01 7.821238e-10 3.148400e-02 8.581800e-01
5.002382e-01 8.495231e-10 3.347800e-02 8.607000e-01
5.001668e-01 8.463474e-10 3.351500e-02 8.597800e-01
4.997629e-01 7.102904e-10 2.818000e-02 8.605400e-01
5.000839e-01 8.312837e-10 3.814600e-02 8.610400e-01
5.001535e-01 7.866142e-10 3.526900e-02 8.599700e-01
5.000847e-01 8.323462e-10 3.437200e-02 8.632300e-01
5.000393e-01 7.897453e-10 2.988800e-02 8.592100e-01
4.999640e-01 7.695067e-10 3.578500e-02 8.595400e-01
5.000225e-01 7.870378e-10 3.707400e-02 8.622500e-01
5.000288e-01 7.649486e-10 2.943000e-02 8.626000e-01
4.998175e-01 7.439615e-10 3.174300e-02 8.625800e-01
5.000477e-01 7.847968e-10 4.137800e-02 8.620100e-01
5.001600e-01 7.813782e-10 3.031300e-02 8.598600e-01
5.000432e-01 7.814332e-10 2.745700e-02 8.624700e-01
4.999679e-01 8.025071e-10 3.906200e-02 8.606900e-01
4.999054e-01 7.696908e-10 3.565900e-02 8.652000e-01
5.001078e-01 8.527018e-10 3.487500e-02 8.624100e-01
4.998581e-01 7.094443e-10 2.648500e-02 8.602500e-01
4.998251e-01 6.965934e-10 2.360000e-02 8.623900e-01
5.001463e-01 8.042161e-10 3.036000e-02 8.610700e-01
5.000848e-01 7.455520e-10 4.063800e-02 8.624100e-01
4.998148e-01 7.123137e-10 2.735400e-02 8.625300e-01
5.000214e-01 7.534234e-10 3.779300e-02 8.590100e-01
5.000358e-01 8.051945e-10 2.366300e-02 8.614200e-01
4.999797e-01 7.752843e-10 2.880000e-02 8.597800e-01
5.000499e-01 7.955294e-10 3.366200e-02 8.608500e-01
5.000793e-01 8.135599e-10 2.910100e-02 8.598400e-01
4.999495e-01 7.894278e-10 2.936700e-02 8.618100e-01
4.999542e-01 7.938993e-10 3.561100e-02 8.631200e-01
5.000517e-01 8.531244e-10 4.174700e-02 8.619100e-01
4.998968e-01 7.500466e-10 3.458900e-02 8.623400e-01
4.999484e-01 7.476667e-10 3.471800e-02 8.615300e-01
4.999373e-01 7.735902e-10 4.190000e-02 8.623300e-01
5.002738e-01 8.513393e-10 3.385800e-02 8.608800e-01
5.001678e-01 8.361445e-10 3.314900e-02 8.600700e-01
5.001494e-01 8.602790e-10 3.304200e-02 8.636200e-01
5.000589e-01 7.642171e-10 4.073700e-02 8.637400e-01
4.997786e-01 6.930115e-10 4.218400e-02 8.608100e-01
4.999381e-01 7.364006e-10 4.236100e-02 8.639100e-01
5.000527e-01 8.066043e-10 3.518600e-02 8.602800e-01
5.000041e-01 7.752359e-10 3.528400e-02 8.605200e-01
5.000436e-01 8.093589e-10 3.211100e-02 8.597300e-01
5.000083e-01 7.680396e-10 2.445400e-02 8.599300e-01
4.998875e-01 7.721634e-10 3.614300e-02 8.629700e-01
5.001666e-01 8.355659e-10 4.007300e-02 8.621800e-01
5.001148e-01 8.162144e-10 3.808100e-02 8.586100e-01
5.001003e-01 8.321387e-10 3.304800e-02 8.605700e-01
4.999913e-01 7.972130e-10 3.650700e-02 8.601300e-01
4.999686e-01 7.624215e-10 2.542800e-02 8.634600e-01
4.998841e-01 7.074665e-10 3.639900e-02 8.597200e-01
4.998196e-01 7.306048e-10 2.506300e-02 8.616900e-01
5.000116e-01 7.735861e-10 3.388200e-02 8.595000e-01
4.997817e-01 7.076836e-10 4.209300e-02 8.637700e-01
5.000166e-01 7.860964e-10 3.551200e-02 8.595100e-01
5.001419e-01 8.275895e-10 2.569100e-02 8.590400e-01
4.998868e-01 6.984946e-10 3.356200e-02 8.626700e-01
4.998311e-01 7.505402e-10 2.680100e-02 8.626100e-01
4.998856e-01 7.278289e-10 2.943500e-02 8.613800e-01
4.998557e-01 7.109580e-10 2.576800e-02 8.615100e-01
5.001911e-01 8.109691e-10 3.976600e-02 8.600500e-01
4.997487e-01 7.038695e-10 4.282300e-02 8.629600e-01
5.001359e-01 8.225428e-10 3.141100e-02 8.605500e-01
4.998837e-01 7.220974e-10 3.102600e-02 8.616500e-01
4.999505e-01 7.537556e-10 3.845000e-02 8.612700e-01
4.997862e-01 6.697677e-10 3.908100e-02 8.622900e-01
5.000166e-01 7.758038e-10 3.224300e-02 8.603600e-01
4.998023e-01 7.112759e-10 3.422400e-02 8.603100e-01
5.002035e-01 8.643219e-10 4.021600e-02 8.586900e-01
4.999488e-01 7.253341e-10 3.477500e-02 8.615100e-01
5.000505e-01 7.654832e-10 3.644200e-02 8.594100e-01
5.000039e-01 7.908830e-10 3.678700e-02 8.585600e-01
5.003312e-01 9.741505e-10 3.972700e-02 8.575500e-01
5.001723e-01 8.099787e-10 3.559500e-02 8.614800e-01
5.000513e-01 7.788927e-10 3.396100e-02 8.591600e-01
5.000720e-01 8.307978e-10 3.088800e-02 8.598100e-01
4.999200e-01 7.214895e-10 3.686400e-02 8.614500e-01
4.999883e-01 7.378306e-10 3.202400e-02 8.585800e-01
4.999451e-01 7.280192e-10 3.274400e-02 8.619800e-01
4.999326e-01 7.617005e-10 3.315500e-02 8.622400e-01
4.999503e-01 7.650169e-10 3.630500e-02 8.627800e-01
4.999769e-01 7.987114e-10 2.934100e-02 8.600800e-01
5.001564e-01 8.240321e-10 2.860800e-02 8.587500e-01
5.000628e-01 7.863706e-10 3.610800e-02 8.633700e-01
5.001013e-01 8.632274e-10 3.808600e-02 8.621900e-01
4.998179e-01 7.245440e-10 4.137400e-02 8.618100e-01
5.001352e-01 7.857483e-10 3.163100e-02 8.618600e-01
5.000486e-01 7.940580e-10 3.045500e-02 8.607600e-01
4.999559e-01 7.733621e-10 4.034500e-02 8.633200e-01
5.000343e-01 8.303881e-10 4.110700e-02 8.627200e-01
5.000351e-01 7.564519e-10 3.244700e-02 8.605300e-01
4.999979e-01 7.481382e-10 3.549800e-02 8.584300e-01
4.997870e-01 6.795363e-10 4.259900e-02 8.618400e-01
5.002139e-01 8.681341e-10 2.909900e-02 8.607900e-01
4.999049e-01 7.429402e-10 3.980600e-02 8.625000e-01
5.000600e-01 8.371163e-10 4.220100e-02 8.635000e-01
4.999878e-01 7.685362e-10 2.934000e-02 8.621200e-01
4.999402e-01 7.516016e-10 2.704400e-02 8.614500e-01
4.999718e-01 7.282842e-10 4.153200e-02 8.612400e-01
5.000565e-01 8.150555e-10 3.735700e-02 8.564300e-01
4.999429e-01 7.465700e-10 3.302700e-02 8.588500e-01
5.001990e-01 8.554527e-10 3.153200e-02 8.588300e-01
4.999821e-01 7.833653e-10 2.366900e-02 8.616600e-01
4.998624e-01 7.325403e-10 3.617500e-02 8.621300e-01
5.000371e-01 7.991151e-10 3.760300e-02 8.597500e-01
4.997733e-01 7.326205e-10 4.233400e-02 8.620200e-01
4.999802e-01 7.847775e-10 3.276600e-02 8.606700e-01
5.000387e-01 7.712240e-10 3.708500e-02 8.611100e-01
5.000426e-01 7.523986e-10 3.740400e-02 8.598700e-01
4.999355e-01 7.687210e-10 3.436500e-02 8.610300e-01
4.999456e-01 7.518680e-10 3.154800e-02 8.621300e-01
5.002224e-01 8.966546e-10 3.732900e-02 8.606900e-01
5.001434e-01 8.751045e-10 3.987200e-02 8.596600e-01
5.000765e-01 8.018613e-10 3.513300e-02 8.594300e-01
5.000231e-01 7.951936e-10 3.434300e-02 8.635600e-01
4.999848e-01 7.835400e-10 3.319300e-02 8.628100e-01
4.998964e-01 6.975289e-10 3.564600e-02 8.616200e-01
5.002479e-01 8.849195e-10 2.890800e-02 8.600400e-01
5.000813e-01 8.397948e-10 3.661900e-02 8.609100e-01
4.999884e-01 7.567916e-10 4.221500e-02 8.607700e-01
4.998354e-01 7.293780e-10 3.002600e-02 8.624100e-01
4.999686e-01 7.628830e-10 3.462900e-02 8.616600e-01
4.999506e-01 7.609541e-10 3.862200e-02 8.605400e-01
4.998850e-01 7.192964e-10 3.117500e-02 8.626500e-01
5.000470e-01 7.590707e-10 3.724600e-02 8.613800e-01
5.000014e-01 7.652814e-10 2.452000e-02 8.604800e-01
5.000873e-01 8.056090e-10 3.572200e-02 8.609800e-01
4.999889e-01 7.645984e-10 3.929800e-02 8.593300e-01
5.000443e-01 7.557859e-10 4.007300e-02 8.635600e-01
4.998648e-01 7.130320e-10 3.156700e-02 8.615600e-01
4.999436e-01 8.090304e-10 4.165900e-02 8.633200e-01
4.999940e-01 7.473827e-10 4.131800e-02 8.619900e-01
5.000708e-01 7.966683e-10 2.913400e-02 8.610000e-01
5.000477e-01 7.884334e-10 3.380600e-02 8.592800e-01
4.999322e-01 7.343420e-10 4.033900e-02 8.613300e-01
5.000280e-01 7.618817e-10 3.519600e-02 8.581800e-01
5.000224e-01 7.863685e-10 2.861900e-02 8.613300e-01
4.999410e-01 7.390310e-10 2.919800e-02 8.625400e-01
5.001193e-01 7.820068e-10 4.241200e-02 8.599200e-01
5.002155e-01 8.562847e-10 4.039200e-02 8.598200e-01
4.999342e-01 7.687035e-10 3.098700e-02 8.612100e-01
5.002472e-01 8.708239e-10 3.090700e-02 8.600600e-01
5.000581e-01 7.687734e-10 4.210400e-02 8.610200e-01
4.999636e-01 7.657118e-10 3.928600e-02 8.602600e-01
5.000356e-01 7.962030e-10 3.091500e-02 8.611400e-01
4.999891e-01 7.911213e-10 3.321600e-02 8.610100e-01
4.999025e-01 7.120334e-10 3.647900e-02 8.599400e-01
5.001013e-01 8.223970e-10 3.539500e-02 8.612200e-01
5.000357e-01 8.192840e-10 3.579800e-02 8.588900e-01
4.998683e-01 7.149405e-10 3.785900e-02 8.607100e-01
5.001985e-01 8.508184e-10 3.405700e-02 8.598400e-01
4.999819e-01 7.502248e-10 3.394900e-02 8.618000e-01
4.999486e-01 7.275222e-10 3.763900e-02 8.610800e-01
4.999251e-01 7.187806e-10 3.832600e-02 8.617900e-01
5.000566e-01 7.854742e-10 3.305600e-02 8.609300e-01
5.000501e-01 7.863865e-10 3.552400e-02 8.580000e-01
4.999469e-01 7.497348e-10 3.109200e-02 8.616600e-01
4.998764e-01 7.119754e-10 3.931600e-02 8.625300e-01
4.998594e-01 7.269479e-10 4.195300e-02 8.610800e-01
5.003905e-01 9.338389e-10 3.874500e-02 8.603500e-01
4.997460e-01 6.818439e-10 3.168400e-02 8.627900e-01
4.998956e-01 7.514476e-10 3.506100e-02 8.611600e-01
5.000554e-01 8.154681e-10 3.903500e-02 8.599300e-01
4.999962e-01 7.549919e-10 3.085400e-02 8.636100e-01
5.000432e-01 7.777131e-10 3.364400e-02 8.603800e-01
5.001203e-01 7.998422e-10 4.024100e-02 8.601300e-01
5.000091e-01 7.434081e-10 3.547800e-02 8.603600e-01
4.998764e-01 6.938650e-10 3.145700e-02 8.613100e-01
5.001488e-01 8.287571e-10 3.926400e-02 8.595500e-01
5.000170e-01 7.827484e-10 3.006300e-02 8.613000e-01
5.000726e-01 8.338339e-10 3.236400e-02 8.598700e-01
5.000731e-01 7.911985e-10 3.557100e-02 8.604700e-01
4.999642e-01 7.293287e-10 2.874700e-02 8.635800e-01
4.998951e-01 7.516338e-10 3.477400e-02 8.616600e-01
4.998424e-01 7.240788e-10 2.837500e-02 8.607100e-01
5.001268e-01 8.629357e-10 2.946000e-02 8.613100e-01
5.001124e-01 8.705083e-10 2.393600e-02 8.596600e-01
4.999613e-01 7.702784e-10 3.372400e-02 8.614800e-01
4.999905e-01 7.532392e-10 3.694000e-02 8.600900e-01
5.000785e-01 8.087515e-10 3.000100e-02 8.613100e-01
4.999623e-01 7.634532e-10 3.492800e-02 8.605800e-01
5.002415e-01 8.752273e-10 4.068400e-02 8.591800e-01
5.001726e-01 8.445045e-10 2.624700e-02 8.590000e-01
5.000097e-01 7.300893e-10 3.661700e-02 8.598300e-01
4.999662e-01 7.385379e-10 3.643200e-02 8.622800e-01
5.000672e-01 7.670539e-10 3.608300e-02 8.605100e-01
5.001490e-01 8.334120e-10 3.237800e-02 8.616100e-01
4.999370e-01 7.548592e-10 2.674600e-02 8.617100e-01
4.999386e-01 7.769953e-10 2.389900e-02 8.604700e-01
5.001263e-01 8.212377e-10 3.271700e-02 8.577400e-01
4.998961e-01 7.094784e-10 3.835400e-02 8.610000e-01
4.999484e-01 7.439063e-10 3.884600e-02 8.605700e-01
5.001137e-01 7.931512e-10 2.554900e-02 8.603800e-01
5.000440e-01 8.092254e-10 4.075900e-02 8.611200e-01
5.002174e-01 8.069301e-10 2.461700e-02 8.586900e-01
5.002485e-01 8.243504e-10 3.718800e-02 8.596000e-01
5.001015e-01 7.844245e-10 3.315800e-02 8.593600e-01
5.001801e-01 8.963078e-10 2.999000e-02 8.590800e-01
5.000506e-01 7.968007e-10 3.550400e-02 8.618300e-01
4.999587e-01 7.423594e-10 3.729400e-02 8.623000e-01
4.999491e-01 7.423598e-10 2.974800e-02 8.625400e-01
4.999948e-01 7.344955e-10 3.416600e-02 8.589000e-01
4.999717e-01 7.801978e-10 2.579500e-02 8.612600e-01
5.000588e-01 7.967645e-10 3.471900e-02 8.628300e-01
5.000119e-01 8.123181e-10 2.962500e-02 8.618800e-01
5.000843e-01 8.086775e-10 3.427700e-02 8.595500e-01
4.998199e-01 7.165507e-10 3.062000e-02 8.627100e-01
5.000163e-01 7.693988e-10 3.446600e-02 8.606400e-01
5.000301e-01 7.919783e-10 4.056900e-02 8.610300e-01
5.000813e-01 7.929366e-10 4.093900e-02 8.605600e-01
5.001518e-01 8.283164e-10 2.883200e-02 8.613800e-01
4.998946e-01 7.055701e-10 3.104600e-02 8.603800e-01
5.000828e-01 7.791275e-10 4.179000e-02 8.621500e-01
4.999053e-01 7.562457e-10 3.751700e-02 8.622100e-01
4.999951e-01 7.733743e-10 3.348700e-02 8.593700e-01
5.001103e-01 8.014881e-10 3.684700e-02 8.588100e-01
4.999930e-01 7.894221e-10 2.759800e-02 8.600200e-01
4.999916e-01 7.978234e-10 4.221800e-02 8.614600e-01
4.999675e-01 7.281911e-10 3.433400e-02 8.601900e-01
5.000446e-01 7.560998e-10 2.995100e-02 8.621200e-01
5.000461e-01 7.198354e-10 4.182100e-02 8.597200e-01
5.001020e-01 8.051521e-10 2.505200e-02 8.580400e-01
5.000069e-01 7.380343e-10 3.581400e-02 8.621700e-01
5.001725e-01 8.483386e-10 4.108800e-02 8.632500e-01
5.000152e-01 7.869239e-10 3.087700e-02 8.614900e-01
4.999498e-01 7.860628e-10 3.204600e-02 8.620000e-01
5.000192e-01 7.890604e-10 4.070300e-02 8.635500e-01
4.998491e-01 7.250528e-10 2.867400e-02 8.610300e-01
4.999826e-01 7.727780e-10 3.075200e-02 8.612800e-01
5.000487e-01 7.847248e-10 2.609800e-02 8.600800e-01
5.000008e-01 7.619395e-10 3.454000e-02 8.607700e-01
4.999068e-01 7.363940e-10 2.446900e-02 8.606900e-01
5.000183e-01 8.009129e-10 3.498100e-02 8.590300e-01
5.001498e-01 8.409609e-10 3.764200e-02 8.609900e-01
5.000760e-01 7.958723e-10 3.883300e-02 8.635000e-01
5.000034e-01 7.654156e-10 4.152100e-02 8.611500e-01
4.998159e-01 7.069863e-10 4.181900e-02 8.623900e-01
5.001211e-01 8.102776e-10 4.248500e-02 8.605200e-01
4.999265e-01 7.156237e-10 3.972800e-02 8.607800e-01
4.999037e-01 7.454251e-10 2.553100e-02 8.602400e-01
5.001176e-01 8.040161e-10 3.276000e-02 8.587600e-01
5.000418e-01 8.165082e-10 3.869300e-02 8.617600e-01
4.999737e-01 7.260241e-10 4.024600e-02 8.597500e-01
4.999552e-01 7.366650e-10 2.934000e-02 8.597600e-01
5.001258e-01 7.810508e-10 3.094900e-02 8.585900e-01
4.999763e-01 7.507150e-10 2.476400e-02 8.589600e-01
4.999834e-01 7.647954e-10 3.284800e-02 8.625400e-01
5.000231e-01 7.695939e-10 2.894900e-02 8.621300e-01
4.998963e-01 7.204131e-10 3.488900e-02 8.606600e-01
4.999891e-01 7.296235e-10 2.311000e-02 8.604900e-01
5.000374e-01 8.069680e-10 3.183400e-02 8.627100e-01
4.999967e-01 7.642066e-10 3.165500e-02 8.600500e-01
4.999067e-01 7.195209e-10 3.247100e-02 8.606200e-01
5.000918e-01 7.946254e-10 3.221300e-02 8.608800e-01
5.000482e-01 7.493875e-10 3.622400e-02 8.605900e-01
4.998298e-01 6.944449e-10 2.375700e-02 8.628900e-01
4.999702e-01 7.452664e-10 4.032300e-02 8.618100e-01
5.001079e-01 8.430611e-10 2.778100e-02 8.613700e-01
5.000229e-01 7.752344e-10 4.351000e-02 8.606800e-01
4.999928e-01 7.593580e-10 4.295300e-02 8.596300e-01
5.000472e-01 7.624709e-10 3.824100e-02 8.590200e-01
5.000374e-01 7.415959e-10 3.317700e-02 8.614300e-01
5.000306e-01 8.117889e-10 4.160200e-02 8.608900e-01
5.000146e-01 7.647979e-10 3.609700e-02 8.590200e-01
5.000826e-01 7.909886e-10 3.374900e-02 8.608000e-01
4.999787e-01 7.862844e-10 2.997900e-02 8.617700e-01
5.000422e-01 7.868155e-10 3.333800e-02 8.600900e-01
5.001033e-01 7.739359e-10 4.073200e-02 8.590800e-01
4.999814e-01 7.530371e-10 2.355000e-02 8.598200e-01
5.002160e-01 8.429799e-10 4.181100e-02 8.581600e-01
5.001410e-01 7.986909e-10 2.959300e-02 8.600600e-01
4.998366e-01 6.812770e-10 4.074400e-02 8.615400e-01
5.000898e-01 8.131121e-10 4.001100e-02 8.611900e-01
5.000417e-01 7.539392e-10 3.142800e-02 8.593100e-01
4.999011e-01 7.174846e-10 3.148800e-02 8.606700e-01
4.998645e-01 7.007144e-10 3.919900e-02 8.614800e-01
5.000833e-01 8.292160e-10 3.600500e-02 8.601000e-01
4.999905e-01 7.295001e-10 3.916700e-02 8.606600e-01
5.001279e-01 8.472341e-10 3.546300e-02 8.590000e-01
4.999884e-01 7.635091e-10 3.749300e-02 8.599500e-01
4.998985e-01 7.142687e-10 3.593000e-02 8.617500e-01
5.001204e-01 7.832435e-10 3.995600e-02 8.615000e-01
5.000774e-01 7.900723e-10 4.029400e-02 8.628300e-01
4.999740e-01 7.863487e-10 2.870300e-02 8.602500e-01
5.000174e-01 7.529220e-10 3.843900e-02 8.591400e-01
4.999424e-01 7.607889e-10 2.676800e-02 8.609400e-01
4.999505e-01 7.498004e-10 3.800900e-02 8.595000e-01
5.000175e-01 7.631866e-10 4.188200e-02 8.623500e-01
5.000610e-01 7.929266e-10 3.725400e-02 8.596100e-01
4.998012e-01 6.948719e-10 2.713300e-02 8.631400e-01
4.999936e-01 7.780040e-10 3.777200e-02 8.619900e-01
4.999777e-01 8.067372e-10 4.228300e-02 8.608100e-01
5.000121e-01 7.621150e-10 2.698600e-02 8.642700e-01
5.000802e-01 8.272305e-10 3.904100e-02 8.617400e-01
5.000457e-01 7.957996e-10 2.431200e-02 8.621200e-01
4.999733e-01 7.592103e-10 3.025900e-02 8.611900e-01
5.000000e-01 7.795350e-10 2.667300e-02 8.604900e-01
5.000414e-01 7.897187e-10 3.465400e-02 8.596900e-01
5.001024e-01 8.054819e-10 3.706600e-02 8.617400e-01
5.001689e-01 8.295273e-10 3.989600e-02 8.611500e-01
5.000619e-01 8.272878e-10 3.140900e-02 8.595600e-01
5.000412e-01 8.103022e-10 3.547100e-02 8.610400e-01
5.001164e-01 7.990982e-10 3.289500e-02 8.579200e-01
4.999148e-01 7.126828e-10 3.610100e-02 8.620200e-01
4.999996e-01 7.544631e-10 3.069900e-02 8.603500e-01
5.000026e-01 7.894102e-10 3.257000e-02 8.602200e-01
4.999961e-01 7.423180e-10 2.880100e-02 8.628200e-01
5.000420e-01 7.655345e-10 3.679800e-02 8.594600e-01
5.001398e-01 7.975850e-10 3.608100e-02 8.613700e-01
5.001435e-01 8.410832e-10 3.505600e-02 8.611600e-01
4.999743e-01 7.779313e-10 3.782600e-02 8.625600e-01
5.002785e-01 8.467873e-10 3.573100e-02 8.608100e-01
5.000495e-01 7.522796e-10 3.634400e-02 8.602000e-01
4.999034e-01 7.160763e-10 3.310700e-02 8.626800e-01
5.002275e-01 8.399392e-10 3.394900e-02 8.592900e-01
5.000456e-01 7.766300e-10 3.967800e-02 8.594500e-01
5.000434e-01 7.637049e-10 3.836000e-02 8.601100e-01
4.999553e-01 7.334086e-10 3.172400e-02 8.618700e-01
5.001224e-01 7.962868e-10 4.045800e-02 8.600300e-01
5.000682e-01 8.016812e-10 2.702300e-02 8.619700e-01
5.000831e-01 7.893322e-10 2.883000e-02 8.603000e-01
4.999818e-01 7.366671e-10 3.781500e-02 8.593900e-01
5.001989e-01 8.073996e-10 3.339500e-02 8.615200e-01
5.002349e-01 8.400555e-10 3.445000e-02 8.602800e-01
4.999787e-01 7.929559e-10 4.309200e-02 8.622300e-01
5.000243e-01 7.500694e-10 3.263000e-02 8.614900e-01
5.001133e-01 8.197808e-10 3.686100e-02 8.602000e-01
5.001149e-01 7.913126e-10 3.426900e-02 8.609200e-01
5.001066e-01 7.748340e-10 3.003400e-02 8.620200e-01
4.998156e-01 6.750755e-10 3.515400e-02 8.621600e-01
5.000188e-01 7.874185e-10 3.532300e-02 8.602000e-01
4.999177e-01 7.520824e-10 3.690100e-02 8.616800e-01
4.999214e-01 7.181012e-10 3.069600e-02 8.592100e-01
4.999547e-01 7.349996e-10 3.521600e-02 8.619300e-01
4.999635e-01 7.102097e-10 2.420500e-02 8.609900e-01
5.001582e-01 7.860518e-10 3.555800e-02 8.595700e-01
4.999552e-01 7.600428e-10 2.969200e-02 8.607000e-01
5.002001e-01 8.058101e-10 3.074800e-02 8.577600e-01
4.999076e-01 7.280121e-10 3.901000e-02 8.619200e-01
5.000168e-01 7.314752e-10 2.903800e-02 8.614400e-01
4.998983e-01 7.285910e-10 3.773300e-02 8.610900e-01
5.000748e-01 7.797860e-10 3.359200e-02 8.591400e-01
4.999549e-01 7.524864e-10 3.737100e-02 8.600700e-01
5.001407e-01 8.181680e-10 3.860200e-02 8.610200e-01
5.001177e-01 8.004297e-10 3.823400e-02 8.611900e-01
5.000772e-01 7.596868e-10 3.900300e-02 8.607000e-01
5.000359e-01 7.791665e-10 3.197900e-02 8.615900e-01
4.999801e-01 7.279738e-10 3.227800e-02 8.610200e-01
4.998330e-01 6.932535e-10 2.764000e-02 8.595400e-01
4.998141e-01 7.005352e-10 3.516200e-02 8.616200e-01
5.002152e-01 8.467672e-10 4.030900e-02 8.603800e-01
5.000293e-01 7.412284e-10 3.464400e-02 8.620300e-01
4.999933e-01 7.538547e-10 3.115200e-02 8.612900e-01
5.001145e-01 8.100536e-10 3.490800e-02 8.590600e-01
4.999982e-01 7.607043e-10 3.029800e-02 8.601200e-01
5.000680e-01 7.907715e-10 3.174800e-02 8.607400e-01
5.001398e-01 8.338953e-10 2.600700e-02 8.613000e-01
5.000573e-01 8.104800e-10 3.545200e-02 8.603900e-01
5.000963e-01 7.655587e-10 3.145700e-02 8.602600e-01
4.999013e-01 7.609154e-10 2.943900e-02 8.612100e-01
4.999567e-01 7.361449e-10 3.591800e-02 8.604900e-01
5.001018e-01 8.048971e-10 2.732900e-02 8.601300e-01
4.998326e-01 6.909597e-10 3.474500e-02 8.628500e-01
4.999039e-01 7.250383e-10 4.190800e-02 8.603800e-01
4.998906e-01 7.246828e-10 3.125100e-02 8.614400e-01
4.999683e-01 6.962987e-10 3.577900e-02 8.614400e-01
4.999595e-01 7.340809e-10 4.184200e-02 8.609100e-01
5.001185e-01 7.689183e-10 3.402000e-02 8.584600e-01
4.999674e-01 7.757814e-10 3.196800e-02 8.601900e-01
4.999955e-01 7.465357e-10 4.056000e-02 8.599200e-01
4.999516e-01 7.374129e-10 3.630800e-02 8.642000e-01
5.000260e-01 7.707880e-10 3.689400e-02 8.615300e-01
4.999655e-01 7.514875e-10 3.276500e-02 8.619900e-01
5.000011e-01 7.406278e-10 3.140400e-02 8.597700e-01
4.999767e-01 7.371019e-10 2.493500e-02 8.592200e-01
4.999567e-01 7.144303e-10 3.131100e-02 8.620600e-01
5.000045e-01 7.631315e-10 3.938600e-02 8.616800e-01
5.000096e-01 7.457383e-10 3.330200e-02 8.607800e-01
5.000682e-01 7.776184e-10 3.214400e-02 8.581900e-01
5.000618e-01 7.550843e-10 2.674500e-02 8.609400e-01
5.000218e-01 8.152393e-10 3.361500e-02 8.617900e-01
4.999693e-01 7.710788e-10 4.263000e-02 8.589100e-01
4.999126e-01 7.673340e-10 3.037800e-02 8.643600e-01
5.000485e-01 7.684351e-10 3.607100e-02 8.611800e-01
4.999135e-01 7.445672e-10 4.018300e-02 8.612100e-01
4.999784e-01 7.581226e-10 3.577600e-02 8.612400e-01
5.000551e-01 7.477895e-10 4.261600e-02 8.602000e-01
4.998431e-01 6.799667e-10 2.719500e-02 8.609000e-01
5.000775e-01 7.464033e-10 3.938900e-02 8.614700e-01
4.999448e-01 7.638039e-10 3.350700e-02 8.626300e-01
5.001646e-01 8.244497e-10 4.230700e-02 8.612900e-01
4.999605e-01 7.303554e-10 4.107800e-02 8.623700e-01
5.000902e-01 8.284288e-10 3.315800e-02 8.598200e-01
4.999688e-01 7.891315e-10 2.843100e-02 8.627700e-01
5.000539e-01 7.588704e-10 3.592000e-02 8.601900e-01
4.997955e-01 7.389932e-10 3.579400e-02 8.636100e-01
4.997326e-01 6.629198e-10 3.303300e-02 8.629200e-01
4.999404e-01 7.187779e-10 3.613200e-02 8.611000e-01
5.000167e-01 7.757449e-10 2.637800e-02 8.604000e-01
5.001448e-01 7.996710e-10 3.183000e-02 8.602300e-01
4.999119e-01 7.259398e-10 2.644000e-02 8.624500e-01
4.999020e-01 6.874052e-10 3.268900e-02 8.622200e-01
4.999905e-01 7.663429e-10 2.923700e-02 8.612800e-01
4.999515e-01 7.460741e-10 3.830500e-02 8.591800e-01
5.002888e-01 8.160422e-10 4.270300e-02 8.585800e-01
4.998209e-01 6.779951e-10 3.478500e-02 8.596600e-01
4.999674e-01 7.130050e-10 3.624900e-02 8.600100e-01
5.000790e-01 7.895926e-10 3.263700e-02 8.602900e-01
5.001645e-01 7.981081e-10 3.849200e-02 8.611800e-01
4.997194e-01 6.569294e-10 4.028700e-02 8.623100e-01
5.002035e-01 8.483386e-10 3.015100e-02 8.613300e-01
4.999609e-01 7.126790e-10 4.011800e-02 8.611600e-01
4.999955e-01 7.424248e-10 3.090000e-02 8.617100e-01
4.999091e-01 7.403204e-10 3.327600e-02 8.603000e-01
4.999340e-01 7.836957e-10 3.457600e-02 8.607200e-01
5.001616e-01 7.642725e-10 3.608300e-02 8.617400e-01
4.998119e-01 7.092961e-10 3.665200e-02 8.607100e-01
4.999204e-01 7.342340e-10 4.141500e-02 8.618600e-01
5.000377e-01 7.657682e-10 3.829900e-02 8.617500e-01
4.999683e-01 7.184118e-10 3.895900e-02 8.613400e-01
5.001346e-01 8.084741e-10 3.543600e-02 8.608000e-01
5.001307e-01 8.364579e-10 3.756900e-02 8.627200e-01
4.999243e-01 7.294219e-10 3.719400e-02 8.604100e-01
5.000503e-01 7.639614e-10 2.845800e-02 8.595600e-01
4.999028e-01 7.400202e-10 3.397200e-02 8.612300e-01
4.998731e-01 7.130711e-10 3.229500e-02 8.627000e-01
5.000361e-01 7.596131e-10 3.935200e-02 8.619500e-01
4.999335e-01 7.040083e-10 2.644300e-02 8.599300e-01
5.001602e-01 8.157743e-10 3.699900e-02 8.601500e-01
5.000453e-01 8.072364e-10 2.532200e-02 8.643600e-01
5.001505e-01 8.728338e-10 2.567600e-02 8.609600e-01
5.000153e-01 7.631237e-10 2.768300e-02 8.610900e-01
5.000528e-01 7.535680e-10 3.286800e-02 8.598600e-01
5.001289e-01 8.484480e-10 3.206700e-02 8.605800e-01
4.999694e-01 7.319347e-10 3.507900e-02 8.602000e-01
5.000877e-01 8.451488e-10 2.621700e-02 8.620600e-01
5.000315e-01 7.938955e-10 4.058200e-02 8.612000e-01
5.001862e-01 8.050716e-10 3.870200e-02 8.574700e-01
4.998162e-01 7.010046e-10 3.188400e-02 8.609600e-01
4.999616e-01 7.336059e-10 3.808500e-02 8.601500e-01
5.000000e-01 8.068933e-10 2.883300e-02 8.630400e-01
4.997327e-01 6.462807e-10 3.076500e-02 8.621700e-01
4.999935e-01 7.694793e-10 3.846400e-02 8.595600e-01
4.999295e-01 7.322107e-10 3.470100e-02 8.624500e-01
5.000597e-01 7.824171e-10 4.111700e-02 8.625200e-01
4.999566e-01 7.564287e-10 3.510400e-02 8.602400e-01
4.998850e-01 7.317004e-10 3.746600e-02 8.594100e-01
4.999918e-01 8.136610e-10 3.663500e-02 8.620900e-01
4.999065e-01 7.167493e-10 4.147100e-02 8.608900e-01
4.998333e-01 7.148767e-10 3.257900e-02 8.608600e-01
4.999968e-01 7.465496e-10 3.774200e-02 8.621100e-01
5.001867e-01 8.312281e-10 2.589900e-02 8.608500e-01
4.999080e-01 7.342836e-10 3.421600e-02 8.600700e-01
5.000674e-01 8.200220e-10 4.189600e-02 8.603000e-01
4.999283e-01 7.265324e-10 3.052600e-02 8.623500e-01
4.999415e-01 7.390638e-10 3.682500e-02 8.605700e-01
5.000231e-01 7.734511e-10 4.087200e-02 8.605500e-01
4.999553e-01 7.136028e-10 2.844500e-02 8.606100e-01
5.001792e-01 8.159150e-10 3.294500e-02 8.599600e-01
5.000684e-01 7.706792e-10 2.541000e-02 8.608400e-01
4.998188e-01 6.811712e-10 2.805300e-02 8.626900e-01
5.000338e-01 7.335860e-10 2.872100e-02 8.606400e-01
5.001049e-01 7.926152e-10 3.208500e-02 8.581500e-01
5.002087e-01 8.556924e-10 3.830900e-02 8.611800e-01
4.999668e-01 7.328153e-10 3.266900e-02 8.625200e-01
4.999027e-01 7.293641e-10 3.630600e-02 8.604900e-01
4.999091e-01 6.979911e-10 2.512600e-02 8.643300e-01
5.002128e-01 9.184066e-10 2.787600e-02 8.615200e-01
4.999513e-01 7.495928e-10 4.298900e-02 8.608200e-01
4.998024e-01 7.028970e-10 4.073400e-02 8.649100e-01
4.999986e-01 7.497867e-10 3.815200e-02 8.616600e-01
4.999625e-01 7.587055e-10 3.941600e-02 8.619400e-01
5.001813e-01 7.819270e-10 3.896400e-02 8.611400e-01
4.998459e-01 6.760803e-10 3.010500e-02 8.622400e-01
4.999110e-01 7.039435e-10 3.791100e-02 8.608100e-01
4.998901e-01 7.093119e-10 2.618700e-02 8.605500e-01
4.998916e-01 7.226890e-10 3.953800e-02 8.590700e-01
5.000826e-01 7.727043e-10 4.267100e-02 8.601100e-01
4.997402e-01 6.675649e-10 3.329800e-02 8.623000e-01
5.000026e-01 7.461635e-10 3.761100e-02 8.601300e-01
4.999543e-01 7.621345e-10 3.144200e-02 8.626300e-01
4.999200e-01 7.455873e-10 3.565500e-02 8.600200e-01
5.000656e-01 7.585857e-10 3.821800e-02 8.612500e-01
5.000806e-01 7.918900e-10 3.441400e-02 8.596600e-01
5.000547e-01 7.814156e-10 3.635600e-02 8.602000e-01
4.999430e-01 7.669028e-10 2.995900e-02 8.600200e-01
5.000346e-01 7.542647e-10 4.100300e-02 8.605700e-01
4.997721e-01 6.679880e-10 4.003300e-02 8.618400e-01
4.999562e-01 7.494926e-10 4.220800e-02 8.621300e-01
4.999216e-01 7.199786e-10 3.177200e-02 8.589300e-01
5.000776e-01 7.818078e-10 4.144500e-02 8.613700e-01
5.000358e-01 7.777206e-10 4.254300e-02 8.600300e-01
5.001854e-01 8.223201e-10 3.356600e-02 8.600300e-01
5.002640e-01 8.390814e-10 3.984300e-02 8.564200e-01
5.000891e-01 7.985709e-10 3.828800e-02 8.612700e-01
5.000506e-01 7.424311e-10 3.880200e-02 8.601500e-01
5.000039e-01 7.238202e-10 3.510700e-02 8.614100e-01
4.997336e-01 6.669038e-10 3.499300e-02 8.612200e-01
5.002017e-01 8.012706e-10 3.844100e-02 8.594400e-01
4.999002e-01 7.635227e-10 2.954100e-02 8.640900e-01
4.999907e-01 7.766267e-10 3.199600e-02 8.607000e-01
5.000488e-01 7.733197e-10 3.772900e-02 8.607400e-01
5.000516e-01 7.601623e-10 3.149900e-02 8.602100e-01
5.001144e-01 7.811798e-10 2.866800e-02 8.589200e-01
5.001416e-01 7.807380e-10 3.849600e-02 8.604300e-01
5.000520e-01 7.698156e-10 3.535500e-02 8.604200e-01
4.998423e-01 7.419544e-10 3.148900e-02 8.606300e-01
5.001130e-01 8.078860e-10 3.873900e-02 8.589800e-01
5.000120e-01 7.559294e-10 3.890600e-02 8.606100e-01
5.001277e-01 7.969374e-10 4.236900e-02 8.603000e-01
4.998031e-01 7.042325e-10 3.796500e-02 8.604100e-01
4.998943e-01 7.658567e-10 3.980300e-02 8.598500e-01
5.000106e-01 7.939818e-10 3.020500e-02 8.608500e-01
5.000157e-01 7.315361e-10 3.262400e-02 8.615400e-01
5.001181e-01 8.018786e-10 2.882600e-02 8.587100e-01
5.000353e-01 7.698691e-10 3.890300e-02 8.590500e-01
5.003204e-01 8.583057e-10 3.883100e-02 8.598500e-01
5.000068e-01 7.004700e-10 3.024800e-02 8.615000e-01
5.000690e-01 7.809863e-10 3.836800e-02 8.603300e-01
5.000304e-01 7.545495e-10 4.254100e-02 8.609100e-01
5.000326e-01 8.127117e-10 3.267000e-02 8.598400e-01
4.999856e-01 7.291816e-10 3.933300e-02 8.601600e-01
4.999600e-01 7.393991e-10 3.461200e-02 8.600100e-01
5.003097e-01 9.062694e-10 3.990300e-02 8.601700e-01
5.002368e-01 8.622079e-10 2.996800e-02 8.632500e-01
4.999916e-01 7.588925e-10 2.854500e-02 8.621600e-01
5.000962e-01 7.610984e-10 4.190800e-02 8.602800e-01
5.000987e-01 8.576433e-10 4.078300e-02 8.592800e-01
5.003383e-01 8.473029e-10 4.070800e-02 8.606800e-01
5.002126e-01 8.339748e-10 3.870800e-02 8.594700e-01
4.998583e-01 7.275389e-10 3.274900e-02 8.613800e-01
5.000304e-01 7.684469e-10 4.263200e-02 8.600300e-01
4.999795e-01 7.264827e-10 2.520800e-02 8.643400e-01
4.999088e-01 7.340516e-10 3.177400e-02 8.628400e-01
4.999393e-01 7.448027e-10 2.561100e-02 8.610500e-01
5.000679e-01 7.876192e-10 3.548000e-02 8.632900e-01
5.001915e-01 7.745458e-10 3.431600e-02 8.610300e-01
4.997289e-01 6.858265e-10 3.549700e-02 8.626700e-01
4.999291e-01 7.180131e-10 3.158000e-02 8.619700e-01
5.000154e-01 7.514575e-10 4.076100e-02 8.586400e-01
5.000197e-01 7.417277e-10 3.222500e-02 8.614800e-01
4.998446e-01 7.327790e-10 4.182400e-02 8.624400e-01
4.999348e-01 7.127770e-10 4.145600e-02 8.604000e-01
