# dim  N   mc   rho  Brute 
  1    1 100000 0.4
#
# Theoretical Energy = 5.000000e-01
# Energy     Variance     CPU time     Acceptance
5.298665e-01 6.273337e-07 9.324700e-02 9.523300e-01
5.248929e-01 5.048363e-07 8.698900e-02 9.543400e-01
5.282578e-01 5.070767e-07 7.831000e-02 9.511600e-01
5.302074e-01 4.651106e-07 6.793700e-02 9.493100e-01
5.216202e-01 4.259738e-07 7.463600e-02 9.514700e-01
5.142926e-01 3.820258e-07 8.838000e-02 9.514300e-01
5.232836e-01 4.596239e-07 6.865500e-02 9.507500e-01
5.221479e-01 3.805545e-07 8.311700e-02 9.504400e-01
5.157065e-01 3.373336e-07 8.318300e-02 9.510200e-01
5.161245e-01 3.149835e-07 8.276100e-02 9.504300e-01
5.080938e-01 2.985286e-07 8.508900e-02 9.523100e-01
5.226855e-01 3.521001e-07 7.676500e-02 9.493400e-01
5.126029e-01 2.675924e-07 9.536900e-02 9.497000e-01
5.132524e-01 2.833151e-07 9.457900e-02 9.483900e-01
5.164415e-01 2.943275e-07 8.459500e-02 9.488800e-01
5.095701e-01 2.571970e-07 8.259100e-02 9.503100e-01
5.171371e-01 2.905639e-07 9.285100e-02 9.487300e-01
5.053064e-01 2.217556e-07 6.680400e-02 9.516000e-01
5.127853e-01 2.748989e-07 6.857300e-02 9.489800e-01
5.028606e-01 2.140576e-07 8.459100e-02 9.513800e-01
5.072869e-01 2.145129e-07 7.666700e-02 9.483100e-01
5.149608e-01 2.641197e-07 6.517000e-02 9.497100e-01
5.055091e-01 2.001051e-07 7.973400e-02 9.519700e-01
5.142650e-01 2.568908e-07 7.357200e-02 9.488700e-01
5.068878e-01 1.944055e-07 7.409600e-02 9.504000e-01
5.060773e-01 2.114014e-07 8.014900e-02 9.524400e-01
5.130707e-01 2.149792e-07 7.995900e-02 9.494800e-01
5.065970e-01 1.847988e-07 7.715600e-02 9.493700e-01
4.997491e-01 1.667091e-07 7.276200e-02 9.505300e-01
5.046750e-01 1.821587e-07 8.198100e-02 9.506500e-01
5.057939e-01 1.863048e-07 9.029400e-02 9.505600e-01
5.102359e-01 2.056690e-07 6.424400e-02 9.504900e-01
5.147921e-01 2.141431e-07 8.636100e-02 9.484400e-01
5.066552e-01 1.667311e-07 7.786100e-02 9.482000e-01
5.041886e-01 1.621839e-07 8.152700e-02 9.503100e-01
5.035156e-01 1.657706e-07 7.028900e-02 9.496600e-01
5.052413e-01 1.799677e-07 7.522100e-02 9.504500e-01
5.055890e-01 1.682540e-07 8.081100e-02 9.500300e-01
5.101606e-01 1.622391e-07 7.539200e-02 9.487700e-01
5.057607e-01 1.557322e-07 7.611700e-02 9.499600e-01
5.046666e-01 1.441454e-07 8.628600e-02 9.495900e-01
5.048281e-01 1.367386e-07 8.900100e-02 9.493100e-01
5.017634e-01 1.406772e-07 7.134600e-02 9.500500e-01
5.095591e-01 1.535174e-07 8.074300e-02 9.467400e-01
5.081916e-01 1.550881e-07 8.139000e-02 9.487400e-01
5.117448e-01 1.556187e-07 9.413300e-02 9.464700e-01
5.072111e-01 1.409833e-07 8.224000e-02 9.479900e-01
4.988225e-01 1.170089e-07 6.718000e-02 9.501700e-01
5.030272e-01 1.240171e-07 8.499400e-02 9.499400e-01
5.069945e-01 1.515092e-07 7.488700e-02 9.480000e-01
5.127353e-01 1.531819e-07 8.251400e-02 9.463700e-01
5.055106e-01 1.298929e-07 8.365200e-02 9.481700e-01
5.052634e-01 1.366381e-07 8.721500e-02 9.495600e-01
5.074645e-01 1.387095e-07 6.455800e-02 9.485300e-01
5.082120e-01 1.237576e-07 7.701300e-02 9.475400e-01
5.012136e-01 1.126316e-07 9.455300e-02 9.495700e-01
5.048326e-01 1.206148e-07 9.030900e-02 9.474900e-01
5.082390e-01 1.421763e-07 7.659900e-02 9.473400e-01
5.014530e-01 1.097122e-07 8.397000e-02 9.497900e-01
4.992776e-01 9.524294e-08 9.133200e-02 9.490500e-01
5.111830e-01 1.279709e-07 8.729200e-02 9.458600e-01
4.992935e-01 1.021606e-07 7.925200e-02 9.489700e-01
5.051780e-01 1.155182e-07 7.284500e-02 9.483000e-01
5.087284e-01 1.206521e-07 8.013800e-02 9.478600e-01
5.036237e-01 1.040686e-07 7.954100e-02 9.489200e-01
5.039173e-01 1.062695e-07 7.098600e-02 9.495300e-01
5.040203e-01 1.111675e-07 6.952900e-02 9.486200e-01
5.100532e-01 1.240853e-07 6.577000e-02 9.470300e-01
5.038666e-01 9.560339e-08 8.974400e-02 9.475100e-01
5.003525e-01 8.991526e-08 5.669800e-02 9.490000e-01
5.091442e-01 1.207355e-07 8.395100e-02 9.466600e-01
5.045816e-01 9.829849e-08 6.908400e-02 9.479800e-01
5.082927e-01 1.065185e-07 8.673000e-02 9.465900e-01
4.985306e-01 7.864957e-08 5.617100e-02 9.486300e-01
5.026376e-01 9.445977e-08 7.451800e-02 9.481300e-01
5.076832e-01 1.004338e-07 6.944100e-02 9.469200e-01
5.027739e-01 8.375449e-08 7.415800e-02 9.482200e-01
5.056005e-01 1.040793e-07 7.050100e-02 9.471700e-01
5.051710e-01 9.982319e-08 8.147300e-02 9.476100e-01
5.054245e-01 8.814523e-08 7.992000e-02 9.477100e-01
5.043605e-01 9.412887e-08 8.296100e-02 9.477000e-01
5.024511e-01 7.702273e-08 6.349200e-02 9.462900e-01
5.065310e-01 9.722133e-08 8.331700e-02 9.473100e-01
5.057890e-01 8.671917e-08 7.073200e-02 9.452200e-01
5.022097e-01 7.131420e-08 7.302000e-02 9.469600e-01
5.043269e-01 8.307569e-08 9.488700e-02 9.466500e-01
5.025425e-01 8.809703e-08 7.602000e-02 9.476800e-01
5.038772e-01 8.614239e-08 7.840900e-02 9.476000e-01
5.064934e-01 8.811369e-08 8.161100e-02 9.447300e-01
5.034449e-01 7.585019e-08 9.304200e-02 9.480000e-01
5.013465e-01 7.272298e-08 7.839800e-02 9.480900e-01
5.062602e-01 8.631329e-08 8.437700e-02 9.464300e-01
5.068096e-01 7.705951e-08 6.629500e-02 9.444300e-01
5.026576e-01 7.446159e-08 6.664800e-02 9.477400e-01
4.987238e-01 7.147003e-08 8.324900e-02 9.499800e-01
5.018343e-01 6.825051e-08 8.965300e-02 9.484000e-01
5.015661e-01 6.655306e-08 8.191900e-02 9.481700e-01
5.031585e-01 7.230197e-08 6.637100e-02 9.484100e-01
4.968833e-01 5.549561e-08 7.252400e-02 9.493300e-01
