# dim  N   mc   rho  Brute 
# 1    1 100000 0.3
#
# Theoretical Energy = 5.000000e-01
# Energy     Variance     CPU time     Acceptance
5.073011e-01 2.662040e-07 4.215500e-02 9.585800e-01
5.260328e-01 3.170983e-07 4.202700e-02 9.573900e-01
5.144412e-01 2.642746e-07 4.308700e-02 9.560800e-01
5.315625e-01 3.013614e-07 3.782400e-02 9.569800e-01
5.180749e-01 2.708613e-07 3.475800e-02 9.572600e-01
4.877050e-01 2.446215e-07 2.687300e-02 9.578500e-01
5.139207e-01 2.292387e-07 3.410900e-02 9.594100e-01
5.045555e-01 2.051529e-07 3.169900e-02 9.605100e-01
5.037318e-01 2.214231e-07 3.916900e-02 9.600800e-01
5.329860e-01 2.322987e-07 3.680600e-02 9.571400e-01
5.088984e-01 2.023833e-07 3.547500e-02 9.589400e-01
5.081969e-01 1.988722e-07 4.216500e-02 9.596300e-01
5.069812e-01 1.981987e-07 3.722700e-02 9.581900e-01
5.015432e-01 1.897559e-07 3.478000e-02 9.596900e-01
5.187123e-01 2.336554e-07 3.893300e-02 9.568300e-01
5.175109e-01 2.159815e-07 3.347800e-02 9.564100e-01
5.182302e-01 2.008127e-07 3.616500e-02 9.576300e-01
5.072586e-01 1.822592e-07 4.228200e-02 9.583700e-01
5.135507e-01 1.698268e-07 2.890000e-02 9.581600e-01
5.007154e-01 1.785660e-07 3.182200e-02 9.577900e-01
5.142117e-01 1.604635e-07 3.051200e-02 9.571200e-01
5.150472e-01 1.728101e-07 3.905400e-02 9.574100e-01
4.933286e-01 1.671287e-07 4.109200e-02 9.589900e-01
5.017219e-01 1.755717e-07 3.900200e-02 9.561000e-01
4.969210e-01 1.643416e-07 2.780300e-02 9.578300e-01
5.063758e-01 1.382538e-07 3.644700e-02 9.575700e-01
5.055462e-01 1.436416e-07 3.131800e-02 9.567400e-01
5.069162e-01 1.717971e-07 3.640000e-02 9.562200e-01
5.127855e-01 1.589099e-07 3.569500e-02 9.565100e-01
5.089021e-01 1.374486e-07 3.720400e-02 9.558000e-01
5.031267e-01 1.515088e-07 3.981700e-02 9.566800e-01
5.097994e-01 1.267982e-07 3.370600e-02 9.578400e-01
5.013878e-01 1.314834e-07 3.184300e-02 9.579600e-01
5.096728e-01 1.327996e-07 3.658700e-02 9.552000e-01
5.067813e-01 1.262989e-07 2.747400e-02 9.552500e-01
5.010813e-01 1.020991e-07 4.249300e-02 9.575500e-01
5.074909e-01 1.063424e-07 3.971600e-02 9.580100e-01
4.976430e-01 1.170952e-07 4.276000e-02 9.560300e-01
5.128336e-01 1.064845e-07 4.024700e-02 9.590000e-01
5.088874e-01 1.040493e-07 2.948100e-02 9.576200e-01
5.055103e-01 1.183319e-07 3.766000e-02 9.581000e-01
5.127614e-01 9.221406e-08 3.888500e-02 9.574800e-01
5.019747e-01 9.241854e-08 3.725300e-02 9.590000e-01
5.037815e-01 9.696574e-08 3.314700e-02 9.568900e-01
5.084558e-01 9.723737e-08 3.330300e-02 9.566300e-01
5.140600e-01 9.464339e-08 3.141600e-02 9.562600e-01
5.054922e-01 8.273101e-08 3.063000e-02 9.586100e-01
5.085877e-01 7.925353e-08 3.310600e-02 9.585500e-01
5.095463e-01 7.508777e-08 3.506100e-02 9.570400e-01
5.010273e-01 7.161439e-08 3.615900e-02 9.593500e-01
5.042699e-01 7.727836e-08 3.104600e-02 9.580200e-01
5.060471e-01 5.800516e-08 3.566700e-02 9.604200e-01
5.056571e-01 8.371665e-08 3.528200e-02 9.563100e-01
4.993113e-01 6.985933e-08 2.991100e-02 9.593700e-01
5.013815e-01 7.812241e-08 3.307300e-02 9.574400e-01
5.033208e-01 7.174019e-08 3.782200e-02 9.585400e-01
5.069964e-01 6.092065e-08 2.640100e-02 9.572800e-01
5.002361e-01 5.942740e-08 3.213200e-02 9.601900e-01
5.037489e-01 6.049794e-08 3.450500e-02 9.586700e-01
4.994253e-01 5.708472e-08 2.525800e-02 9.580000e-01
5.044814e-01 6.071054e-08 3.358400e-02 9.588300e-01
5.085993e-01 5.316813e-08 3.798000e-02 9.575200e-01
5.055706e-01 5.884243e-08 3.788400e-02 9.586900e-01
5.054044e-01 7.344477e-08 4.256400e-02 9.555300e-01
4.979762e-01 5.218548e-08 3.634900e-02 9.580400e-01
5.018131e-01 4.502165e-08 3.852000e-02 9.594700e-01
4.993354e-01 4.823551e-08 3.061600e-02 9.580100e-01
5.049518e-01 4.745987e-08 4.037100e-02 9.587500e-01
4.919554e-01 5.141817e-08 3.162300e-02 9.562600e-01
5.038599e-01 5.931519e-08 3.629300e-02 9.557200e-01
4.970762e-01 4.165489e-08 3.211500e-02 9.605300e-01
5.050746e-01 4.492855e-08 3.182700e-02 9.593500e-01
4.950954e-01 4.826198e-08 4.099600e-02 9.585500e-01
5.054175e-01 4.383784e-08 3.602500e-02 9.585600e-01
4.927804e-01 3.845289e-08 3.102000e-02 9.572700e-01
5.026137e-01 3.880935e-08 3.704600e-02 9.598900e-01
5.032065e-01 3.965062e-08 3.445100e-02 9.583000e-01
5.084248e-01 3.598378e-08 3.644400e-02 9.595400e-01
4.929617e-01 3.515439e-08 3.753100e-02 9.577000e-01
4.990070e-01 3.288944e-08 3.526100e-02 9.589100e-01
5.058210e-01 3.988097e-08 3.725100e-02 9.587100e-01
4.969694e-01 3.446934e-08 3.048900e-02 9.570700e-01
5.011299e-01 2.760417e-08 4.015500e-02 9.605000e-01
4.967607e-01 3.449011e-08 2.469000e-02 9.588400e-01
4.971513e-01 3.027834e-08 3.045300e-02 9.594100e-01
5.033315e-01 3.384108e-08 3.459900e-02 9.570300e-01
4.957864e-01 3.054460e-08 3.226800e-02 9.574600e-01
5.068456e-01 3.101402e-08 3.202500e-02 9.585400e-01
5.015949e-01 3.322221e-08 4.028500e-02 9.563600e-01
5.007288e-01 2.659751e-08 3.319100e-02 9.580200e-01
5.025789e-01 2.805642e-08 3.068000e-02 9.580100e-01
5.020681e-01 2.851120e-08 3.388800e-02 9.574100e-01
4.991611e-01 2.611476e-08 4.127200e-02 9.594100e-01
5.005805e-01 2.551876e-08 2.633200e-02 9.579200e-01
5.021007e-01 2.726368e-08 3.310100e-02 9.576600e-01
5.015925e-01 2.669504e-08 3.050500e-02 9.574000e-01
5.028434e-01 2.224525e-08 2.856100e-02 9.593400e-01
5.012850e-01 2.443728e-08 2.872500e-02 9.571800e-01
5.036332e-01 2.256737e-08 3.360700e-02 9.575500e-01
5.009684e-01 2.138730e-08 2.857000e-02 9.581400e-01
5.038413e-01 2.347985e-08 2.972300e-02 9.561500e-01
5.025906e-01 2.276257e-08 3.885000e-02 9.571400e-01
5.023770e-01 2.111238e-08 3.815100e-02 9.587100e-01
5.015216e-01 2.117387e-08 3.501200e-02 9.590700e-01
4.993120e-01 1.925548e-08 3.651200e-02 9.566600e-01
4.977550e-01 1.548322e-08 3.161200e-02 9.598800e-01
4.986351e-01 1.873431e-08 3.299900e-02 9.583100e-01
5.009001e-01 1.899716e-08 3.322200e-02 9.562500e-01
4.995270e-01 1.717098e-08 3.207800e-02 9.575900e-01
4.997165e-01 1.825455e-08 2.741800e-02 9.561200e-01
5.022210e-01 1.774917e-08 3.757800e-02 9.594200e-01
5.029750e-01 1.705939e-08 3.035800e-02 9.582900e-01
5.010474e-01 1.633559e-08 4.154900e-02 9.568400e-01
4.977127e-01 1.636461e-08 4.182300e-02 9.564200e-01
4.986977e-01 1.494436e-08 3.103400e-02 9.568800e-01
5.021027e-01 1.582871e-08 2.643100e-02 9.569600e-01
4.971553e-01 1.297031e-08 3.225400e-02 9.573800e-01
5.012204e-01 1.568968e-08 3.951600e-02 9.573900e-01
5.009507e-01 1.456446e-08 3.078500e-02 9.584200e-01
5.010469e-01 1.347964e-08 3.598400e-02 9.570900e-01
5.026607e-01 1.368155e-08 3.760100e-02 9.571000e-01
5.010147e-01 1.266605e-08 3.429000e-02 9.578400e-01
5.019934e-01 1.183082e-08 2.711000e-02 9.585600e-01
5.003121e-01 1.139937e-08 3.941400e-02 9.565600e-01
4.998636e-01 1.153476e-08 3.224100e-02 9.584500e-01
5.015914e-01 1.318831e-08 3.506200e-02 9.589000e-01
4.984469e-01 9.986486e-09 3.730500e-02 9.568500e-01
4.994916e-01 1.139477e-08 3.771600e-02 9.578500e-01
5.008579e-01 9.494159e-09 3.316000e-02 9.585300e-01
4.998942e-01 9.594174e-09 3.300600e-02 9.571400e-01
5.030709e-01 1.066144e-08 3.215300e-02 9.576000e-01
5.017555e-01 1.161562e-08 3.653800e-02 9.567200e-01
5.002735e-01 1.038418e-08 3.262300e-02 9.561800e-01
5.019655e-01 1.020804e-08 3.863700e-02 9.561700e-01
5.005205e-01 8.243180e-09 3.620600e-02 9.598700e-01
5.006817e-01 8.702885e-09 3.745400e-02 9.582100e-01
5.051894e-01 9.811272e-09 3.733900e-02 9.569900e-01
5.024751e-01 8.885243e-09 3.457000e-02 9.579500e-01
5.002269e-01 7.970842e-09 2.644200e-02 9.581300e-01
4.985247e-01 7.219821e-09 3.208800e-02 9.565800e-01
4.984269e-01 5.965792e-09 2.478500e-02 9.592200e-01
5.025971e-01 8.102292e-09 3.312500e-02 9.582500e-01
5.006610e-01 7.158490e-09 4.005800e-02 9.589800e-01
5.007151e-01 7.153095e-09 3.193200e-02 9.572900e-01
5.010798e-01 7.731022e-09 3.154500e-02 9.581000e-01
5.009964e-01 7.549979e-09 4.025300e-02 9.556300e-01
4.995097e-01 5.654836e-09 2.937800e-02 9.585300e-01
5.006333e-01 6.358641e-09 3.631400e-02 9.587000e-01
4.987978e-01 5.649829e-09 3.307000e-02 9.575100e-01
5.000195e-01 5.668705e-09 3.850600e-02 9.579100e-01
4.984027e-01 5.115292e-09 4.217100e-02 9.576500e-01
5.023319e-01 6.648986e-09 3.041900e-02 9.559800e-01
4.998202e-01 5.527196e-09 3.210600e-02 9.599500e-01
5.006903e-01 6.112246e-09 3.629800e-02 9.587500e-01
5.011433e-01 5.609744e-09 3.224200e-02 9.572900e-01
5.014695e-01 5.754707e-09 3.351800e-02 9.582400e-01
5.012078e-01 6.605489e-09 3.238600e-02 9.574000e-01
5.004792e-01 5.455649e-09 3.565200e-02 9.602000e-01
4.997493e-01 4.795481e-09 2.968600e-02 9.572900e-01
5.014298e-01 5.482415e-09 3.740600e-02 9.589500e-01
5.016561e-01 6.022177e-09 3.716900e-02 9.586600e-01
5.003352e-01 4.205339e-09 3.458000e-02 9.591300e-01
5.000827e-01 4.603817e-09 3.073800e-02 9.571900e-01
5.016301e-01 5.884781e-09 2.969100e-02 9.576900e-01
4.997995e-01 4.234648e-09 3.251900e-02 9.594400e-01
5.023170e-01 6.505780e-09 3.168600e-02 9.571300e-01
4.999379e-01 4.655369e-09 3.351800e-02 9.563700e-01
5.000140e-01 4.054459e-09 3.813600e-02 9.588800e-01
5.009195e-01 4.209336e-09 2.834600e-02 9.586400e-01
4.999757e-01 3.729174e-09 3.133000e-02 9.569400e-01
5.012443e-01 4.725869e-09 2.966200e-02 9.589800e-01
4.996922e-01 3.821388e-09 3.035700e-02 9.592000e-01
5.003517e-01 3.717208e-09 3.395400e-02 9.584400e-01
5.018687e-01 4.120746e-09 2.862500e-02 9.568000e-01
5.005518e-01 4.173876e-09 3.098200e-02 9.571900e-01
4.993274e-01 3.146603e-09 3.539300e-02 9.561000e-01
5.007680e-01 4.222463e-09 3.717400e-02 9.561100e-01
4.991474e-01 3.007024e-09 3.503000e-02 9.589700e-01
4.994187e-01 2.825590e-09 3.905200e-02 9.598300e-01
4.993212e-01 3.447255e-09 3.679700e-02 9.578200e-01
5.012446e-01 3.538335e-09 3.504900e-02 9.588300e-01
4.988064e-01 2.389186e-09 4.180800e-02 9.579900e-01
4.999031e-01 2.734553e-09 3.241600e-02 9.573300e-01
5.000872e-01 2.758399e-09 3.414300e-02 9.592400e-01
5.001232e-01 2.564649e-09 2.784200e-02 9.579100e-01
5.004683e-01 2.884554e-09 3.775700e-02 9.575500e-01
5.005306e-01 3.007506e-09 3.296000e-02 9.565600e-01
4.991042e-01 2.382602e-09 3.174200e-02 9.592800e-01
4.997420e-01 2.474306e-09 3.389100e-02 9.585700e-01
4.996806e-01 2.459316e-09 3.717400e-02 9.577200e-01
5.024708e-01 3.233808e-09 3.327700e-02 9.575000e-01
5.004577e-01 2.835588e-09 3.297700e-02 9.578000e-01
4.992266e-01 2.531682e-09 3.065700e-02 9.577100e-01
4.986546e-01 1.972037e-09 3.327700e-02 9.571100e-01
5.008670e-01 2.704233e-09 3.627500e-02 9.565100e-01
4.988528e-01 2.038323e-09 3.995800e-02 9.582800e-01
4.988830e-01 1.843388e-09 3.259100e-02 9.590300e-01
5.006454e-01 2.230655e-09 4.073200e-02 9.589000e-01
5.002074e-01 2.572775e-09 2.823500e-02 9.588600e-01
5.000190e-01 2.098639e-09 3.756200e-02 9.580900e-01
4.996229e-01 2.035288e-09 3.467400e-02 9.558200e-01
5.000086e-01 2.103201e-09 3.307000e-02 9.575800e-01
5.007984e-01 2.330371e-09 3.400800e-02 9.577000e-01
4.988273e-01 1.752155e-09 2.665800e-02 9.569900e-01
5.002241e-01 2.147047e-09 3.371500e-02 9.593800e-01
4.996398e-01 1.940297e-09 4.275300e-02 9.583500e-01
4.996778e-01 2.122224e-09 3.555100e-02 9.582600e-01
4.998193e-01 2.414416e-09 3.208800e-02 9.572600e-01
4.999112e-01 1.691832e-09 3.714600e-02 9.577100e-01
5.001773e-01 1.960688e-09 3.188300e-02 9.574500e-01
5.003433e-01 2.009804e-09 3.662800e-02 9.569400e-01
5.006490e-01 2.039395e-09 4.061300e-02 9.571500e-01
5.007214e-01 1.995567e-09 3.087300e-02 9.578600e-01
5.001238e-01 1.837996e-09 2.971400e-02 9.573300e-01
4.995849e-01 1.643821e-09 3.462300e-02 9.563500e-01
4.999651e-01 1.665608e-09 3.248900e-02 9.570200e-01
4.997900e-01 1.710699e-09 3.626300e-02 9.578400e-01
5.005761e-01 1.686910e-09 3.752800e-02 9.568500e-01
4.990737e-01 1.295351e-09 4.081000e-02 9.593100e-01
5.011559e-01 2.421370e-09 2.688300e-02 9.537800e-01
4.996321e-01 1.415312e-09 3.384900e-02 9.592600e-01
5.007104e-01 1.745332e-09 3.729500e-02 9.586800e-01
5.017249e-01 2.238181e-09 3.639800e-02 9.555900e-01
5.000993e-01 1.604286e-09 3.510700e-02 9.576900e-01
4.998566e-01 1.413256e-09 2.692800e-02 9.585700e-01
5.001331e-01 1.456004e-09 3.881800e-02 9.573900e-01
5.003357e-01 1.833143e-09 3.400700e-02 9.574000e-01
5.002245e-01 1.359414e-09 3.497600e-02 9.598400e-01
4.995985e-01 1.373931e-09 3.018100e-02 9.574600e-01
4.996610e-01 1.306643e-09 3.090700e-02 9.590500e-01
5.001531e-01 1.504266e-09 2.770800e-02 9.597800e-01
5.002810e-01 1.460118e-09 3.129000e-02 9.571200e-01
4.998503e-01 1.335076e-09 3.992000e-02 9.595300e-01
5.003713e-01 1.450991e-09 3.042400e-02 9.558000e-01
5.005357e-01 1.724596e-09 3.115700e-02 9.566700e-01
5.003288e-01 1.638729e-09 3.625200e-02 9.576900e-01
5.000825e-01 1.330617e-09 2.643900e-02 9.584400e-01
4.990430e-01 9.447524e-10 3.753900e-02 9.594600e-01
4.995854e-01 1.166116e-09 3.923400e-02 9.587600e-01
5.001052e-01 1.243087e-09 3.877800e-02 9.587700e-01
5.005173e-01 1.301080e-09 4.133900e-02 9.587100e-01
5.007283e-01 1.571727e-09 2.721300e-02 9.565700e-01
4.997324e-01 1.345398e-09 3.240900e-02 9.576500e-01
4.996856e-01 1.071964e-09 3.315400e-02 9.578400e-01
4.996608e-01 1.165397e-09 3.793200e-02 9.590300e-01
4.996026e-01 1.134466e-09 3.026100e-02 9.599300e-01
4.996133e-01 9.895287e-10 3.212600e-02 9.575600e-01
4.998005e-01 9.742262e-10 3.328500e-02 9.586200e-01
4.998410e-01 1.036163e-09 3.477400e-02 9.591000e-01
5.008008e-01 1.331837e-09 2.991400e-02 9.578200e-01
5.001988e-01 1.217853e-09 2.676600e-02 9.569100e-01
5.000894e-01 1.239549e-09 2.950400e-02 9.583500e-01
4.997674e-01 9.533369e-10 3.481100e-02 9.578000e-01
5.000636e-01 1.157747e-09 3.535000e-02 9.571500e-01
4.997771e-01 9.489080e-10 3.128600e-02 9.587000e-01
4.998266e-01 1.054791e-09 3.725800e-02 9.580200e-01
4.995129e-01 8.995343e-10 3.308600e-02 9.590400e-01
5.000804e-01 1.154224e-09 3.842400e-02 9.586400e-01
5.003326e-01 1.243943e-09 3.102400e-02 9.580800e-01
5.006011e-01 1.220480e-09 3.850200e-02 9.564700e-01
4.998614e-01 1.109916e-09 3.709400e-02 9.581100e-01
4.999820e-01 9.268417e-10 3.200600e-02 9.572000e-01
4.993705e-01 9.480697e-10 3.038300e-02 9.588800e-01
4.996745e-01 9.714128e-10 3.351600e-02 9.591800e-01
4.990352e-01 6.472860e-10 2.755900e-02 9.589400e-01
5.004218e-01 1.061926e-09 3.547300e-02 9.571400e-01
4.997568e-01 9.473112e-10 4.117100e-02 9.603000e-01
4.995359e-01 8.947031e-10 3.072000e-02 9.580300e-01
4.993459e-01 7.691080e-10 3.305100e-02 9.573200e-01
5.006720e-01 1.309712e-09 3.738300e-02 9.550100e-01
5.001180e-01 1.100480e-09 3.311700e-02 9.565200e-01
5.001205e-01 1.086169e-09 3.343400e-02 9.579900e-01
5.015155e-01 1.741359e-09 2.935100e-02 9.536700e-01
4.997648e-01 1.078334e-09 3.308400e-02 9.577800e-01
5.009317e-01 1.504805e-09 3.381000e-02 9.565700e-01
5.004575e-01 1.378001e-09 2.922300e-02 9.574700e-01
5.001562e-01 9.979980e-10 3.448100e-02 9.595800e-01
4.994341e-01 7.122843e-10 3.804100e-02 9.587000e-01
5.006292e-01 1.181547e-09 3.326900e-02 9.571900e-01
4.991327e-01 6.537855e-10 2.911700e-02 9.610800e-01
5.001085e-01 1.030341e-09 4.015400e-02 9.585300e-01
4.998892e-01 8.040914e-10 3.728400e-02 9.589700e-01
5.001306e-01 1.002822e-09 3.915500e-02 9.569300e-01
4.997819e-01 8.916590e-10 3.890200e-02 9.581200e-01
4.998190e-01 8.238561e-10 3.002700e-02 9.574400e-01
5.005416e-01 1.301274e-09 3.416300e-02 9.588500e-01
5.005239e-01 9.662041e-10 2.820700e-02 9.566700e-01
5.006005e-01 1.055210e-09 3.484900e-02 9.583300e-01
4.999660e-01 1.107427e-09 4.203800e-02 9.596400e-01
4.997093e-01 8.042441e-10 2.716200e-02 9.582200e-01
5.001035e-01 9.896062e-10 3.080200e-02 9.578600e-01
4.995692e-01 7.840294e-10 3.564800e-02 9.581100e-01
5.001648e-01 8.166005e-10 3.427400e-02 9.564400e-01
4.995301e-01 7.100313e-10 3.044700e-02 9.593200e-01
5.003997e-01 9.336974e-10 3.779000e-02 9.583400e-01
4.999974e-01 9.716990e-10 3.152300e-02 9.594300e-01
4.999049e-01 8.915461e-10 3.501300e-02 9.580500e-01
4.993851e-01 7.395681e-10 3.588500e-02 9.590600e-01
5.000417e-01 9.273999e-10 3.194500e-02 9.582300e-01
5.005567e-01 1.149432e-09 3.293700e-02 9.568000e-01
5.002419e-01 8.916293e-10 3.603700e-02 9.580900e-01
4.999365e-01 8.869310e-10 3.475400e-02 9.564900e-01
4.995280e-01 7.270818e-10 3.948500e-02 9.578600e-01
4.995942e-01 7.283702e-10 3.171300e-02 9.577600e-01
4.997319e-01 8.386396e-10 3.613900e-02 9.575400e-01
5.000137e-01 8.056092e-10 3.105700e-02 9.586500e-01
5.001332e-01 9.878248e-10 3.216600e-02 9.588200e-01
5.008980e-01 1.249911e-09 3.702900e-02 9.552500e-01
5.004939e-01 1.004492e-09 3.188100e-02 9.565700e-01
5.003575e-01 1.050860e-09 2.893800e-02 9.581300e-01
4.996054e-01 6.846574e-10 3.430500e-02 9.594700e-01
4.997263e-01 7.778023e-10 3.830500e-02 9.579500e-01
4.996014e-01 6.615169e-10 3.270100e-02 9.604500e-01
5.004570e-01 1.178429e-09 3.095700e-02 9.567400e-01
5.005997e-01 1.014641e-09 2.624100e-02 9.578300e-01
5.003637e-01 9.602100e-10 3.639600e-02 9.576600e-01
4.997357e-01 8.014193e-10 3.725000e-02 9.585500e-01
5.005594e-01 1.130242e-09 3.334400e-02 9.563700e-01
4.999812e-01 9.098613e-10 3.910300e-02 9.568000e-01
4.995850e-01 7.257012e-10 3.495000e-02 9.578200e-01
4.997171e-01 6.613462e-10 3.327500e-02 9.584200e-01
5.002187e-01 9.321686e-10 3.188400e-02 9.567100e-01
4.994284e-01 6.341735e-10 3.213700e-02 9.574800e-01
4.999800e-01 8.178072e-10 3.336800e-02 9.571100e-01
4.997380e-01 6.405268e-10 3.594900e-02 9.580200e-01
4.995435e-01 6.973339e-10 3.360800e-02 9.586000e-01
4.994942e-01 7.083456e-10 3.674100e-02 9.583100e-01
4.995215e-01 6.700123e-10 3.708700e-02 9.583200e-01
5.005029e-01 9.782564e-10 3.373500e-02 9.570700e-01
5.002984e-01 8.870065e-10 3.444600e-02 9.559000e-01
4.998813e-01 7.439676e-10 3.572100e-02 9.598100e-01
5.002468e-01 8.716681e-10 3.511200e-02 9.595000e-01
4.996855e-01 7.488893e-10 3.351300e-02 9.580700e-01
5.000563e-01 7.839212e-10 3.354000e-02 9.577400e-01
5.001164e-01 8.713572e-10 3.178900e-02 9.587400e-01
5.001679e-01 8.234334e-10 3.377500e-02 9.586500e-01
5.002766e-01 7.876866e-10 3.269400e-02 9.589500e-01
5.000152e-01 9.090885e-10 3.128100e-02 9.584600e-01
4.997405e-01 6.422079e-10 3.401400e-02 9.582700e-01
4.995628e-01 7.495740e-10 3.486800e-02 9.580300e-01
5.001671e-01 8.554836e-10 3.286800e-02 9.583900e-01
4.999495e-01 7.296114e-10 3.595400e-02 9.587900e-01
4.998580e-01 7.194170e-10 3.782100e-02 9.561900e-01
4.998067e-01 7.424409e-10 3.254500e-02 9.567900e-01
5.004864e-01 1.026385e-09 3.157400e-02 9.554500e-01
4.995424e-01 8.208779e-10 3.122400e-02 9.591900e-01
5.007039e-01 1.020403e-09 3.360100e-02 9.586000e-01
5.001324e-01 8.513158e-10 2.579200e-02 9.589800e-01
5.003940e-01 9.140151e-10 3.191900e-02 9.577300e-01
5.001208e-01 8.509940e-10 3.892900e-02 9.586300e-01
5.005366e-01 9.384214e-10 3.093000e-02 9.554700e-01
5.007077e-01 1.149288e-09 2.900900e-02 9.563000e-01
5.001688e-01 9.288672e-10 3.585800e-02 9.574700e-01
5.000297e-01 7.910214e-10 3.952800e-02 9.569400e-01
5.002583e-01 9.312619e-10 3.228700e-02 9.560200e-01
4.993115e-01 6.187616e-10 3.252200e-02 9.599400e-01
5.002828e-01 9.464866e-10 3.871400e-02 9.560200e-01
5.000941e-01 7.794837e-10 2.900700e-02 9.584200e-01
5.005975e-01 9.549394e-10 3.842200e-02 9.554400e-01
5.001967e-01 8.747469e-10 3.162300e-02 9.573100e-01
5.001826e-01 9.502123e-10 3.566500e-02 9.574200e-01
5.005431e-01 9.910710e-10 3.719800e-02 9.562400e-01
5.006352e-01 9.652654e-10 3.214200e-02 9.545600e-01
4.998414e-01 7.373073e-10 3.376600e-02 9.577300e-01
5.005442e-01 1.030956e-09 3.611400e-02 9.579300e-01
5.004826e-01 1.056012e-09 3.398900e-02 9.564900e-01
5.002566e-01 8.312656e-10 3.269500e-02 9.568200e-01
4.997468e-01 7.411379e-10 3.775600e-02 9.608400e-01
5.004265e-01 8.508492e-10 3.712100e-02 9.566600e-01
4.998472e-01 7.969496e-10 2.484700e-02 9.587100e-01
4.998549e-01 8.068883e-10 3.060300e-02 9.589700e-01
5.000390e-01 8.668587e-10 3.289400e-02 9.565800e-01
5.000405e-01 8.089939e-10 3.693200e-02 9.587300e-01
5.000282e-01 8.311775e-10 3.371000e-02 9.565300e-01
5.000770e-01 7.492494e-10 3.044800e-02 9.581600e-01
5.002127e-01 7.711739e-10 3.702300e-02 9.571100e-01
5.000600e-01 8.003705e-10 2.869000e-02 9.578600e-01
4.999490e-01 7.223815e-10 3.758100e-02 9.574500e-01
4.997392e-01 8.178751e-10 3.783700e-02 9.618100e-01
4.998283e-01 7.230009e-10 3.920600e-02 9.587000e-01
4.996351e-01 7.599668e-10 4.067600e-02 9.593400e-01
5.001673e-01 8.842818e-10 3.859100e-02 9.575900e-01
4.996309e-01 6.319017e-10 4.122700e-02 9.586400e-01
5.001953e-01 9.124952e-10 3.655200e-02 9.572800e-01
4.997968e-01 6.632344e-10 2.823300e-02 9.583300e-01
5.003326e-01 8.443422e-10 3.334900e-02 9.571000e-01
4.997831e-01 7.133113e-10 3.407400e-02 9.584600e-01
4.997161e-01 6.553272e-10 3.134600e-02 9.588500e-01
5.001455e-01 8.759276e-10 3.367800e-02 9.566800e-01
5.002401e-01 9.427618e-10 3.634100e-02 9.588500e-01
4.997462e-01 6.796809e-10 3.105600e-02 9.575000e-01
5.004999e-01 9.406405e-10 3.599400e-02 9.563000e-01
5.004141e-01 1.032065e-09 3.759100e-02 9.587800e-01
5.001907e-01 8.559108e-10 3.230200e-02 9.572800e-01
5.009518e-01 1.189463e-09 3.786900e-02 9.562600e-01
4.997687e-01 7.504402e-10 3.390000e-02 9.595400e-01
5.000128e-01 7.691368e-10 3.199500e-02 9.586300e-01
4.997144e-01 6.883196e-10 3.569500e-02 9.586700e-01
5.002389e-01 9.780718e-10 3.501900e-02 9.571100e-01
4.997972e-01 8.247246e-10 3.846500e-02 9.581600e-01
4.995391e-01 7.395110e-10 2.724900e-02 9.590900e-01
5.002081e-01 8.739703e-10 3.089200e-02 9.566300e-01
5.002081e-01 8.251996e-10 3.037100e-02 9.570900e-01
4.997706e-01 7.035298e-10 3.299300e-02 9.590300e-01
4.995360e-01 6.452941e-10 4.073500e-02 9.590600e-01
4.996143e-01 6.104067e-10 2.987200e-02 9.576400e-01
4.997512e-01 7.655006e-10 3.215900e-02 9.573700e-01
5.000356e-01 8.529885e-10 4.140400e-02 9.583400e-01
4.998064e-01 7.950451e-10 3.560000e-02 9.591300e-01
4.998061e-01 7.450544e-10 3.577800e-02 9.583700e-01
5.004151e-01 9.314362e-10 3.805900e-02 9.563800e-01
4.999413e-01 7.040672e-10 3.455900e-02 9.579700e-01
5.002284e-01 9.371704e-10 3.194600e-02 9.574500e-01
4.999916e-01 7.736472e-10 3.363100e-02 9.588700e-01
5.008003e-01 1.017702e-09 3.530100e-02 9.561500e-01
5.001104e-01 9.820821e-10 2.530700e-02 9.594700e-01
4.998186e-01 7.200202e-10 3.287300e-02 9.574100e-01
4.997895e-01 8.346002e-10 3.242800e-02 9.564600e-01
4.996307e-01 7.552752e-10 4.191600e-02 9.586700e-01
4.996341e-01 6.369289e-10 3.731100e-02 9.599000e-01
4.997944e-01 7.205437e-10 2.672800e-02 9.582600e-01
4.998056e-01 6.906900e-10 4.199600e-02 9.578400e-01
5.000735e-01 8.001734e-10 4.208800e-02 9.568600e-01
5.000345e-01 8.712502e-10 4.215200e-02 9.581100e-01
4.997108e-01 6.639208e-10 4.241600e-02 9.576000e-01
4.995294e-01 6.611184e-10 4.340600e-02 9.589600e-01
5.002660e-01 8.382410e-10 4.062300e-02 9.566800e-01
4.999928e-01 8.324036e-10 4.123200e-02 9.577800e-01
5.000891e-01 8.420293e-10 4.162500e-02 9.564700e-01
5.004265e-01 9.158224e-10 4.208100e-02 9.578700e-01
4.998356e-01 7.141024e-10 4.150400e-02 9.577400e-01
4.995124e-01 6.595243e-10 4.328400e-02 9.573200e-01
4.998531e-01 7.988415e-10 3.868800e-02 9.591900e-01
4.993746e-01 5.415399e-10 4.222300e-02 9.592900e-01
4.999581e-01 9.216434e-10 3.691900e-02 9.590900e-01
5.001985e-01 8.336139e-10 3.733100e-02 9.567900e-01
5.001390e-01 9.746009e-10 3.625800e-02 9.570300e-01
5.003920e-01 1.010168e-09 3.100400e-02 9.561100e-01
4.999148e-01 8.156627e-10 3.091300e-02 9.587500e-01
5.000332e-01 7.343071e-10 3.152500e-02 9.574900e-01
4.995545e-01 6.994079e-10 2.268600e-02 9.589500e-01
4.998850e-01 7.497135e-10 3.780300e-02 9.582700e-01
4.996439e-01 7.139867e-10 3.683500e-02 9.585900e-01
5.003987e-01 9.197336e-10 2.771700e-02 9.574400e-01
4.999640e-01 7.193349e-10 2.999500e-02 9.603400e-01
5.005396e-01 9.840767e-10 2.311700e-02 9.565700e-01
5.000698e-01 7.839797e-10 3.675300e-02 9.583600e-01
5.003533e-01 1.009569e-09 3.026900e-02 9.550400e-01
4.999908e-01 7.865238e-10 3.418700e-02 9.575700e-01
5.003540e-01 8.951978e-10 3.610600e-02 9.568100e-01
4.998697e-01 8.040990e-10 3.744400e-02 9.571100e-01
5.004636e-01 1.002487e-09 3.831300e-02 9.577100e-01
4.998356e-01 7.058433e-10 3.041400e-02 9.578000e-01
5.001492e-01 8.151206e-10 3.017600e-02 9.576700e-01
4.999722e-01 7.042798e-10 2.954000e-02 9.582500e-01
4.996534e-01 6.205254e-10 2.356100e-02 9.599300e-01
5.004314e-01 9.957068e-10 3.714900e-02 9.559700e-01
4.999600e-01 8.623432e-10 3.432400e-02 9.578400e-01
4.998152e-01 7.342421e-10 2.581300e-02 9.571600e-01
5.000016e-01 6.937818e-10 4.281600e-02 9.584600e-01
5.003035e-01 9.587416e-10 2.573300e-02 9.572500e-01
5.001621e-01 7.977773e-10 2.406500e-02 9.566700e-01
5.000397e-01 8.044039e-10 4.166200e-02 9.558500e-01
5.005382e-01 1.158778e-09 3.331900e-02 9.567400e-01
4.993859e-01 6.274382e-10 3.195100e-02 9.608900e-01
4.997439e-01 7.677519e-10 2.961700e-02 9.579900e-01
5.007390e-01 9.217360e-10 2.796100e-02 9.546600e-01
5.000954e-01 8.912415e-10 2.674100e-02 9.567800e-01
5.000733e-01 7.424156e-10 3.073100e-02 9.566600e-01
4.999207e-01 8.272109e-10 2.699200e-02 9.569400e-01
4.997337e-01 6.890885e-10 3.179500e-02 9.582100e-01
5.001922e-01 9.145448e-10 3.928900e-02 9.582400e-01
5.000759e-01 9.823476e-10 3.315400e-02 9.578700e-01
5.002109e-01 8.954312e-10 4.163600e-02 9.566000e-01
4.997787e-01 7.209923e-10 4.135800e-02 9.578700e-01
5.000636e-01 6.844344e-10 2.825700e-02 9.579100e-01
4.995541e-01 6.606627e-10 3.367700e-02 9.580000e-01
4.995075e-01 6.228883e-10 3.441500e-02 9.597400e-01
4.998845e-01 8.252376e-10 4.212800e-02 9.589100e-01
4.999111e-01 7.636296e-10 2.872700e-02 9.557500e-01
4.997461e-01 6.328846e-10 3.571800e-02 9.574600e-01
5.006965e-01 1.439955e-09 2.438300e-02 9.568600e-01
5.002732e-01 8.693882e-10 4.219900e-02 9.567500e-01
5.001187e-01 7.885146e-10 2.979900e-02 9.579000e-01
4.997534e-01 6.739064e-10 2.334100e-02 9.592200e-01
4.997596e-01 6.931552e-10 3.674300e-02 9.586900e-01
4.998433e-01 7.803633e-10 2.694900e-02 9.583600e-01
5.000862e-01 7.223552e-10 2.654000e-02 9.567700e-01
4.998564e-01 6.979714e-10 3.834700e-02 9.575200e-01
4.998838e-01 6.800776e-10 2.449400e-02 9.572500e-01
4.997079e-01 6.836889e-10 4.315300e-02 9.591600e-01
5.008128e-01 1.059648e-09 3.647000e-02 9.566700e-01
4.999747e-01 7.401988e-10 2.584900e-02 9.589800e-01
5.003418e-01 8.599116e-10 4.165100e-02 9.582100e-01
4.999149e-01 7.501408e-10 3.341300e-02 9.583900e-01
4.994119e-01 6.712410e-10 2.328900e-02 9.599400e-01
4.994200e-01 5.755767e-10 2.329200e-02 9.594300e-01
4.998262e-01 7.021285e-10 2.325000e-02 9.571900e-01
5.000376e-01 8.964998e-10 3.603800e-02 9.555800e-01
5.001408e-01 7.962186e-10 2.841600e-02 9.579200e-01
4.996873e-01 7.022733e-10 3.339300e-02 9.580900e-01
5.003549e-01 9.046572e-10 3.628900e-02 9.575300e-01
4.999470e-01 7.197336e-10 3.740000e-02 9.584700e-01
5.003338e-01 8.408059e-10 3.927900e-02 9.588700e-01
4.995526e-01 6.032497e-10 3.256400e-02 9.592100e-01
5.002536e-01 9.326518e-10 3.120200e-02 9.576900e-01
4.998365e-01 7.305587e-10 4.238500e-02 9.564800e-01
4.998417e-01 6.483411e-10 4.238900e-02 9.592100e-01
4.996280e-01 6.258381e-10 3.669200e-02 9.580900e-01
5.000278e-01 8.536139e-10 3.181400e-02 9.578300e-01
5.003078e-01 8.060298e-10 3.666800e-02 9.569900e-01
4.996689e-01 6.565001e-10 3.379000e-02 9.591500e-01
5.000145e-01 8.100807e-10 3.452000e-02 9.585200e-01
4.999844e-01 7.340534e-10 3.367300e-02 9.587200e-01
5.004806e-01 8.686514e-10 3.776500e-02 9.564600e-01
5.000884e-01 8.904950e-10 3.389400e-02 9.573400e-01
5.002720e-01 7.441313e-10 4.198700e-02 9.563700e-01
4.995244e-01 6.048603e-10 4.308500e-02 9.593500e-01
5.003162e-01 8.920095e-10 2.333500e-02 9.579700e-01
4.998641e-01 7.609208e-10 4.295800e-02 9.594800e-01
5.003579e-01 9.310125e-10 2.751500e-02 9.563100e-01
5.001229e-01 8.280584e-10 2.477000e-02 9.589500e-01
5.002693e-01 7.834641e-10 3.941700e-02 9.578500e-01
5.000997e-01 7.133822e-10 4.258700e-02 9.580800e-01
4.995875e-01 6.218807e-10 4.005700e-02 9.581700e-01
4.994135e-01 6.205807e-10 4.234900e-02 9.593100e-01
4.995962e-01 6.329714e-10 3.226200e-02 9.577300e-01
5.000248e-01 7.664719e-10 2.672000e-02 9.586700e-01
4.997460e-01 7.054718e-10 2.335700e-02 9.597600e-01
5.002083e-01 8.545924e-10 4.167000e-02 9.552000e-01
5.003033e-01 9.010742e-10 3.634400e-02 9.567300e-01
5.001175e-01 8.234234e-10 2.526100e-02 9.581400e-01
4.998714e-01 7.429940e-10 2.437400e-02 9.589600e-01
5.004804e-01 1.001595e-09 2.882600e-02 9.562500e-01
5.005684e-01 8.450516e-10 2.272500e-02 9.558600e-01
4.998125e-01 6.732355e-10 3.301900e-02 9.577100e-01
5.002360e-01 8.992675e-10 4.327900e-02 9.578000e-01
4.998858e-01 7.502729e-10 3.750600e-02 9.579300e-01
4.995554e-01 6.388111e-10 4.077400e-02 9.599100e-01
4.999967e-01 9.005487e-10 2.792800e-02 9.577100e-01
4.997058e-01 6.571237e-10 2.274000e-02 9.587900e-01
4.999635e-01 6.824502e-10 3.430000e-02 9.570700e-01
4.995072e-01 6.266194e-10 3.606200e-02 9.575400e-01
5.004177e-01 9.562562e-10 3.065100e-02 9.548300e-01
4.999636e-01 7.063137e-10 3.868100e-02 9.569700e-01
5.000877e-01 8.207876e-10 3.121100e-02 9.564900e-01
4.998841e-01 7.089435e-10 3.124200e-02 9.584000e-01
5.001722e-01 8.711981e-10 3.783000e-02 9.564200e-01
4.998112e-01 7.936138e-10 4.298200e-02 9.597700e-01
4.999584e-01 7.668762e-10 4.302300e-02 9.573600e-01
4.998001e-01 7.328973e-10 3.938300e-02 9.587800e-01
4.998250e-01 6.957456e-10 2.517400e-02 9.581500e-01
4.997503e-01 6.814076e-10 3.790700e-02 9.599500e-01
5.001603e-01 7.392706e-10 3.800900e-02 9.576700e-01
5.003870e-01 1.072164e-09 4.262900e-02 9.587900e-01
5.000344e-01 7.908957e-10 3.814800e-02 9.585700e-01
5.006261e-01 1.051197e-09 2.546800e-02 9.557500e-01
4.997423e-01 6.889251e-10 3.483000e-02 9.565000e-01
5.001481e-01 8.231477e-10 3.950900e-02 9.578600e-01
4.994197e-01 6.034098e-10 3.507500e-02 9.590700e-01
5.004198e-01 8.169405e-10 3.366400e-02 9.568500e-01
4.999575e-01 7.787127e-10 2.269500e-02 9.565200e-01
5.003939e-01 1.187605e-09 2.726900e-02 9.572100e-01
4.997957e-01 6.615931e-10 3.485100e-02 9.570800e-01
5.000470e-01 7.989035e-10 2.281900e-02 9.566900e-01
5.000839e-01 7.495048e-10 4.261600e-02 9.571500e-01
4.998133e-01 7.466530e-10 3.360500e-02 9.584800e-01
4.998237e-01 7.109188e-10 3.132100e-02 9.581300e-01
4.994818e-01 5.679122e-10 3.718800e-02 9.574900e-01
5.002641e-01 8.523105e-10 3.723100e-02 9.571700e-01
4.998989e-01 7.824239e-10 3.447400e-02 9.581600e-01
4.998209e-01 7.013467e-10 3.464200e-02 9.599000e-01
4.993191e-01 6.340908e-10 3.400300e-02 9.598600e-01
4.999831e-01 7.263123e-10 4.210400e-02 9.576200e-01
4.996784e-01 6.684715e-10 3.038700e-02 9.560600e-01
5.000383e-01 7.827098e-10 3.480200e-02 9.574500e-01
5.002090e-01 9.003377e-10 4.098400e-02 9.582100e-01
5.006686e-01 1.215184e-09 3.938100e-02 9.578900e-01
5.003017e-01 9.807851e-10 4.216400e-02 9.550000e-01
5.000527e-01 7.619081e-10 3.501000e-02 9.576700e-01
5.001053e-01 7.731928e-10 2.810100e-02 9.575500e-01
4.997158e-01 6.673984e-10 3.326700e-02 9.580400e-01
4.999723e-01 7.309904e-10 3.321100e-02 9.592800e-01
4.996722e-01 6.205126e-10 4.146900e-02 9.595200e-01
4.997248e-01 8.445717e-10 3.960900e-02 9.592000e-01
4.998330e-01 7.496573e-10 3.699400e-02 9.594700e-01
5.001999e-01 7.673397e-10 3.229800e-02 9.560600e-01
5.000923e-01 7.914340e-10 2.777300e-02 9.580800e-01
4.999962e-01 7.414614e-10 3.913200e-02 9.576400e-01
5.007847e-01 1.230355e-09 3.723500e-02 9.560000e-01
5.000467e-01 7.744982e-10 4.064300e-02 9.572700e-01
5.000852e-01 7.685245e-10 3.172800e-02 9.588800e-01
4.994751e-01 6.350371e-10 2.837200e-02 9.596400e-01
5.001183e-01 7.849583e-10 3.018200e-02 9.582800e-01
4.999324e-01 7.243580e-10 2.688400e-02 9.580400e-01
5.000679e-01 9.461283e-10 3.915300e-02 9.579700e-01
5.000007e-01 8.896912e-10 2.747400e-02 9.558900e-01
4.997694e-01 7.244025e-10 4.002900e-02 9.596900e-01
5.005317e-01 1.164697e-09 3.629800e-02 9.581000e-01
4.996649e-01 6.441467e-10 3.755700e-02 9.587000e-01
4.994857e-01 5.988778e-10 2.273300e-02 9.590200e-01
5.000756e-01 7.990932e-10 3.132800e-02 9.583000e-01
4.999679e-01 7.159205e-10 4.127800e-02 9.573300e-01
4.996669e-01 6.602672e-10 3.743600e-02 9.573400e-01
4.994682e-01 6.345394e-10 3.280500e-02 9.593700e-01
5.001100e-01 9.737285e-10 3.301400e-02 9.563100e-01
5.000741e-01 9.232683e-10 3.802800e-02 9.571200e-01
4.995067e-01 6.388275e-10 3.848700e-02 9.588600e-01
4.996591e-01 6.908766e-10 3.788300e-02 9.601300e-01
5.000964e-01 7.619856e-10 3.101400e-02 9.582000e-01
5.001906e-01 8.744771e-10 3.647600e-02 9.580900e-01
5.002614e-01 8.497532e-10 2.823700e-02 9.565300e-01
5.002307e-01 8.475910e-10 3.558300e-02 9.572400e-01
5.005860e-01 8.767703e-10 3.379500e-02 9.570800e-01
5.004751e-01 9.117217e-10 2.792400e-02 9.578500e-01
5.001222e-01 7.404834e-10 4.035100e-02 9.564000e-01
5.000200e-01 8.898001e-10 3.573500e-02 9.575100e-01
4.998692e-01 8.194730e-10 3.942600e-02 9.578900e-01
5.013471e-01 1.273958e-09 3.085000e-02 9.543700e-01
4.997738e-01 7.131775e-10 3.363900e-02 9.590200e-01
5.001936e-01 7.467556e-10 3.065800e-02 9.572000e-01
4.999181e-01 8.120077e-10 3.344200e-02 9.582000e-01
4.999036e-01 7.607479e-10 3.786200e-02 9.601500e-01
5.004435e-01 9.145153e-10 3.324200e-02 9.542200e-01
4.998234e-01 6.629892e-10 3.001800e-02 9.582100e-01
4.998060e-01 7.120023e-10 2.964400e-02 9.590200e-01
4.996017e-01 6.763309e-10 3.911700e-02 9.582000e-01
5.001793e-01 8.328446e-10 3.363000e-02 9.578700e-01
4.997063e-01 7.297579e-10 3.781800e-02 9.595600e-01
5.003649e-01 8.577130e-10 3.415700e-02 9.568800e-01
5.006854e-01 1.227924e-09 3.716300e-02 9.562200e-01
4.996353e-01 6.111376e-10 2.718600e-02 9.596100e-01
4.998109e-01 7.424773e-10 3.197700e-02 9.592000e-01
4.996657e-01 7.095645e-10 3.373500e-02 9.599500e-01
5.004534e-01 9.149190e-10 3.611900e-02 9.569000e-01
5.005511e-01 9.208240e-10 3.725800e-02 9.567600e-01
4.999027e-01 8.722854e-10 3.688200e-02 9.572400e-01
4.999541e-01 6.678851e-10 3.029900e-02 9.576200e-01
5.003070e-01 9.930084e-10 2.789500e-02 9.576200e-01
4.999944e-01 7.866626e-10 3.212500e-02 9.572400e-01
4.992619e-01 5.670249e-10 3.754200e-02 9.605500e-01
4.999444e-01 7.385032e-10 3.125800e-02 9.575500e-01
4.998800e-01 7.138465e-10 3.501900e-02 9.581400e-01
5.001596e-01 8.999986e-10 3.059600e-02 9.578200e-01
4.998897e-01 8.282139e-10 2.818000e-02 9.616400e-01
4.998963e-01 7.130470e-10 3.454700e-02 9.584400e-01
5.003263e-01 9.385373e-10 2.494200e-02 9.587300e-01
4.997305e-01 6.575818e-10 3.376200e-02 9.594900e-01
5.008960e-01 1.190821e-09 3.367600e-02 9.550900e-01
5.000631e-01 7.502189e-10 2.809100e-02 9.577600e-01
4.999387e-01 8.697167e-10 2.805800e-02 9.596900e-01
5.000502e-01 7.822704e-10 3.400800e-02 9.575200e-01
4.996380e-01 6.302560e-10 3.189100e-02 9.601400e-01
5.006156e-01 1.130471e-09 4.063600e-02 9.584000e-01
5.000190e-01 7.375381e-10 3.473300e-02 9.576200e-01
4.998425e-01 7.468515e-10 3.782300e-02 9.574800e-01
4.998886e-01 8.545270e-10 3.487300e-02 9.571500e-01
4.999939e-01 7.743919e-10 3.856500e-02 9.592000e-01
5.003909e-01 8.811311e-10 3.308400e-02 9.574900e-01
4.997560e-01 6.696169e-10 3.593000e-02 9.568200e-01
5.001561e-01 8.676041e-10 4.045600e-02 9.573800e-01
5.003365e-01 9.165402e-10 3.719400e-02 9.582400e-01
4.998628e-01 7.519206e-10 3.186400e-02 9.569300e-01
4.996752e-01 7.693018e-10 3.735000e-02 9.582100e-01
4.997672e-01 7.062918e-10 4.140800e-02 9.593700e-01
5.000441e-01 7.883411e-10 2.864800e-02 9.591900e-01
5.003220e-01 8.834047e-10 3.621900e-02 9.577000e-01
4.999423e-01 7.933694e-10 3.597300e-02 9.580600e-01
5.005306e-01 9.620366e-10 3.564100e-02 9.563600e-01
5.000578e-01 7.192470e-10 2.897100e-02 9.571200e-01
4.997663e-01 8.142437e-10 3.439500e-02 9.584000e-01
4.995334e-01 6.273002e-10 3.377400e-02 9.592600e-01
4.998616e-01 7.912829e-10 3.043400e-02 9.581500e-01
5.000701e-01 7.579639e-10 3.104100e-02 9.569000e-01
4.996111e-01 6.451670e-10 2.578100e-02 9.585500e-01
5.000826e-01 8.731415e-10 3.400800e-02 9.580200e-01
5.000734e-01 7.646858e-10 3.516600e-02 9.586400e-01
4.998405e-01 6.774388e-10 3.422700e-02 9.592200e-01
4.998359e-01 7.349182e-10 2.693100e-02 9.593400e-01
5.000700e-01 7.352616e-10 4.100100e-02 9.578000e-01
4.997214e-01 8.299648e-10 3.734200e-02 9.577400e-01
5.000331e-01 7.729632e-10 3.998800e-02 9.573200e-01
4.999376e-01 7.642240e-10 4.001600e-02 9.587700e-01
5.000642e-01 7.309823e-10 3.381500e-02 9.570000e-01
4.999487e-01 7.811553e-10 3.412000e-02 9.588400e-01
4.999239e-01 7.957522e-10 3.662500e-02 9.573700e-01
4.996559e-01 6.808863e-10 3.207400e-02 9.599400e-01
4.996865e-01 6.073687e-10 3.357600e-02 9.583600e-01
5.001648e-01 7.962771e-10 3.625200e-02 9.582500e-01
5.002349e-01 8.242145e-10 3.725700e-02 9.569700e-01
4.998845e-01 7.139330e-10 3.325900e-02 9.598100e-01
4.998988e-01 7.686817e-10 2.915700e-02 9.573100e-01
5.002983e-01 1.104300e-09 2.966400e-02 9.578700e-01
5.001066e-01 8.311073e-10 3.756200e-02 9.583600e-01
4.997999e-01 8.318506e-10 3.417400e-02 9.577000e-01
4.999439e-01 7.688852e-10 3.354100e-02 9.605800e-01
5.001268e-01 7.551761e-10 3.518400e-02 9.568800e-01
5.002162e-01 8.615125e-10 3.910000e-02 9.573600e-01
4.995215e-01 6.447341e-10 2.718700e-02 9.577200e-01
4.998284e-01 8.884286e-10 2.875600e-02 9.586700e-01
4.992834e-01 5.431252e-10 3.601500e-02 9.571700e-01
5.002783e-01 8.277849e-10 3.220400e-02 9.579500e-01
4.996489e-01 7.097172e-10 3.821300e-02 9.566900e-01
4.995258e-01 5.755378e-10 2.972600e-02 9.579100e-01
4.999835e-01 7.382327e-10 3.293400e-02 9.574100e-01
5.001173e-01 9.068859e-10 3.493900e-02 9.575900e-01
5.001180e-01 9.354498e-10 2.652200e-02 9.573500e-01
5.003366e-01 8.356367e-10 4.157200e-02 9.564900e-01
5.004187e-01 9.111480e-10 3.705100e-02 9.571600e-01
5.003596e-01 9.578429e-10 3.180200e-02 9.571500e-01
4.999362e-01 7.151480e-10 3.610500e-02 9.590200e-01
5.001660e-01 7.572356e-10 3.858500e-02 9.566700e-01
5.002504e-01 8.713893e-10 2.897000e-02 9.579900e-01
4.998278e-01 7.101642e-10 3.105600e-02 9.583100e-01
5.001860e-01 7.736802e-10 3.129800e-02 9.594200e-01
4.998539e-01 7.341260e-10 2.905700e-02 9.568000e-01
5.004611e-01 1.059150e-09 2.490300e-02 9.561700e-01
5.000018e-01 8.138734e-10 3.480400e-02 9.595000e-01
4.996891e-01 6.836391e-10 3.867900e-02 9.574900e-01
5.004919e-01 9.070301e-10 3.882300e-02 9.589100e-01
4.998875e-01 8.527760e-10 2.976800e-02 9.590100e-01
4.998918e-01 7.723085e-10 3.889500e-02 9.603700e-01
5.005547e-01 1.061807e-09 2.649600e-02 9.558800e-01
5.003946e-01 8.732513e-10 2.926600e-02 9.566300e-01
5.004099e-01 8.708670e-10 4.030500e-02 9.575500e-01
4.998097e-01 6.383094e-10 3.301200e-02 9.576000e-01
4.994708e-01 5.926671e-10 2.813800e-02 9.584900e-01
4.996369e-01 6.627840e-10 3.762500e-02 9.589500e-01
4.998096e-01 6.796333e-10 3.384000e-02 9.565200e-01
4.997746e-01 7.833030e-10 2.933700e-02 9.581800e-01
4.998825e-01 7.226305e-10 3.426400e-02 9.580400e-01
4.999869e-01 6.965610e-10 2.991400e-02 9.593000e-01
5.002122e-01 7.006205e-10 3.518200e-02 9.570600e-01
5.002140e-01 9.435512e-10 3.661800e-02 9.590300e-01
5.004104e-01 9.535008e-10 3.070200e-02 9.582800e-01
5.005317e-01 9.290496e-10 3.555100e-02 9.566700e-01
4.997889e-01 6.956062e-10 3.679600e-02 9.581400e-01
5.000733e-01 7.618017e-10 3.802600e-02 9.570100e-01
4.998406e-01 7.696103e-10 3.084100e-02 9.584700e-01
4.999780e-01 7.971774e-10 3.035200e-02 9.543300e-01
4.999611e-01 7.431518e-10 4.246200e-02 9.560600e-01
4.996638e-01 7.417269e-10 3.752500e-02 9.591800e-01
4.997498e-01 6.713257e-10 3.806900e-02 9.584400e-01
4.997155e-01 6.865001e-10 4.049900e-02 9.581500e-01
4.998243e-01 7.813504e-10 3.009200e-02 9.591400e-01
5.001303e-01 8.178010e-10 2.649600e-02 9.579500e-01
4.997917e-01 7.641318e-10 3.356200e-02 9.594700e-01
4.998532e-01 7.003856e-10 3.182400e-02 9.593300e-01
4.999967e-01 7.282739e-10 3.594900e-02 9.555700e-01
4.999541e-01 7.725875e-10 3.771300e-02 9.573400e-01
5.000203e-01 8.833442e-10 3.344300e-02 9.585200e-01
5.003645e-01 8.237957e-10 3.812200e-02 9.575700e-01
5.007889e-01 9.248966e-10 3.079800e-02 9.555100e-01
4.997162e-01 6.262866e-10 3.787900e-02 9.594000e-01
5.005140e-01 8.873920e-10 3.800800e-02 9.553100e-01
4.997012e-01 6.490385e-10 2.343200e-02 9.574100e-01
5.001756e-01 9.343163e-10 3.856900e-02 9.574300e-01
5.005115e-01 9.089097e-10 3.021900e-02 9.570500e-01
5.004717e-01 7.983284e-10 3.849100e-02 9.570500e-01
5.002643e-01 8.752504e-10 3.277800e-02 9.570000e-01
5.001087e-01 7.815402e-10 3.043900e-02 9.574800e-01
4.999988e-01 7.759163e-10 2.485900e-02 9.573800e-01
5.000798e-01 8.495162e-10 3.116500e-02 9.576700e-01
5.002548e-01 1.004940e-09 2.919700e-02 9.574800e-01
4.996925e-01 6.007748e-10 3.071000e-02 9.583200e-01
4.997967e-01 6.587220e-10 3.792200e-02 9.586800e-01
4.999764e-01 7.960765e-10 3.888000e-02 9.585200e-01
4.996972e-01 6.544743e-10 3.825200e-02 9.587700e-01
4.998329e-01 7.500789e-10 3.186500e-02 9.588500e-01
5.003942e-01 1.077786e-09 3.718400e-02 9.570000e-01
5.002986e-01 9.137039e-10 3.333100e-02 9.568300e-01
5.000256e-01 7.082504e-10 3.465200e-02 9.572900e-01
5.000467e-01 7.205711e-10 3.299000e-02 9.570200e-01
5.004837e-01 8.874177e-10 3.311800e-02 9.570600e-01
5.002535e-01 8.892579e-10 3.410400e-02 9.584700e-01
5.002272e-01 8.031031e-10 3.953700e-02 9.594400e-01
4.998848e-01 7.833156e-10 3.506200e-02 9.591400e-01
5.003157e-01 8.238800e-10 3.083200e-02 9.581900e-01
4.999304e-01 8.151084e-10 3.343300e-02 9.574300e-01
5.003524e-01 8.513820e-10 3.271000e-02 9.584100e-01
5.001310e-01 7.879413e-10 3.680400e-02 9.576300e-01
4.998976e-01 7.945322e-10 4.049300e-02 9.591400e-01
5.001686e-01 8.299385e-10 2.936500e-02 9.590300e-01
4.995888e-01 5.834333e-10 3.709500e-02 9.575400e-01
5.002533e-01 8.085119e-10 3.294800e-02 9.585500e-01
5.000726e-01 7.996827e-10 2.945800e-02 9.579000e-01
5.001102e-01 8.061413e-10 2.950400e-02 9.580700e-01
4.999589e-01 7.384891e-10 4.121800e-02 9.567800e-01
4.999625e-01 8.293936e-10 3.450300e-02 9.582000e-01
4.995796e-01 5.492477e-10 3.108100e-02 9.583200e-01
4.996083e-01 7.216887e-10 3.441900e-02 9.588700e-01
5.005462e-01 1.010445e-09 3.890100e-02 9.559700e-01
4.998795e-01 7.750146e-10 3.367400e-02 9.601300e-01
5.000966e-01 8.492310e-10 3.222600e-02 9.588100e-01
5.002386e-01 8.005393e-10 3.481400e-02 9.581700e-01
5.004217e-01 9.455411e-10 3.596600e-02 9.554400e-01
4.996653e-01 6.887117e-10 4.158200e-02 9.583300e-01
5.005789e-01 1.189174e-09 2.968800e-02 9.580400e-01
5.005222e-01 9.398048e-10 3.015900e-02 9.572000e-01
5.000754e-01 7.180010e-10 3.836300e-02 9.566700e-01
5.000670e-01 7.864298e-10 2.557000e-02 9.584200e-01
5.000025e-01 8.487471e-10 3.623500e-02 9.592000e-01
4.998597e-01 7.657089e-10 3.355400e-02 9.601800e-01
4.999994e-01 7.461389e-10 3.313000e-02 9.580100e-01
4.996072e-01 5.654105e-10 3.672900e-02 9.591900e-01
4.996314e-01 6.531240e-10 2.920700e-02 9.587600e-01
4.992535e-01 5.403281e-10 3.555700e-02 9.591800e-01
5.000849e-01 8.223683e-10 3.613700e-02 9.575000e-01
4.998883e-01 6.986988e-10 2.580600e-02 9.552100e-01
5.000322e-01 7.826648e-10 3.416900e-02 9.580400e-01
4.998738e-01 6.420145e-10 3.568900e-02 9.569600e-01
4.998670e-01 6.585491e-10 3.458700e-02 9.594300e-01
5.003731e-01 8.934951e-10 3.959100e-02 9.583700e-01
5.009143e-01 1.175435e-09 3.130800e-02 9.564600e-01
5.000447e-01 8.330583e-10 3.636600e-02 9.571300e-01
5.000982e-01 9.821204e-10 3.594400e-02 9.584100e-01
4.997516e-01 6.819249e-10 3.519000e-02 9.577800e-01
5.002654e-01 8.126240e-10 2.858900e-02 9.580000e-01
5.004275e-01 9.721037e-10 3.634600e-02 9.562500e-01
4.992664e-01 5.388894e-10 4.008000e-02 9.604800e-01
4.996437e-01 6.058770e-10 3.876900e-02 9.586900e-01
5.001177e-01 8.906410e-10 4.294400e-02 9.576500e-01
5.001850e-01 7.645127e-10 4.073800e-02 9.569700e-01
5.000629e-01 7.530770e-10 3.389500e-02 9.586300e-01
4.999999e-01 8.043191e-10 4.095500e-02 9.593100e-01
5.004064e-01 9.895049e-10 4.230500e-02 9.586400e-01
5.003090e-01 8.889388e-10 4.091000e-02 9.575700e-01
4.998238e-01 7.144936e-10 4.035400e-02 9.573600e-01
4.996345e-01 7.234625e-10 4.207700e-02 9.585300e-01
5.000360e-01 7.501845e-10 3.559700e-02 9.567300e-01
4.995554e-01 6.576129e-10 3.319700e-02 9.598700e-01
5.002882e-01 8.814630e-10 3.160700e-02 9.586300e-01
4.994196e-01 5.841330e-10 3.876100e-02 9.592600e-01
5.004613e-01 8.701792e-10 3.200600e-02 9.552400e-01
5.002988e-01 9.329626e-10 4.070900e-02 9.585600e-01
5.003592e-01 8.627269e-10 3.549400e-02 9.569200e-01
4.999696e-01 6.520976e-10 3.789200e-02 9.577600e-01
4.999316e-01 7.667657e-10 3.375300e-02 9.578500e-01
4.999490e-01 6.738964e-10 3.053400e-02 9.574400e-01
4.999017e-01 8.516858e-10 3.163200e-02 9.596500e-01
4.997739e-01 6.786125e-10 2.518000e-02 9.573300e-01
4.997963e-01 7.683111e-10 4.177500e-02 9.583900e-01
4.998774e-01 7.232631e-10 3.179600e-02 9.581200e-01
5.003744e-01 8.580938e-10 4.027000e-02 9.562700e-01
5.002103e-01 1.003295e-09 2.454200e-02 9.594800e-01
4.998624e-01 6.965104e-10 3.378200e-02 9.590900e-01
5.000525e-01 8.207707e-10 2.693800e-02 9.588300e-01
4.994545e-01 6.417414e-10 3.218300e-02 9.601200e-01
5.001318e-01 9.358474e-10 4.095400e-02 9.578200e-01
4.996418e-01 6.613909e-10 4.225400e-02 9.567700e-01
4.998269e-01 7.268307e-10 3.011700e-02 9.578100e-01
4.998513e-01 7.330238e-10 3.267700e-02 9.590700e-01
5.003383e-01 9.012395e-10 2.973800e-02 9.571600e-01
4.994125e-01 6.061964e-10 3.205600e-02 9.603600e-01
4.999015e-01 7.145755e-10 2.401000e-02 9.578400e-01
4.999411e-01 7.316154e-10 2.826000e-02 9.591300e-01
4.997239e-01 6.579547e-10 3.377700e-02 9.586100e-01
5.003497e-01 8.718036e-10 3.931900e-02 9.559000e-01
4.999306e-01 7.119690e-10 3.958100e-02 9.562500e-01
4.999370e-01 7.241725e-10 3.858300e-02 9.568400e-01
5.000187e-01 6.681363e-10 3.959100e-02 9.570900e-01
5.004064e-01 9.030532e-10 2.937800e-02 9.573100e-01
5.002231e-01 1.002423e-09 3.936000e-02 9.575400e-01
5.003325e-01 8.577344e-10 2.462400e-02 9.574600e-01
5.002555e-01 8.710138e-10 3.264900e-02 9.562900e-01
4.998735e-01 6.313902e-10 2.645700e-02 9.563200e-01
5.002473e-01 7.712885e-10 3.220000e-02 9.576400e-01
4.997502e-01 7.210682e-10 3.502700e-02 9.585500e-01
4.997194e-01 6.717538e-10 3.330600e-02 9.581900e-01
5.001324e-01 6.831865e-10 4.157500e-02 9.568400e-01
5.001606e-01 8.387158e-10 3.129100e-02 9.564400e-01
4.994197e-01 6.513629e-10 4.136900e-02 9.611300e-01
4.999563e-01 6.869740e-10 2.436500e-02 9.588400e-01
5.003700e-01 8.438602e-10 2.719500e-02 9.570100e-01
4.998179e-01 6.561970e-10 3.508100e-02 9.566800e-01
4.999001e-01 7.125851e-10 2.927800e-02 9.575100e-01
4.993956e-01 5.940378e-10 2.951500e-02 9.598700e-01
5.000497e-01 7.571961e-10 2.280900e-02 9.589400e-01
5.000471e-01 6.681284e-10 3.547800e-02 9.568000e-01
4.998431e-01 8.191091e-10 4.213900e-02 9.599400e-01
4.996700e-01 6.079523e-10 2.965000e-02 9.582500e-01
4.995809e-01 6.951354e-10 3.840700e-02 9.581400e-01
4.996266e-01 6.528392e-10 3.041000e-02 9.585200e-01
5.001176e-01 7.348032e-10 4.119800e-02 9.570600e-01
5.000442e-01 7.860946e-10 3.501600e-02 9.578200e-01
5.003353e-01 8.422925e-10 4.056700e-02 9.577300e-01
4.997623e-01 6.794650e-10 3.763300e-02 9.590000e-01
4.997622e-01 6.577646e-10 3.372600e-02 9.585100e-01
4.997456e-01 6.262767e-10 3.206800e-02 9.583000e-01
4.994502e-01 5.792044e-10 4.216800e-02 9.604600e-01
5.004119e-01 9.197382e-10 3.147300e-02 9.576000e-01
5.001121e-01 7.849417e-10 3.561900e-02 9.556500e-01
4.997765e-01 7.063993e-10 3.313900e-02 9.579200e-01
5.000434e-01 7.807330e-10 4.144300e-02 9.580000e-01
4.995467e-01 6.755498e-10 4.068800e-02 9.576700e-01
4.998610e-01 7.552154e-10 3.356000e-02 9.575800e-01
5.000207e-01 7.843678e-10 3.261300e-02 9.579300e-01
5.001294e-01 8.233005e-10 3.712500e-02 9.589700e-01
4.999414e-01 8.896592e-10 3.490300e-02 9.584500e-01
4.997696e-01 7.680110e-10 3.250000e-02 9.574800e-01
5.003325e-01 8.515620e-10 3.266800e-02 9.571100e-01
5.001469e-01 8.542928e-10 3.867600e-02 9.558500e-01
4.997072e-01 8.154834e-10 4.077900e-02 9.577200e-01
4.995228e-01 8.006932e-10 2.901200e-02 9.595100e-01
4.997246e-01 6.498001e-10 3.512300e-02 9.590400e-01
4.996729e-01 6.052344e-10 3.647500e-02 9.570400e-01
4.996465e-01 6.549004e-10 3.089700e-02 9.591100e-01
4.997734e-01 7.416510e-10 3.112900e-02 9.597400e-01
5.002447e-01 8.924586e-10 3.278600e-02 9.564400e-01
5.001754e-01 7.710592e-10 3.341900e-02 9.579600e-01
5.000877e-01 7.626769e-10 3.533900e-02 9.588800e-01
5.001143e-01 8.411693e-10 3.639200e-02 9.554500e-01
5.003242e-01 8.970884e-10 3.325500e-02 9.571200e-01
5.000074e-01 8.457033e-10 3.178100e-02 9.582600e-01
5.001361e-01 9.834480e-10 3.316700e-02 9.566800e-01
4.994211e-01 5.739122e-10 3.825300e-02 9.576100e-01
4.996284e-01 7.130739e-10 3.161700e-02 9.578700e-01
4.998712e-01 7.210265e-10 3.571800e-02 9.581500e-01
5.002004e-01 8.092715e-10 2.924400e-02 9.574500e-01
4.997612e-01 6.471143e-10 3.266300e-02 9.591100e-01
5.003068e-01 8.098347e-10 3.283900e-02 9.557400e-01
5.003681e-01 1.027239e-09 3.790000e-02 9.562700e-01
5.006763e-01 1.068842e-09 3.819800e-02 9.561200e-01
4.997540e-01 7.254843e-10 3.985900e-02 9.596900e-01
4.999529e-01 7.877976e-10 3.113800e-02 9.600900e-01
4.996589e-01 5.481311e-10 2.501300e-02 9.587500e-01
5.003657e-01 9.753407e-10 2.614200e-02 9.569500e-01
4.998086e-01 7.427034e-10 3.046000e-02 9.580100e-01
5.002448e-01 8.450001e-10 2.585600e-02 9.577900e-01
5.004520e-01 9.880396e-10 3.209400e-02 9.566000e-01
5.002176e-01 8.546247e-10 4.315800e-02 9.575100e-01
5.000139e-01 7.676723e-10 4.002800e-02 9.578600e-01
4.992144e-01 5.186098e-10 4.292500e-02 9.591500e-01
4.996868e-01 7.606963e-10 3.189500e-02 9.595400e-01
4.996560e-01 7.275855e-10 3.575300e-02 9.581500e-01
4.994812e-01 5.630716e-10 2.863000e-02 9.584300e-01
5.004303e-01 9.759583e-10 3.148800e-02 9.570600e-01
4.999198e-01 7.567587e-10 3.126000e-02 9.588700e-01
5.002857e-01 8.404421e-10 3.855000e-02 9.571800e-01
4.999143e-01 6.420423e-10 3.832700e-02 9.571000e-01
4.999837e-01 7.452119e-10 4.054800e-02 9.591100e-01
5.004192e-01 9.911730e-10 3.576400e-02 9.561800e-01
4.996800e-01 7.014401e-10 3.175200e-02 9.581800e-01
4.996149e-01 7.098814e-10 3.476200e-02 9.590700e-01
5.001328e-01 7.861246e-10 2.405900e-02 9.577800e-01
4.998438e-01 6.888687e-10 4.190100e-02 9.586600e-01
5.002094e-01 8.038660e-10 2.619300e-02 9.564800e-01
5.004144e-01 9.061926e-10 2.591300e-02 9.559400e-01
4.997984e-01 7.013776e-10 3.439300e-02 9.577300e-01
5.000947e-01 8.315126e-10 3.054300e-02 9.576900e-01
5.002061e-01 8.648128e-10 4.106700e-02 9.572200e-01
5.000158e-01 8.736715e-10 2.319700e-02 9.579700e-01
5.003296e-01 9.002034e-10 3.590000e-02 9.574800e-01
4.998662e-01 6.813475e-10 3.152600e-02 9.560900e-01
4.999037e-01 7.341608e-10 3.457100e-02 9.574100e-01
5.002320e-01 8.000172e-10 2.324900e-02 9.568900e-01
4.997521e-01 6.823993e-10 2.741800e-02 9.573000e-01
5.001419e-01 7.793637e-10 3.831500e-02 9.577700e-01
5.000863e-01 7.977113e-10 3.013800e-02 9.589900e-01
4.996963e-01 7.159803e-10 3.428400e-02 9.590200e-01
5.000394e-01 7.325014e-10 3.492000e-02 9.572800e-01
5.008739e-01 1.006325e-09 3.330900e-02 9.564000e-01
5.000550e-01 8.639044e-10 3.602000e-02 9.583300e-01
4.999095e-01 8.330280e-10 4.222600e-02 9.589000e-01
4.997977e-01 7.833591e-10 4.212500e-02 9.570600e-01
5.007550e-01 1.161424e-09 3.669900e-02 9.575800e-01
5.000338e-01 9.274733e-10 4.056300e-02 9.577100e-01
5.004132e-01 8.174360e-10 3.439500e-02 9.575000e-01
5.003735e-01 8.361457e-10 3.427300e-02 9.578900e-01
4.996438e-01 6.910322e-10 3.226900e-02 9.596800e-01
4.997544e-01 7.005731e-10 3.867700e-02 9.583300e-01
5.002316e-01 9.316200e-10 3.058500e-02 9.567400e-01
5.000314e-01 7.231041e-10 4.084000e-02 9.598000e-01
5.004404e-01 8.951911e-10 2.366600e-02 9.572700e-01
5.000389e-01 7.646443e-10 3.289000e-02 9.577200e-01
4.998094e-01 6.333035e-10 3.674600e-02 9.575200e-01
4.997529e-01 6.673202e-10 3.412600e-02 9.587200e-01
4.999619e-01 8.365719e-10 4.189100e-02 9.595900e-01
5.000083e-01 8.071959e-10 2.906200e-02 9.568500e-01
4.999734e-01 7.380301e-10 3.236200e-02 9.596200e-01
4.997721e-01 6.749435e-10 4.104600e-02 9.584800e-01
5.000989e-01 7.517312e-10 3.699200e-02 9.572100e-01
5.005972e-01 9.164559e-10 3.756300e-02 9.572400e-01
5.000095e-01 8.179212e-10 3.023200e-02 9.581000e-01
4.995196e-01 5.856990e-10 3.385300e-02 9.595800e-01
4.995459e-01 6.177707e-10 2.864700e-02 9.579100e-01
5.002185e-01 8.476669e-10 3.293400e-02 9.570800e-01
4.998268e-01 8.672449e-10 3.261800e-02 9.594500e-01
4.999414e-01 8.377647e-10 3.438100e-02 9.601700e-01
4.993474e-01 5.241533e-10 3.334400e-02 9.581100e-01
4.999929e-01 7.519490e-10 3.753900e-02 9.562600e-01
5.001720e-01 1.103573e-09 3.455200e-02 9.576400e-01
4.998837e-01 6.758820e-10 4.271700e-02 9.574400e-01
4.998558e-01 7.017868e-10 3.525600e-02 9.574800e-01
5.001745e-01 8.374822e-10 3.648400e-02 9.558100e-01
4.996296e-01 6.775171e-10 3.743900e-02 9.579300e-01
5.000217e-01 8.776248e-10 3.737800e-02 9.585400e-01
4.994233e-01 5.613933e-10 3.792000e-02 9.611000e-01
5.000988e-01 7.645988e-10 3.424500e-02 9.575700e-01
5.007570e-01 9.921157e-10 3.115200e-02 9.551700e-01
4.997744e-01 6.549044e-10 3.430300e-02 9.577400e-01
4.999817e-01 7.633182e-10 3.086600e-02 9.581800e-01
4.997580e-01 6.659422e-10 3.412300e-02 9.568900e-01
4.998540e-01 6.360933e-10 2.865000e-02 9.587200e-01
4.993004e-01 5.542104e-10 3.311700e-02 9.591600e-01
5.002576e-01 7.891435e-10 3.535800e-02 9.574700e-01
5.001062e-01 8.735353e-10 3.180800e-02 9.597300e-01
4.999024e-01 7.518209e-10 3.407700e-02 9.582900e-01
5.002712e-01 8.643693e-10 4.061800e-02 9.584200e-01
5.002394e-01 8.394536e-10 2.829200e-02 9.593400e-01
5.000198e-01 7.529537e-10 3.519700e-02 9.586900e-01
5.001690e-01 1.039692e-09 3.591600e-02 9.591800e-01
5.002062e-01 8.989495e-10 2.927400e-02 9.586700e-01
4.999997e-01 7.650602e-10 3.209500e-02 9.572800e-01
4.998377e-01 7.471268e-10 3.194400e-02 9.597800e-01
4.996567e-01 9.506696e-10 3.145600e-02 9.583000e-01
4.999194e-01 7.391611e-10 3.194700e-02 9.581400e-01
4.994628e-01 5.533058e-10 3.532800e-02 9.583200e-01
4.998559e-01 7.573743e-10 4.228000e-02 9.582900e-01
4.995995e-01 6.464346e-10 3.263600e-02 9.596100e-01
5.001700e-01 7.993202e-10 3.702400e-02 9.568300e-01
4.996700e-01 5.912447e-10 2.448500e-02 9.569600e-01
5.003986e-01 9.109769e-10 3.717900e-02 9.573700e-01
4.997715e-01 6.162202e-10 4.002800e-02 9.591900e-01
5.004591e-01 9.117103e-10 3.277900e-02 9.562800e-01
4.999549e-01 7.546439e-10 2.735900e-02 9.590900e-01
5.005018e-01 9.195807e-10 3.723900e-02 9.564600e-01
5.003322e-01 8.614194e-10 4.106400e-02 9.571100e-01
4.996690e-01 7.541426e-10 3.451400e-02 9.584000e-01
5.007766e-01 1.098980e-09 3.259800e-02 9.573600e-01
5.004245e-01 9.882966e-10 2.467500e-02 9.556400e-01
5.003224e-01 9.169944e-10 3.945500e-02 9.574800e-01
4.996654e-01 5.993088e-10 3.965400e-02 9.609100e-01
4.991887e-01 5.451060e-10 3.188500e-02 9.584100e-01
4.997879e-01 6.915553e-10 3.833200e-02 9.582300e-01
4.997629e-01 6.892274e-10 3.310800e-02 9.594000e-01
4.998777e-01 7.779379e-10 2.896200e-02 9.573600e-01
5.002496e-01 7.730665e-10 2.658200e-02 9.566400e-01
4.999272e-01 6.734904e-10 3.646600e-02 9.572300e-01
5.004076e-01 9.710883e-10 3.996400e-02 9.569200e-01
4.997482e-01 7.088825e-10 3.256200e-02 9.582200e-01
5.001577e-01 8.715347e-10 3.832400e-02 9.581500e-01
5.001571e-01 7.322369e-10 2.874900e-02 9.572200e-01
4.996958e-01 6.928530e-10 3.484500e-02 9.593700e-01
4.994887e-01 5.915897e-10 3.778100e-02 9.592200e-01
5.004411e-01 9.047308e-10 4.239800e-02 9.570700e-01
4.997601e-01 6.476439e-10 2.960800e-02 9.590200e-01
5.000808e-01 8.467410e-10 3.296600e-02 9.579200e-01
5.000269e-01 7.774290e-10 4.163700e-02 9.566300e-01
5.005233e-01 9.118595e-10 3.746600e-02 9.552900e-01
5.001280e-01 8.283707e-10 2.628800e-02 9.573800e-01
4.996191e-01 6.498085e-10 2.901800e-02 9.589400e-01
4.998451e-01 6.528466e-10 3.313100e-02 9.577400e-01
4.998592e-01 7.811104e-10 3.068900e-02 9.583300e-01
4.998037e-01 7.228401e-10 2.793900e-02 9.585600e-01
5.000047e-01 8.070450e-10 2.883600e-02 9.597400e-01
5.002460e-01 7.964234e-10 4.036900e-02 9.566300e-01
4.999398e-01 7.641966e-10 3.024100e-02 9.591700e-01
5.000571e-01 7.870750e-10 3.747000e-02 9.568300e-01
5.003269e-01 7.653901e-10 2.273300e-02 9.579400e-01
4.997558e-01 6.789351e-10 3.381600e-02 9.593300e-01
4.998073e-01 6.885270e-10 4.059500e-02 9.589900e-01
5.002493e-01 8.158356e-10 3.444700e-02 9.561700e-01
4.995678e-01 6.389226e-10 3.945900e-02 9.600500e-01
4.998580e-01 7.950300e-10 2.714200e-02 9.580000e-01
4.993758e-01 5.302570e-10 3.678800e-02 9.600200e-01
4.991723e-01 7.199447e-10 3.922600e-02 9.597000e-01
4.993739e-01 6.414449e-10 4.008000e-02 9.584400e-01
4.995529e-01 6.442470e-10 3.829800e-02 9.582200e-01
4.999216e-01 7.943785e-10 4.290100e-02 9.567600e-01
4.996458e-01 7.013200e-10 3.341500e-02 9.559900e-01
5.006042e-01 1.093412e-09 2.829100e-02 9.574800e-01
5.001657e-01 7.907603e-10 2.561100e-02 9.579900e-01
5.003225e-01 8.502006e-10 3.165300e-02 9.576800e-01
4.999241e-01 6.528461e-10 3.998600e-02 9.561500e-01
4.998114e-01 7.677851e-10 4.185200e-02 9.593700e-01
4.996422e-01 6.831908e-10 3.456700e-02 9.586100e-01
5.000813e-01 8.152394e-10 3.078400e-02 9.570100e-01
4.996659e-01 7.700414e-10 3.987400e-02 9.597000e-01
5.001097e-01 7.498975e-10 3.608100e-02 9.572600e-01
5.000484e-01 6.654418e-10 3.585600e-02 9.568900e-01
4.996689e-01 6.937739e-10 2.994200e-02 9.583200e-01
5.001182e-01 8.422479e-10 3.381500e-02 9.586000e-01
5.000498e-01 7.477643e-10 2.986900e-02 9.579100e-01
4.997915e-01 7.877776e-10 3.850300e-02 9.575300e-01
5.001218e-01 7.356716e-10 3.288800e-02 9.572400e-01
4.994818e-01 6.367849e-10 3.157000e-02 9.606100e-01
4.998391e-01 7.417172e-10 3.141400e-02 9.586000e-01
4.998388e-01 6.669945e-10 2.883700e-02 9.584200e-01
5.005514e-01 8.377511e-10 2.795100e-02 9.571900e-01
4.998815e-01 8.074145e-10 4.006100e-02 9.594800e-01
4.996592e-01 6.456320e-10 3.219900e-02 9.558700e-01
5.000628e-01 7.728318e-10 3.110000e-02 9.590100e-01
5.003936e-01 9.696943e-10 3.262500e-02 9.566800e-01
4.992617e-01 5.109108e-10 2.938600e-02 9.599400e-01
4.999872e-01 7.811221e-10 3.117500e-02 9.583800e-01
4.994243e-01 5.868267e-10 3.245300e-02 9.593900e-01
5.003576e-01 8.950057e-10 3.051900e-02 9.564900e-01
4.999868e-01 7.016891e-10 2.852300e-02 9.563800e-01
4.998982e-01 7.074272e-10 3.687200e-02 9.582500e-01
5.001484e-01 8.600133e-10 3.354200e-02 9.557500e-01
5.003516e-01 8.174157e-10 3.484700e-02 9.576100e-01
4.998160e-01 6.580857e-10 2.956400e-02 9.597300e-01
4.996298e-01 5.870869e-10 3.761000e-02 9.585300e-01
5.002448e-01 8.491942e-10 3.280000e-02 9.586900e-01
5.005349e-01 8.454824e-10 2.898400e-02 9.557900e-01
5.002352e-01 9.694458e-10 3.588100e-02 9.572800e-01
5.000789e-01 8.791836e-10 3.806800e-02 9.580900e-01
5.002531e-01 8.288994e-10 3.641400e-02 9.581800e-01
4.998217e-01 6.993454e-10 3.798400e-02 9.591800e-01
4.997831e-01 6.913613e-10 2.752100e-02 9.585000e-01
5.001246e-01 7.759038e-10 3.195700e-02 9.592600e-01
5.001135e-01 7.565062e-10 3.768400e-02 9.575800e-01
4.998127e-01 7.849559e-10 3.123700e-02 9.588700e-01
4.996222e-01 6.919098e-10 3.983200e-02 9.596900e-01
5.002502e-01 8.727786e-10 3.467300e-02 9.561600e-01
4.997345e-01 6.594889e-10 3.738000e-02 9.593500e-01
5.003314e-01 7.458422e-10 3.372100e-02 9.570700e-01
4.998419e-01 6.584443e-10 3.650100e-02 9.587000e-01
4.999251e-01 7.150879e-10 3.427000e-02 9.585500e-01
5.003722e-01 9.039104e-10 3.333700e-02 9.563000e-01
4.999886e-01 7.766158e-10 3.175600e-02 9.569800e-01
4.997320e-01 6.494648e-10 3.663100e-02 9.594500e-01
5.001235e-01 8.416843e-10 3.577000e-02 9.560400e-01
4.996739e-01 6.291488e-10 3.050400e-02 9.587300e-01
4.997344e-01 7.058399e-10 3.571400e-02 9.578400e-01
4.995115e-01 6.278218e-10 3.866800e-02 9.585600e-01
5.005904e-01 9.621217e-10 3.739400e-02 9.576600e-01
4.999546e-01 7.576803e-10 3.874200e-02 9.582200e-01
5.004294e-01 1.049187e-09 4.197500e-02 9.568400e-01
5.001354e-01 7.364233e-10 3.330200e-02 9.580600e-01
4.999699e-01 8.963655e-10 2.808600e-02 9.590900e-01
5.002373e-01 7.885552e-10 3.794700e-02 9.570000e-01
4.999057e-01 7.031978e-10 3.138900e-02 9.569000e-01
4.998544e-01 6.690852e-10 3.477600e-02 9.577900e-01
4.999132e-01 6.737722e-10 3.412300e-02 9.587600e-01
5.001820e-01 8.070204e-10 3.432700e-02 9.568700e-01
4.996230e-01 6.643208e-10 3.135500e-02 9.603700e-01
4.996170e-01 5.699721e-10 2.918300e-02 9.592300e-01
5.002857e-01 9.514765e-10 4.145300e-02 9.563900e-01
5.001223e-01 8.147211e-10 3.527300e-02 9.582200e-01
4.996073e-01 8.107252e-10 3.388100e-02 9.573300e-01
5.000823e-01 7.403715e-10 3.355800e-02 9.564500e-01
5.004400e-01 7.752476e-10 4.240900e-02 9.572300e-01
5.000763e-01 8.166615e-10 2.582500e-02 9.564700e-01
5.000329e-01 7.685302e-10 3.304300e-02 9.579300e-01
5.000773e-01 7.615766e-10 2.831700e-02 9.562600e-01
4.995336e-01 6.016067e-10 4.009600e-02 9.580800e-01
5.000928e-01 8.866318e-10 3.626100e-02 9.574600e-01
5.003165e-01 8.296910e-10 2.860200e-02 9.570700e-01
5.001720e-01 7.697618e-10 4.021700e-02 9.575200e-01
4.999753e-01 7.744330e-10 3.317200e-02 9.589800e-01
5.002965e-01 8.167794e-10 3.700800e-02 9.568600e-01
5.000619e-01 7.732246e-10 3.897800e-02 9.580500e-01
5.003350e-01 8.869221e-10 3.111100e-02 9.574200e-01
5.000344e-01 7.176361e-10 2.903700e-02 9.581200e-01
5.001651e-01 8.474629e-10 2.347000e-02 9.564300e-01
4.997591e-01 7.324877e-10 2.859000e-02 9.590800e-01
4.997056e-01 6.055430e-10 4.130700e-02 9.583100e-01
4.999587e-01 7.606355e-10 3.084700e-02 9.579600e-01
5.004785e-01 8.599197e-10 3.702900e-02 9.574700e-01
4.996241e-01 6.060814e-10 3.588800e-02 9.587600e-01
4.996993e-01 7.312714e-10 2.633700e-02 9.580800e-01
4.999863e-01 6.964133e-10 2.993200e-02 9.577100e-01
5.009915e-01 1.127761e-09 2.507500e-02 9.553400e-01
4.998802e-01 7.976579e-10 3.289500e-02 9.586500e-01
5.000012e-01 7.224574e-10 4.051800e-02 9.589200e-01
5.001225e-01 8.188281e-10 3.087600e-02 9.578200e-01
4.997711e-01 7.179632e-10 2.913100e-02 9.567200e-01
4.998087e-01 7.510692e-10 2.758800e-02 9.587000e-01
4.999803e-01 7.753954e-10 4.227400e-02 9.596900e-01
5.004374e-01 1.089208e-09 4.234900e-02 9.561500e-01
4.997522e-01 6.699807e-10 3.778000e-02 9.586500e-01
4.999195e-01 6.782108e-10 3.799900e-02 9.576600e-01
5.003844e-01 9.282831e-10 3.090400e-02 9.592300e-01
4.994355e-01 6.107971e-10 3.077200e-02 9.581400e-01
5.007745e-01 1.052566e-09 3.279300e-02 9.561400e-01
4.999890e-01 8.586276e-10 3.698400e-02 9.569800e-01
4.999946e-01 7.321858e-10 3.065000e-02 9.587400e-01
5.000803e-01 7.416719e-10 2.593800e-02 9.570400e-01
5.003430e-01 8.221596e-10 3.497800e-02 9.577500e-01
4.997053e-01 6.752641e-10 3.525700e-02 9.572200e-01
5.000455e-01 7.131277e-10 2.835200e-02 9.579600e-01
4.995339e-01 6.171271e-10 2.979600e-02 9.601900e-01
5.004963e-01 8.537572e-10 3.381700e-02 9.559100e-01
5.001100e-01 7.889162e-10 3.847100e-02 9.572000e-01
4.995088e-01 5.779968e-10 3.094300e-02 9.613300e-01
5.004985e-01 8.987866e-10 3.641100e-02 9.549300e-01
5.007905e-01 9.875406e-10 3.121400e-02 9.560300e-01
5.003407e-01 1.130068e-09 3.131700e-02 9.579400e-01
5.001580e-01 7.404672e-10 3.796800e-02 9.564200e-01
5.005177e-01 1.037016e-09 3.402400e-02 9.573500e-01
4.998962e-01 7.998231e-10 3.364200e-02 9.587100e-01
5.000936e-01 7.626558e-10 3.630400e-02 9.575000e-01
5.002274e-01 8.607320e-10 3.505500e-02 9.574600e-01
4.995389e-01 6.325412e-10 2.753700e-02 9.582400e-01
5.004695e-01 9.053047e-10 3.730600e-02 9.573000e-01
5.002686e-01 7.656445e-10 3.050700e-02 9.570500e-01
5.001797e-01 8.017534e-10 3.317700e-02 9.572000e-01
4.997546e-01 6.118436e-10 3.191200e-02 9.569600e-01
4.998712e-01 7.093372e-10 3.622200e-02 9.597900e-01
4.998926e-01 6.385471e-10 3.072900e-02 9.586100e-01
4.996639e-01 6.724515e-10 3.400400e-02 9.579600e-01
5.000542e-01 6.983559e-10 2.853300e-02 9.566900e-01
5.000255e-01 7.175050e-10 3.865300e-02 9.591400e-01
5.001429e-01 7.833877e-10 3.543800e-02 9.574700e-01
5.003288e-01 8.235766e-10 3.229500e-02 9.571100e-01
5.001155e-01 7.808106e-10 3.050100e-02 9.570200e-01
4.999580e-01 7.346612e-10 4.260600e-02 9.564300e-01
5.000393e-01 8.037166e-10 3.777500e-02 9.596800e-01
4.994809e-01 5.715713e-10 3.250100e-02 9.584700e-01
4.998603e-01 8.069281e-10 3.376900e-02 9.579900e-01
4.998780e-01 7.610911e-10 3.570500e-02 9.583300e-01
5.001844e-01 8.361732e-10 3.732900e-02 9.565800e-01
4.997033e-01 6.466090e-10 3.110200e-02 9.589300e-01
4.999052e-01 7.821518e-10 3.676900e-02 9.568900e-01
4.996092e-01 6.252472e-10 3.896400e-02 9.589400e-01
4.996904e-01 6.613194e-10 3.551100e-02 9.583100e-01
4.994224e-01 5.369302e-10 2.654600e-02 9.583100e-01
4.996872e-01 6.318187e-10 3.657200e-02 9.597500e-01
4.996981e-01 5.906943e-10 3.087800e-02 9.593600e-01
4.998275e-01 7.679963e-10 2.803900e-02 9.576800e-01
4.992777e-01 5.660611e-10 3.110700e-02 9.601800e-01
5.001041e-01 7.417353e-10 3.823200e-02 9.583200e-01
4.998393e-01 6.574992e-10 3.251500e-02 9.584700e-01
4.995097e-01 6.131107e-10 2.743600e-02 9.574900e-01
4.999087e-01 7.013083e-10 3.156100e-02 9.576800e-01
5.000557e-01 7.799387e-10 3.832500e-02 9.566400e-01
5.002050e-01 8.433115e-10 3.285500e-02 9.551900e-01
4.996024e-01 5.999288e-10 3.456600e-02 9.592100e-01
4.999834e-01 7.692510e-10 3.154400e-02 9.568100e-01
4.999795e-01 7.945527e-10 3.835800e-02 9.568400e-01
5.001315e-01 7.638392e-10 4.137300e-02 9.569600e-01
5.004986e-01 9.135192e-10 4.138000e-02 9.573200e-01
5.002408e-01 8.197293e-10 3.453400e-02 9.566700e-01
5.002780e-01 6.916824e-10 3.607100e-02 9.563200e-01
5.002632e-01 7.950365e-10 3.204200e-02 9.577000e-01
4.995334e-01 5.997124e-10 3.547000e-02 9.575400e-01
4.997107e-01 6.453640e-10 3.079000e-02 9.590700e-01
4.995316e-01 5.669585e-10 3.447800e-02 9.584600e-01
4.997224e-01 5.995301e-10 3.056700e-02 9.591700e-01
4.998590e-01 7.427640e-10 2.925400e-02 9.594400e-01
5.000004e-01 7.157528e-10 3.637200e-02 9.571700e-01
4.998127e-01 6.455744e-10 3.548100e-02 9.577200e-01
5.004301e-01 8.345649e-10 3.617700e-02 9.573100e-01
4.998562e-01 6.434196e-10 3.536900e-02 9.577400e-01
4.998640e-01 7.799938e-10 2.661400e-02 9.566300e-01
4.998366e-01 6.704952e-10 3.097100e-02 9.597200e-01
4.999223e-01 6.766713e-10 3.129200e-02 9.574800e-01
4.998709e-01 6.207167e-10 3.613700e-02 9.573100e-01
5.000776e-01 7.050427e-10 3.525600e-02 9.572700e-01
5.000069e-01 8.156917e-10 3.520600e-02 9.575600e-01
5.004573e-01 9.182845e-10 3.171800e-02 9.572400e-01
4.995675e-01 6.207876e-10 3.343300e-02 9.572900e-01
4.996146e-01 5.991691e-10 3.584800e-02 9.592700e-01
4.999279e-01 7.599806e-10 3.701700e-02 9.590500e-01
4.999501e-01 6.929246e-10 3.865100e-02 9.585500e-01
4.997610e-01 7.239456e-10 3.535100e-02 9.572900e-01
5.005114e-01 8.840107e-10 3.026800e-02 9.555600e-01
5.006842e-01 1.008341e-09 3.387600e-02 9.573200e-01
5.000399e-01 7.802751e-10 2.584000e-02 9.553200e-01
4.998564e-01 7.850825e-10 4.168600e-02 9.582000e-01
4.997743e-01 6.086336e-10 2.974300e-02 9.579300e-01
4.996345e-01 6.529725e-10 4.111000e-02 9.585200e-01
4.997552e-01 6.171127e-10 3.884700e-02 9.575500e-01
5.000966e-01 7.582600e-10 3.932400e-02 9.574300e-01
4.999469e-01 6.449869e-10 3.095900e-02 9.570400e-01
5.003928e-01 1.066083e-09 3.198400e-02 9.580600e-01
4.995180e-01 5.791263e-10 3.399600e-02 9.593800e-01
4.995389e-01 6.349567e-10 3.895200e-02 9.589100e-01
5.000801e-01 7.155838e-10 3.667200e-02 9.580500e-01
4.999899e-01 7.736776e-10 3.166800e-02 9.580600e-01
5.000659e-01 7.998547e-10 3.321700e-02 9.567400e-01
5.002980e-01 8.196247e-10 3.384000e-02 9.574000e-01
4.999831e-01 8.610461e-10 3.745900e-02 9.573000e-01
4.998229e-01 9.850160e-10 3.838800e-02 9.586000e-01
4.999182e-01 7.670118e-10 3.735800e-02 9.583100e-01
4.997642e-01 7.524134e-10 3.522300e-02 9.584800e-01
4.998883e-01 7.032192e-10 3.214800e-02 9.570200e-01
5.005112e-01 1.012689e-09 3.031000e-02 9.588000e-01
4.999805e-01 7.521529e-10 3.107200e-02 9.574300e-01
4.999917e-01 7.057834e-10 3.940100e-02 9.567700e-01
4.998920e-01 7.134838e-10 3.426300e-02 9.569700e-01
5.000948e-01 7.723473e-10 4.070800e-02 9.575900e-01
5.005725e-01 9.666308e-10 3.234100e-02 9.568600e-01
5.001783e-01 9.212470e-10 3.327600e-02 9.578800e-01
4.996308e-01 6.042410e-10 3.940800e-02 9.585800e-01
4.998055e-01 6.065810e-10 3.646400e-02 9.585700e-01
5.001552e-01 8.779719e-10 3.204000e-02 9.567200e-01
5.000184e-01 7.492823e-10 2.869100e-02 9.576600e-01
4.997939e-01 7.168044e-10 3.667700e-02 9.599300e-01
4.995675e-01 5.800740e-10 3.404200e-02 9.597500e-01
4.999065e-01 6.400201e-10 3.910100e-02 9.569600e-01
5.004315e-01 9.116918e-10 3.182400e-02 9.571400e-01
4.993592e-01 5.755741e-10 3.385400e-02 9.585200e-01
5.004022e-01 9.332776e-10 3.004000e-02 9.552400e-01
4.999268e-01 6.880985e-10 3.116200e-02 9.571800e-01
4.997281e-01 7.059456e-10 3.614000e-02 9.583500e-01
4.996581e-01 5.583466e-10 3.113500e-02 9.585100e-01
5.005262e-01 9.940276e-10 3.491700e-02 9.565200e-01
4.998293e-01 6.986649e-10 3.824900e-02 9.596100e-01
5.004343e-01 8.368579e-10 2.946800e-02 9.568900e-01
4.998995e-01 7.392431e-10 3.629800e-02 9.583100e-01
5.001798e-01 7.664381e-10 2.345700e-02 9.557300e-01
4.996797e-01 6.695911e-10 4.056100e-02 9.572300e-01
5.002158e-01 7.420431e-10 4.189400e-02 9.573200e-01
4.997099e-01 6.241129e-10 3.591100e-02 9.597400e-01
4.998914e-01 6.455856e-10 3.644700e-02 9.575600e-01
4.996345e-01 6.407364e-10 3.180200e-02 9.590800e-01
4.998282e-01 8.062157e-10 3.275400e-02 9.578500e-01
4.998292e-01 6.422704e-10 2.713500e-02 9.572400e-01
5.000530e-01 8.145336e-10 3.967800e-02 9.580000e-01
5.004356e-01 9.479023e-10 3.529600e-02 9.573900e-01
5.001039e-01 7.621266e-10 3.852700e-02 9.568300e-01
4.998168e-01 8.059182e-10 2.429000e-02 9.587900e-01
5.002520e-01 8.661196e-10 2.986000e-02 9.567400e-01
4.996625e-01 6.182520e-10 3.797500e-02 9.581900e-01
4.998988e-01 6.660683e-10 3.630800e-02 9.585500e-01
5.005136e-01 9.785244e-10 3.762300e-02 9.580300e-01
5.005624e-01 1.132802e-09 3.202500e-02 9.563700e-01
4.999432e-01 7.463087e-10 3.803200e-02 9.574700e-01
5.000951e-01 8.074870e-10 3.644800e-02 9.554100e-01
5.000351e-01 8.604993e-10 3.972300e-02 9.574700e-01
5.007464e-01 9.040605e-10 3.793700e-02 9.556500e-01
4.997139e-01 6.321424e-10 3.288600e-02 9.587800e-01
5.002472e-01 9.259601e-10 4.246800e-02 9.585300e-01
5.004443e-01 8.803427e-10 3.180100e-02 9.564200e-01
4.996476e-01 6.708877e-10 3.700400e-02 9.599300e-01
4.998375e-01 6.698060e-10 3.253700e-02 9.582300e-01
4.999760e-01 7.208355e-10 3.738400e-02 9.586700e-01
4.999256e-01 6.142835e-10 3.400200e-02 9.587400e-01
5.003855e-01 8.465775e-10 3.453900e-02 9.568900e-01
4.997074e-01 6.053525e-10 3.389200e-02 9.596000e-01
5.000450e-01 7.895989e-10 3.319400e-02 9.577400e-01
4.998530e-01 6.996712e-10 3.624800e-02 9.568300e-01
4.994176e-01 5.394703e-10 4.012800e-02 9.559400e-01
4.997065e-01 7.164417e-10 3.393600e-02 9.597000e-01
5.004622e-01 9.553493e-10 3.392000e-02 9.560200e-01
5.008948e-01 9.702736e-10 3.040900e-02 9.559700e-01
5.003200e-01 9.146275e-10 3.799400e-02 9.556900e-01
5.001676e-01 8.793949e-10 3.930500e-02 9.593500e-01
4.999681e-01 7.249209e-10 3.296700e-02 9.569800e-01
5.001118e-01 7.915009e-10 2.830500e-02 9.576200e-01
4.996201e-01 6.573168e-10 3.094500e-02 9.575600e-01
4.998241e-01 6.769886e-10 4.012600e-02 9.598600e-01
5.000380e-01 8.201574e-10 2.586500e-02 9.562300e-01
4.996692e-01 5.957848e-10 3.578100e-02 9.578600e-01
5.000318e-01 7.344177e-10 3.186700e-02 9.590500e-01
4.996312e-01 5.822423e-10 2.908800e-02 9.598000e-01
4.994717e-01 5.999318e-10 4.179600e-02 9.594600e-01
4.999799e-01 7.728114e-10 3.656600e-02 9.587400e-01
4.999497e-01 8.325523e-10 2.898900e-02 9.588100e-01
5.000963e-01 7.251060e-10 3.079800e-02 9.567700e-01
5.000996e-01 8.952881e-10 3.059700e-02 9.583300e-01
5.005385e-01 8.917598e-10 3.036500e-02 9.562600e-01
5.003029e-01 7.656941e-10 3.548700e-02 9.581600e-01
5.002846e-01 8.377349e-10 3.590800e-02 9.563800e-01
5.000559e-01 9.229650e-10 3.611300e-02 9.604300e-01
4.998813e-01 6.914991e-10 3.647900e-02 9.574900e-01
5.001883e-01 7.756087e-10 4.013100e-02 9.582500e-01
5.003941e-01 8.580055e-10 3.322600e-02 9.570100e-01
5.002044e-01 9.026175e-10 2.712900e-02 9.596600e-01
4.997273e-01 6.609671e-10 3.634200e-02 9.589100e-01
4.995341e-01 5.525202e-10 3.519400e-02 9.600000e-01
5.002565e-01 8.743708e-10 3.681300e-02 9.575500e-01
5.001081e-01 8.065930e-10 3.143800e-02 9.568000e-01
5.003271e-01 8.205362e-10 3.488300e-02 9.574600e-01
5.009089e-01 1.162453e-09 3.351100e-02 9.569400e-01
5.000640e-01 7.410159e-10 3.299400e-02 9.582800e-01
5.003406e-01 9.261702e-10 2.838400e-02 9.555900e-01
5.001527e-01 8.256491e-10 3.384000e-02 9.581400e-01
4.994828e-01 6.572100e-10 3.726000e-02 9.608600e-01
4.997093e-01 6.551054e-10 2.537100e-02 9.588100e-01
5.003898e-01 8.669525e-10 3.422900e-02 9.584100e-01
5.002192e-01 7.814193e-10 3.110700e-02 9.568900e-01
4.995014e-01 5.164588e-10 3.196200e-02 9.578800e-01
4.999448e-01 7.084564e-10 3.905400e-02 9.589700e-01
4.998293e-01 6.491594e-10 2.892000e-02 9.593000e-01
5.001787e-01 8.414894e-10 2.851600e-02 9.575700e-01
4.998201e-01 6.073355e-10 3.334500e-02 9.565000e-01
5.000145e-01 7.360686e-10 3.108000e-02 9.581900e-01
5.000118e-01 7.977399e-10 3.340300e-02 9.590500e-01
5.004937e-01 8.229038e-10 4.159200e-02 9.561300e-01
4.999729e-01 7.109809e-10 3.731900e-02 9.578000e-01
5.004727e-01 1.024945e-09 3.945400e-02 9.575800e-01
5.001687e-01 7.887629e-10 2.620500e-02 9.581300e-01
4.994964e-01 5.259812e-10 3.148900e-02 9.581500e-01
5.002307e-01 9.659034e-10 3.429700e-02 9.574200e-01
4.999096e-01 8.417908e-10 3.999700e-02 9.592600e-01
4.999887e-01 7.359206e-10 3.766100e-02 9.587000e-01
4.997735e-01 5.493822e-10 2.772600e-02 9.589100e-01
4.995420e-01 6.473800e-10 3.831300e-02 9.604100e-01
4.996987e-01 7.094297e-10 4.182300e-02 9.587800e-01
5.002400e-01 9.557298e-10 3.359800e-02 9.573800e-01
5.003282e-01 8.100095e-10 3.927500e-02 9.573500e-01
4.998439e-01 6.418587e-10 2.988100e-02 9.591800e-01
4.994179e-01 5.764285e-10 2.659000e-02 9.599600e-01
5.004918e-01 9.628071e-10 3.477500e-02 9.569600e-01
4.997087e-01 7.093961e-10 3.552500e-02 9.583100e-01
4.996995e-01 5.913370e-10 3.520400e-02 9.588800e-01
4.997934e-01 6.481084e-10 4.009200e-02 9.604900e-01
5.003102e-01 8.161644e-10 3.899600e-02 9.571400e-01
5.000650e-01 7.998492e-10 2.856900e-02 9.562900e-01
5.003479e-01 9.420571e-10 2.843100e-02 9.576900e-01
4.992023e-01 4.685059e-10 3.095800e-02 9.592200e-01
5.000376e-01 7.539749e-10 2.989000e-02 9.584200e-01
5.006348e-01 8.798857e-10 3.110800e-02 9.566700e-01
5.005188e-01 9.277208e-10 3.572000e-02 9.575900e-01
4.994634e-01 6.168441e-10 3.258100e-02 9.591200e-01
5.005108e-01 8.329501e-10 2.785300e-02 9.565100e-01
5.001054e-01 7.455106e-10 3.593000e-02 9.575800e-01
5.006338e-01 1.030550e-09 3.322000e-02 9.563900e-01
5.002801e-01 9.062217e-10 3.050900e-02 9.560900e-01
5.002584e-01 8.324757e-10 3.978600e-02 9.579600e-01
4.998008e-01 7.616802e-10 3.017300e-02 9.579900e-01
4.998832e-01 7.961336e-10 4.127600e-02 9.573200e-01
5.002699e-01 7.970954e-10 4.010300e-02 9.575400e-01
5.002236e-01 8.149639e-10 3.069400e-02 9.576000e-01
5.006795e-01 1.160145e-09 3.958300e-02 9.572300e-01
4.998383e-01 6.505416e-10 3.157200e-02 9.568500e-01
4.995606e-01 6.117530e-10 4.067400e-02 9.585900e-01
5.003404e-01 8.448158e-10 2.986600e-02 9.558400e-01
4.995787e-01 7.267876e-10 3.193400e-02 9.590700e-01
4.997999e-01 6.866113e-10 3.872000e-02 9.577100e-01
4.999213e-01 7.795291e-10 3.416600e-02 9.591300e-01
4.997647e-01 6.086819e-10 3.231400e-02 9.591800e-01
5.002650e-01 8.231739e-10 3.081200e-02 9.580300e-01
5.001088e-01 8.264876e-10 3.508400e-02 9.574800e-01
5.004753e-01 9.651971e-10 2.981800e-02 9.558800e-01
5.001567e-01 7.873108e-10 3.736700e-02 9.578700e-01
4.999140e-01 6.667784e-10 3.125900e-02 9.575300e-01
5.002229e-01 9.303849e-10 3.825700e-02 9.565500e-01
4.999059e-01 6.957189e-10 3.491000e-02 9.578900e-01
4.993954e-01 5.508722e-10 3.188400e-02 9.591800e-01
5.006667e-01 1.058841e-09 3.738600e-02 9.547900e-01
4.997489e-01 6.676422e-10 3.665300e-02 9.586000e-01
5.001493e-01 7.560556e-10 3.190800e-02 9.585500e-01
4.995276e-01 5.660123e-10 3.483800e-02 9.591400e-01
5.003799e-01 8.810951e-10 3.608200e-02 9.574100e-01
5.005636e-01 9.965460e-10 2.505000e-02 9.575200e-01
4.997977e-01 6.919974e-10 3.169900e-02 9.582700e-01
5.001652e-01 7.367287e-10 2.678700e-02 9.555600e-01
5.005100e-01 9.082998e-10 3.266600e-02 9.569400e-01
4.994944e-01 6.501138e-10 3.315800e-02 9.598100e-01
4.995689e-01 6.002623e-10 2.675400e-02 9.592400e-01
5.002734e-01 7.821964e-10 3.776200e-02 9.559600e-01
4.997935e-01 5.892226e-10 2.829900e-02 9.586600e-01
4.999662e-01 7.697788e-10 3.146900e-02 9.557200e-01
5.002696e-01 7.335466e-10 2.899900e-02 9.579400e-01
5.002420e-01 7.364627e-10 3.169100e-02 9.578400e-01
4.996691e-01 6.716908e-10 4.028000e-02 9.590300e-01
4.998540e-01 7.183325e-10 3.503600e-02 9.580300e-01
5.000482e-01 7.214090e-10 3.417700e-02 9.575500e-01
4.992309e-01 5.132960e-10 3.838300e-02 9.624000e-01
5.000406e-01 7.389949e-10 3.570100e-02 9.579100e-01
4.999850e-01 7.908178e-10 2.686300e-02 9.579900e-01
5.000328e-01 8.350029e-10 3.125500e-02 9.595400e-01
5.001305e-01 8.403663e-10 3.104900e-02 9.589400e-01
5.007098e-01 1.143026e-09 3.084600e-02 9.558800e-01
5.001481e-01 7.729137e-10 2.784500e-02 9.562800e-01
4.999492e-01 6.756486e-10 3.739700e-02 9.592000e-01
5.000824e-01 8.096710e-10 3.761400e-02 9.575500e-01
4.997243e-01 6.090367e-10 3.276400e-02 9.585300e-01
5.003850e-01 8.690619e-10 3.620700e-02 9.550600e-01
4.997151e-01 6.733434e-10 3.162300e-02 9.599900e-01
5.007391e-01 1.195478e-09 3.128800e-02 9.565700e-01
4.996891e-01 5.820512e-10 3.300900e-02 9.589400e-01
4.996841e-01 6.128877e-10 2.971400e-02 9.581000e-01
5.000268e-01 7.751445e-10 3.439600e-02 9.587000e-01
4.999761e-01 7.202139e-10 3.328400e-02 9.587200e-01
5.000552e-01 8.981097e-10 3.649700e-02 9.590200e-01
5.005395e-01 9.709134e-10 2.766600e-02 9.591700e-01
4.995655e-01 6.609840e-10 3.816400e-02 9.599100e-01
5.001299e-01 8.676454e-10 3.236300e-02 9.582500e-01
4.998099e-01 8.508651e-10 3.399200e-02 9.582400e-01
5.001160e-01 8.203613e-10 3.193400e-02 9.575000e-01
4.999381e-01 6.968928e-10 3.048000e-02 9.556000e-01
5.004604e-01 9.106583e-10 3.258500e-02 9.571000e-01
4.997918e-01 7.846081e-10 2.834000e-02 9.588200e-01
4.996885e-01 6.723916e-10 3.438000e-02 9.581900e-01
4.999736e-01 8.200097e-10 2.940100e-02 9.568600e-01
5.000638e-01 7.597381e-10 3.303900e-02 9.558500e-01
5.000068e-01 7.273738e-10 3.543800e-02 9.577100e-01
5.000723e-01 1.079152e-09 2.705700e-02 9.597200e-01
4.993286e-01 5.217932e-10 3.088200e-02 9.602300e-01
4.999596e-01 7.705600e-10 3.642800e-02 9.580000e-01
5.002837e-01 8.346109e-10 3.915700e-02 9.565500e-01
4.998551e-01 7.224845e-10 3.341700e-02 9.586600e-01
5.002528e-01 8.167991e-10 3.082500e-02 9.582900e-01
4.998467e-01 6.177228e-10 2.776700e-02 9.590600e-01
4.999463e-01 8.907667e-10 3.439000e-02 9.579600e-01
5.001253e-01 7.790275e-10 3.472100e-02 9.573300e-01
5.000896e-01 7.164222e-10 3.545900e-02 9.574800e-01
4.998506e-01 6.436337e-10 3.115800e-02 9.580400e-01
5.001344e-01 7.708126e-10 3.347200e-02 9.590600e-01
4.998027e-01 7.774487e-10 3.647700e-02 9.571800e-01
5.001408e-01 7.739937e-10 2.687700e-02 9.567900e-01
5.003035e-01 9.213030e-10 3.094300e-02 9.591200e-01
4.999482e-01 8.059080e-10 3.370900e-02 9.587400e-01
