# dim  N   mc   dt  Impsamp 
# 1    1 1049576 0.1
#
# Theoretical Energy = 5.000000e-01
# Energy     Variance     CPU time     Acceptance
5.429403e-01 1.652895e-08 8.824480e-01 9.731539e-01
5.413882e-01 1.592816e-08 8.759800e-01 9.731701e-01
5.373801e-01 1.511884e-08 8.827790e-01 9.730062e-01
5.353970e-01 1.429178e-08 8.635160e-01 9.732359e-01
5.333747e-01 1.362993e-08 8.448860e-01 9.733216e-01
5.313768e-01 1.297541e-08 8.439190e-01 9.731196e-01
5.286915e-01 1.241615e-08 8.810500e-01 9.733616e-01
5.275373e-01 1.175140e-08 8.535430e-01 9.728328e-01
5.251032e-01 1.108813e-08 8.479190e-01 9.731920e-01
5.236471e-01 1.061025e-08 8.795560e-01 9.727023e-01
5.217992e-01 1.010824e-08 8.412640e-01 9.729615e-01
5.200888e-01 9.638959e-09 8.580220e-01 9.732206e-01
5.176334e-01 9.105964e-09 8.458440e-01 9.732578e-01
5.166200e-01 8.689480e-09 8.378890e-01 9.730129e-01
5.150970e-01 8.311622e-09 8.345590e-01 9.729672e-01
5.141462e-01 7.859885e-09 8.582820e-01 9.730405e-01
5.131474e-01 7.551348e-09 8.599450e-01 9.730710e-01
5.118307e-01 7.154286e-09 8.572470e-01 9.732130e-01
5.102068e-01 6.812781e-09 8.844470e-01 9.729643e-01
5.082367e-01 6.422187e-09 8.566140e-01 9.730567e-01
5.078907e-01 6.174944e-09 8.305710e-01 9.730539e-01
5.066945e-01 5.859870e-09 8.427610e-01 9.728471e-01
5.063914e-01 5.552024e-09 8.621980e-01 9.730062e-01
5.058088e-01 5.358893e-09 8.866350e-01 9.732397e-01
5.049018e-01 5.084831e-09 8.535600e-01 9.728995e-01
5.038894e-01 4.831099e-09 8.461000e-01 9.731682e-01
5.034281e-01 4.635303e-09 8.578440e-01 9.731253e-01
5.020999e-01 4.361737e-09 8.410510e-01 9.730872e-01
5.015396e-01 4.164871e-09 8.431470e-01 9.731901e-01
5.009485e-01 3.981458e-09 8.709480e-01 9.729329e-01
5.003636e-01 3.807407e-09 8.844950e-01 9.734226e-01
4.996418e-01 3.644638e-09 8.472670e-01 9.731615e-01
4.991392e-01 3.417929e-09 8.609650e-01 9.728986e-01
4.983546e-01 3.262711e-09 8.668280e-01 9.732063e-01
4.978344e-01 3.142577e-09 8.436170e-01 9.731234e-01
4.974407e-01 2.979152e-09 8.588080e-01 9.729367e-01
4.970043e-01 2.832248e-09 8.349660e-01 9.731634e-01
4.964880e-01 2.685546e-09 9.158570e-01 9.730939e-01
4.960348e-01 2.566854e-09 8.852760e-01 9.729281e-01
4.957773e-01 2.479815e-09 8.565870e-01 9.728586e-01
4.953594e-01 2.368093e-09 8.572310e-01 9.731196e-01
4.952625e-01 2.241550e-09 8.515250e-01 9.730510e-01
4.945326e-01 2.132675e-09 8.325740e-01 9.733235e-01
4.944797e-01 2.047707e-09 8.938200e-01 9.729653e-01
4.938198e-01 1.928038e-09 8.914040e-01 9.730377e-01
4.940670e-01 1.852864e-09 8.615180e-01 9.728557e-01
4.937194e-01 1.745373e-09 8.529800e-01 9.727280e-01
4.928978e-01 1.657482e-09 8.540470e-01 9.730920e-01
4.928039e-01 1.592489e-09 8.715210e-01 9.727623e-01
4.927855e-01 1.527805e-09 8.534800e-01 9.727938e-01
4.925623e-01 1.462932e-09 8.686560e-01 9.729119e-01
4.923892e-01 1.390967e-09 8.620190e-01 9.729148e-01
4.920308e-01 1.328956e-09 8.594570e-01 9.729958e-01
4.916398e-01 1.274571e-09 8.455360e-01 9.731006e-01
4.915627e-01 1.206374e-09 8.647880e-01 9.730586e-01
4.912902e-01 1.156272e-09 9.381310e-01 9.729081e-01
4.912432e-01 1.108243e-09 8.783780e-01 9.731825e-01
4.910770e-01 1.046637e-09 8.794510e-01 9.730253e-01
4.905390e-01 9.867956e-10 8.463090e-01 9.729881e-01
4.905411e-01 9.618630e-10 8.437100e-01 9.733006e-01
4.903488e-01 9.082267e-10 8.598130e-01 9.729186e-01
4.903808e-01 8.827522e-10 8.474660e-01 9.726204e-01
4.901503e-01 8.353046e-10 8.647540e-01 9.732835e-01
4.900582e-01 7.993312e-10 8.619310e-01 9.731272e-01
4.897805e-01 7.569402e-10 8.352450e-01 9.730139e-01
4.897804e-01 7.265338e-10 8.680980e-01 9.729529e-01
4.896600e-01 6.931211e-10 8.725380e-01 9.728900e-01
4.894916e-01 6.658455e-10 8.410320e-01 9.731082e-01
4.896499e-01 6.342029e-10 8.986910e-01 9.730062e-01
4.895185e-01 6.170217e-10 8.737420e-01 9.730844e-01
4.892677e-01 5.774521e-10 8.517200e-01 9.727271e-01
4.892097e-01 5.566402e-10 8.460420e-01 9.730053e-01
4.890427e-01 5.304622e-10 8.593350e-01 9.729110e-01
4.889398e-01 5.125968e-10 8.694020e-01 9.731387e-01
4.888831e-01 4.857654e-10 8.424480e-01 9.730663e-01
4.888062e-01 4.653541e-10 8.556180e-01 9.731244e-01
4.888514e-01 4.457998e-10 8.352570e-01 9.730958e-01
4.887154e-01 4.302035e-10 8.328590e-01 9.730339e-01
4.885534e-01 4.063988e-10 8.620030e-01 9.732340e-01
4.886886e-01 3.939535e-10 8.704850e-01 9.729586e-01
4.885062e-01 3.746655e-10 9.148440e-01 9.729767e-01
4.886356e-01 3.654323e-10 8.629130e-01 9.732873e-01
4.882933e-01 3.413225e-10 8.470400e-01 9.729300e-01
4.883823e-01 3.327036e-10 8.492320e-01 9.731272e-01
4.881954e-01 3.159824e-10 8.580560e-01 9.729834e-01
4.882592e-01 3.047949e-10 8.501600e-01 9.728862e-01
4.882966e-01 2.946481e-10 8.276700e-01 9.731530e-01
4.881586e-01 2.801803e-10 8.571590e-01 9.729510e-01
4.881145e-01 2.714290e-10 8.499150e-01 9.730062e-01
4.881641e-01 2.623831e-10 8.554690e-01 9.727471e-01
4.880230e-01 2.486532e-10 8.702770e-01 9.730301e-01
4.880993e-01 2.441960e-10 8.857590e-01 9.729920e-01
4.879782e-01 2.317340e-10 8.859940e-01 9.731253e-01
4.878713e-01 2.220786e-10 8.938910e-01 9.731158e-01
4.879636e-01 2.154977e-10 9.040380e-01 9.733273e-01
4.879393e-01 2.080414e-10 8.343210e-01 9.728776e-01
4.877782e-01 1.969714e-10 8.532610e-01 9.732235e-01
4.877731e-01 1.922563e-10 8.632590e-01 9.729167e-01
4.879023e-01 1.894279e-10 8.540740e-01 9.730101e-01
4.877267e-01 1.793815e-10 8.594760e-01 9.729100e-01
4.877950e-01 1.754450e-10 8.908400e-01 9.732149e-01
4.877046e-01 1.673074e-10 8.591440e-01 9.728033e-01
4.876336e-01 1.602504e-10 8.418910e-01 9.727528e-01
4.877305e-01 1.576426e-10 8.688490e-01 9.729100e-01
4.876765e-01 1.510193e-10 8.409380e-01 9.730405e-01
4.876306e-01 1.465945e-10 8.433240e-01 9.732768e-01
4.876572e-01 1.420387e-10 8.399020e-01 9.729091e-01
4.876026e-01 1.385476e-10 8.546790e-01 9.728100e-01
4.875419e-01 1.332680e-10 8.459060e-01 9.730872e-01
4.875636e-01 1.311188e-10 8.559840e-01 9.730263e-01
4.875838e-01 1.264522e-10 8.696010e-01 9.728062e-01
4.875627e-01 1.235577e-10 8.595660e-01 9.729862e-01
4.876142e-01 1.205263e-10 8.623010e-01 9.728081e-01
4.875798e-01 1.187475e-10 8.692370e-01 9.727109e-01
4.873941e-01 1.110142e-10 8.590600e-01 9.732663e-01
4.875062e-01 1.110214e-10 8.526410e-01 9.731330e-01
4.874786e-01 1.075036e-10 8.852480e-01 9.730815e-01
4.874811e-01 1.057514e-10 8.608060e-01 9.732444e-01
4.874852e-01 1.042983e-10 8.544260e-01 9.730729e-01
4.874659e-01 1.007486e-10 8.505480e-01 9.728805e-01
4.874311e-01 9.865881e-11 8.495560e-01 9.731758e-01
4.874027e-01 9.591642e-11 8.488930e-01 9.730548e-01
4.874239e-01 9.432791e-11 9.236750e-01 9.731358e-01
4.873551e-01 9.018943e-11 9.678290e-01 9.731101e-01
4.874049e-01 8.968919e-11 1.072530e+00 9.730558e-01
4.874540e-01 9.034655e-11 9.370700e-01 9.732159e-01
4.873985e-01 8.612626e-11 9.773220e-01 9.731406e-01
4.874242e-01 8.606511e-11 9.270260e-01 9.731206e-01
4.874298e-01 8.421638e-11 9.316290e-01 9.729453e-01
4.873319e-01 8.135685e-11 8.916890e-01 9.732225e-01
4.873803e-01 8.054047e-11 9.183850e-01 9.729415e-01
4.873980e-01 8.112049e-11 8.831470e-01 9.726385e-01
4.872836e-01 7.637510e-11 9.088930e-01 9.730491e-01
4.873474e-01 7.664526e-11 9.475560e-01 9.730501e-01
4.873865e-01 7.666642e-11 1.013732e+00 9.730463e-01
4.873862e-01 7.616906e-11 9.358690e-01 9.729624e-01
4.873655e-01 7.489221e-11 8.877490e-01 9.730901e-01
4.873178e-01 7.171724e-11 9.284360e-01 9.727347e-01
4.873276e-01 7.155256e-11 8.788810e-01 9.733378e-01
4.872953e-01 7.020716e-11 9.230680e-01 9.732425e-01
4.872766e-01 6.908261e-11 8.788330e-01 9.730186e-01
4.872572e-01 6.775708e-11 8.922490e-01 9.729920e-01
4.874093e-01 6.987048e-11 9.037510e-01 9.728929e-01
4.872818e-01 6.665269e-11 9.010160e-01 9.728395e-01
4.873009e-01 6.717513e-11 9.038210e-01 9.728100e-01
4.872711e-01 6.505658e-11 8.890840e-01 9.732816e-01
4.872969e-01 6.546423e-11 9.089460e-01 9.732425e-01
4.873285e-01 6.613540e-11 8.911960e-01 9.728395e-01
4.872991e-01 6.480571e-11 8.924150e-01 9.731654e-01
4.873240e-01 6.464045e-11 9.390460e-01 9.730596e-01
4.873566e-01 6.437355e-11 9.668700e-01 9.730872e-01
4.872932e-01 6.314138e-11 9.460490e-01 9.730806e-01
4.872797e-01 6.246387e-11 8.756390e-01 9.727528e-01
4.873120e-01 6.238879e-11 9.619100e-01 9.729939e-01
4.873066e-01 6.193228e-11 8.731600e-01 9.728624e-01
4.872780e-01 6.036463e-11 9.032100e-01 9.728690e-01
4.872829e-01 6.072527e-11 9.308820e-01 9.731530e-01
4.873149e-01 6.124884e-11 9.467050e-01 9.728367e-01
4.872596e-01 5.963551e-11 9.067800e-01 9.731253e-01
4.872365e-01 5.907940e-11 8.332000e-01 9.729834e-01
4.872837e-01 5.917877e-11 8.397960e-01 9.731187e-01
4.872731e-01 5.876223e-11 8.197650e-01 9.732759e-01
4.872835e-01 5.844757e-11 8.366610e-01 9.730120e-01
4.872552e-01 5.806698e-11 8.260820e-01 9.731034e-01
4.872700e-01 5.785449e-11 8.303090e-01 9.730796e-01
4.872853e-01 5.820572e-11 8.133470e-01 9.729386e-01
4.872900e-01 5.821963e-11 8.258970e-01 9.730282e-01
4.872847e-01 5.750915e-11 8.396770e-01 9.729557e-01
4.872824e-01 5.737367e-11 8.015390e-01 9.731558e-01
4.873163e-01 5.885987e-11 8.261990e-01 9.733397e-01
4.872895e-01 5.744580e-11 8.454400e-01 9.729443e-01
4.873117e-01 5.785530e-11 8.487400e-01 9.728509e-01
4.872732e-01 5.640597e-11 8.336710e-01 9.728414e-01
4.872875e-01 5.660471e-11 8.130660e-01 9.732273e-01
4.872567e-01 5.594665e-11 8.170240e-01 9.730510e-01
4.872572e-01 5.584709e-11 8.305710e-01 9.730863e-01
4.873044e-01 5.669345e-11 8.861480e-01 9.732035e-01
4.872423e-01 5.496305e-11 9.544720e-01 9.732997e-01
4.873082e-01 5.651636e-11 9.305300e-01 9.730558e-01
4.872951e-01 5.548704e-11 9.167390e-01 9.730720e-01
4.872765e-01 5.510858e-11 9.086560e-01 9.731091e-01
4.872751e-01 5.549707e-11 8.985560e-01 9.731606e-01
4.872848e-01 5.548860e-11 9.042350e-01 9.730301e-01
4.872612e-01 5.512105e-11 9.108310e-01 9.732263e-01
4.873161e-01 5.527906e-11 9.331750e-01 9.729005e-01
4.872802e-01 5.528330e-11 1.134036e+00 9.729157e-01
4.872564e-01 5.465762e-11 9.210660e-01 9.729900e-01
4.872769e-01 5.539731e-11 8.877830e-01 9.729596e-01
4.872559e-01 5.398606e-11 8.559770e-01 9.732320e-01
4.872700e-01 5.477113e-11 9.207950e-01 9.728805e-01
4.872814e-01 5.486484e-11 9.233620e-01 9.728309e-01
4.872327e-01 5.358298e-11 8.949140e-01 9.730491e-01
4.872544e-01 5.344152e-11 9.012960e-01 9.731730e-01
4.872966e-01 5.463561e-11 9.190830e-01 9.731749e-01
4.872900e-01 5.421592e-11 8.871740e-01 9.729596e-01
4.872413e-01 5.327889e-11 9.206870e-01 9.730205e-01
4.872593e-01 5.435244e-11 9.271140e-01 9.729167e-01
4.872635e-01 5.326597e-11 9.315930e-01 9.729920e-01
4.872429e-01 5.289209e-11 8.991460e-01 9.731396e-01
4.872881e-01 5.402634e-11 9.060350e-01 9.728862e-01
4.873023e-01 5.417649e-11 8.884780e-01 9.730548e-01
4.872936e-01 5.364207e-11 9.181060e-01 9.729672e-01
4.872406e-01 5.269038e-11 9.507860e-01 9.728062e-01
4.873029e-01 5.476004e-11 8.572950e-01 9.732502e-01
4.872540e-01 5.290757e-11 8.326870e-01 9.731396e-01
4.872783e-01 5.403003e-11 8.439880e-01 9.729577e-01
4.872544e-01 5.298491e-11 8.220650e-01 9.730253e-01
4.872662e-01 5.294764e-11 9.070440e-01 9.733330e-01
4.873140e-01 5.423247e-11 9.073460e-01 9.731501e-01
4.872766e-01 5.326839e-11 8.234050e-01 9.727357e-01
4.872885e-01 5.313399e-11 8.223860e-01 9.730120e-01
4.872861e-01 5.330591e-11 8.058370e-01 9.730720e-01
4.872585e-01 5.256088e-11 8.001360e-01 9.727318e-01
4.872910e-01 5.400476e-11 7.976100e-01 9.729319e-01
4.873108e-01 5.327197e-11 7.981660e-01 9.731206e-01
4.872780e-01 5.319558e-11 8.560620e-01 9.731349e-01
4.872855e-01 5.261412e-11 8.322920e-01 9.726004e-01
4.873236e-01 5.457364e-11 8.212880e-01 9.732997e-01
4.873072e-01 5.352357e-11 8.114650e-01 9.729891e-01
4.872676e-01 5.238403e-11 8.551060e-01 9.729596e-01
4.873118e-01 5.388141e-11 9.101450e-01 9.730072e-01
4.872951e-01 5.337179e-11 9.076690e-01 9.731530e-01
4.873013e-01 5.327774e-11 8.838990e-01 9.729110e-01
4.873075e-01 5.331686e-11 8.886250e-01 9.730948e-01
4.873162e-01 5.399977e-11 9.108130e-01 9.730120e-01
4.873276e-01 5.392178e-11 9.734990e-01 9.731825e-01
4.873499e-01 5.443426e-11 9.193860e-01 9.728871e-01
4.872801e-01 5.234157e-11 8.770490e-01 9.730567e-01
4.873103e-01 5.334069e-11 8.959440e-01 9.727862e-01
4.872431e-01 5.161828e-11 9.291590e-01 9.729338e-01
4.873174e-01 5.323072e-11 1.085876e+00 9.731091e-01
4.873036e-01 5.316825e-11 9.442180e-01 9.728957e-01
4.873044e-01 5.336836e-11 8.700510e-01 9.726356e-01
4.873118e-01 5.330674e-11 9.354230e-01 9.731558e-01
4.873280e-01 5.328403e-11 9.037360e-01 9.730929e-01
4.873169e-01 5.262538e-11 9.440770e-01 9.731511e-01
4.872843e-01 5.268711e-11 9.358580e-01 9.730634e-01
4.873151e-01 5.332692e-11 8.274510e-01 9.730377e-01
4.872947e-01 5.276216e-11 9.079320e-01 9.731234e-01
4.873156e-01 5.271693e-11 8.850200e-01 9.729586e-01
4.873086e-01 5.268903e-11 9.034260e-01 9.733330e-01
4.872780e-01 5.241346e-11 8.966020e-01 9.729653e-01
4.872820e-01 5.222715e-11 8.564800e-01 9.730081e-01
4.873092e-01 5.293263e-11 8.097760e-01 9.731053e-01
4.873301e-01 5.349860e-11 9.224730e-01 9.732273e-01
4.873177e-01 5.267163e-11 8.680900e-01 9.727966e-01
4.873352e-01 5.344315e-11 9.069490e-01 9.733111e-01
4.872982e-01 5.251160e-11 8.959140e-01 9.725946e-01
4.872821e-01 5.230562e-11 9.579900e-01 9.729510e-01
4.873411e-01 5.324509e-11 8.448480e-01 9.731473e-01
4.873160e-01 5.303623e-11 8.555270e-01 9.732006e-01
4.872842e-01 5.248391e-11 8.704480e-01 9.732273e-01
4.873136e-01 5.265337e-11 9.131970e-01 9.727538e-01
4.873088e-01 5.260614e-11 8.788620e-01 9.728233e-01
4.873062e-01 5.262161e-11 8.155390e-01 9.730939e-01
4.873430e-01 5.259538e-11 8.703920e-01 9.729920e-01
4.873299e-01 5.255571e-11 8.386100e-01 9.731625e-01
4.873438e-01 5.308856e-11 9.279400e-01 9.727433e-01
4.873595e-01 5.387728e-11 8.535120e-01 9.727738e-01
4.873381e-01 5.318052e-11 8.506690e-01 9.730796e-01
4.873264e-01 5.264878e-11 8.225940e-01 9.728548e-01
4.873011e-01 5.223136e-11 8.588700e-01 9.727404e-01
4.873240e-01 5.230239e-11 9.060380e-01 9.729615e-01
4.873041e-01 5.247556e-11 9.042870e-01 9.726128e-01
4.873066e-01 5.213184e-11 9.190200e-01 9.728033e-01
4.873128e-01 5.182777e-11 8.685590e-01 9.731425e-01
4.872738e-01 5.153019e-11 9.193380e-01 9.727204e-01
4.873219e-01 5.297922e-11 9.939400e-01 9.733969e-01
4.873121e-01 5.240932e-11 1.061580e+00 9.728043e-01
4.873672e-01 5.291811e-11 8.183400e-01 9.732359e-01
4.873161e-01 5.235028e-11 8.175710e-01 9.731215e-01
4.873079e-01 5.245005e-11 9.281220e-01 9.727985e-01
4.873157e-01 5.234132e-11 1.045905e+00 9.730482e-01
4.873237e-01 5.223762e-11 1.085846e+00 9.731625e-01
4.873163e-01 5.209063e-11 1.081217e+00 9.732702e-01
4.873106e-01 5.168151e-11 9.028790e-01 9.730939e-01
4.873178e-01 5.200125e-11 9.215260e-01 9.727623e-01
4.873020e-01 5.155900e-11 8.950480e-01 9.729234e-01
4.873473e-01 5.267999e-11 9.008890e-01 9.729253e-01
4.873509e-01 5.273368e-11 8.503940e-01 9.730586e-01
4.873372e-01 5.235670e-11 9.027560e-01 9.731149e-01
4.873661e-01 5.309020e-11 9.137930e-01 9.730501e-01
4.873627e-01 5.302678e-11 8.800580e-01 9.731501e-01
4.873676e-01 5.232061e-11 8.649360e-01 9.730129e-01
4.873102e-01 5.147822e-11 8.701580e-01 9.729176e-01
4.873444e-01 5.269289e-11 8.838320e-01 9.733121e-01
4.873310e-01 5.226256e-11 8.887150e-01 9.726280e-01
4.873255e-01 5.191458e-11 8.811290e-01 9.733168e-01
4.873543e-01 5.267830e-11 8.759820e-01 9.729214e-01
4.873758e-01 5.290113e-11 8.573000e-01 9.731415e-01
4.873260e-01 5.212313e-11 9.020900e-01 9.729691e-01
4.873660e-01 5.278611e-11 8.724660e-01 9.732044e-01
4.873583e-01 5.247626e-11 8.754900e-01 9.732092e-01
4.873403e-01 5.177364e-11 9.016610e-01 9.730625e-01
4.873727e-01 5.307459e-11 8.734940e-01 9.730024e-01
4.873782e-01 5.320142e-11 9.070890e-01 9.728967e-01
4.873217e-01 5.181597e-11 9.088040e-01 9.729043e-01
4.873297e-01 5.204686e-11 8.772660e-01 9.730482e-01
4.873143e-01 5.167484e-11 8.940560e-01 9.733578e-01
4.873492e-01 5.227983e-11 8.771390e-01 9.730234e-01
4.873808e-01 5.275918e-11 9.120170e-01 9.731034e-01
4.873449e-01 5.265230e-11 9.288850e-01 9.728986e-01
4.873861e-01 5.285183e-11 9.378370e-01 9.730834e-01
4.873433e-01 5.204544e-11 8.445580e-01 9.730110e-01
4.873792e-01 5.224383e-11 8.446890e-01 9.726909e-01
4.873444e-01 5.192255e-11 8.224300e-01 9.731482e-01
4.873181e-01 5.100027e-11 8.466520e-01 9.729862e-01
4.873418e-01 5.187101e-11 8.271110e-01 9.728548e-01
4.873512e-01 5.231130e-11 8.226690e-01 9.728271e-01
4.873737e-01 5.210300e-11 8.966740e-01 9.729014e-01
4.873481e-01 5.186569e-11 9.234660e-01 9.729643e-01
4.873904e-01 5.211621e-11 1.045060e+00 9.731768e-01
4.873210e-01 5.166552e-11 1.136952e+00 9.732197e-01
4.873848e-01 5.277772e-11 9.371970e-01 9.728271e-01
4.873588e-01 5.181635e-11 8.885620e-01 9.729948e-01
4.873928e-01 5.302442e-11 8.821900e-01 9.730663e-01
4.873463e-01 5.193568e-11 8.903840e-01 9.730634e-01
4.873975e-01 5.297012e-11 9.534570e-01 9.730539e-01
4.873706e-01 5.187467e-11 9.253230e-01 9.731425e-01
4.873780e-01 5.237520e-11 9.129170e-01 9.728748e-01
4.873647e-01 5.228045e-11 8.665260e-01 9.731101e-01
4.873915e-01 5.232697e-11 8.910500e-01 9.730110e-01
4.873488e-01 5.115939e-11 8.968160e-01 9.732101e-01
4.873521e-01 5.159552e-11 9.154490e-01 9.729491e-01
4.873918e-01 5.284280e-11 8.911100e-01 9.733073e-01
4.874030e-01 5.284732e-11 9.189500e-01 9.729415e-01
4.873815e-01 5.184949e-11 9.278920e-01 9.725985e-01
4.873684e-01 5.201617e-11 9.384250e-01 9.724803e-01
4.873821e-01 5.199347e-11 9.364510e-01 9.730224e-01
4.873299e-01 5.112895e-11 9.187380e-01 9.731530e-01
4.873801e-01 5.180271e-11 8.973400e-01 9.732930e-01
4.873979e-01 5.267651e-11 8.877350e-01 9.730186e-01
4.873900e-01 5.188336e-11 8.785340e-01 9.731044e-01
4.873897e-01 5.229746e-11 9.225280e-01 9.728681e-01
4.873821e-01 5.172003e-11 9.080970e-01 9.730005e-01
4.873913e-01 5.189084e-11 9.078130e-01 9.729176e-01
4.873768e-01 5.197283e-11 8.854970e-01 9.730529e-01
4.873573e-01 5.178254e-11 9.120150e-01 9.730072e-01
4.873584e-01 5.128863e-11 9.192450e-01 9.730910e-01
4.874098e-01 5.246067e-11 9.682400e-01 9.730320e-01
4.873959e-01 5.173685e-11 1.096007e+00 9.730215e-01
4.873838e-01 5.168331e-11 1.128208e+00 9.731787e-01
4.873800e-01 5.164972e-11 1.055112e+00 9.729167e-01
4.873709e-01 5.166526e-11 1.032168e+00 9.731091e-01
4.873782e-01 5.168695e-11 9.367300e-01 9.728224e-01
4.874080e-01 5.245223e-11 9.358080e-01 9.730329e-01
4.873606e-01 5.081959e-11 1.085848e+00 9.730415e-01
4.874118e-01 5.179806e-11 9.536950e-01 9.733197e-01
4.874104e-01 5.229767e-11 1.016660e+00 9.728224e-01
4.874056e-01 5.226753e-11 1.023906e+00 9.730396e-01
4.874246e-01 5.245369e-11 1.028881e+00 9.728119e-01
4.873933e-01 5.248067e-11 1.024275e+00 9.732521e-01
4.873876e-01 5.203731e-11 9.770020e-01 9.729195e-01
4.874234e-01 5.217921e-11 1.006477e+00 9.728995e-01
4.874041e-01 5.228390e-11 9.810600e-01 9.729891e-01
4.873981e-01 5.182022e-11 9.598710e-01 9.735569e-01
4.873998e-01 5.168204e-11 1.001106e+00 9.732730e-01
4.874172e-01 5.183187e-11 9.052010e-01 9.731053e-01
4.873844e-01 5.141898e-11 9.399660e-01 9.733273e-01
4.874012e-01 5.117748e-11 9.765480e-01 9.730615e-01
4.874111e-01 5.204892e-11 9.314040e-01 9.729881e-01
4.874081e-01 5.179834e-11 9.338760e-01 9.731063e-01
4.873846e-01 5.127912e-11 9.399850e-01 9.731577e-01
4.874119e-01 5.174740e-11 9.114550e-01 9.729548e-01
4.873939e-01 5.129921e-11 9.428540e-01 9.730110e-01
4.874440e-01 5.205882e-11 8.585080e-01 9.729138e-01
4.874030e-01 5.125258e-11 9.070130e-01 9.729300e-01
4.874149e-01 5.164062e-11 9.092410e-01 9.729081e-01
4.874222e-01 5.181277e-11 9.082470e-01 9.730663e-01
4.874117e-01 5.146688e-11 1.001343e+00 9.730005e-01
4.873905e-01 5.088151e-11 9.188950e-01 9.733740e-01
4.873812e-01 5.118073e-11 9.549610e-01 9.729815e-01
4.874288e-01 5.156601e-11 9.314150e-01 9.730243e-01
4.874236e-01 5.145010e-11 1.029029e+00 9.732397e-01
4.874172e-01 5.157687e-11 9.213510e-01 9.729100e-01
4.874116e-01 5.143085e-11 9.293900e-01 9.729367e-01
4.874312e-01 5.230769e-11 9.431970e-01 9.727995e-01
4.874329e-01 5.223394e-11 8.852380e-01 9.732254e-01
4.874590e-01 5.233340e-11 9.087170e-01 9.731835e-01
4.873796e-01 5.102003e-11 8.571760e-01 9.725508e-01
4.874104e-01 5.145836e-11 8.702150e-01 9.733750e-01
4.873593e-01 5.038453e-11 8.712200e-01 9.733759e-01
4.874557e-01 5.199554e-11 8.745790e-01 9.730301e-01
4.874300e-01 5.151157e-11 8.560950e-01 9.727166e-01
4.874743e-01 5.254565e-11 8.606690e-01 9.729624e-01
4.874425e-01 5.182955e-11 8.661190e-01 9.730491e-01
4.874512e-01 5.215197e-11 8.605800e-01 9.730510e-01
4.874291e-01 5.134658e-11 9.312510e-01 9.731072e-01
4.874388e-01 5.214419e-11 8.475790e-01 9.729148e-01
4.873865e-01 5.050785e-11 8.514600e-01 9.733045e-01
4.874035e-01 5.082658e-11 9.066160e-01 9.729253e-01
4.873883e-01 5.029549e-11 9.129870e-01 9.732968e-01
4.874150e-01 5.153036e-11 9.421080e-01 9.730882e-01
4.874371e-01 5.134471e-11 9.667970e-01 9.731120e-01
4.873843e-01 5.038709e-11 9.958790e-01 9.734426e-01
4.874490e-01 5.240559e-11 9.362340e-01 9.729538e-01
4.874458e-01 5.173491e-11 1.024083e+00 9.728767e-01
4.874515e-01 5.132836e-11 1.011322e+00 9.732168e-01
4.874418e-01 5.199116e-11 1.011461e+00 9.729758e-01
4.874099e-01 5.074500e-11 9.584020e-01 9.729567e-01
4.874823e-01 5.220862e-11 9.011940e-01 9.732606e-01
4.874453e-01 5.158589e-11 8.830200e-01 9.731873e-01
4.874559e-01 5.113457e-11 8.659290e-01 9.732159e-01
4.874248e-01 5.077908e-11 8.763580e-01 9.728938e-01
4.874051e-01 5.151647e-11 8.977920e-01 9.730444e-01
4.874361e-01 5.143061e-11 8.525610e-01 9.729110e-01
4.874394e-01 5.156412e-11 9.034290e-01 9.729072e-01
4.874595e-01 5.227746e-11 9.497590e-01 9.729291e-01
4.874688e-01 5.155410e-11 9.054310e-01 9.730987e-01
4.874293e-01 5.108279e-11 9.956720e-01 9.726461e-01
4.874562e-01 5.163402e-11 9.348980e-01 9.730053e-01
4.874358e-01 5.112360e-11 1.070831e+00 9.729253e-01
4.874754e-01 5.203283e-11 1.206369e+00 9.732702e-01
4.874258e-01 5.055057e-11 1.066216e+00 9.731149e-01
4.874918e-01 5.263587e-11 1.045295e+00 9.729005e-01
4.874532e-01 5.154073e-11 9.457420e-01 9.729443e-01
4.874433e-01 5.135737e-11 8.917650e-01 9.730272e-01
4.874649e-01 5.179933e-11 9.167770e-01 9.728681e-01
4.874601e-01 5.115315e-11 8.979310e-01 9.728338e-01
4.874600e-01 5.147363e-11 9.274640e-01 9.730586e-01
4.874905e-01 5.261988e-11 9.418160e-01 9.731939e-01
4.874225e-01 5.078752e-11 9.601150e-01 9.729291e-01
4.874138e-01 5.070265e-11 9.229780e-01 9.731520e-01
4.874652e-01 5.178506e-11 9.421340e-01 9.728395e-01
4.874495e-01 5.121031e-11 9.871270e-01 9.728605e-01
4.875003e-01 5.256892e-11 9.386940e-01 9.733559e-01
4.874027e-01 4.996295e-11 9.508820e-01 9.728309e-01
4.874699e-01 5.142282e-11 9.175890e-01 9.729834e-01
4.874736e-01 5.080675e-11 8.774220e-01 9.730129e-01
4.874765e-01 5.126756e-11 8.678160e-01 9.731825e-01
4.874783e-01 5.164550e-11 8.401670e-01 9.729996e-01
4.874433e-01 5.066535e-11 8.873360e-01 9.729824e-01
4.875026e-01 5.179105e-11 8.701080e-01 9.731120e-01
4.874752e-01 5.129643e-11 9.160390e-01 9.731187e-01
4.875209e-01 5.354677e-11 9.678620e-01 9.729710e-01
4.874980e-01 5.174837e-11 9.162560e-01 9.729110e-01
4.874403e-01 5.051548e-11 9.675930e-01 9.732054e-01
4.874760e-01 5.124888e-11 9.255650e-01 9.728738e-01
4.874866e-01 5.153191e-11 8.690930e-01 9.729691e-01
4.874613e-01 5.076088e-11 8.745240e-01 9.730977e-01
4.874874e-01 5.147241e-11 8.844300e-01 9.728214e-01
4.874951e-01 5.172303e-11 8.621580e-01 9.730243e-01
4.875064e-01 5.238953e-11 9.110980e-01 9.732873e-01
4.874810e-01 5.110158e-11 9.251320e-01 9.728024e-01
4.874766e-01 5.132613e-11 8.801950e-01 9.729767e-01
4.874682e-01 5.094172e-11 8.833450e-01 9.729672e-01
4.874795e-01 5.041431e-11 8.699290e-01 9.727090e-01
4.874611e-01 5.083834e-11 9.076050e-01 9.727223e-01
4.874922e-01 5.163512e-11 8.505120e-01 9.732159e-01
4.874847e-01 5.165038e-11 8.561340e-01 9.729081e-01
4.874999e-01 5.157011e-11 8.802270e-01 9.730158e-01
4.875238e-01 5.189685e-11 8.513370e-01 9.728738e-01
4.874774e-01 5.046605e-11 8.978080e-01 9.730129e-01
4.874788e-01 5.114310e-11 8.935590e-01 9.728643e-01
4.875180e-01 5.156687e-11 8.711050e-01 9.726547e-01
4.875004e-01 5.118421e-11 8.550420e-01 9.729367e-01
4.875050e-01 5.150302e-11 8.710810e-01 9.728490e-01
4.875120e-01 5.146097e-11 9.023780e-01 9.728662e-01
4.874705e-01 5.047915e-11 8.746940e-01 9.731282e-01
4.875005e-01 5.112257e-11 8.894530e-01 9.729033e-01
4.874923e-01 5.088926e-11 9.139000e-01 9.730539e-01
4.874676e-01 5.017669e-11 9.069110e-01 9.730072e-01
4.874781e-01 5.055900e-11 9.434890e-01 9.732397e-01
4.874957e-01 5.121890e-11 9.796820e-01 9.730158e-01
4.874902e-01 5.110365e-11 8.958690e-01 9.730091e-01
4.875090e-01 5.117745e-11 9.235060e-01 9.732044e-01
4.875197e-01 5.130327e-11 9.125150e-01 9.730434e-01
4.875343e-01 5.205869e-11 9.101340e-01 9.729081e-01
4.874890e-01 5.120487e-11 9.305930e-01 9.729824e-01
4.874996e-01 5.081117e-11 8.784460e-01 9.730558e-01
4.874812e-01 5.013038e-11 8.661500e-01 9.730872e-01
4.874883e-01 5.030841e-11 8.757550e-01 9.732292e-01
4.875119e-01 5.091584e-11 8.714100e-01 9.730682e-01
4.874665e-01 5.012694e-11 8.746620e-01 9.728033e-01
4.875090e-01 5.101017e-11 8.795130e-01 9.730396e-01
4.875448e-01 5.165269e-11 8.702380e-01 9.730205e-01
4.875554e-01 5.167480e-11 8.854530e-01 9.729186e-01
4.874920e-01 5.027468e-11 9.101610e-01 9.729376e-01
4.875316e-01 5.142454e-11 9.018570e-01 9.728519e-01
4.875045e-01 5.104602e-11 8.926360e-01 9.732378e-01
4.875403e-01 5.129324e-11 8.778550e-01 9.727747e-01
4.875700e-01 5.189178e-11 8.851090e-01 9.731673e-01
4.875219e-01 5.156153e-11 8.835120e-01 9.727519e-01
4.875339e-01 5.128825e-11 8.875670e-01 9.729967e-01
4.875489e-01 5.127312e-11 8.656480e-01 9.730958e-01
4.874992e-01 5.088154e-11 9.083760e-01 9.729557e-01
4.875333e-01 5.103176e-11 8.952910e-01 9.729300e-01
4.875279e-01 5.098533e-11 8.657490e-01 9.731291e-01
4.875388e-01 5.074957e-11 8.994690e-01 9.731968e-01
4.875264e-01 5.092395e-11 8.775580e-01 9.729100e-01
4.875452e-01 5.139739e-11 8.900390e-01 9.731034e-01
4.875003e-01 5.024933e-11 8.847370e-01 9.730215e-01
4.875280e-01 5.036595e-11 8.807080e-01 9.727842e-01
4.875180e-01 5.076400e-11 8.875840e-01 9.728262e-01
4.875376e-01 5.078370e-11 8.799950e-01 9.730567e-01
4.875408e-01 5.158222e-11 8.966280e-01 9.731958e-01
4.875216e-01 5.025548e-11 9.014530e-01 9.731377e-01
4.875399e-01 5.161266e-11 9.113140e-01 9.730491e-01
4.875554e-01 5.141669e-11 9.268190e-01 9.728386e-01
