# dim  N   mc   dt  Impsamp 
# 1    1 1049576 0.01
#
# Theoretical Energy = 5.000000e-01
# Energy     Variance     CPU time     Acceptance
5.006142e-01 5.271642e-09 6.652880e-01 9.974580e-01
4.996833e-01 4.875701e-09 6.961930e-01 9.974390e-01
4.985400e-01 4.692519e-09 6.483810e-01 9.975200e-01
4.953630e-01 4.247593e-09 6.632810e-01 9.974999e-01
4.935280e-01 3.915642e-09 6.521240e-01 9.974390e-01
4.930976e-01 3.710051e-09 6.464230e-01 9.975504e-01
4.905535e-01 3.384106e-09 6.615020e-01 9.975171e-01
4.877754e-01 3.071910e-09 6.556900e-01 9.974180e-01
4.884475e-01 2.938530e-09 6.515960e-01 9.974866e-01
4.867914e-01 2.741739e-09 6.666840e-01 9.974237e-01
4.844690e-01 2.523885e-09 6.522990e-01 9.974599e-01
4.830501e-01 2.320802e-09 6.444870e-01 9.976114e-01
4.812275e-01 2.171225e-09 6.516210e-01 9.974685e-01
4.797161e-01 1.990680e-09 6.586650e-01 9.974313e-01
4.780779e-01 1.863484e-09 6.629010e-01 9.974952e-01
4.772353e-01 1.689242e-09 6.711670e-01 9.975590e-01
4.769769e-01 1.661925e-09 6.583710e-01 9.975847e-01
4.758370e-01 1.525673e-09 6.559110e-01 9.975190e-01
4.757551e-01 1.452232e-09 6.425640e-01 9.976524e-01
4.740872e-01 1.315681e-09 6.543630e-01 9.975990e-01
4.726721e-01 1.220400e-09 6.561800e-01 9.975123e-01
4.723758e-01 1.180580e-09 6.537600e-01 9.975333e-01
4.722172e-01 1.143740e-09 6.446510e-01 9.975543e-01
4.709742e-01 1.074832e-09 6.625640e-01 9.976800e-01
4.704065e-01 9.975822e-10 6.626290e-01 9.975304e-01
4.686551e-01 8.758555e-10 6.700590e-01 9.976438e-01
4.689225e-01 8.814851e-10 6.491920e-01 9.975457e-01
4.680776e-01 8.256534e-10 6.497620e-01 9.975819e-01
4.671399e-01 7.586417e-10 6.586810e-01 9.976410e-01
4.664296e-01 7.359727e-10 6.668950e-01 9.975076e-01
4.659296e-01 7.062462e-10 6.748210e-01 9.975990e-01
4.659898e-01 6.952132e-10 6.494470e-01 9.974818e-01
4.655084e-01 6.680786e-10 6.472710e-01 9.976295e-01
4.649023e-01 6.353066e-10 6.689710e-01 9.975600e-01
4.642217e-01 6.149400e-10 6.503020e-01 9.975390e-01
4.645148e-01 6.123405e-10 6.488410e-01 9.975857e-01
4.642337e-01 6.007005e-10 6.567610e-01 9.975724e-01
4.635301e-01 5.892805e-10 6.575140e-01 9.975523e-01
4.633954e-01 5.667728e-10 6.592930e-01 9.974866e-01
4.637833e-01 5.996077e-10 6.447370e-01 9.974866e-01
4.625277e-01 5.359511e-10 6.511470e-01 9.976295e-01
4.623106e-01 5.288926e-10 6.473990e-01 9.975943e-01
4.624553e-01 5.166459e-10 6.599570e-01 9.975924e-01
4.626111e-01 5.746147e-10 6.469080e-01 9.976028e-01
4.619631e-01 5.075563e-10 6.568050e-01 9.976152e-01
4.619261e-01 5.172276e-10 6.420830e-01 9.975819e-01
4.620731e-01 5.522484e-10 6.467560e-01 9.976028e-01
4.611443e-01 4.912787e-10 6.486640e-01 9.975161e-01
4.606999e-01 4.916572e-10 6.488510e-01 9.974876e-01
4.608147e-01 4.835924e-10 6.682180e-01 9.975533e-01
4.606744e-01 4.891722e-10 6.576480e-01 9.976724e-01
4.605724e-01 4.791807e-10 6.469930e-01 9.977381e-01
4.607081e-01 5.108481e-10 6.731970e-01 9.977038e-01
4.602141e-01 4.754402e-10 6.832610e-01 9.976038e-01
4.600845e-01 4.745736e-10 6.636250e-01 9.975733e-01
4.597129e-01 4.644662e-10 6.454450e-01 9.976095e-01
4.602321e-01 4.926451e-10 6.521600e-01 9.976629e-01
4.594493e-01 4.507244e-10 6.538560e-01 9.976000e-01
4.595590e-01 4.518252e-10 6.450290e-01 9.976257e-01
4.593737e-01 4.688104e-10 6.603130e-01 9.976591e-01
4.595292e-01 4.605806e-10 6.479070e-01 9.976400e-01
4.594454e-01 4.525733e-10 6.442470e-01 9.976152e-01
4.593404e-01 4.799409e-10 6.588620e-01 9.975914e-01
4.595851e-01 4.763607e-10 6.562040e-01 9.977172e-01
4.597293e-01 4.679942e-10 6.588590e-01 9.976019e-01
4.591645e-01 4.503876e-10 6.560000e-01 9.976962e-01
4.595433e-01 4.794161e-10 6.565610e-01 9.976962e-01
4.593702e-01 4.694605e-10 6.665090e-01 9.976600e-01
4.593789e-01 4.793657e-10 6.592050e-01 9.975562e-01
4.595497e-01 4.691858e-10 6.610280e-01 9.974980e-01
4.591558e-01 4.690566e-10 6.560410e-01 9.975819e-01
4.593795e-01 4.689858e-10 6.479700e-01 9.976533e-01
4.590612e-01 4.605142e-10 6.507320e-01 9.976810e-01
4.588599e-01 4.450459e-10 6.421550e-01 9.975790e-01
4.593377e-01 4.787462e-10 6.492820e-01 9.976057e-01
4.589330e-01 4.668397e-10 6.516240e-01 9.976410e-01
4.586630e-01 4.393525e-10 6.792240e-01 9.976962e-01
4.589847e-01 4.689940e-10 6.515640e-01 9.975762e-01
4.590797e-01 4.628686e-10 6.390090e-01 9.976314e-01
4.587439e-01 4.431941e-10 6.499620e-01 9.976228e-01
4.595254e-01 4.974538e-10 6.557520e-01 9.976152e-01
4.592737e-01 4.824858e-10 6.460720e-01 9.976362e-01
4.592839e-01 4.749083e-10 6.648850e-01 9.976086e-01
4.587255e-01 4.497901e-10 6.615120e-01 9.975933e-01
4.595991e-01 4.876068e-10 6.471600e-01 9.975924e-01
4.592169e-01 4.905024e-10 6.585640e-01 9.976238e-01
4.590870e-01 4.683618e-10 6.551330e-01 9.977381e-01
4.594422e-01 4.922289e-10 6.550600e-01 9.976047e-01
4.589348e-01 4.530991e-10 6.605980e-01 9.976133e-01
4.588868e-01 4.586627e-10 6.494470e-01 9.975685e-01
4.593326e-01 4.778927e-10 6.508190e-01 9.975523e-01
4.590909e-01 4.629610e-10 6.469410e-01 9.976162e-01
4.588415e-01 4.326956e-10 6.649460e-01 9.975771e-01
4.594822e-01 4.913534e-10 6.735110e-01 9.976438e-01
4.590059e-01 4.520237e-10 6.650700e-01 9.975714e-01
4.591573e-01 4.790018e-10 6.588770e-01 9.976000e-01
4.590888e-01 4.582388e-10 6.649400e-01 9.976143e-01
4.589302e-01 4.667537e-10 6.538390e-01 9.976067e-01
4.591426e-01 4.726760e-10 6.609670e-01 9.976400e-01
4.587998e-01 4.417587e-10 6.671980e-01 9.975562e-01
4.588024e-01 4.515252e-10 6.456250e-01 9.975466e-01
4.593553e-01 4.822575e-10 6.532720e-01 9.976362e-01
4.592035e-01 4.679189e-10 6.601520e-01 9.976305e-01
4.591406e-01 4.572456e-10 6.416330e-01 9.976305e-01
4.588056e-01 4.383367e-10 6.524680e-01 9.977000e-01
4.595307e-01 4.775014e-10 6.477900e-01 9.976000e-01
4.592661e-01 4.718473e-10 6.489970e-01 9.976276e-01
4.586693e-01 4.341558e-10 6.698950e-01 9.975714e-01
4.589705e-01 4.536748e-10 6.481340e-01 9.976190e-01
4.595170e-01 4.756264e-10 6.504250e-01 9.975933e-01
4.593138e-01 4.677404e-10 6.630690e-01 9.975781e-01
4.592446e-01 4.611147e-10 6.524780e-01 9.976190e-01
4.586343e-01 4.265510e-10 6.530220e-01 9.976181e-01
4.589512e-01 4.514684e-10 6.672460e-01 9.976324e-01
4.595238e-01 4.656745e-10 6.643370e-01 9.976733e-01
4.587234e-01 4.378472e-10 6.828870e-01 9.976371e-01
4.593692e-01 4.593333e-10 6.568390e-01 9.976143e-01
4.590043e-01 4.428848e-10 6.621160e-01 9.976514e-01
4.594037e-01 4.710856e-10 6.454170e-01 9.976733e-01
4.590503e-01 4.436703e-10 6.511250e-01 9.976324e-01
4.595212e-01 4.825284e-10 6.514020e-01 9.976505e-01
4.596721e-01 4.734908e-10 6.558280e-01 9.976038e-01
4.590925e-01 4.375440e-10 6.476990e-01 9.976457e-01
4.600062e-01 4.968263e-10 6.460880e-01 9.976638e-01
4.592757e-01 4.513524e-10 6.683000e-01 9.975552e-01
4.591890e-01 4.342639e-10 6.560960e-01 9.976047e-01
4.596102e-01 4.709268e-10 6.658940e-01 9.976305e-01
4.592386e-01 4.339571e-10 6.476780e-01 9.976352e-01
4.599247e-01 4.807369e-10 6.767120e-01 9.974675e-01
4.595234e-01 4.498296e-10 6.514130e-01 9.975819e-01
4.596539e-01 4.529683e-10 6.569890e-01 9.975800e-01
4.596951e-01 4.733065e-10 6.511860e-01 9.976410e-01
4.598480e-01 4.712280e-10 6.735860e-01 9.976448e-01
4.595252e-01 4.479031e-10 6.482410e-01 9.976543e-01
4.592447e-01 4.231160e-10 6.466320e-01 9.976562e-01
4.594418e-01 4.569739e-10 6.588560e-01 9.975962e-01
4.595956e-01 4.640999e-10 6.569240e-01 9.976600e-01
4.598758e-01 4.629775e-10 6.641950e-01 9.975504e-01
4.595706e-01 4.489005e-10 6.591460e-01 9.976743e-01
4.594579e-01 4.330745e-10 6.686220e-01 9.975914e-01
4.595178e-01 4.415194e-10 6.575140e-01 9.976772e-01
4.598242e-01 4.540739e-10 6.663780e-01 9.976276e-01
4.599680e-01 4.643241e-10 6.552990e-01 9.975104e-01
4.597649e-01 4.492385e-10 6.565730e-01 9.975790e-01
4.594577e-01 4.249706e-10 6.635720e-01 9.976276e-01
4.599389e-01 4.495856e-10 6.583540e-01 9.976410e-01
4.593984e-01 4.256472e-10 6.506480e-01 9.975724e-01
4.600548e-01 4.705849e-10 6.606930e-01 9.976352e-01
4.599008e-01 4.592622e-10 6.555320e-01 9.977000e-01
4.598840e-01 4.385252e-10 6.500690e-01 9.975790e-01
4.597633e-01 4.458502e-10 6.558820e-01 9.975924e-01
4.600462e-01 4.513237e-10 6.534780e-01 9.976171e-01
4.597839e-01 4.293009e-10 6.713430e-01 9.976190e-01
4.597748e-01 4.283639e-10 6.665490e-01 9.976067e-01
4.600747e-01 4.364504e-10 6.629170e-01 9.976524e-01
4.599319e-01 4.391762e-10 6.466900e-01 9.976286e-01
4.600022e-01 4.458200e-10 6.492680e-01 9.976448e-01
4.596894e-01 4.198531e-10 6.582140e-01 9.975771e-01
4.602382e-01 4.679113e-10 6.491340e-01 9.975428e-01
4.597359e-01 4.210120e-10 6.638290e-01 9.976343e-01
4.598090e-01 4.375324e-10 6.470470e-01 9.975609e-01
4.603701e-01 4.611449e-10 6.512010e-01 9.976314e-01
4.598361e-01 4.424627e-10 6.538320e-01 9.976714e-01
4.597303e-01 4.215687e-10 6.708540e-01 9.976457e-01
4.600326e-01 4.335772e-10 6.548920e-01 9.976467e-01
4.602312e-01 4.302435e-10 6.695280e-01 9.976038e-01
4.605416e-01 4.550331e-10 6.438570e-01 9.976819e-01
4.601553e-01 4.507675e-10 6.529700e-01 9.976295e-01
4.597460e-01 4.273603e-10 6.558140e-01 9.975581e-01
4.604990e-01 4.696037e-10 6.473320e-01 9.977057e-01
4.602529e-01 4.511083e-10 6.624690e-01 9.976934e-01
4.602307e-01 4.362376e-10 6.577670e-01 9.975886e-01
4.600977e-01 4.400984e-10 6.512610e-01 9.976086e-01
4.599122e-01 4.294674e-10 6.617660e-01 9.976019e-01
4.599762e-01 4.254506e-10 6.639570e-01 9.976152e-01
4.602724e-01 4.248740e-10 6.531100e-01 9.976067e-01
4.598384e-01 4.137524e-10 6.637010e-01 9.975800e-01
4.602204e-01 4.274414e-10 6.523440e-01 9.976419e-01
4.599794e-01 4.360904e-10 6.534630e-01 9.975647e-01
4.602919e-01 4.448877e-10 6.664060e-01 9.976686e-01
4.601479e-01 4.507079e-10 6.501130e-01 9.976038e-01
4.605051e-01 4.550488e-10 6.615470e-01 9.975409e-01
4.598119e-01 4.046664e-10 6.480800e-01 9.976733e-01
4.603049e-01 4.274077e-10 6.534330e-01 9.975581e-01
4.601142e-01 4.226538e-10 6.459370e-01 9.976524e-01
4.603163e-01 4.192914e-10 6.483400e-01 9.975543e-01
4.602026e-01 4.269126e-10 6.552050e-01 9.975657e-01
4.607642e-01 4.503567e-10 6.407710e-01 9.976657e-01
4.605129e-01 4.327377e-10 6.620930e-01 9.975981e-01
4.605847e-01 4.468790e-10 6.633780e-01 9.975361e-01
4.603378e-01 4.372959e-10 6.579380e-01 9.976524e-01
4.602512e-01 4.218796e-10 6.615250e-01 9.975857e-01
4.601968e-01 4.152721e-10 6.511310e-01 9.975228e-01
4.607281e-01 4.408117e-10 6.546720e-01 9.976657e-01
4.603764e-01 4.251123e-10 6.876780e-01 9.975685e-01
4.602013e-01 4.135482e-10 6.531200e-01 9.975476e-01
4.603619e-01 4.200969e-10 6.600010e-01 9.975342e-01
4.603062e-01 4.072770e-10 6.528350e-01 9.975790e-01
4.604942e-01 4.258595e-10 6.550020e-01 9.976610e-01
4.604422e-01 4.128052e-10 6.465190e-01 9.976733e-01
4.603222e-01 4.125111e-10 6.518660e-01 9.975924e-01
4.604619e-01 4.030282e-10 6.520500e-01 9.976009e-01
4.603264e-01 4.045968e-10 6.751480e-01 9.976200e-01
4.604056e-01 4.124380e-10 6.638940e-01 9.976352e-01
4.610613e-01 4.468203e-10 6.774950e-01 9.975828e-01
4.606936e-01 4.333460e-10 6.734980e-01 9.977048e-01
4.606766e-01 4.236559e-10 6.701140e-01 9.976190e-01
4.606130e-01 4.216826e-10 6.630940e-01 9.975619e-01
4.603099e-01 4.125223e-10 6.617870e-01 9.976257e-01
4.605590e-01 4.055222e-10 6.474480e-01 9.976171e-01
4.604403e-01 4.037196e-10 6.475430e-01 9.976009e-01
4.604388e-01 4.194418e-10 6.664080e-01 9.976219e-01
4.607311e-01 4.323633e-10 6.505410e-01 9.976257e-01
4.606319e-01 4.173634e-10 6.523190e-01 9.976095e-01
4.606628e-01 4.075541e-10 6.523170e-01 9.975609e-01
4.610656e-01 4.322013e-10 6.841030e-01 9.977115e-01
4.609414e-01 4.211017e-10 6.558300e-01 9.975943e-01
4.607915e-01 4.102163e-10 6.527070e-01 9.975428e-01
4.604158e-01 4.087556e-10 6.538840e-01 9.977600e-01
4.603009e-01 3.877950e-10 6.595920e-01 9.976286e-01
4.607236e-01 4.149890e-10 6.568690e-01 9.976209e-01
4.606532e-01 4.029311e-10 6.601830e-01 9.975647e-01
4.608415e-01 4.243468e-10 6.532890e-01 9.976543e-01
4.607396e-01 4.119177e-10 6.481980e-01 9.976181e-01
4.606968e-01 4.042245e-10 6.645550e-01 9.975943e-01
4.604779e-01 3.852172e-10 6.498740e-01 9.975790e-01
4.607543e-01 4.167510e-10 6.670000e-01 9.975438e-01
4.609239e-01 4.119559e-10 6.536340e-01 9.976019e-01
4.612077e-01 4.226331e-10 6.545210e-01 9.975971e-01
4.612217e-01 4.351506e-10 6.516570e-01 9.975095e-01
4.608844e-01 4.109577e-10 6.549170e-01 9.975466e-01
4.606542e-01 3.907767e-10 6.527490e-01 9.976972e-01
4.609902e-01 4.149029e-10 6.508170e-01 9.976009e-01
4.614156e-01 4.387249e-10 6.428090e-01 9.976181e-01
4.608086e-01 4.118239e-10 6.665370e-01 9.977000e-01
4.610372e-01 4.124787e-10 6.538720e-01 9.976133e-01
4.612212e-01 4.040866e-10 6.480460e-01 9.976343e-01
4.610010e-01 4.046217e-10 6.572760e-01 9.976943e-01
4.610122e-01 4.211469e-10 6.493660e-01 9.976009e-01
4.613076e-01 4.223203e-10 6.616680e-01 9.975847e-01
4.612874e-01 4.141602e-10 6.678560e-01 9.975933e-01
4.607854e-01 3.832863e-10 6.465240e-01 9.975666e-01
4.615668e-01 4.300449e-10 6.544110e-01 9.976381e-01
4.614344e-01 4.220403e-10 6.547470e-01 9.975304e-01
4.609932e-01 4.067155e-10 6.459530e-01 9.975628e-01
4.611296e-01 4.125029e-10 6.518340e-01 9.975323e-01
4.610285e-01 4.063692e-10 6.552320e-01 9.976162e-01
4.612591e-01 4.035615e-10 6.568230e-01 9.975590e-01
4.611473e-01 4.118287e-10 6.460350e-01 9.975847e-01
4.611681e-01 4.085467e-10 6.486040e-01 9.976162e-01
4.614253e-01 4.060963e-10 6.627940e-01 9.975933e-01
4.607647e-01 3.905702e-10 6.912390e-01 9.975647e-01
4.612298e-01 4.026325e-10 6.647190e-01 9.976362e-01
4.609632e-01 3.908099e-10 6.643420e-01 9.975457e-01
4.612196e-01 3.985338e-10 6.615170e-01 9.975666e-01
4.611103e-01 3.918226e-10 6.552960e-01 9.976886e-01
4.613238e-01 4.155591e-10 6.441510e-01 9.975781e-01
4.612527e-01 4.095520e-10 6.415280e-01 9.975533e-01
4.612860e-01 4.144449e-10 6.540650e-01 9.975304e-01
4.613633e-01 4.026794e-10 6.529040e-01 9.976057e-01
4.615134e-01 4.150085e-10 6.437680e-01 9.976286e-01
4.614579e-01 4.250649e-10 6.480650e-01 9.975238e-01
4.612031e-01 4.064483e-10 6.441970e-01 9.975390e-01
4.614352e-01 4.096413e-10 6.587910e-01 9.974914e-01
4.614042e-01 4.050219e-10 6.654800e-01 9.976086e-01
4.615277e-01 4.069356e-10 6.784180e-01 9.976276e-01
4.613008e-01 3.914449e-10 6.419230e-01 9.976124e-01
4.614970e-01 4.192623e-10 6.676530e-01 9.976133e-01
4.615884e-01 4.148660e-10 6.568360e-01 9.975409e-01
4.615865e-01 4.198008e-10 6.482490e-01 9.975800e-01
4.615924e-01 4.083993e-10 6.411550e-01 9.976190e-01
4.610866e-01 3.823015e-10 6.455320e-01 9.975752e-01
4.613250e-01 3.964125e-10 6.465520e-01 9.975924e-01
4.615067e-01 4.075660e-10 6.472670e-01 9.975962e-01
4.615538e-01 3.931536e-10 6.441300e-01 9.976209e-01
4.616015e-01 4.144489e-10 6.592520e-01 9.975543e-01
4.617452e-01 4.111880e-10 6.531870e-01 9.976019e-01
4.611134e-01 3.792377e-10 6.685830e-01 9.976772e-01
4.616315e-01 3.924477e-10 6.559370e-01 9.975619e-01
4.614642e-01 3.991853e-10 6.774580e-01 9.976067e-01
4.616896e-01 4.195316e-10 6.631830e-01 9.975123e-01
4.615116e-01 3.791645e-10 6.535120e-01 9.975895e-01
4.613882e-01 3.884253e-10 6.468280e-01 9.976219e-01
4.609872e-01 3.652699e-10 6.787220e-01 9.976781e-01
4.618013e-01 4.199985e-10 6.633870e-01 9.975562e-01
4.615758e-01 3.875763e-10 6.634700e-01 9.976181e-01
4.615917e-01 3.965178e-10 6.587800e-01 9.975428e-01
4.618411e-01 4.039786e-10 6.564760e-01 9.974599e-01
4.616398e-01 3.893052e-10 6.427650e-01 9.974942e-01
4.618173e-01 4.006595e-10 6.576830e-01 9.976429e-01
4.617495e-01 3.952773e-10 6.572670e-01 9.975638e-01
4.618234e-01 4.160929e-10 6.577760e-01 9.976114e-01
4.618655e-01 4.144958e-10 6.599370e-01 9.976352e-01
4.616200e-01 3.798424e-10 6.597500e-01 9.976324e-01
4.611992e-01 3.720856e-10 6.591010e-01 9.975495e-01
4.621655e-01 4.230766e-10 6.459560e-01 9.976095e-01
4.619501e-01 4.031285e-10 6.639620e-01 9.976448e-01
4.618480e-01 4.194062e-10 6.436570e-01 9.976047e-01
4.614165e-01 3.700277e-10 6.733040e-01 9.976133e-01
4.616034e-01 3.832286e-10 6.577150e-01 9.976753e-01
4.615344e-01 3.780012e-10 6.408210e-01 9.975609e-01
4.619331e-01 3.910195e-10 6.552740e-01 9.975457e-01
4.622485e-01 4.121598e-10 6.568900e-01 9.976533e-01
4.620341e-01 3.764101e-10 6.565090e-01 9.975647e-01
4.620674e-01 4.102859e-10 6.582120e-01 9.975476e-01
4.620501e-01 3.985730e-10 6.508590e-01 9.976476e-01
4.619251e-01 3.896460e-10 6.432140e-01 9.976067e-01
4.619491e-01 3.996162e-10 6.708170e-01 9.975257e-01
4.621643e-01 4.041125e-10 6.500460e-01 9.975400e-01
4.621364e-01 3.879871e-10 6.624960e-01 9.975495e-01
4.616954e-01 3.809480e-10 6.486050e-01 9.977029e-01
4.620969e-01 3.950590e-10 6.564220e-01 9.975647e-01
4.620635e-01 3.901913e-10 6.663070e-01 9.975685e-01
4.620616e-01 3.963821e-10 6.599280e-01 9.975533e-01
4.619775e-01 3.852289e-10 6.734810e-01 9.975276e-01
4.619114e-01 3.887939e-10 6.508640e-01 9.976152e-01
4.620499e-01 3.842601e-10 6.570910e-01 9.975838e-01
4.618322e-01 3.806777e-10 6.630460e-01 9.975905e-01
4.619326e-01 3.699838e-10 6.530560e-01 9.975666e-01
4.626144e-01 4.257642e-10 6.609590e-01 9.975971e-01
4.622564e-01 4.072998e-10 6.512100e-01 9.976219e-01
4.621063e-01 3.817697e-10 6.535490e-01 9.976228e-01
4.619590e-01 3.781645e-10 6.660100e-01 9.975447e-01
4.619269e-01 3.759532e-10 6.653260e-01 9.975647e-01
4.623701e-01 4.097899e-10 6.487410e-01 9.976276e-01
4.622829e-01 3.999745e-10 6.634200e-01 9.976248e-01
4.619187e-01 3.783752e-10 6.610350e-01 9.976209e-01
4.621525e-01 3.898585e-10 6.515570e-01 9.975543e-01
4.622450e-01 3.924570e-10 6.631530e-01 9.975276e-01
4.620014e-01 3.766929e-10 6.559070e-01 9.975962e-01
4.619923e-01 3.677134e-10 6.519550e-01 9.975866e-01
4.620571e-01 3.781750e-10 6.790770e-01 9.975361e-01
4.623508e-01 3.968992e-10 6.580830e-01 9.975962e-01
4.627564e-01 4.190153e-10 6.561310e-01 9.976038e-01
4.623450e-01 3.933383e-10 6.540410e-01 9.975133e-01
4.619817e-01 3.763251e-10 6.587870e-01 9.975905e-01
4.622073e-01 3.837163e-10 6.435570e-01 9.976581e-01
4.621875e-01 3.815485e-10 6.447940e-01 9.976524e-01
4.623044e-01 3.818082e-10 6.500320e-01 9.975847e-01
4.623225e-01 3.825191e-10 6.578960e-01 9.975685e-01
4.624694e-01 3.898264e-10 6.670140e-01 9.975752e-01
4.618289e-01 3.736625e-10 6.745710e-01 9.975028e-01
4.628010e-01 4.013013e-10 6.488280e-01 9.976276e-01
4.622825e-01 3.891031e-10 6.490010e-01 9.976009e-01
4.622451e-01 3.726976e-10 6.573620e-01 9.975790e-01
4.619699e-01 3.656481e-10 6.585000e-01 9.975704e-01
4.623968e-01 3.797595e-10 6.521710e-01 9.975514e-01
4.622379e-01 3.867154e-10 6.620840e-01 9.975285e-01
4.626562e-01 4.041332e-10 6.584250e-01 9.976000e-01
4.629019e-01 4.075674e-10 6.635390e-01 9.975457e-01
4.625103e-01 3.902122e-10 6.573370e-01 9.974923e-01
4.621091e-01 3.668945e-10 6.691800e-01 9.975819e-01
4.623461e-01 3.812479e-10 6.522130e-01 9.975057e-01
4.624180e-01 3.988824e-10 6.469360e-01 9.975800e-01
4.629184e-01 3.984911e-10 6.472050e-01 9.976905e-01
4.624895e-01 3.818420e-10 6.576580e-01 9.975180e-01
4.624943e-01 3.842673e-10 6.576510e-01 9.976257e-01
4.623183e-01 3.797006e-10 6.571700e-01 9.975828e-01
4.625103e-01 3.862414e-10 6.739560e-01 9.975847e-01
4.622455e-01 3.816938e-10 6.658970e-01 9.976181e-01
4.621681e-01 3.559121e-10 6.408200e-01 9.976295e-01
4.625389e-01 3.770538e-10 6.489500e-01 9.975590e-01
4.626284e-01 3.928024e-10 6.424710e-01 9.976457e-01
4.622568e-01 3.735821e-10 6.465100e-01 9.975638e-01
4.628409e-01 3.910237e-10 6.482850e-01 9.976171e-01
4.625958e-01 3.771916e-10 6.634660e-01 9.975647e-01
4.626247e-01 3.667424e-10 6.538060e-01 9.976200e-01
4.626581e-01 3.816838e-10 6.540210e-01 9.976829e-01
4.623002e-01 3.616080e-10 6.548640e-01 9.975886e-01
4.626468e-01 3.802367e-10 6.658450e-01 9.976810e-01
4.625790e-01 3.806044e-10 6.484780e-01 9.976124e-01
4.623992e-01 3.737714e-10 6.628070e-01 9.974923e-01
4.626443e-01 3.810082e-10 6.708820e-01 9.974256e-01
4.625053e-01 3.672569e-10 6.613780e-01 9.975990e-01
4.628922e-01 3.856551e-10 6.590110e-01 9.976028e-01
4.623145e-01 3.536378e-10 6.492870e-01 9.975914e-01
4.625704e-01 3.654244e-10 6.753460e-01 9.975933e-01
4.625939e-01 3.789634e-10 6.528790e-01 9.976181e-01
4.624787e-01 3.716566e-10 6.644140e-01 9.975866e-01
4.630917e-01 3.945430e-10 6.685940e-01 9.976876e-01
4.629590e-01 3.802459e-10 6.589320e-01 9.976343e-01
4.625161e-01 3.546760e-10 6.595590e-01 9.975962e-01
4.629633e-01 3.902221e-10 6.556970e-01 9.976381e-01
4.627907e-01 3.799841e-10 6.620260e-01 9.976410e-01
4.628746e-01 3.880016e-10 6.642790e-01 9.975571e-01
4.627010e-01 3.719192e-10 6.715110e-01 9.975419e-01
4.628896e-01 3.755189e-10 6.519230e-01 9.976562e-01
4.630174e-01 3.896990e-10 6.649650e-01 9.976514e-01
4.627390e-01 3.722826e-10 6.450900e-01 9.975543e-01
4.627246e-01 3.740187e-10 6.592100e-01 9.976162e-01
4.625761e-01 3.636933e-10 6.555560e-01 9.976362e-01
4.628054e-01 3.709740e-10 6.476890e-01 9.976305e-01
4.629500e-01 3.773972e-10 6.427180e-01 9.975714e-01
4.629216e-01 3.731157e-10 6.664730e-01 9.976295e-01
4.628570e-01 3.732512e-10 6.522790e-01 9.975800e-01
4.627698e-01 3.655877e-10 6.508180e-01 9.976429e-01
4.627628e-01 3.498295e-10 6.443060e-01 9.975647e-01
4.629910e-01 3.685272e-10 6.587830e-01 9.975743e-01
4.627914e-01 3.633592e-10 6.468320e-01 9.976467e-01
4.628291e-01 3.654555e-10 6.542480e-01 9.975018e-01
4.624983e-01 3.427475e-10 6.515040e-01 9.975733e-01
4.630009e-01 3.726782e-10 6.596150e-01 9.975085e-01
4.627656e-01 3.641270e-10 6.631830e-01 9.976419e-01
4.628614e-01 3.662878e-10 6.458910e-01 9.975647e-01
4.625003e-01 3.535827e-10 6.621010e-01 9.975876e-01
4.626969e-01 3.575183e-10 6.627840e-01 9.975495e-01
4.628543e-01 3.634623e-10 6.566150e-01 9.976314e-01
4.628514e-01 3.750217e-10 6.644030e-01 9.975943e-01
4.630859e-01 3.741691e-10 6.505770e-01 9.975724e-01
4.631883e-01 3.862539e-10 6.488570e-01 9.975590e-01
4.631366e-01 3.683416e-10 6.471430e-01 9.975209e-01
4.628079e-01 3.706549e-10 6.511880e-01 9.975971e-01
4.630490e-01 3.708148e-10 6.499190e-01 9.974914e-01
4.631587e-01 3.663275e-10 6.473230e-01 9.975866e-01
4.631459e-01 3.616339e-10 6.571430e-01 9.975943e-01
4.632360e-01 3.678726e-10 6.523290e-01 9.975914e-01
4.632356e-01 3.723029e-10 6.461190e-01 9.976057e-01
4.629431e-01 3.556161e-10 6.644880e-01 9.976219e-01
4.626828e-01 3.464166e-10 6.556160e-01 9.975981e-01
4.630737e-01 3.621382e-10 6.621340e-01 9.976676e-01
4.633276e-01 3.835790e-10 6.578590e-01 9.975190e-01
4.628287e-01 3.574740e-10 6.609030e-01 9.975657e-01
4.634950e-01 3.814892e-10 6.524550e-01 9.974771e-01
4.630334e-01 3.664094e-10 6.583970e-01 9.976047e-01
4.635832e-01 3.954652e-10 6.748540e-01 9.975219e-01
4.631323e-01 3.661159e-10 6.544650e-01 9.976047e-01
4.628154e-01 3.482323e-10 6.426770e-01 9.975905e-01
4.632512e-01 3.634086e-10 6.514050e-01 9.975990e-01
4.628927e-01 3.562620e-10 6.548760e-01 9.975847e-01
4.634170e-01 3.760666e-10 6.541430e-01 9.975514e-01
4.634434e-01 3.696440e-10 6.562330e-01 9.976267e-01
4.634117e-01 3.774720e-10 6.613260e-01 9.976972e-01
4.629777e-01 3.486411e-10 6.582410e-01 9.976571e-01
4.627199e-01 3.380018e-10 6.672980e-01 9.975476e-01
4.629971e-01 3.574014e-10 6.688820e-01 9.975571e-01
4.633394e-01 3.642705e-10 6.642910e-01 9.975886e-01
4.629797e-01 3.479929e-10 6.625800e-01 9.976333e-01
4.630146e-01 3.535304e-10 6.504020e-01 9.975190e-01
4.629004e-01 3.501739e-10 6.426110e-01 9.975371e-01
4.628507e-01 3.494272e-10 6.557300e-01 9.976200e-01
4.630000e-01 3.585159e-10 6.515440e-01 9.975581e-01
4.632241e-01 3.587859e-10 6.613080e-01 9.975790e-01
4.631458e-01 3.634103e-10 6.427930e-01 9.976200e-01
4.631463e-01 3.496925e-10 6.462290e-01 9.975743e-01
4.635080e-01 3.748978e-10 6.515840e-01 9.975400e-01
4.634393e-01 3.704599e-10 6.471010e-01 9.976562e-01
4.635666e-01 3.742107e-10 6.566240e-01 9.976324e-01
4.633677e-01 3.549379e-10 6.602060e-01 9.975361e-01
4.628327e-01 3.377333e-10 6.625990e-01 9.975123e-01
4.632307e-01 3.626724e-10 6.546860e-01 9.976047e-01
4.632964e-01 3.575086e-10 6.773430e-01 9.975314e-01
4.632574e-01 3.537498e-10 6.610980e-01 9.974999e-01
4.631523e-01 3.526406e-10 6.690520e-01 9.974923e-01
4.635938e-01 3.681526e-10 6.471470e-01 9.975447e-01
4.634531e-01 3.559601e-10 6.609430e-01 9.975695e-01
4.634585e-01 3.680014e-10 6.528320e-01 9.975381e-01
4.634723e-01 3.610145e-10 6.518290e-01 9.976057e-01
4.630714e-01 3.388485e-10 6.511700e-01 9.975447e-01
4.633120e-01 3.521374e-10 6.615090e-01 9.975428e-01
4.635198e-01 3.614997e-10 6.541470e-01 9.975781e-01
4.636837e-01 3.691513e-10 6.534180e-01 9.975276e-01
4.635475e-01 3.553547e-10 6.630910e-01 9.976486e-01
4.633080e-01 3.465739e-10 6.545570e-01 9.975790e-01
4.636618e-01 3.740151e-10 6.699740e-01 9.976105e-01
4.635045e-01 3.492436e-10 6.551560e-01 9.976791e-01
4.638178e-01 3.747423e-10 6.574550e-01 9.975466e-01
4.637118e-01 3.654360e-10 6.604220e-01 9.975905e-01
4.638789e-01 3.830732e-10 6.483290e-01 9.975371e-01
4.635214e-01 3.465563e-10 6.683870e-01 9.975438e-01
4.637994e-01 3.700485e-10 6.567690e-01 9.976829e-01
4.638546e-01 3.639260e-10 6.598540e-01 9.975876e-01
4.635293e-01 3.500891e-10 6.752120e-01 9.975190e-01
4.634753e-01 3.523378e-10 6.683420e-01 9.974580e-01
4.635451e-01 3.563405e-10 6.641650e-01 9.976295e-01
4.635267e-01 3.635331e-10 6.533430e-01 9.975581e-01
4.634266e-01 3.504753e-10 6.553340e-01 9.975857e-01
4.634510e-01 3.460077e-10 6.540540e-01 9.976714e-01
4.635452e-01 3.515287e-10 6.530940e-01 9.975628e-01
4.632762e-01 3.360402e-10 6.656470e-01 9.975666e-01
4.631951e-01 3.263195e-10 6.596960e-01 9.976067e-01
4.636504e-01 3.690123e-10 6.679980e-01 9.976581e-01
4.639861e-01 3.657636e-10 6.565520e-01 9.975485e-01
4.633667e-01 3.403332e-10 6.574230e-01 9.974904e-01
4.634447e-01 3.411237e-10 6.535080e-01 9.975685e-01
4.637135e-01 3.503320e-10 6.433050e-01 9.975886e-01
4.637801e-01 3.558916e-10 6.621850e-01 9.976848e-01
4.638290e-01 3.573575e-10 6.500780e-01 9.975314e-01
4.638354e-01 3.637756e-10 6.644300e-01 9.976571e-01
4.635446e-01 3.418149e-10 6.728210e-01 9.976200e-01
4.637041e-01 3.434837e-10 6.617830e-01 9.975628e-01
4.638440e-01 3.590854e-10 6.768480e-01 9.975924e-01
4.635432e-01 3.427856e-10 6.463890e-01 9.975342e-01
4.637271e-01 3.536009e-10 6.434590e-01 9.975571e-01
4.635777e-01 3.389708e-10 6.572480e-01 9.975581e-01
4.638001e-01 3.544029e-10 6.635560e-01 9.975371e-01
4.637788e-01 3.592041e-10 6.584970e-01 9.976171e-01
4.634748e-01 3.256797e-10 6.586510e-01 9.975228e-01
4.636754e-01 3.446077e-10 6.574960e-01 9.975447e-01
4.635289e-01 3.417233e-10 6.572610e-01 9.975676e-01
4.639235e-01 3.578637e-10 6.640340e-01 9.976695e-01
4.636562e-01 3.380623e-10 6.572050e-01 9.975981e-01
4.638229e-01 3.523981e-10 6.974490e-01 9.976324e-01
4.635620e-01 3.426560e-10 6.632640e-01 9.976019e-01
4.640522e-01 3.636643e-10 6.557780e-01 9.975924e-01
4.636404e-01 3.383553e-10 6.563260e-01 9.976705e-01
4.639195e-01 3.547626e-10 6.727940e-01 9.975781e-01
4.640094e-01 3.567679e-10 6.608880e-01 9.975847e-01
4.637397e-01 3.396335e-10 6.523420e-01 9.976124e-01
4.639048e-01 3.397182e-10 6.716460e-01 9.975552e-01
4.637278e-01 3.455268e-10 6.647720e-01 9.976286e-01
4.639544e-01 3.496430e-10 6.555790e-01 9.976838e-01
4.637375e-01 3.373534e-10 6.565940e-01 9.974723e-01
4.637979e-01 3.452993e-10 6.617310e-01 9.974885e-01
4.639325e-01 3.505274e-10 6.494440e-01 9.976000e-01
4.645063e-01 3.785858e-10 6.673200e-01 9.975714e-01
4.637185e-01 3.424893e-10 6.563590e-01 9.974942e-01
4.639001e-01 3.508349e-10 6.432820e-01 9.976400e-01
4.642935e-01 3.602105e-10 6.559250e-01 9.975419e-01
4.634020e-01 3.317775e-10 6.591910e-01 9.975600e-01
4.639530e-01 3.526073e-10 6.467480e-01 9.975962e-01
4.640493e-01 3.542354e-10 6.704830e-01 9.975990e-01
4.638342e-01 3.380838e-10 6.556360e-01 9.976190e-01
4.639813e-01 3.401867e-10 6.533330e-01 9.976038e-01
4.639741e-01 3.448108e-10 6.616460e-01 9.975685e-01
4.642935e-01 3.506870e-10 6.620000e-01 9.975685e-01
4.639094e-01 3.400739e-10 6.473950e-01 9.976076e-01
4.642374e-01 3.546476e-10 6.520090e-01 9.975123e-01
4.641746e-01 3.590838e-10 6.538770e-01 9.974999e-01
4.640651e-01 3.500567e-10 6.512500e-01 9.975590e-01
4.636182e-01 3.231021e-10 6.619350e-01 9.976591e-01
4.640475e-01 3.477616e-10 6.609330e-01 9.975352e-01
4.638478e-01 3.441519e-10 6.491000e-01 9.976543e-01
4.641341e-01 3.518489e-10 6.519210e-01 9.976934e-01
4.638087e-01 3.250824e-10 6.530540e-01 9.975800e-01
4.638440e-01 3.296762e-10 6.574930e-01 9.976152e-01
4.640223e-01 3.497568e-10 6.504040e-01 9.976028e-01
4.639494e-01 3.344025e-10 6.487060e-01 9.975504e-01
4.639400e-01 3.325649e-10 6.453970e-01 9.976143e-01
4.640564e-01 3.500187e-10 6.557000e-01 9.975981e-01
4.641869e-01 3.345260e-10 6.765890e-01 9.975247e-01
4.644305e-01 3.721282e-10 6.616860e-01 9.976448e-01
4.640275e-01 3.366133e-10 6.464430e-01 9.974790e-01
4.637720e-01 3.242636e-10 6.502110e-01 9.975619e-01
4.642063e-01 3.595916e-10 6.517150e-01 9.975914e-01
4.640769e-01 3.403492e-10 6.483250e-01 9.975647e-01
4.638060e-01 3.251215e-10 6.804460e-01 9.976381e-01
4.641531e-01 3.375036e-10 6.705410e-01 9.976343e-01
4.639839e-01 3.425462e-10 6.605480e-01 9.975276e-01
4.641637e-01 3.379052e-10 6.595960e-01 9.975590e-01
4.638211e-01 3.294377e-10 6.601530e-01 9.976124e-01
4.636390e-01 3.084948e-10 6.665470e-01 9.975838e-01
4.642408e-01 3.312089e-10 6.580520e-01 9.975638e-01
4.640901e-01 3.373691e-10 6.510620e-01 9.975285e-01
4.642466e-01 3.423315e-10 6.499350e-01 9.976562e-01
4.638411e-01 3.187934e-10 6.678780e-01 9.975638e-01
4.640990e-01 3.332610e-10 6.696470e-01 9.975419e-01
4.643303e-01 3.482388e-10 6.611050e-01 9.975981e-01
4.643776e-01 3.563463e-10 6.493420e-01 9.975886e-01
4.640241e-01 3.268495e-10 6.526890e-01 9.974542e-01
4.642486e-01 3.370531e-10 6.463840e-01 9.976486e-01
4.644171e-01 3.519839e-10 6.548700e-01 9.975781e-01
4.640385e-01 3.345136e-10 6.665910e-01 9.976209e-01
4.644415e-01 3.407919e-10 6.627530e-01 9.976371e-01
4.642739e-01 3.367888e-10 6.563470e-01 9.975533e-01
4.640368e-01 3.233024e-10 6.452740e-01 9.975895e-01
4.646386e-01 3.573388e-10 6.482310e-01 9.975381e-01
4.640449e-01 3.221494e-10 6.533810e-01 9.976333e-01
4.643300e-01 3.421514e-10 6.498170e-01 9.976600e-01
4.642113e-01 3.264438e-10 6.564020e-01 9.975781e-01
4.644422e-01 3.449584e-10 6.646890e-01 9.975352e-01
4.646296e-01 3.639668e-10 6.498760e-01 9.975714e-01
4.643372e-01 3.289319e-10 6.721350e-01 9.976524e-01
4.642983e-01 3.273231e-10 6.525480e-01 9.975523e-01
4.643974e-01 3.401929e-10 6.487080e-01 9.975409e-01
4.645538e-01 3.525871e-10 6.600340e-01 9.975847e-01
4.641752e-01 3.223000e-10 6.449810e-01 9.975504e-01
4.642621e-01 3.227152e-10 6.488410e-01 9.975457e-01
4.647122e-01 3.525348e-10 6.643980e-01 9.975876e-01
4.646313e-01 3.370991e-10 6.465870e-01 9.975562e-01
4.642287e-01 3.259312e-10 6.573650e-01 9.976410e-01
4.641367e-01 3.238842e-10 6.534520e-01 9.975676e-01
4.647104e-01 3.522993e-10 6.788970e-01 9.975447e-01
4.638834e-01 3.084209e-10 6.604800e-01 9.975790e-01
4.643670e-01 3.286663e-10 6.573040e-01 9.976067e-01
4.643923e-01 3.351803e-10 6.586850e-01 9.975981e-01
4.646161e-01 3.361361e-10 6.583320e-01 9.975409e-01
4.643139e-01 3.272679e-10 6.570170e-01 9.976305e-01
4.647740e-01 3.572662e-10 6.561760e-01 9.975152e-01
4.643019e-01 3.260404e-10 6.643900e-01 9.975838e-01
4.647686e-01 3.473576e-10 6.803790e-01 9.976190e-01
4.646721e-01 3.383165e-10 6.555500e-01 9.975809e-01
4.641610e-01 3.090992e-10 6.494550e-01 9.976086e-01
4.640863e-01 3.213417e-10 6.506800e-01 9.976695e-01
4.643716e-01 3.293812e-10 6.448400e-01 9.976171e-01
4.646353e-01 3.379224e-10 6.590140e-01 9.975838e-01
4.646253e-01 3.351718e-10 6.525340e-01 9.975886e-01
4.646709e-01 3.411507e-10 6.472130e-01 9.976333e-01
4.649764e-01 3.549692e-10 6.592510e-01 9.976362e-01
4.645607e-01 3.357191e-10 6.595120e-01 9.976324e-01
4.645437e-01 3.292695e-10 6.617990e-01 9.975428e-01
4.644976e-01 3.305692e-10 6.697520e-01 9.975819e-01
4.647389e-01 3.478183e-10 6.550510e-01 9.976057e-01
4.643132e-01 3.128202e-10 6.539110e-01 9.975628e-01
4.643812e-01 3.218850e-10 6.542160e-01 9.975390e-01
4.643614e-01 3.175539e-10 6.539710e-01 9.975466e-01
4.644611e-01 3.232225e-10 6.542430e-01 9.975943e-01
4.644588e-01 3.193016e-10 6.500020e-01 9.975847e-01
4.646293e-01 3.263691e-10 6.651750e-01 9.975400e-01
4.648909e-01 3.370444e-10 6.491540e-01 9.976162e-01
4.645520e-01 3.297862e-10 6.522830e-01 9.975057e-01
4.646147e-01 3.209760e-10 6.429700e-01 9.975838e-01
4.642608e-01 3.089642e-10 6.509530e-01 9.975533e-01
4.646041e-01 3.219201e-10 6.589970e-01 9.975943e-01
4.646130e-01 3.341391e-10 6.430920e-01 9.974971e-01
4.645470e-01 3.194950e-10 6.493370e-01 9.975209e-01
4.648696e-01 3.308446e-10 6.609230e-01 9.975771e-01
4.641492e-01 2.988325e-10 6.652680e-01 9.975771e-01
4.647968e-01 3.239964e-10 6.592240e-01 9.975447e-01
4.645230e-01 3.278739e-10 6.613740e-01 9.974771e-01
4.646175e-01 3.201307e-10 6.519800e-01 9.975085e-01
4.648240e-01 3.408579e-10 6.452190e-01 9.975304e-01
4.648548e-01 3.378979e-10 6.657870e-01 9.974914e-01
4.648684e-01 3.309311e-10 6.520860e-01 9.975847e-01
4.649708e-01 3.369033e-10 6.533350e-01 9.975009e-01
4.647190e-01 3.326545e-10 6.797350e-01 9.975390e-01
4.645155e-01 3.247699e-10 6.574290e-01 9.975171e-01
4.651524e-01 3.424892e-10 6.533780e-01 9.974809e-01
4.647821e-01 3.354252e-10 6.526690e-01 9.975666e-01
4.643477e-01 3.146859e-10 6.572700e-01 9.974914e-01
4.647143e-01 3.267151e-10 6.699830e-01 9.976095e-01
4.650332e-01 3.375141e-10 6.653420e-01 9.975876e-01
4.648444e-01 3.315636e-10 6.476460e-01 9.976009e-01
4.647277e-01 3.246166e-10 6.521100e-01 9.976743e-01
4.645063e-01 3.176490e-10 6.594600e-01 9.975981e-01
4.647359e-01 3.139812e-10 6.494130e-01 9.976733e-01
4.646426e-01 3.299269e-10 6.480320e-01 9.975285e-01
4.649054e-01 3.322396e-10 6.509050e-01 9.974904e-01
4.648432e-01 3.225579e-10 6.563510e-01 9.975095e-01
4.649821e-01 3.227842e-10 6.486500e-01 9.975180e-01
4.644011e-01 3.043705e-10 6.502300e-01 9.975228e-01
4.647717e-01 3.244431e-10 6.584740e-01 9.975409e-01
4.647781e-01 3.212001e-10 6.538000e-01 9.975438e-01
4.648232e-01 3.209758e-10 6.696170e-01 9.976629e-01
4.648947e-01 3.256469e-10 6.553010e-01 9.975943e-01
4.649740e-01 3.283245e-10 6.492020e-01 9.976124e-01
4.647321e-01 3.184589e-10 6.546430e-01 9.975924e-01
4.649184e-01 3.250530e-10 6.540700e-01 9.975971e-01
4.646779e-01 3.176911e-10 6.483270e-01 9.975876e-01
4.650319e-01 3.277385e-10 6.533000e-01 9.975609e-01
4.646892e-01 3.241842e-10 6.550160e-01 9.975828e-01
4.648713e-01 3.148800e-10 6.624350e-01 9.974990e-01
4.650702e-01 3.252176e-10 6.499180e-01 9.975514e-01
4.651614e-01 3.369031e-10 6.538120e-01 9.975523e-01
4.649708e-01 3.183316e-10 6.655090e-01 9.975695e-01
4.647817e-01 3.064565e-10 6.567630e-01 9.976028e-01
4.651431e-01 3.304935e-10 6.424040e-01 9.975562e-01
4.649765e-01 3.234128e-10 6.561640e-01 9.975304e-01
4.650863e-01 3.272801e-10 6.443430e-01 9.976009e-01
4.648502e-01 3.295695e-10 6.504510e-01 9.975866e-01
4.647743e-01 3.147578e-10 6.493010e-01 9.974828e-01
4.650201e-01 3.141510e-10 6.480350e-01 9.976143e-01
4.651590e-01 3.376011e-10 6.776460e-01 9.976171e-01
4.648406e-01 3.058953e-10 6.445150e-01 9.976438e-01
4.651574e-01 3.267842e-10 6.547190e-01 9.976743e-01
4.651903e-01 3.277061e-10 6.548490e-01 9.975209e-01
4.648002e-01 3.056616e-10 6.765180e-01 9.975562e-01
4.647449e-01 3.115936e-10 6.431560e-01 9.976352e-01
4.649116e-01 3.249155e-10 6.525440e-01 9.975695e-01
4.649456e-01 3.107486e-10 6.752040e-01 9.975685e-01
4.650998e-01 3.233480e-10 6.696710e-01 9.975657e-01
4.651390e-01 3.297996e-10 6.501710e-01 9.974685e-01
4.651057e-01 3.255296e-10 6.718890e-01 9.975924e-01
4.650665e-01 3.251238e-10 6.527410e-01 9.975876e-01
4.649947e-01 3.102265e-10 6.598240e-01 9.975886e-01
4.649352e-01 3.109077e-10 6.512490e-01 9.976124e-01
4.649327e-01 3.182319e-10 6.404310e-01 9.975971e-01
4.647829e-01 3.086535e-10 6.724350e-01 9.976181e-01
4.651349e-01 3.311018e-10 6.620140e-01 9.976038e-01
4.654409e-01 3.371869e-10 6.474030e-01 9.975657e-01
4.655167e-01 3.455901e-10 6.681610e-01 9.975314e-01
4.652771e-01 3.322845e-10 6.520320e-01 9.975304e-01
4.650723e-01 3.051132e-10 6.483720e-01 9.975971e-01
4.650936e-01 3.166215e-10 6.462930e-01 9.976457e-01
4.653202e-01 3.243944e-10 6.606900e-01 9.976248e-01
4.648337e-01 3.004312e-10 6.532320e-01 9.974999e-01
4.652303e-01 3.109864e-10 6.662240e-01 9.975771e-01
4.652719e-01 3.130480e-10 6.421110e-01 9.974818e-01
4.652271e-01 3.220393e-10 6.743530e-01 9.976438e-01
4.651976e-01 3.276014e-10 6.566200e-01 9.975590e-01
4.654525e-01 3.310459e-10 6.567690e-01 9.975371e-01
4.650973e-01 3.149403e-10 6.457440e-01 9.976038e-01
4.653178e-01 3.174346e-10 6.706980e-01 9.975190e-01
4.651726e-01 3.125598e-10 6.403270e-01 9.975419e-01
4.652717e-01 3.231079e-10 6.498680e-01 9.975514e-01
4.655862e-01 3.398216e-10 6.569930e-01 9.976190e-01
4.651065e-01 3.063593e-10 6.620140e-01 9.976162e-01
4.651946e-01 3.146147e-10 6.658020e-01 9.975266e-01
4.650990e-01 3.107277e-10 6.623190e-01 9.975276e-01
4.654673e-01 3.297833e-10 6.572570e-01 9.975628e-01
4.653850e-01 3.191187e-10 6.559940e-01 9.975800e-01
4.653314e-01 3.166721e-10 6.528930e-01 9.975743e-01
4.656111e-01 3.391088e-10 6.557260e-01 9.974685e-01
4.652878e-01 3.137664e-10 6.521300e-01 9.976686e-01
4.656145e-01 3.345743e-10 6.548820e-01 9.977153e-01
4.651738e-01 3.079378e-10 6.679640e-01 9.975762e-01
4.655617e-01 3.381001e-10 6.496030e-01 9.975543e-01
4.653115e-01 3.146033e-10 6.565750e-01 9.975457e-01
4.656156e-01 3.351935e-10 6.553690e-01 9.976219e-01
4.655191e-01 3.277727e-10 6.539170e-01 9.976143e-01
4.654112e-01 3.192759e-10 6.769150e-01 9.975838e-01
4.654579e-01 3.193665e-10 6.486990e-01 9.975600e-01
4.655957e-01 3.304042e-10 6.520740e-01 9.974923e-01
4.653779e-01 3.164304e-10 6.662850e-01 9.975733e-01
4.652042e-01 3.131829e-10 6.516400e-01 9.975847e-01
4.651710e-01 3.076170e-10 6.485150e-01 9.976381e-01
4.652663e-01 3.086184e-10 6.770800e-01 9.975419e-01
4.652933e-01 3.134174e-10 6.458200e-01 9.975285e-01
4.652881e-01 3.073841e-10 6.577350e-01 9.975190e-01
4.650184e-01 2.982548e-10 6.748860e-01 9.977162e-01
4.654627e-01 3.343363e-10 6.573250e-01 9.976086e-01
4.654319e-01 3.274580e-10 6.436830e-01 9.975428e-01
4.657850e-01 3.356549e-10 6.553320e-01 9.975790e-01
4.653616e-01 3.045846e-10 6.563330e-01 9.976000e-01
4.655634e-01 3.166053e-10 6.507240e-01 9.975962e-01
4.654889e-01 3.093228e-10 6.474160e-01 9.975676e-01
4.654404e-01 3.133469e-10 6.466700e-01 9.974914e-01
4.652590e-01 3.044356e-10 6.538860e-01 9.975876e-01
4.654652e-01 3.148007e-10 6.413520e-01 9.976410e-01
4.653914e-01 3.090909e-10 6.582040e-01 9.975886e-01
4.653387e-01 3.085861e-10 6.497430e-01 9.975466e-01
4.653229e-01 3.106244e-10 6.536790e-01 9.976086e-01
4.653826e-01 3.085263e-10 6.566670e-01 9.975752e-01
4.654880e-01 3.053283e-10 6.745200e-01 9.975485e-01
4.656167e-01 3.186545e-10 6.652200e-01 9.975295e-01
4.653407e-01 3.082527e-10 6.645680e-01 9.975543e-01
4.654235e-01 3.023384e-10 6.504840e-01 9.976105e-01
4.654616e-01 3.072018e-10 6.513400e-01 9.975895e-01
4.652877e-01 3.117743e-10 6.669930e-01 9.975857e-01
4.654335e-01 3.060664e-10 6.513730e-01 9.975381e-01
4.656265e-01 3.071562e-10 6.557870e-01 9.975504e-01
4.654468e-01 3.112689e-10 6.439680e-01 9.976638e-01
4.656397e-01 3.049516e-10 6.555120e-01 9.975676e-01
4.656056e-01 3.254568e-10 6.484190e-01 9.976067e-01
4.655106e-01 3.051340e-10 6.447050e-01 9.976162e-01
4.657167e-01 3.293651e-10 6.633380e-01 9.975609e-01
4.656738e-01 3.180897e-10 6.533960e-01 9.976610e-01
4.656078e-01 3.089431e-10 6.527770e-01 9.975990e-01
4.656874e-01 3.131095e-10 6.602910e-01 9.976791e-01
4.658351e-01 3.151137e-10 6.531260e-01 9.976162e-01
4.659591e-01 3.356149e-10 6.633630e-01 9.975057e-01
4.657616e-01 3.198196e-10 6.545520e-01 9.974742e-01
4.651870e-01 2.830102e-10 6.571090e-01 9.975276e-01
4.657148e-01 3.222244e-10 6.625190e-01 9.975647e-01
4.657575e-01 3.144767e-10 6.498380e-01 9.976753e-01
4.655434e-01 3.079899e-10 6.654060e-01 9.975762e-01
4.653740e-01 2.945069e-10 6.610150e-01 9.975562e-01
4.655235e-01 3.098787e-10 6.476030e-01 9.975962e-01
4.656918e-01 3.167275e-10 6.447860e-01 9.975381e-01
4.657225e-01 3.117198e-10 6.404300e-01 9.975466e-01
4.654700e-01 2.917128e-10 6.733930e-01 9.975857e-01
4.655252e-01 3.069502e-10 6.554750e-01 9.976686e-01
4.657074e-01 3.133286e-10 6.509510e-01 9.975733e-01
4.656652e-01 3.138450e-10 6.765140e-01 9.975047e-01
4.657439e-01 3.038234e-10 6.549970e-01 9.975609e-01
4.658010e-01 3.129777e-10 6.502380e-01 9.975133e-01
4.657996e-01 3.169369e-10 6.643180e-01 9.975762e-01
4.657534e-01 3.062678e-10 6.581240e-01 9.975657e-01
4.657498e-01 3.231102e-10 6.568240e-01 9.976162e-01
4.654355e-01 2.894269e-10 6.492390e-01 9.976505e-01
4.656460e-01 3.084557e-10 6.688610e-01 9.975209e-01
4.658081e-01 3.096149e-10 6.590140e-01 9.974809e-01
4.656650e-01 3.101313e-10 6.689020e-01 9.976228e-01
4.657550e-01 3.039238e-10 6.586540e-01 9.976314e-01
4.654590e-01 3.027698e-10 6.463770e-01 9.975886e-01
4.656876e-01 3.054868e-10 6.523190e-01 9.975361e-01
4.656156e-01 3.080805e-10 6.518610e-01 9.976610e-01
4.657164e-01 3.140484e-10 6.592390e-01 9.976381e-01
4.659019e-01 3.234756e-10 6.702510e-01 9.975028e-01
4.653154e-01 2.868346e-10 6.452820e-01 9.974761e-01
4.658332e-01 3.128131e-10 6.709420e-01 9.976505e-01
4.652896e-01 2.858649e-10 6.592920e-01 9.974885e-01
4.661842e-01 3.229976e-10 6.449640e-01 9.975104e-01
4.658418e-01 3.126948e-10 6.525800e-01 9.976133e-01
4.656490e-01 2.995986e-10 6.549000e-01 9.974990e-01
4.660559e-01 3.150494e-10 6.463510e-01 9.976143e-01
4.657110e-01 2.995649e-10 6.414460e-01 9.975514e-01
4.661406e-01 3.315282e-10 6.499180e-01 9.975104e-01
4.657164e-01 3.146930e-10 6.480540e-01 9.976638e-01
4.655283e-01 2.927360e-10 6.567600e-01 9.976133e-01
4.656782e-01 3.008463e-10 6.566810e-01 9.975400e-01
4.658020e-01 3.064075e-10 6.469750e-01 9.975752e-01
4.659079e-01 3.110881e-10 6.456460e-01 9.975447e-01
4.657116e-01 3.048160e-10 6.524970e-01 9.976619e-01
4.658472e-01 3.111535e-10 6.730870e-01 9.976200e-01
4.656235e-01 2.995800e-10 6.619960e-01 9.975981e-01
4.661101e-01 3.184509e-10 6.495600e-01 9.976791e-01
4.657334e-01 2.979045e-10 6.636200e-01 9.976009e-01
4.657224e-01 2.962167e-10 6.410810e-01 9.976095e-01
4.660936e-01 3.079735e-10 6.522320e-01 9.974742e-01
4.657767e-01 2.966566e-10 6.441700e-01 9.976124e-01
4.659656e-01 3.189278e-10 6.570990e-01 9.975771e-01
4.657421e-01 2.960429e-10 6.453290e-01 9.975333e-01
4.657487e-01 3.008855e-10 6.505010e-01 9.976295e-01
4.658704e-01 3.195321e-10 6.713740e-01 9.975371e-01
4.656868e-01 2.982436e-10 6.561640e-01 9.974799e-01
4.658478e-01 3.048949e-10 6.419860e-01 9.975400e-01
4.659184e-01 2.920815e-10 6.659590e-01 9.976171e-01
4.660446e-01 3.058573e-10 6.623690e-01 9.975866e-01
4.659159e-01 3.005177e-10 6.595000e-01 9.975200e-01
4.655939e-01 2.894125e-10 6.549350e-01 9.975800e-01
4.660127e-01 3.092828e-10 6.590230e-01 9.975866e-01
4.659228e-01 3.021995e-10 6.422810e-01 9.975038e-01
4.656984e-01 2.940618e-10 6.668650e-01 9.975638e-01
4.658436e-01 2.954258e-10 6.657010e-01 9.976257e-01
4.659789e-01 3.067496e-10 6.572670e-01 9.974742e-01
4.660179e-01 3.059164e-10 6.558230e-01 9.975866e-01
4.658967e-01 3.056750e-10 6.696870e-01 9.975485e-01
4.659934e-01 3.040010e-10 6.609260e-01 9.975981e-01
4.657616e-01 2.844558e-10 6.492530e-01 9.975247e-01
4.658508e-01 3.034072e-10 6.543450e-01 9.975714e-01
4.658917e-01 2.998653e-10 6.554420e-01 9.975361e-01
4.660744e-01 2.963441e-10 6.456550e-01 9.976057e-01
4.660781e-01 3.135654e-10 6.493470e-01 9.976028e-01
4.657724e-01 2.866469e-10 6.424240e-01 9.976067e-01
4.659672e-01 3.023802e-10 6.724750e-01 9.975981e-01
4.660363e-01 2.966099e-10 6.635080e-01 9.976267e-01
4.663716e-01 3.155415e-10 6.621070e-01 9.975600e-01
4.659635e-01 3.031798e-10 6.522660e-01 9.976019e-01
4.656850e-01 2.836866e-10 6.702990e-01 9.975752e-01
4.660737e-01 3.039034e-10 6.614530e-01 9.974990e-01
4.661969e-01 3.092341e-10 6.574330e-01 9.975552e-01
4.664424e-01 3.109489e-10 6.490960e-01 9.975133e-01
4.661163e-01 3.086924e-10 6.478750e-01 9.975628e-01
4.663604e-01 3.035672e-10 6.758850e-01 9.976276e-01
4.663130e-01 3.083161e-10 6.678990e-01 9.974647e-01
4.664214e-01 3.185903e-10 6.533510e-01 9.975828e-01
4.662108e-01 3.017157e-10 6.527160e-01 9.975971e-01
4.660373e-01 2.991265e-10 6.783450e-01 9.975838e-01
4.661382e-01 3.012297e-10 6.418410e-01 9.975428e-01
4.662174e-01 3.015285e-10 6.501970e-01 9.976219e-01
4.660328e-01 2.937965e-10 6.452290e-01 9.976829e-01
4.659011e-01 2.906081e-10 6.426490e-01 9.975228e-01
4.659963e-01 2.939314e-10 6.517300e-01 9.975905e-01
4.661178e-01 2.951515e-10 6.567000e-01 9.975228e-01
4.663940e-01 3.144686e-10 6.625810e-01 9.975323e-01
4.661734e-01 2.998194e-10 6.515330e-01 9.975714e-01
4.660097e-01 2.930828e-10 6.630190e-01 9.975962e-01
4.663303e-01 3.101387e-10 6.561780e-01 9.975342e-01
4.663587e-01 2.961962e-10 6.674660e-01 9.975057e-01
4.658688e-01 2.856407e-10 6.513520e-01 9.975485e-01
4.665507e-01 3.163748e-10 6.458180e-01 9.975704e-01
4.663361e-01 3.167318e-10 6.579270e-01 9.975581e-01
4.665017e-01 3.084712e-10 6.639070e-01 9.975228e-01
4.663538e-01 3.106653e-10 6.739500e-01 9.975695e-01
4.659744e-01 2.894009e-10 6.465980e-01 9.975419e-01
4.662426e-01 2.932374e-10 6.540860e-01 9.976143e-01
4.665372e-01 3.097506e-10 6.505220e-01 9.975847e-01
4.661160e-01 2.940724e-10 6.571830e-01 9.975552e-01
4.665674e-01 3.237522e-10 6.519890e-01 9.975466e-01
4.663118e-01 3.057600e-10 6.736060e-01 9.975219e-01
4.658615e-01 2.811507e-10 6.560030e-01 9.976505e-01
4.663777e-01 3.123325e-10 6.578690e-01 9.976238e-01
4.666917e-01 3.152105e-10 6.648400e-01 9.976209e-01
4.662762e-01 3.064500e-10 6.537400e-01 9.975905e-01
4.663102e-01 3.034058e-10 6.550940e-01 9.975590e-01
4.663283e-01 2.961883e-10 6.565170e-01 9.975428e-01
4.663323e-01 3.050045e-10 6.572590e-01 9.974923e-01
4.666341e-01 3.172881e-10 6.751840e-01 9.975971e-01
4.662303e-01 2.938967e-10 6.545170e-01 9.975514e-01
4.661517e-01 2.912547e-10 6.632490e-01 9.974609e-01
4.666244e-01 3.135716e-10 6.646860e-01 9.975028e-01
4.665686e-01 3.081687e-10 6.438410e-01 9.975523e-01
4.661746e-01 2.945004e-10 6.529140e-01 9.975666e-01
4.665302e-01 3.125950e-10 6.586460e-01 9.976038e-01
4.667804e-01 3.195238e-10 6.664240e-01 9.975619e-01
4.662219e-01 3.010214e-10 6.484970e-01 9.975314e-01
4.660811e-01 2.821227e-10 6.503900e-01 9.975485e-01
4.662369e-01 2.831565e-10 6.687700e-01 9.975285e-01
4.664528e-01 3.101673e-10 6.487650e-01 9.976295e-01
4.665252e-01 3.018573e-10 6.427910e-01 9.975438e-01
4.666674e-01 3.111396e-10 6.412830e-01 9.975657e-01
4.664946e-01 3.053121e-10 6.415990e-01 9.975628e-01
4.664721e-01 3.091950e-10 6.527730e-01 9.975666e-01
4.664142e-01 2.981079e-10 6.617580e-01 9.974561e-01
4.662057e-01 2.888759e-10 6.429160e-01 9.975323e-01
4.664797e-01 3.020494e-10 6.528380e-01 9.976190e-01
4.661172e-01 2.961494e-10 6.465580e-01 9.975657e-01
4.664932e-01 3.102024e-10 6.623350e-01 9.975886e-01
4.664604e-01 2.956355e-10 6.506950e-01 9.975886e-01
4.661766e-01 2.740298e-10 6.636380e-01 9.975533e-01
4.666979e-01 3.156197e-10 6.621340e-01 9.976162e-01
4.661636e-01 2.790676e-10 6.480920e-01 9.975095e-01
4.667270e-01 3.150706e-10 6.441730e-01 9.974656e-01
4.662282e-01 3.004671e-10 6.715070e-01 9.975562e-01
4.663115e-01 2.876653e-10 6.531060e-01 9.975952e-01
4.663967e-01 3.111525e-10 6.625860e-01 9.975438e-01
4.663654e-01 2.972364e-10 6.423580e-01 9.975314e-01
4.662579e-01 2.911389e-10 6.491670e-01 9.975790e-01
4.663012e-01 2.884734e-10 6.573010e-01 9.975809e-01
4.661506e-01 2.888553e-10 6.542460e-01 9.975657e-01
4.663811e-01 2.932906e-10 6.706600e-01 9.975390e-01
4.661223e-01 2.824118e-10 6.541190e-01 9.974876e-01
4.667494e-01 3.176833e-10 6.519160e-01 9.975571e-01
4.663474e-01 2.912593e-10 6.564790e-01 9.975228e-01
4.666245e-01 3.143375e-10 6.726200e-01 9.975104e-01
4.663548e-01 2.876433e-10 6.679370e-01 9.976171e-01
4.664372e-01 3.061392e-10 6.477960e-01 9.975962e-01
4.665339e-01 3.042206e-10 6.552400e-01 9.975552e-01
4.661678e-01 2.886431e-10 6.527630e-01 9.976076e-01
4.665698e-01 2.914549e-10 6.530740e-01 9.976038e-01
4.666758e-01 3.068615e-10 6.442810e-01 9.976314e-01
4.664202e-01 2.867612e-10 6.510910e-01 9.976028e-01
4.660506e-01 2.747937e-10 6.455770e-01 9.976705e-01
4.665292e-01 3.039287e-10 6.479120e-01 9.975295e-01
4.665726e-01 3.193953e-10 6.531390e-01 9.975647e-01
4.664093e-01 2.865629e-10 6.513060e-01 9.975466e-01
4.663219e-01 2.807805e-10 6.671160e-01 9.975485e-01
4.665320e-01 2.985410e-10 6.645640e-01 9.974399e-01
4.666918e-01 3.043214e-10 6.571520e-01 9.976419e-01
4.663877e-01 2.894469e-10 6.484550e-01 9.975876e-01
4.668094e-01 3.043220e-10 6.797440e-01 9.975590e-01
4.664514e-01 2.928488e-10 6.580510e-01 9.975971e-01
4.664830e-01 2.817495e-10 6.549520e-01 9.974761e-01
4.665595e-01 2.922533e-10 6.509570e-01 9.975638e-01
4.667319e-01 3.002835e-10 6.518310e-01 9.976124e-01
4.662506e-01 2.757487e-10 6.613400e-01 9.975828e-01
4.663116e-01 2.829549e-10 6.629680e-01 9.975438e-01
4.667687e-01 3.076693e-10 6.519360e-01 9.974990e-01
4.662109e-01 2.763742e-10 6.584080e-01 9.976390e-01
4.665316e-01 2.998722e-10 6.627730e-01 9.975228e-01
4.667073e-01 2.977724e-10 6.719040e-01 9.975714e-01
4.665961e-01 3.000207e-10 6.464030e-01 9.975104e-01
4.667165e-01 2.966769e-10 6.520740e-01 9.975981e-01
4.664528e-01 2.898501e-10 6.594330e-01 9.974752e-01
4.664104e-01 2.814884e-10 6.615820e-01 9.976086e-01
4.665729e-01 2.893164e-10 6.730830e-01 9.975600e-01
4.664019e-01 2.839819e-10 6.604500e-01 9.975600e-01
4.664700e-01 2.819523e-10 6.574290e-01 9.975333e-01
4.664725e-01 2.821336e-10 6.486000e-01 9.975390e-01
4.666161e-01 3.000738e-10 6.608480e-01 9.976276e-01
4.664231e-01 2.862078e-10 6.572450e-01 9.975314e-01
4.667143e-01 2.963509e-10 6.509300e-01 9.975819e-01
4.666913e-01 2.922079e-10 6.464590e-01 9.975638e-01
4.669183e-01 2.954074e-10 6.514640e-01 9.975123e-01
4.665265e-01 2.906735e-10 6.626680e-01 9.974761e-01
4.664895e-01 2.861880e-10 6.401640e-01 9.975990e-01
4.666111e-01 2.777338e-10 6.501440e-01 9.975076e-01
4.666101e-01 2.914463e-10 6.541170e-01 9.975695e-01
4.665645e-01 2.866888e-10 6.484980e-01 9.975400e-01
4.664040e-01 2.699256e-10 6.483700e-01 9.975495e-01
4.668111e-01 3.018550e-10 6.623030e-01 9.975714e-01
4.666008e-01 2.845593e-10 6.554850e-01 9.975724e-01
4.668367e-01 2.931421e-10 6.719880e-01 9.975685e-01
4.667544e-01 2.935757e-10 6.734770e-01 9.975562e-01
4.667708e-01 2.944498e-10 6.471890e-01 9.975209e-01
4.664184e-01 2.817174e-10 6.567060e-01 9.975647e-01
4.667588e-01 2.847248e-10 6.558020e-01 9.976143e-01
4.667579e-01 2.904828e-10 6.581020e-01 9.976057e-01
4.664879e-01 2.694618e-10 6.475000e-01 9.975695e-01
4.667662e-01 2.871949e-10 6.617670e-01 9.975495e-01
4.668866e-01 2.937669e-10 6.547100e-01 9.975790e-01
4.664890e-01 2.790029e-10 6.564450e-01 9.975819e-01
4.667094e-01 2.874723e-10 6.554680e-01 9.975752e-01
4.667787e-01 2.950724e-10 6.471050e-01 9.976057e-01
4.667545e-01 2.828035e-10 6.578760e-01 9.975514e-01
4.664435e-01 2.707746e-10 6.499580e-01 9.975495e-01
4.667771e-01 2.895393e-10 6.697400e-01 9.976143e-01
4.664528e-01 2.690264e-10 6.503720e-01 9.975733e-01
4.665023e-01 2.755856e-10 6.534770e-01 9.974990e-01
4.669052e-01 2.946709e-10 6.464590e-01 9.975285e-01
4.671510e-01 3.070992e-10 6.495490e-01 9.975533e-01
4.666195e-01 2.737875e-10 6.460610e-01 9.975504e-01
4.666691e-01 2.797538e-10 6.431760e-01 9.975514e-01
4.667854e-01 2.866937e-10 6.540610e-01 9.975095e-01
4.668243e-01 2.967010e-10 6.591880e-01 9.975314e-01
4.665901e-01 2.816436e-10 6.550230e-01 9.974571e-01
4.666021e-01 2.811711e-10 6.495300e-01 9.975476e-01
4.665802e-01 2.827222e-10 6.735880e-01 9.975428e-01
4.668770e-01 2.844643e-10 6.591160e-01 9.976476e-01
4.668380e-01 2.893910e-10 6.617670e-01 9.975733e-01
4.670178e-01 2.926813e-10 6.518200e-01 9.975600e-01
4.668936e-01 2.850820e-10 6.746050e-01 9.975304e-01
4.667265e-01 2.761642e-10 6.604450e-01 9.976171e-01
4.669339e-01 2.886138e-10 6.569330e-01 9.975562e-01
4.668262e-01 2.878083e-10 6.602940e-01 9.975123e-01
4.666666e-01 2.841834e-10 6.583590e-01 9.975161e-01
4.670727e-01 3.028386e-10 6.659320e-01 9.975257e-01
4.672818e-01 3.175276e-10 6.593620e-01 9.974723e-01
4.666653e-01 2.779099e-10 6.522150e-01 9.975352e-01
4.667482e-01 2.824921e-10 6.483940e-01 9.975828e-01
4.667416e-01 2.791081e-10 6.500990e-01 9.975724e-01
4.668121e-01 2.816991e-10 6.427000e-01 9.975123e-01
4.670896e-01 2.923342e-10 6.674670e-01 9.975200e-01
4.668976e-01 2.928373e-10 6.493290e-01 9.974752e-01
4.671467e-01 3.008126e-10 6.522780e-01 9.975095e-01
4.667340e-01 2.765850e-10 6.512440e-01 9.975828e-01
4.669679e-01 2.932620e-10 6.739670e-01 9.975895e-01
4.667444e-01 2.721028e-10 6.580030e-01 9.975514e-01
4.670427e-01 2.861469e-10 6.476300e-01 9.975609e-01
