# dim  N   mc   dt  Impsamp 
# 1    1 1049576 0.1
#
# Theoretical Energy = 5.000000e-01
# Energy     Variance     CPU time     Acceptance
6.994371e-01 6.999813e-08 7.375210e-01 9.750347e-01
6.942674e-01 6.717311e-08 7.237120e-01 9.749280e-01
6.886482e-01 6.484227e-08 7.189500e-01 9.748689e-01
6.824585e-01 6.276859e-08 7.331210e-01 9.745726e-01
6.781013e-01 6.132792e-08 7.360210e-01 9.748775e-01
6.714346e-01 5.850544e-08 7.258570e-01 9.745345e-01
6.696830e-01 5.700106e-08 7.273560e-01 9.743744e-01
6.633236e-01 5.531917e-08 7.773130e-01 9.739371e-01
6.605660e-01 5.377478e-08 7.570270e-01 9.739295e-01
6.564336e-01 5.280914e-08 7.867940e-01 9.740124e-01
6.547700e-01 5.127410e-08 8.657390e-01 9.739895e-01
6.514132e-01 5.010885e-08 8.079510e-01 9.739723e-01
6.461615e-01 4.823284e-08 8.342100e-01 9.737875e-01
6.421788e-01 4.718045e-08 8.003040e-01 9.736837e-01
6.410911e-01 4.615284e-08 7.978330e-01 9.739552e-01
6.396296e-01 4.540650e-08 8.171420e-01 9.735588e-01
6.364147e-01 4.397824e-08 7.861000e-01 9.738142e-01
6.330623e-01 4.330956e-08 7.758550e-01 9.738513e-01
6.305786e-01 4.219184e-08 6.976980e-01 9.734636e-01
6.304523e-01 4.136391e-08 7.102960e-01 9.736989e-01
6.258370e-01 4.040221e-08 7.912850e-01 9.734788e-01
6.273651e-01 3.974072e-08 7.706450e-01 9.731825e-01
6.221432e-01 3.900388e-08 7.575160e-01 9.732883e-01
6.208139e-01 3.822652e-08 7.748820e-01 9.733035e-01
6.189193e-01 3.748598e-08 7.751960e-01 9.731577e-01
6.169403e-01 3.641951e-08 7.355370e-01 9.731291e-01
6.143652e-01 3.582321e-08 7.397500e-01 9.734007e-01
6.123766e-01 3.538166e-08 7.758180e-01 9.731711e-01
6.119561e-01 3.448783e-08 7.820420e-01 9.730358e-01
6.107702e-01 3.418801e-08 7.372810e-01 9.730139e-01
6.072214e-01 3.335241e-08 7.877450e-01 9.731987e-01
6.052793e-01 3.276975e-08 7.235070e-01 9.730748e-01
6.057222e-01 3.205343e-08 7.507730e-01 9.730196e-01
6.028662e-01 3.167912e-08 7.358300e-01 9.728586e-01
6.006893e-01 3.121641e-08 7.589910e-01 9.727519e-01
5.992864e-01 3.050535e-08 7.816720e-01 9.728509e-01
5.988029e-01 3.024210e-08 7.516040e-01 9.725956e-01
5.974846e-01 2.957153e-08 7.683060e-01 9.727347e-01
5.980644e-01 2.909700e-08 7.654710e-01 9.727176e-01
5.945000e-01 2.871322e-08 7.618500e-01 9.727862e-01
5.919723e-01 2.802806e-08 7.862200e-01 9.729577e-01
5.931133e-01 2.781807e-08 7.878180e-01 9.728014e-01
5.903057e-01 2.736652e-08 7.632650e-01 9.727480e-01
5.878190e-01 2.730747e-08 7.362100e-01 9.726975e-01
5.893969e-01 2.662062e-08 7.599720e-01 9.726585e-01
5.870616e-01 2.610458e-08 7.515940e-01 9.724222e-01
5.870408e-01 2.582265e-08 7.309110e-01 9.728595e-01
5.858034e-01 2.559676e-08 7.816190e-01 9.725165e-01
5.844236e-01 2.514386e-08 7.596420e-01 9.724146e-01
5.832859e-01 2.473476e-08 7.772280e-01 9.726899e-01
5.819295e-01 2.461102e-08 7.338630e-01 9.729148e-01
5.810768e-01 2.410949e-08 8.016880e-01 9.726089e-01
5.816400e-01 2.394515e-08 7.699120e-01 9.727480e-01
5.795921e-01 2.353008e-08 7.341040e-01 9.728414e-01
5.791056e-01 2.329927e-08 7.361550e-01 9.723117e-01
5.770608e-01 2.284975e-08 7.062530e-01 9.725499e-01
5.749119e-01 2.260852e-08 6.692840e-01 9.724203e-01
5.751253e-01 2.217934e-08 6.854160e-01 9.724432e-01
5.734249e-01 2.194916e-08 7.510290e-01 9.727109e-01
5.742834e-01 2.174778e-08 7.342770e-01 9.724756e-01
5.713929e-01 2.131657e-08 7.434960e-01 9.723488e-01
5.705953e-01 2.112152e-08 7.518570e-01 9.722688e-01
5.692347e-01 2.082551e-08 7.607930e-01 9.724651e-01
5.698981e-01 2.076110e-08 7.612010e-01 9.724546e-01
5.675704e-01 2.035829e-08 7.402390e-01 9.725394e-01
5.671741e-01 2.000377e-08 7.206580e-01 9.722564e-01
5.664668e-01 1.984771e-08 7.427220e-01 9.724555e-01
5.648821e-01 1.959347e-08 7.097390e-01 9.724651e-01
5.651257e-01 1.931659e-08 7.454480e-01 9.725337e-01
5.647620e-01 1.915876e-08 7.151750e-01 9.724298e-01
5.635789e-01 1.902800e-08 7.608790e-01 9.723812e-01
5.632477e-01 1.862079e-08 7.813140e-01 9.728062e-01
5.609814e-01 1.847277e-08 7.667380e-01 9.724308e-01
5.604923e-01 1.820417e-08 7.324370e-01 9.721554e-01
5.600977e-01 1.805517e-08 7.551860e-01 9.725089e-01
5.600661e-01 1.775539e-08 7.806630e-01 9.725346e-01
5.586816e-01 1.760482e-08 7.578270e-01 9.725184e-01
5.582442e-01 1.733638e-08 7.744780e-01 9.724536e-01
5.570824e-01 1.701230e-08 7.428600e-01 9.726023e-01
5.565015e-01 1.681082e-08 7.772030e-01 9.726118e-01
5.553248e-01 1.682944e-08 7.715560e-01 9.722345e-01
5.545091e-01 1.654886e-08 7.207150e-01 9.724489e-01
5.543184e-01 1.635915e-08 7.574880e-01 9.723317e-01
5.541291e-01 1.609047e-08 7.376370e-01 9.724489e-01
5.528730e-01 1.589861e-08 7.469280e-01 9.727109e-01
5.533058e-01 1.591532e-08 7.535000e-01 9.725756e-01
5.514917e-01 1.557805e-08 7.670690e-01 9.725127e-01
5.510724e-01 1.544429e-08 7.632310e-01 9.722326e-01
5.503555e-01 1.523648e-08 7.772790e-01 9.724270e-01
5.491893e-01 1.504813e-08 7.147350e-01 9.725156e-01
5.490134e-01 1.495525e-08 7.690850e-01 9.723879e-01
5.488283e-01 1.469321e-08 7.719160e-01 9.725451e-01
5.473561e-01 1.466790e-08 7.426450e-01 9.726823e-01
5.476123e-01 1.434307e-08 7.515290e-01 9.723469e-01
5.466366e-01 1.436012e-08 7.480180e-01 9.726147e-01
5.460404e-01 1.404504e-08 7.654850e-01 9.724889e-01
5.437209e-01 1.383319e-08 7.589570e-01 9.722040e-01
5.446011e-01 1.388956e-08 7.686290e-01 9.722231e-01
5.440719e-01 1.364573e-08 7.489960e-01 9.725623e-01
5.428891e-01 1.353310e-08 7.834500e-01 9.728443e-01
5.426933e-01 1.347815e-08 7.596270e-01 9.726575e-01
5.418194e-01 1.317052e-08 7.775220e-01 9.725118e-01
5.412940e-01 1.311496e-08 7.686280e-01 9.726175e-01
5.412306e-01 1.302232e-08 7.447670e-01 9.725241e-01
5.399978e-01 1.290154e-08 7.344660e-01 9.724270e-01
5.392604e-01 1.266173e-08 7.527720e-01 9.725985e-01
5.392818e-01 1.254288e-08 7.030000e-01 9.726347e-01
5.369727e-01 1.227242e-08 7.469440e-01 9.724813e-01
5.385575e-01 1.231399e-08 7.548020e-01 9.727099e-01
5.366943e-01 1.208687e-08 7.599620e-01 9.728452e-01
5.361828e-01 1.200228e-08 7.882580e-01 9.725051e-01
5.361603e-01 1.196464e-08 7.460820e-01 9.727252e-01
5.354410e-01 1.174206e-08 7.414280e-01 9.725470e-01
5.348679e-01 1.154384e-08 7.736330e-01 9.725689e-01
5.345237e-01 1.155342e-08 7.552970e-01 9.725280e-01
5.348921e-01 1.129014e-08 7.464330e-01 9.724574e-01
5.336827e-01 1.129546e-08 7.522790e-01 9.725699e-01
5.328006e-01 1.114771e-08 7.785690e-01 9.727195e-01
5.331234e-01 1.104414e-08 7.507140e-01 9.725099e-01
5.325115e-01 1.085131e-08 7.460960e-01 9.727166e-01
5.311602e-01 1.075512e-08 7.726090e-01 9.729472e-01
5.316303e-01 1.069931e-08 7.879350e-01 9.723155e-01
5.304090e-01 1.062392e-08 7.473000e-01 9.724822e-01
5.302990e-01 1.036351e-08 7.613110e-01 9.726937e-01
5.287923e-01 1.029962e-08 8.390700e-01 9.726909e-01
5.293967e-01 1.028112e-08 8.079320e-01 9.726013e-01
5.280368e-01 1.012569e-08 7.735150e-01 9.726375e-01
5.281958e-01 1.004181e-08 7.486990e-01 9.726270e-01
5.268557e-01 9.924935e-09 7.759970e-01 9.724879e-01
5.269109e-01 9.782390e-09 7.895990e-01 9.726899e-01
5.255559e-01 9.716081e-09 7.936260e-01 9.728681e-01
5.263975e-01 9.682515e-09 7.683910e-01 9.729081e-01
5.259295e-01 9.539693e-09 7.581600e-01 9.726461e-01
5.249800e-01 9.366734e-09 7.836140e-01 9.726509e-01
5.240269e-01 9.361009e-09 7.998920e-01 9.726366e-01
5.242782e-01 9.169912e-09 7.261400e-01 9.728462e-01
5.241457e-01 9.128715e-09 7.681590e-01 9.725985e-01
5.234887e-01 9.012546e-09 7.256780e-01 9.728338e-01
5.230475e-01 8.933697e-09 7.409380e-01 9.729796e-01
5.224869e-01 8.831113e-09 7.743130e-01 9.725651e-01
5.212144e-01 8.651081e-09 7.202890e-01 9.728300e-01
5.211680e-01 8.648402e-09 7.692040e-01 9.728919e-01
5.208318e-01 8.562806e-09 7.506280e-01 9.727538e-01
5.199498e-01 8.442023e-09 7.494620e-01 9.728205e-01
5.195040e-01 8.366843e-09 7.564630e-01 9.727442e-01
5.201232e-01 8.314682e-09 7.347490e-01 9.728481e-01
5.193313e-01 8.213811e-09 7.310910e-01 9.730825e-01
5.189793e-01 8.170506e-09 7.285860e-01 9.728157e-01
5.191240e-01 8.083076e-09 7.859380e-01 9.726242e-01
5.183747e-01 7.930400e-09 7.789960e-01 9.729958e-01
5.174345e-01 7.936774e-09 7.424560e-01 9.728548e-01
5.166735e-01 7.785887e-09 7.787720e-01 9.729615e-01
5.162204e-01 7.695637e-09 7.704070e-01 9.728471e-01
5.161218e-01 7.611643e-09 7.888480e-01 9.726137e-01
5.161880e-01 7.576929e-09 7.759320e-01 9.729167e-01
5.149943e-01 7.517089e-09 7.556810e-01 9.728871e-01
5.144971e-01 7.455722e-09 7.710170e-01 9.728062e-01
5.144464e-01 7.332479e-09 7.382210e-01 9.728281e-01
5.138119e-01 7.225492e-09 7.698770e-01 9.727919e-01
5.136059e-01 7.189245e-09 7.939830e-01 9.729300e-01
5.127759e-01 7.120837e-09 7.445020e-01 9.728138e-01
5.128439e-01 7.058667e-09 7.954930e-01 9.728052e-01
5.122886e-01 6.942346e-09 7.565670e-01 9.729767e-01
5.120929e-01 6.890278e-09 7.541930e-01 9.729719e-01
5.112542e-01 6.833519e-09 7.721770e-01 9.731187e-01
5.115599e-01 6.750007e-09 7.805120e-01 9.729214e-01
5.106423e-01 6.650771e-09 7.231180e-01 9.730062e-01
5.106305e-01 6.633336e-09 7.483760e-01 9.729395e-01
5.102184e-01 6.501643e-09 8.058290e-01 9.730072e-01
5.093824e-01 6.445355e-09 8.143570e-01 9.730215e-01
5.094132e-01 6.424136e-09 7.418170e-01 9.733731e-01
5.091610e-01 6.324519e-09 7.596620e-01 9.730644e-01
5.087908e-01 6.303871e-09 7.564220e-01 9.731863e-01
5.079775e-01 6.255167e-09 7.716020e-01 9.730825e-01
5.068539e-01 6.131586e-09 7.817110e-01 9.732978e-01
5.068262e-01 6.070950e-09 7.601280e-01 9.733207e-01
5.067138e-01 6.013015e-09 6.909580e-01 9.731168e-01
5.060688e-01 5.936660e-09 7.424280e-01 9.730177e-01
5.060556e-01 5.875562e-09 7.379830e-01 9.730586e-01
5.059884e-01 5.841144e-09 7.257660e-01 9.732883e-01
5.054612e-01 5.723891e-09 7.016350e-01 9.733940e-01
5.049554e-01 5.725778e-09 7.568300e-01 9.730129e-01
5.050587e-01 5.634027e-09 7.922850e-01 9.732006e-01
5.046989e-01 5.624114e-09 7.595130e-01 9.733102e-01
5.046422e-01 5.519454e-09 7.323730e-01 9.730053e-01
5.035897e-01 5.479714e-09 7.584830e-01 9.730720e-01
5.036949e-01 5.475563e-09 8.173300e-01 9.735379e-01
5.033238e-01 5.394519e-09 7.081990e-01 9.730596e-01
5.024390e-01 5.323092e-09 7.020940e-01 9.732082e-01
5.025533e-01 5.260554e-09 7.433900e-01 9.735808e-01
5.021030e-01 5.215557e-09 7.681920e-01 9.733207e-01
5.012274e-01 5.146522e-09 7.251390e-01 9.732063e-01
5.013709e-01 5.115372e-09 7.555900e-01 9.733883e-01
5.009322e-01 5.040757e-09 7.492440e-01 9.732730e-01
5.001396e-01 4.960988e-09 7.138550e-01 9.734197e-01
4.997850e-01 4.929602e-09 7.529940e-01 9.734331e-01
4.995260e-01 4.895482e-09 7.840540e-01 9.733807e-01
4.998742e-01 4.878847e-09 7.345220e-01 9.733511e-01
4.988702e-01 4.780901e-09 7.582210e-01 9.732263e-01
4.982242e-01 4.712706e-09 7.334160e-01 9.735055e-01
4.985086e-01 4.653774e-09 7.660660e-01 9.734093e-01
4.979037e-01 4.664975e-09 7.694000e-01 9.729662e-01
4.980851e-01 4.564201e-09 8.065730e-01 9.733511e-01
4.979580e-01 4.528609e-09 7.576360e-01 9.734969e-01
4.969683e-01 4.476487e-09 7.278420e-01 9.733292e-01
4.966974e-01 4.448024e-09 7.754920e-01 9.733073e-01
4.967370e-01 4.419452e-09 7.291250e-01 9.733426e-01
4.957993e-01 4.345435e-09 7.595630e-01 9.734674e-01
4.957669e-01 4.278253e-09 7.838890e-01 9.733940e-01
4.952078e-01 4.234689e-09 7.360620e-01 9.732244e-01
4.956891e-01 4.207833e-09 7.809010e-01 9.735741e-01
4.946613e-01 4.155439e-09 7.725020e-01 9.733873e-01
4.944477e-01 4.105386e-09 7.615490e-01 9.732835e-01
4.942776e-01 4.090889e-09 7.696180e-01 9.735474e-01
4.941451e-01 4.031415e-09 7.772460e-01 9.735503e-01
4.936083e-01 3.980427e-09 7.730700e-01 9.737980e-01
4.936674e-01 3.958911e-09 7.837180e-01 9.735541e-01
4.930222e-01 3.918410e-09 7.192310e-01 9.737932e-01
4.927849e-01 3.863017e-09 7.852340e-01 9.737370e-01
4.931999e-01 3.851669e-09 7.478690e-01 9.733683e-01
4.915631e-01 3.770851e-09 7.392730e-01 9.737008e-01
4.918216e-01 3.763756e-09 7.634460e-01 9.737589e-01
4.914359e-01 3.702869e-09 7.416090e-01 9.736255e-01
4.914870e-01 3.688539e-09 7.774570e-01 9.737627e-01
4.909271e-01 3.634504e-09 7.810870e-01 9.736189e-01
4.905428e-01 3.601641e-09 7.901730e-01 9.739561e-01
4.904376e-01 3.533219e-09 7.643680e-01 9.736446e-01
4.903777e-01 3.523760e-09 7.443790e-01 9.735598e-01
4.897548e-01 3.467566e-09 7.564800e-01 9.738828e-01
4.896482e-01 3.471864e-09 7.760510e-01 9.737608e-01
4.893623e-01 3.440691e-09 7.863480e-01 9.739438e-01
4.890958e-01 3.393718e-09 7.646710e-01 9.736208e-01
4.885297e-01 3.351962e-09 7.287330e-01 9.740019e-01
4.888107e-01 3.315166e-09 7.712060e-01 9.736189e-01
4.877712e-01 3.257728e-09 7.992940e-01 9.741667e-01
4.877969e-01 3.246863e-09 7.501010e-01 9.738847e-01
4.878090e-01 3.231182e-09 7.591230e-01 9.739257e-01
4.874576e-01 3.175684e-09 7.401660e-01 9.739914e-01
4.869616e-01 3.157460e-09 7.333560e-01 9.737361e-01
4.863915e-01 3.094810e-09 7.740660e-01 9.737446e-01
4.865649e-01 3.075520e-09 8.018000e-01 9.739037e-01
4.861763e-01 3.069555e-09 7.697510e-01 9.736255e-01
4.864268e-01 3.027741e-09 7.677130e-01 9.739342e-01
4.856924e-01 2.952981e-09 7.564240e-01 9.736484e-01
4.856683e-01 2.981436e-09 7.578240e-01 9.735512e-01
4.849865e-01 2.923796e-09 7.582470e-01 9.740095e-01
4.851949e-01 2.865131e-09 7.735790e-01 9.737056e-01
4.846779e-01 2.862989e-09 7.368480e-01 9.741619e-01
4.848641e-01 2.859749e-09 7.668980e-01 9.742058e-01
4.843288e-01 2.794686e-09 7.611740e-01 9.739685e-01
4.838416e-01 2.761843e-09 7.218150e-01 9.741400e-01
4.835038e-01 2.740581e-09 7.344170e-01 9.739276e-01
4.830772e-01 2.687654e-09 7.759860e-01 9.738485e-01
4.831377e-01 2.692194e-09 7.634710e-01 9.741781e-01
4.831671e-01 2.677667e-09 7.494070e-01 9.742887e-01
4.830409e-01 2.629467e-09 7.815380e-01 9.740314e-01
4.825307e-01 2.615276e-09 7.629010e-01 9.739476e-01
4.824222e-01 2.592252e-09 7.752140e-01 9.742401e-01
4.822379e-01 2.574574e-09 7.920400e-01 9.741648e-01
4.817315e-01 2.516643e-09 7.603280e-01 9.739342e-01
4.814250e-01 2.501199e-09 7.629020e-01 9.741591e-01
4.817009e-01 2.487845e-09 7.704020e-01 9.739866e-01
4.812340e-01 2.429104e-09 7.489440e-01 9.740943e-01
4.808172e-01 2.435465e-09 7.346490e-01 9.742991e-01
4.810641e-01 2.419445e-09 7.070540e-01 9.741486e-01
4.806617e-01 2.395568e-09 7.138210e-01 9.742305e-01
4.805268e-01 2.373627e-09 7.613000e-01 9.742582e-01
4.797943e-01 2.350510e-09 7.440470e-01 9.738904e-01
4.799102e-01 2.318962e-09 7.590070e-01 9.742344e-01
4.794729e-01 2.287114e-09 7.716240e-01 9.742858e-01
4.795276e-01 2.260487e-09 7.549990e-01 9.745088e-01
4.793814e-01 2.248131e-09 7.712140e-01 9.743878e-01
4.788191e-01 2.205603e-09 7.751350e-01 9.744173e-01
4.786824e-01 2.200983e-09 7.816710e-01 9.740781e-01
4.786139e-01 2.176666e-09 7.661610e-01 9.740905e-01
4.782710e-01 2.153535e-09 7.665730e-01 9.742963e-01
4.779140e-01 2.121568e-09 7.764590e-01 9.743268e-01
4.782315e-01 2.133727e-09 7.858350e-01 9.741286e-01
4.774694e-01 2.069163e-09 7.763870e-01 9.742353e-01
4.777031e-01 2.080760e-09 7.370770e-01 9.741362e-01
4.774850e-01 2.061877e-09 7.817590e-01 9.744935e-01
4.770042e-01 2.032853e-09 7.741710e-01 9.743096e-01
4.767780e-01 2.012714e-09 7.157380e-01 9.743382e-01
4.765825e-01 1.997059e-09 7.539990e-01 9.744354e-01
4.763718e-01 1.991509e-09 7.600070e-01 9.744011e-01
4.764869e-01 1.974899e-09 7.487780e-01 9.743096e-01
4.762266e-01 1.964440e-09 7.697860e-01 9.742887e-01
4.756780e-01 1.924076e-09 7.453240e-01 9.745211e-01
4.757630e-01 1.913698e-09 7.755000e-01 9.744402e-01
4.758051e-01 1.904604e-09 7.292570e-01 9.742220e-01
4.752432e-01 1.857482e-09 7.222130e-01 9.744087e-01
4.751429e-01 1.850880e-09 7.564560e-01 9.743611e-01
4.750131e-01 1.839119e-09 7.557230e-01 9.745078e-01
4.746854e-01 1.826190e-09 7.992950e-01 9.747222e-01
4.746518e-01 1.819243e-09 7.416770e-01 9.745764e-01
4.744629e-01 1.801501e-09 7.570620e-01 9.745907e-01
4.742877e-01 1.778087e-09 7.459720e-01 9.744745e-01
4.740014e-01 1.745259e-09 7.178320e-01 9.745402e-01
4.736730e-01 1.713908e-09 7.414980e-01 9.745659e-01
4.737240e-01 1.726757e-09 7.582320e-01 9.746574e-01
4.739342e-01 1.714604e-09 7.916170e-01 9.747412e-01
4.734572e-01 1.689986e-09 7.928160e-01 9.744240e-01
4.735578e-01 1.706206e-09 8.001010e-01 9.744373e-01
4.728005e-01 1.652012e-09 8.277560e-01 9.744821e-01
4.730072e-01 1.659823e-09 7.566950e-01 9.746526e-01
4.727428e-01 1.639514e-09 7.415210e-01 9.746117e-01
4.725063e-01 1.625447e-09 7.600460e-01 9.744640e-01
4.726593e-01 1.624390e-09 7.270360e-01 9.748165e-01
4.723425e-01 1.612742e-09 7.737890e-01 9.744411e-01
4.720051e-01 1.576523e-09 7.459830e-01 9.746555e-01
4.719902e-01 1.581942e-09 7.411370e-01 9.742829e-01
4.718725e-01 1.566701e-09 7.742720e-01 9.747460e-01
4.716342e-01 1.543860e-09 7.277300e-01 9.744459e-01
4.714914e-01 1.534636e-09 6.900260e-01 9.746307e-01
4.713144e-01 1.519157e-09 7.186680e-01 9.747231e-01
4.713054e-01 1.523478e-09 7.412820e-01 9.746326e-01
4.708860e-01 1.484517e-09 7.394660e-01 9.744802e-01
4.705114e-01 1.453566e-09 6.946070e-01 9.749242e-01
4.709020e-01 1.481972e-09 7.347450e-01 9.746345e-01
4.702552e-01 1.442541e-09 7.378120e-01 9.749108e-01
4.705019e-01 1.455183e-09 7.494360e-01 9.747708e-01
4.700367e-01 1.430788e-09 7.554360e-01 9.746317e-01
4.700155e-01 1.423057e-09 7.391320e-01 9.747088e-01
4.695761e-01 1.395074e-09 7.549460e-01 9.750242e-01
4.698340e-01 1.406670e-09 7.471160e-01 9.747498e-01
4.697115e-01 1.398739e-09 7.385660e-01 9.747736e-01
4.695320e-01 1.380446e-09 7.480920e-01 9.749346e-01
4.692575e-01 1.372062e-09 7.594690e-01 9.747107e-01
4.693197e-01 1.361676e-09 7.333140e-01 9.746202e-01
4.692354e-01 1.359384e-09 7.765150e-01 9.748079e-01
4.688010e-01 1.323999e-09 7.497960e-01 9.751147e-01
4.685953e-01 1.331425e-09 7.293080e-01 9.748641e-01
4.687519e-01 1.314754e-09 7.692490e-01 9.748127e-01
4.681395e-01 1.283655e-09 7.564600e-01 9.749804e-01
4.680522e-01 1.285601e-09 7.723090e-01 9.748613e-01
4.682120e-01 1.290389e-09 7.717080e-01 9.749261e-01
4.679136e-01 1.274488e-09 7.631950e-01 9.749070e-01
4.677345e-01 1.275451e-09 7.240630e-01 9.747974e-01
4.677456e-01 1.248159e-09 7.522960e-01 9.747508e-01
4.678444e-01 1.265870e-09 7.626700e-01 9.750871e-01
4.674327e-01 1.233544e-09 7.413860e-01 9.747965e-01
4.676802e-01 1.256006e-09 7.598870e-01 9.748308e-01
4.672999e-01 1.227696e-09 7.631020e-01 9.748832e-01
4.668926e-01 1.196954e-09 7.808380e-01 9.747660e-01
4.672409e-01 1.231914e-09 7.506960e-01 9.747212e-01
4.668361e-01 1.194515e-09 7.562020e-01 9.747603e-01
4.668479e-01 1.206556e-09 7.557160e-01 9.749585e-01
4.664820e-01 1.184614e-09 7.088170e-01 9.748756e-01
4.664668e-01 1.178831e-09 7.100700e-01 9.749661e-01
4.665429e-01 1.179598e-09 6.910400e-01 9.747851e-01
4.661084e-01 1.159723e-09 6.776400e-01 9.749299e-01
4.658420e-01 1.133445e-09 6.856360e-01 9.748603e-01
4.661163e-01 1.156510e-09 7.158050e-01 9.750299e-01
4.657941e-01 1.135134e-09 7.209030e-01 9.750337e-01
4.658627e-01 1.142974e-09 7.045090e-01 9.750995e-01
4.657274e-01 1.143115e-09 7.095470e-01 9.751061e-01
4.657205e-01 1.131725e-09 6.950670e-01 9.747622e-01
4.655157e-01 1.113343e-09 6.853740e-01 9.749661e-01
4.655757e-01 1.122826e-09 7.013360e-01 9.748984e-01
4.649087e-01 1.076185e-09 6.792870e-01 9.749794e-01
4.650770e-01 1.101473e-09 6.992240e-01 9.753377e-01
4.651626e-01 1.101293e-09 6.846460e-01 9.745202e-01
4.649864e-01 1.087516e-09 6.746970e-01 9.750318e-01
4.649848e-01 1.092844e-09 6.835510e-01 9.747317e-01
4.645849e-01 1.067768e-09 7.046070e-01 9.750394e-01
4.649117e-01 1.081914e-09 6.823100e-01 9.751805e-01
4.643211e-01 1.057370e-09 6.774790e-01 9.750242e-01
4.643876e-01 1.053062e-09 6.663080e-01 9.749975e-01
4.642816e-01 1.052654e-09 6.903820e-01 9.751033e-01
4.642786e-01 1.057276e-09 6.735570e-01 9.754758e-01
4.640759e-01 1.054909e-09 6.841370e-01 9.751214e-01
4.641288e-01 1.046694e-09 6.686220e-01 9.750842e-01
4.638034e-01 1.025908e-09 7.609260e-01 9.751709e-01
4.639082e-01 1.034265e-09 7.813020e-01 9.751309e-01
4.637250e-01 1.024229e-09 7.306300e-01 9.753129e-01
4.637223e-01 1.031153e-09 7.152460e-01 9.751919e-01
4.634522e-01 1.012648e-09 7.175620e-01 9.751423e-01
4.632536e-01 1.003876e-09 7.782770e-01 9.750595e-01
4.632332e-01 9.960868e-10 7.581260e-01 9.752043e-01
4.632090e-01 9.945739e-10 7.576060e-01 9.752433e-01
4.631511e-01 9.992811e-10 7.461000e-01 9.751404e-01
4.628589e-01 9.728344e-10 7.628610e-01 9.753920e-01
4.630604e-01 9.984383e-10 7.336060e-01 9.751261e-01
4.628548e-01 9.819329e-10 7.606800e-01 9.750328e-01
4.627494e-01 9.745264e-10 7.305030e-01 9.751976e-01
4.627496e-01 9.757881e-10 7.605870e-01 9.751976e-01
4.625991e-01 9.713224e-10 7.728680e-01 9.752052e-01
4.623948e-01 9.593739e-10 7.457900e-01 9.749994e-01
4.624392e-01 9.606269e-10 7.917600e-01 9.754911e-01
4.622756e-01 9.616659e-10 7.614580e-01 9.752452e-01
4.623136e-01 9.638252e-10 7.562430e-01 9.752138e-01
4.619896e-01 9.429419e-10 7.288670e-01 9.755549e-01
4.619674e-01 9.452728e-10 7.468840e-01 9.752643e-01
4.621137e-01 9.609995e-10 6.970330e-01 9.750185e-01
4.620124e-01 9.496542e-10 7.330110e-01 9.752700e-01
4.617475e-01 9.284353e-10 7.028710e-01 9.752834e-01
4.617689e-01 9.382492e-10 7.327930e-01 9.752471e-01
4.616216e-01 9.292449e-10 7.238610e-01 9.750452e-01
4.613605e-01 9.008041e-10 7.625590e-01 9.750118e-01
4.613761e-01 9.141831e-10 7.869410e-01 9.750709e-01
4.614867e-01 9.291590e-10 7.543260e-01 9.755053e-01
4.614990e-01 9.371084e-10 7.733810e-01 9.750633e-01
4.613426e-01 9.243469e-10 7.529980e-01 9.753005e-01
4.609800e-01 8.954692e-10 7.606090e-01 9.752691e-01
4.612655e-01 9.156384e-10 7.620430e-01 9.750366e-01
4.609892e-01 9.060205e-10 6.761100e-01 9.752719e-01
4.609549e-01 9.036455e-10 6.806200e-01 9.753510e-01
4.609585e-01 9.079458e-10 7.280670e-01 9.752843e-01
4.609073e-01 9.093188e-10 7.717410e-01 9.753720e-01
4.606982e-01 8.899783e-10 7.530980e-01 9.756111e-01
4.609359e-01 9.083935e-10 7.630960e-01 9.754158e-01
4.605085e-01 8.850860e-10 7.544450e-01 9.755863e-01
4.605935e-01 8.981386e-10 7.092320e-01 9.754186e-01
4.605344e-01 8.983076e-10 7.546030e-01 9.754215e-01
4.605991e-01 9.016999e-10 7.759770e-01 9.753662e-01
4.604385e-01 8.887275e-10 7.854530e-01 9.754901e-01
4.601950e-01 8.753668e-10 7.471500e-01 9.757731e-01
4.602091e-01 8.807481e-10 7.851670e-01 9.754863e-01
4.598811e-01 8.496240e-10 7.541090e-01 9.751919e-01
4.601254e-01 8.717845e-10 7.734800e-01 9.752910e-01
4.600141e-01 8.666966e-10 7.240380e-01 9.755387e-01
4.600342e-01 8.726992e-10 7.448050e-01 9.753529e-01
4.600648e-01 8.776055e-10 7.698120e-01 9.755501e-01
4.599057e-01 8.702437e-10 7.348510e-01 9.751747e-01
4.596102e-01 8.629244e-10 7.723760e-01 9.753205e-01
4.594269e-01 8.456708e-10 7.882640e-01 9.753405e-01
4.593564e-01 8.404599e-10 7.612190e-01 9.753510e-01
4.595280e-01 8.515372e-10 7.566770e-01 9.752176e-01
4.596134e-01 8.636815e-10 7.950300e-01 9.755177e-01
4.594232e-01 8.550919e-10 8.570710e-01 9.750804e-01
4.595206e-01 8.696123e-10 8.187860e-01 9.752872e-01
4.594491e-01 8.679868e-10 7.737850e-01 9.752519e-01
4.595398e-01 8.656014e-10 7.894310e-01 9.754444e-01
4.592455e-01 8.564792e-10 7.673860e-01 9.755587e-01
4.591884e-01 8.443355e-10 7.682680e-01 9.754739e-01
4.591758e-01 8.446906e-10 7.596370e-01 9.756121e-01
4.589789e-01 8.322588e-10 7.569070e-01 9.754415e-01
4.590145e-01 8.438387e-10 7.537450e-01 9.753491e-01
4.588558e-01 8.395463e-10 7.563540e-01 9.755787e-01
4.589678e-01 8.451046e-10 7.158290e-01 9.751881e-01
4.589126e-01 8.435175e-10 7.501290e-01 9.754539e-01
4.589368e-01 8.591746e-10 7.565910e-01 9.753358e-01
4.587139e-01 8.393354e-10 7.762340e-01 9.753186e-01
4.587945e-01 8.355914e-10 7.651190e-01 9.754015e-01
4.587332e-01 8.445212e-10 7.455170e-01 9.752767e-01
4.587517e-01 8.369307e-10 7.600380e-01 9.753920e-01
4.586138e-01 8.375807e-10 7.596590e-01 9.753253e-01
4.585987e-01 8.352871e-10 7.603740e-01 9.752128e-01
4.585915e-01 8.406628e-10 7.153540e-01 9.753377e-01
4.584865e-01 8.353703e-10 7.408490e-01 9.754529e-01
4.582887e-01 8.224497e-10 7.503160e-01 9.756454e-01
4.582819e-01 8.230411e-10 7.413300e-01 9.755015e-01
4.583201e-01 8.240926e-10 7.775420e-01 9.754768e-01
4.581235e-01 8.191774e-10 7.549740e-01 9.753205e-01
4.582015e-01 8.206345e-10 7.485300e-01 9.756121e-01
4.581634e-01 8.218197e-10 7.726490e-01 9.757416e-01
4.580089e-01 8.209422e-10 7.840660e-01 9.756368e-01
4.580363e-01 8.169008e-10 7.814120e-01 9.754415e-01
4.579762e-01 8.227018e-10 7.649570e-01 9.755311e-01
4.579188e-01 8.119010e-10 7.675850e-01 9.756959e-01
4.580882e-01 8.232697e-10 7.797740e-01 9.755044e-01
4.580012e-01 8.242118e-10 7.571440e-01 9.758684e-01
4.580363e-01 8.319739e-10 7.244900e-01 9.756949e-01
4.577111e-01 8.186332e-10 7.738640e-01 9.755025e-01
4.577841e-01 8.210898e-10 7.044950e-01 9.755244e-01
4.577730e-01 8.175292e-10 7.549290e-01 9.757493e-01
4.577258e-01 8.193362e-10 7.300790e-01 9.753853e-01
4.576339e-01 8.121077e-10 7.547370e-01 9.756788e-01
4.575847e-01 8.157222e-10 7.530010e-01 9.753824e-01
4.574903e-01 8.138010e-10 7.803770e-01 9.754796e-01
4.575096e-01 8.115890e-10 7.389590e-01 9.754568e-01
4.573713e-01 8.073441e-10 7.907800e-01 9.757054e-01
4.574916e-01 8.074945e-10 7.823630e-01 9.757502e-01
4.575062e-01 8.208970e-10 7.625750e-01 9.753958e-01
4.573664e-01 8.103157e-10 7.324630e-01 9.754825e-01
4.571130e-01 7.953753e-10 7.752870e-01 9.752853e-01
4.571974e-01 8.040527e-10 7.820170e-01 9.754920e-01
4.572129e-01 8.125027e-10 7.998080e-01 9.757035e-01
4.570904e-01 7.999094e-10 7.324000e-01 9.755234e-01
4.571822e-01 8.065523e-10 7.927710e-01 9.754034e-01
4.570366e-01 8.013584e-10 7.647040e-01 9.758055e-01
4.569631e-01 7.986154e-10 7.718700e-01 9.754244e-01
4.570554e-01 8.176904e-10 7.412840e-01 9.752148e-01
4.570186e-01 8.071499e-10 7.561690e-01 9.754930e-01
4.568232e-01 7.935906e-10 7.598210e-01 9.753977e-01
4.570141e-01 8.075168e-10 7.599940e-01 9.753567e-01
4.570355e-01 8.157510e-10 7.772010e-01 9.757797e-01
4.567811e-01 7.925946e-10 7.317560e-01 9.757445e-01
4.569392e-01 8.113991e-10 7.765350e-01 9.757159e-01
4.568727e-01 8.019467e-10 7.439590e-01 9.756530e-01
4.567745e-01 7.978638e-10 7.657920e-01 9.756387e-01
4.568530e-01 8.138638e-10 7.784820e-01 9.757388e-01
4.567163e-01 7.983723e-10 7.760170e-01 9.755158e-01
4.567003e-01 8.071409e-10 8.239380e-01 9.754234e-01
4.565962e-01 7.916776e-10 7.730410e-01 9.755406e-01
4.565347e-01 7.948905e-10 7.414830e-01 9.755292e-01
4.564952e-01 7.845223e-10 7.583700e-01 9.754977e-01
4.565581e-01 7.953521e-10 7.505000e-01 9.757359e-01
4.566385e-01 7.985416e-10 7.556500e-01 9.754968e-01
4.567213e-01 8.135466e-10 7.597890e-01 9.759303e-01
4.565115e-01 8.010040e-10 7.419440e-01 9.755454e-01
4.565544e-01 7.958826e-10 7.582320e-01 9.756568e-01
4.564584e-01 8.009644e-10 7.501620e-01 9.756635e-01
4.564919e-01 7.978346e-10 7.744770e-01 9.756873e-01
4.562156e-01 7.856961e-10 7.751040e-01 9.757331e-01
4.566493e-01 8.132745e-10 7.579470e-01 9.756063e-01
4.563239e-01 7.913470e-10 7.694550e-01 9.756778e-01
4.563830e-01 7.994794e-10 7.784840e-01 9.757693e-01
4.564113e-01 8.049671e-10 7.440710e-01 9.754930e-01
4.563534e-01 8.033755e-10 7.607960e-01 9.757312e-01
4.561579e-01 7.878256e-10 7.493200e-01 9.758426e-01
4.562335e-01 7.930315e-10 7.400600e-01 9.759160e-01
4.562408e-01 7.904887e-10 7.919050e-01 9.758664e-01
4.561767e-01 8.011574e-10 7.607000e-01 9.753653e-01
4.560956e-01 7.956054e-10 7.456990e-01 9.757245e-01
4.560454e-01 7.914401e-10 7.544870e-01 9.759074e-01
4.559510e-01 7.836797e-10 7.323450e-01 9.756797e-01
4.560900e-01 7.982215e-10 7.462300e-01 9.756540e-01
4.561103e-01 7.970768e-10 7.591270e-01 9.757321e-01
4.559884e-01 7.940376e-10 7.490330e-01 9.758436e-01
4.557973e-01 7.787330e-10 7.124480e-01 9.757178e-01
4.559933e-01 8.049147e-10 7.271470e-01 9.754720e-01
4.559427e-01 7.903495e-10 7.409690e-01 9.758226e-01
4.559665e-01 7.964388e-10 7.753210e-01 9.756178e-01
4.560634e-01 8.125967e-10 7.509330e-01 9.755082e-01
4.558800e-01 7.984431e-10 7.404600e-01 9.754730e-01
4.558083e-01 7.966296e-10 7.321550e-01 9.755816e-01
4.557706e-01 7.951236e-10 7.480280e-01 9.757950e-01
4.557954e-01 7.897056e-10 7.534600e-01 9.757407e-01
4.557856e-01 7.939736e-10 7.716630e-01 9.755901e-01
4.557422e-01 7.832768e-10 7.301670e-01 9.755654e-01
4.556389e-01 7.898650e-10 7.588970e-01 9.759236e-01
4.556973e-01 7.933048e-10 7.645520e-01 9.755444e-01
4.558552e-01 8.033487e-10 7.730720e-01 9.757969e-01
4.558754e-01 8.067874e-10 7.670300e-01 9.755577e-01
4.557165e-01 7.934430e-10 7.618190e-01 9.757797e-01
4.555777e-01 7.880433e-10 7.882570e-01 9.756464e-01
4.556450e-01 7.930427e-10 7.222060e-01 9.757816e-01
4.557170e-01 8.008722e-10 7.403450e-01 9.757788e-01
4.555338e-01 7.895455e-10 7.675540e-01 9.755625e-01
4.555420e-01 7.878689e-10 7.636810e-01 9.757740e-01
4.557740e-01 8.155583e-10 7.782470e-01 9.757797e-01
4.555811e-01 7.994045e-10 7.446000e-01 9.757397e-01
4.555459e-01 7.961510e-10 7.636280e-01 9.755425e-01
4.555061e-01 7.951314e-10 7.504570e-01 9.757893e-01
4.553404e-01 7.852333e-10 7.223630e-01 9.762037e-01
4.555576e-01 7.918091e-10 7.504520e-01 9.757816e-01
4.554284e-01 7.935198e-10 7.541290e-01 9.757883e-01
4.554196e-01 7.926265e-10 7.546630e-01 9.757664e-01
4.553830e-01 7.867294e-10 7.577710e-01 9.756082e-01
4.553335e-01 7.871003e-10 8.117120e-01 9.755892e-01
4.554619e-01 8.007816e-10 7.461730e-01 9.758483e-01
4.554520e-01 7.974082e-10 7.277640e-01 9.758207e-01
4.552311e-01 7.857396e-10 7.387430e-01 9.758922e-01
4.554979e-01 7.968677e-10 8.119050e-01 9.756273e-01
4.554125e-01 8.044472e-10 7.426340e-01 9.754710e-01
4.551384e-01 7.870691e-10 7.574100e-01 9.756368e-01
4.552695e-01 7.861581e-10 7.391750e-01 9.760351e-01
4.551041e-01 7.788662e-10 7.798960e-01 9.757045e-01
4.552526e-01 7.882750e-10 7.976020e-01 9.758712e-01
4.551010e-01 7.830543e-10 7.363220e-01 9.757445e-01
4.552640e-01 7.863504e-10 7.337270e-01 9.757864e-01
4.553176e-01 8.022607e-10 7.668320e-01 9.756511e-01
4.552489e-01 7.890198e-10 7.681750e-01 9.758988e-01
4.552809e-01 7.991834e-10 7.283260e-01 9.756435e-01
4.550642e-01 7.911721e-10 7.520910e-01 9.756187e-01
4.552277e-01 8.044983e-10 7.311630e-01 9.757416e-01
4.551130e-01 7.889791e-10 7.388250e-01 9.758674e-01
4.549873e-01 7.767229e-10 7.475760e-01 9.755263e-01
4.551156e-01 7.966506e-10 7.071100e-01 9.758312e-01
4.552092e-01 7.990158e-10 7.774970e-01 9.756359e-01
4.549678e-01 7.749891e-10 7.425890e-01 9.758150e-01
4.551596e-01 7.910794e-10 7.633750e-01 9.756988e-01
4.551489e-01 7.940476e-10 7.588900e-01 9.753805e-01
4.551019e-01 7.887692e-10 7.507520e-01 9.758817e-01
4.551090e-01 7.985695e-10 7.599390e-01 9.757169e-01
4.550903e-01 7.886532e-10 7.347990e-01 9.759408e-01
4.549500e-01 7.942284e-10 7.643620e-01 9.758579e-01
4.551078e-01 7.948421e-10 7.588410e-01 9.758064e-01
4.551249e-01 8.046350e-10 7.484380e-01 9.758502e-01
4.550032e-01 7.891817e-10 7.622980e-01 9.756778e-01
4.548965e-01 7.830150e-10 7.813610e-01 9.755854e-01
4.548892e-01 7.841511e-10 7.271270e-01 9.756121e-01
4.547640e-01 7.763200e-10 7.833820e-01 9.757912e-01
4.548995e-01 7.918515e-10 7.824020e-01 9.757302e-01
4.549517e-01 7.846133e-10 7.385460e-01 9.759255e-01
4.549575e-01 7.947539e-10 7.666400e-01 9.759065e-01
4.549229e-01 7.917265e-10 7.679110e-01 9.754844e-01
4.549661e-01 7.994975e-10 7.231510e-01 9.758779e-01
4.549206e-01 7.918971e-10 7.304380e-01 9.755158e-01
4.550643e-01 7.981773e-10 7.768830e-01 9.754834e-01
4.547703e-01 7.718570e-10 7.663910e-01 9.758445e-01
4.550298e-01 8.049958e-10 7.635880e-01 9.756730e-01
4.549177e-01 7.945738e-10 7.722150e-01 9.759760e-01
4.546532e-01 7.779017e-10 7.582220e-01 9.757883e-01
4.548210e-01 7.856688e-10 7.524680e-01 9.758007e-01
4.546752e-01 7.745442e-10 7.886460e-01 9.755940e-01
4.546716e-01 7.816263e-10 7.585240e-01 9.752109e-01
4.549235e-01 8.024705e-10 7.611900e-01 9.757426e-01
4.548089e-01 7.916335e-10 7.401960e-01 9.755682e-01
4.548566e-01 7.869602e-10 7.899090e-01 9.757216e-01
4.546649e-01 7.826700e-10 7.456950e-01 9.757912e-01
4.547209e-01 7.905701e-10 7.451940e-01 9.759284e-01
4.548562e-01 7.962769e-10 7.633530e-01 9.756540e-01
4.547982e-01 7.904367e-10 7.365640e-01 9.756044e-01
4.547309e-01 7.834547e-10 7.445580e-01 9.756645e-01
4.546892e-01 7.916043e-10 7.265650e-01 9.756635e-01
4.546522e-01 7.831357e-10 7.775910e-01 9.758055e-01
4.548426e-01 7.966693e-10 7.990270e-01 9.758398e-01
4.546926e-01 7.860596e-10 7.908600e-01 9.756006e-01
4.546043e-01 7.755760e-10 7.384610e-01 9.758655e-01
4.545879e-01 7.825670e-10 7.894140e-01 9.759246e-01
4.546647e-01 7.880936e-10 7.684210e-01 9.757578e-01
4.548161e-01 8.025746e-10 7.624390e-01 9.757836e-01
4.546903e-01 7.930648e-10 7.207800e-01 9.759188e-01
4.545655e-01 7.897916e-10 7.310720e-01 9.758941e-01
4.546690e-01 7.894809e-10 7.915610e-01 9.758302e-01
4.546693e-01 7.850496e-10 7.818000e-01 9.758236e-01
4.545932e-01 7.852063e-10 7.865270e-01 9.757616e-01
4.545578e-01 7.823375e-10 7.822510e-01 9.755444e-01
4.546628e-01 7.942610e-10 8.027500e-01 9.755606e-01
4.545300e-01 7.804932e-10 7.294170e-01 9.757912e-01
4.545692e-01 7.843255e-10 8.553880e-01 9.758617e-01
4.546685e-01 7.972502e-10 7.832680e-01 9.756940e-01
4.544719e-01 7.820157e-10 7.543310e-01 9.758560e-01
4.548170e-01 7.979996e-10 7.511440e-01 9.756216e-01
4.545613e-01 7.963207e-10 7.287360e-01 9.758121e-01
4.543092e-01 7.700671e-10 7.644060e-01 9.755263e-01
4.546161e-01 7.929992e-10 7.684180e-01 9.761418e-01
4.546715e-01 8.026115e-10 7.717910e-01 9.757998e-01
4.544506e-01 7.799643e-10 7.584570e-01 9.759570e-01
4.544549e-01 7.784621e-10 8.630530e-01 9.758188e-01
4.546774e-01 7.946208e-10 8.020650e-01 9.758855e-01
4.544952e-01 7.849531e-10 8.003430e-01 9.759217e-01
4.543835e-01 7.773697e-10 8.088010e-01 9.758779e-01
4.544555e-01 7.844405e-10 7.920280e-01 9.756911e-01
4.547123e-01 8.018659e-10 7.873430e-01 9.757674e-01
4.546078e-01 8.051784e-10 7.739660e-01 9.754844e-01
4.545716e-01 7.966460e-10 7.718980e-01 9.758979e-01
4.544662e-01 7.960659e-10 7.779600e-01 9.757778e-01
4.544943e-01 7.902422e-10 8.002160e-01 9.757188e-01
4.546389e-01 8.003159e-10 7.750200e-01 9.758188e-01
4.544806e-01 7.885423e-10 7.877550e-01 9.756730e-01
4.545456e-01 7.947805e-10 8.294030e-01 9.758703e-01
4.544889e-01 7.925772e-10 8.325650e-01 9.759379e-01
4.543705e-01 7.847964e-10 7.813190e-01 9.758474e-01
4.544981e-01 7.874615e-10 7.892350e-01 9.759169e-01
4.546266e-01 8.030506e-10 7.765810e-01 9.756892e-01
4.543923e-01 7.852751e-10 7.188990e-01 9.755959e-01
4.544472e-01 7.822919e-10 7.192090e-01 9.759331e-01
4.544251e-01 7.881413e-10 6.910400e-01 9.757674e-01
4.545518e-01 7.982312e-10 7.068850e-01 9.755978e-01
4.544606e-01 7.830811e-10 6.774900e-01 9.759141e-01
4.545356e-01 7.945468e-10 6.979560e-01 9.756749e-01
4.543302e-01 7.791138e-10 7.172470e-01 9.757254e-01
4.542542e-01 7.682762e-10 7.124790e-01 9.757273e-01
4.545099e-01 7.965564e-10 7.682390e-01 9.757292e-01
4.544052e-01 7.847922e-10 7.543610e-01 9.755873e-01
4.543953e-01 7.911202e-10 7.539050e-01 9.760560e-01
4.545579e-01 7.977400e-10 7.693970e-01 9.756797e-01
4.543276e-01 7.777213e-10 7.931700e-01 9.760198e-01
4.542808e-01 7.847616e-10 7.354990e-01 9.760303e-01
4.544470e-01 7.880318e-10 7.469800e-01 9.757826e-01
4.543269e-01 7.790569e-10 7.920570e-01 9.757007e-01
4.542858e-01 7.807950e-10 7.831850e-01 9.757550e-01
4.542777e-01 7.815904e-10 7.968240e-01 9.756988e-01
4.544049e-01 7.869246e-10 7.468660e-01 9.756349e-01
4.543928e-01 7.860799e-10 7.753540e-01 9.758817e-01
4.544830e-01 7.883975e-10 7.756640e-01 9.759179e-01
4.545486e-01 8.068285e-10 7.789970e-01 9.759779e-01
4.542323e-01 7.831556e-10 7.909500e-01 9.761599e-01
4.543788e-01 7.878498e-10 8.082870e-01 9.758579e-01
4.543514e-01 7.959490e-10 7.269060e-01 9.759836e-01
4.541801e-01 7.745772e-10 7.249110e-01 9.756835e-01
4.542859e-01 7.910039e-10 7.418480e-01 9.756330e-01
4.543162e-01 7.848006e-10 7.389370e-01 9.759293e-01
4.542240e-01 7.824924e-10 7.180110e-01 9.757845e-01
4.544695e-01 7.943537e-10 7.927020e-01 9.755644e-01
4.543065e-01 7.804456e-10 7.286860e-01 9.758541e-01
4.543912e-01 7.891088e-10 7.314400e-01 9.758664e-01
4.540969e-01 7.741743e-10 7.514940e-01 9.758703e-01
4.542712e-01 7.778620e-10 7.312160e-01 9.756606e-01
4.544233e-01 7.960011e-10 7.673060e-01 9.755149e-01
4.543104e-01 7.883131e-10 7.868050e-01 9.756035e-01
4.542099e-01 7.804734e-10 7.588680e-01 9.755177e-01
4.544206e-01 7.985809e-10 7.458530e-01 9.757588e-01
4.542739e-01 7.894293e-10 7.575150e-01 9.757655e-01
4.543959e-01 7.966929e-10 7.548060e-01 9.756149e-01
4.543165e-01 7.885456e-10 7.629590e-01 9.758779e-01
4.543197e-01 7.883363e-10 7.620070e-01 9.759141e-01
4.543438e-01 7.949873e-10 7.611860e-01 9.758217e-01
4.544267e-01 8.046728e-10 7.649120e-01 9.758188e-01
4.543663e-01 7.957334e-10 7.683120e-01 9.757130e-01
4.542468e-01 7.855852e-10 7.760310e-01 9.756178e-01
4.542651e-01 7.813653e-10 7.887750e-01 9.758140e-01
4.541469e-01 7.789615e-10 7.509580e-01 9.757883e-01
4.541416e-01 7.706676e-10 7.680520e-01 9.757426e-01
4.544932e-01 7.998996e-10 7.779230e-01 9.756425e-01
4.544633e-01 7.958996e-10 7.699650e-01 9.757007e-01
4.542591e-01 7.836450e-10 7.629270e-01 9.757426e-01
4.544195e-01 7.978914e-10 7.840260e-01 9.754710e-01
4.543797e-01 7.918499e-10 7.757950e-01 9.755911e-01
4.542522e-01 7.770482e-10 7.787970e-01 9.759141e-01
4.541460e-01 7.754203e-10 7.576130e-01 9.756425e-01
4.542915e-01 7.819402e-10 7.739670e-01 9.757816e-01
4.543117e-01 7.892481e-10 7.662090e-01 9.758045e-01
4.542532e-01 7.869633e-10 7.317380e-01 9.758903e-01
4.542087e-01 7.853529e-10 7.503610e-01 9.759398e-01
4.543595e-01 7.885519e-10 7.994720e-01 9.755863e-01
4.544913e-01 8.047343e-10 7.768910e-01 9.758379e-01
4.542858e-01 7.808052e-10 7.732320e-01 9.757940e-01
4.540789e-01 7.650532e-10 7.706810e-01 9.757054e-01
4.543633e-01 7.951952e-10 7.787320e-01 9.757969e-01
4.543505e-01 7.917184e-10 7.527450e-01 9.760036e-01
4.541189e-01 7.760612e-10 7.738110e-01 9.760094e-01
4.544091e-01 7.988030e-10 7.543090e-01 9.757226e-01
4.543350e-01 7.931346e-10 7.545700e-01 9.757607e-01
4.541853e-01 7.734425e-10 7.414790e-01 9.756730e-01
4.542256e-01 7.804928e-10 7.802890e-01 9.760370e-01
4.541814e-01 7.796157e-10 7.361750e-01 9.755501e-01
4.542389e-01 7.911049e-10 7.581290e-01 9.757140e-01
4.542499e-01 7.895633e-10 7.508030e-01 9.758417e-01
4.542835e-01 7.850731e-10 7.779670e-01 9.756378e-01
4.542443e-01 7.806378e-10 7.833350e-01 9.756654e-01
4.543589e-01 7.884205e-10 7.429750e-01 9.759265e-01
4.542250e-01 7.847270e-10 7.555530e-01 9.757369e-01
4.544608e-01 8.019436e-10 7.299930e-01 9.760151e-01
4.542887e-01 7.900181e-10 7.885730e-01 9.753100e-01
4.542315e-01 7.784889e-10 7.673770e-01 9.757273e-01
4.541393e-01 7.777611e-10 7.314650e-01 9.757721e-01
4.541920e-01 7.819972e-10 7.912130e-01 9.756759e-01
4.542250e-01 7.813243e-10 8.389280e-01 9.758645e-01
4.543461e-01 7.974460e-10 8.283800e-01 9.759417e-01
4.542516e-01 7.864968e-10 7.807220e-01 9.758550e-01
4.541573e-01 7.779820e-10 7.794750e-01 9.755368e-01
4.543881e-01 7.881110e-10 8.149090e-01 9.760113e-01
4.543282e-01 7.964747e-10 7.790310e-01 9.757855e-01
4.543472e-01 7.938467e-10 7.303550e-01 9.759150e-01
4.543041e-01 7.907213e-10 7.820030e-01 9.757197e-01
4.544580e-01 8.006585e-10 7.546810e-01 9.756892e-01
4.542035e-01 7.822419e-10 7.156500e-01 9.760275e-01
4.542326e-01 7.856558e-10 8.224060e-01 9.757655e-01
4.542162e-01 7.782491e-10 7.434770e-01 9.755968e-01
4.542102e-01 7.778321e-10 7.016690e-01 9.756721e-01
4.542919e-01 7.798062e-10 7.401610e-01 9.758445e-01
4.543784e-01 8.045148e-10 7.541970e-01 9.757473e-01
4.541711e-01 7.828638e-10 7.958910e-01 9.755130e-01
4.543407e-01 7.941495e-10 7.715450e-01 9.759274e-01
4.541561e-01 7.821049e-10 7.454470e-01 9.756054e-01
4.543929e-01 7.929821e-10 7.521900e-01 9.760103e-01
4.542876e-01 7.885098e-10 7.853290e-01 9.757159e-01
4.543854e-01 7.891805e-10 7.515150e-01 9.758388e-01
4.541896e-01 7.828429e-10 7.411410e-01 9.759417e-01
4.542641e-01 7.820875e-10 7.468910e-01 9.756416e-01
4.541379e-01 7.707581e-10 7.945570e-01 9.758884e-01
4.543258e-01 7.804038e-10 7.676970e-01 9.755968e-01
4.542807e-01 7.872892e-10 7.728330e-01 9.758398e-01
4.542349e-01 7.867280e-10 8.142580e-01 9.759160e-01
4.544211e-01 7.965813e-10 7.501530e-01 9.758941e-01
4.542592e-01 7.858547e-10 7.308960e-01 9.758760e-01
4.542016e-01 7.811631e-10 7.702520e-01 9.756930e-01
4.541200e-01 7.749008e-10 7.532180e-01 9.756873e-01
4.542899e-01 7.826819e-10 7.808840e-01 9.759084e-01
4.543200e-01 7.891817e-10 7.615590e-01 9.756902e-01
4.541541e-01 7.737211e-10 7.663110e-01 9.757378e-01
4.542367e-01 7.827569e-10 7.576840e-01 9.756197e-01
4.542946e-01 7.804042e-10 8.043970e-01 9.756549e-01
4.542516e-01 7.803953e-10 7.497450e-01 9.755435e-01
4.543352e-01 7.803330e-10 7.611670e-01 9.759084e-01
4.542855e-01 7.842001e-10 8.178820e-01 9.757998e-01
4.543977e-01 7.935963e-10 7.393010e-01 9.758331e-01
4.542206e-01 7.751656e-10 7.777740e-01 9.758369e-01
4.543599e-01 7.890274e-10 7.768780e-01 9.759255e-01
4.543460e-01 7.925812e-10 7.635360e-01 9.759055e-01
4.542788e-01 7.834332e-10 7.492390e-01 9.758045e-01
4.543592e-01 7.919849e-10 7.361190e-01 9.757988e-01
4.541891e-01 7.776820e-10 7.654680e-01 9.757569e-01
4.544428e-01 7.998094e-10 7.404520e-01 9.758522e-01
4.544119e-01 7.942680e-10 7.777540e-01 9.760303e-01
4.543499e-01 7.903015e-10 7.374320e-01 9.757607e-01
4.541068e-01 7.736039e-10 7.840680e-01 9.756807e-01
4.542773e-01 7.837087e-10 7.652970e-01 9.756349e-01
4.543001e-01 7.704422e-10 7.712660e-01 9.758617e-01
4.542488e-01 7.768990e-10 7.575750e-01 9.758312e-01
4.543929e-01 7.865863e-10 7.388030e-01 9.759350e-01
4.543954e-01 7.948030e-10 7.349020e-01 9.759112e-01
4.542322e-01 7.788009e-10 7.097710e-01 9.759379e-01
4.540710e-01 7.684252e-10 7.776790e-01 9.757788e-01
4.542002e-01 7.713544e-10 7.544070e-01 9.760770e-01
4.543537e-01 7.904883e-10 7.839730e-01 9.758541e-01
4.542026e-01 7.821453e-10 7.349290e-01 9.753739e-01
4.542312e-01 7.785870e-10 7.888880e-01 9.759732e-01
4.543354e-01 7.817113e-10 7.851980e-01 9.757054e-01
4.543635e-01 7.868661e-10 7.681170e-01 9.759884e-01
4.542969e-01 7.824711e-10 7.799950e-01 9.759579e-01
4.542863e-01 7.904131e-10 8.110310e-01 9.758903e-01
4.542775e-01 7.836524e-10 7.405020e-01 9.757502e-01
4.543281e-01 7.911628e-10 7.235280e-01 9.757588e-01
4.542372e-01 7.785631e-10 7.666570e-01 9.758407e-01
4.542067e-01 7.761282e-10 7.547240e-01 9.757597e-01
4.543399e-01 7.791331e-10 7.656780e-01 9.755806e-01
4.544236e-01 7.861600e-10 7.407750e-01 9.763247e-01
4.544295e-01 7.843439e-10 7.749300e-01 9.757426e-01
4.543600e-01 7.873050e-10 7.726340e-01 9.758750e-01
4.542587e-01 7.831332e-10 7.228180e-01 9.756911e-01
4.542073e-01 7.741134e-10 7.321630e-01 9.756340e-01
4.543772e-01 7.884508e-10 7.545230e-01 9.760560e-01
4.543301e-01 7.800755e-10 7.871630e-01 9.758598e-01
4.544108e-01 7.874328e-10 6.992280e-01 9.759141e-01
4.541573e-01 7.654175e-10 7.489480e-01 9.759246e-01
4.542574e-01 7.790887e-10 7.888810e-01 9.758807e-01
4.542777e-01 7.742553e-10 7.514160e-01 9.758931e-01
4.544360e-01 7.846397e-10 7.761090e-01 9.757531e-01
4.542792e-01 7.819835e-10 7.552780e-01 9.759084e-01
4.543415e-01 7.753528e-10 7.346640e-01 9.756826e-01
4.545133e-01 7.891464e-10 7.506710e-01 9.758693e-01
4.543804e-01 7.803104e-10 7.581390e-01 9.759770e-01
4.543705e-01 7.780283e-10 7.267330e-01 9.758179e-01
4.542683e-01 7.724790e-10 7.676370e-01 9.758264e-01
4.544110e-01 7.877361e-10 7.621560e-01 9.759741e-01
4.542853e-01 7.783054e-10 7.508010e-01 9.755940e-01
4.543111e-01 7.782251e-10 8.008960e-01 9.756387e-01
4.542341e-01 7.832593e-10 7.354650e-01 9.756216e-01
4.541391e-01 7.623464e-10 7.229970e-01 9.757645e-01
4.543231e-01 7.811016e-10 7.654170e-01 9.758321e-01
4.542907e-01 7.794589e-10 7.422270e-01 9.758474e-01
4.543412e-01 7.754110e-10 7.440710e-01 9.757016e-01
4.544239e-01 7.916856e-10 7.588610e-01 9.758779e-01
4.540705e-01 7.589434e-10 7.590280e-01 9.758607e-01
4.543168e-01 7.712944e-10 7.610570e-01 9.756263e-01
4.543382e-01 7.886537e-10 7.641660e-01 9.758264e-01
4.542919e-01 7.776662e-10 8.140330e-01 9.757035e-01
4.544385e-01 7.892805e-10 7.364900e-01 9.759589e-01
4.542622e-01 7.736615e-10 7.992750e-01 9.756730e-01
4.543057e-01 7.728915e-10 7.483590e-01 9.758112e-01
4.543190e-01 7.772312e-10 7.772230e-01 9.758541e-01
4.543406e-01 7.835657e-10 7.650070e-01 9.755358e-01
4.545932e-01 7.918799e-10 7.645320e-01 9.758855e-01
4.543924e-01 7.861871e-10 7.658840e-01 9.754263e-01
4.544097e-01 7.838589e-10 7.553900e-01 9.757635e-01
4.543886e-01 7.786933e-10 7.366290e-01 9.756826e-01
4.543185e-01 7.696748e-10 7.466860e-01 9.757645e-01
4.544927e-01 7.810328e-10 7.649170e-01 9.759046e-01
4.543127e-01 7.787656e-10 7.816240e-01 9.757473e-01
4.544202e-01 7.809750e-10 7.794150e-01 9.756711e-01
4.544482e-01 7.775073e-10 7.523180e-01 9.757969e-01
4.544952e-01 7.804807e-10 7.803330e-01 9.758865e-01
4.543603e-01 7.747503e-10 7.521180e-01 9.756568e-01
4.543344e-01 7.688944e-10 7.492870e-01 9.757445e-01
4.543520e-01 7.752867e-10 7.661780e-01 9.757245e-01
4.543859e-01 7.774239e-10 7.568360e-01 9.758579e-01
4.543036e-01 7.774788e-10 7.722460e-01 9.761608e-01
4.544473e-01 7.821705e-10 7.352600e-01 9.756997e-01
4.543576e-01 7.737524e-10 7.411520e-01 9.757531e-01
4.546296e-01 7.952286e-10 7.729310e-01 9.759551e-01
4.545234e-01 7.902101e-10 7.592500e-01 9.755215e-01
4.544631e-01 7.901506e-10 7.782690e-01 9.757188e-01
4.544933e-01 7.817988e-10 7.446630e-01 9.756654e-01
4.542801e-01 7.642840e-10 7.666700e-01 9.757616e-01
4.543259e-01 7.744186e-10 7.623300e-01 9.757988e-01
4.543379e-01 7.703649e-10 7.876880e-01 9.758121e-01
4.543202e-01 7.715234e-10 7.306470e-01 9.758436e-01
4.544625e-01 7.781693e-10 7.585230e-01 9.757435e-01
4.545367e-01 7.877673e-10 7.720520e-01 9.757397e-01
4.543266e-01 7.715953e-10 7.415960e-01 9.757435e-01
4.543306e-01 7.718712e-10 7.744550e-01 9.755587e-01
4.542866e-01 7.630367e-10 7.651810e-01 9.759427e-01
4.543856e-01 7.703351e-10 7.608730e-01 9.756483e-01
4.543460e-01 7.746909e-10 7.601220e-01 9.757940e-01
4.543307e-01 7.689545e-10 7.568130e-01 9.758941e-01
4.542798e-01 7.592949e-10 7.325770e-01 9.758207e-01
4.544682e-01 7.745131e-10 8.052450e-01 9.757797e-01
4.544721e-01 7.797585e-10 7.919160e-01 9.756302e-01
4.543747e-01 7.724374e-10 7.516880e-01 9.760036e-01
4.542702e-01 7.602404e-10 7.447510e-01 9.756692e-01
4.542431e-01 7.638592e-10 7.610680e-01 9.757769e-01
4.543374e-01 7.752235e-10 7.795840e-01 9.757683e-01
4.545018e-01 7.764273e-10 7.672550e-01 9.757902e-01
4.543680e-01 7.672836e-10 7.464690e-01 9.757626e-01
4.543281e-01 7.686519e-10 7.434760e-01 9.757340e-01
4.543379e-01 7.701708e-10 7.414240e-01 9.760951e-01
4.545302e-01 7.795028e-10 8.276430e-01 9.758779e-01
4.542879e-01 7.735130e-10 7.995540e-01 9.758131e-01
4.544164e-01 7.727937e-10 7.935410e-01 9.759684e-01
4.547109e-01 7.895030e-10 7.809160e-01 9.759255e-01
4.542352e-01 7.566775e-10 7.319450e-01 9.756149e-01
4.544252e-01 7.742901e-10 7.810470e-01 9.756711e-01
4.542980e-01 7.617866e-10 7.768160e-01 9.754920e-01
4.544987e-01 7.793817e-10 7.948200e-01 9.755720e-01
4.545143e-01 7.825529e-10 7.543840e-01 9.760398e-01
4.544030e-01 7.790416e-10 7.937150e-01 9.758398e-01
4.545120e-01 7.760677e-10 7.740210e-01 9.755940e-01
4.544220e-01 7.698454e-10 7.673630e-01 9.758455e-01
4.544311e-01 7.739889e-10 7.322770e-01 9.757397e-01
4.543496e-01 7.614219e-10 7.914780e-01 9.756378e-01
4.543795e-01 7.667234e-10 7.619090e-01 9.757998e-01
4.543822e-01 7.665829e-10 7.784140e-01 9.757607e-01
4.544350e-01 7.706315e-10 7.575150e-01 9.758483e-01
4.544166e-01 7.764626e-10 7.656230e-01 9.756740e-01
4.541858e-01 7.563848e-10 8.064860e-01 9.758274e-01
4.544175e-01 7.725017e-10 7.927880e-01 9.758474e-01
4.544659e-01 7.723963e-10 7.589410e-01 9.756854e-01
4.543947e-01 7.654440e-10 7.543030e-01 9.760713e-01
4.545551e-01 7.793006e-10 7.608020e-01 9.759341e-01
4.544706e-01 7.759415e-10 8.010980e-01 9.758502e-01
4.544855e-01 7.770513e-10 7.891690e-01 9.756244e-01
4.546633e-01 7.855530e-10 7.653970e-01 9.757064e-01
4.544900e-01 7.709976e-10 7.749710e-01 9.760141e-01
4.544601e-01 7.622714e-10 7.735230e-01 9.756702e-01
4.546604e-01 7.904372e-10 7.323060e-01 9.757188e-01
4.545589e-01 7.759225e-10 7.527610e-01 9.758493e-01
4.545684e-01 7.861431e-10 8.159940e-01 9.759255e-01
4.543653e-01 7.647054e-10 7.344060e-01 9.758788e-01
4.543964e-01 7.650888e-10 7.736130e-01 9.757121e-01
4.545137e-01 7.774445e-10 7.688610e-01 9.758817e-01
4.542620e-01 7.614988e-10 7.711560e-01 9.759932e-01
4.544334e-01 7.626275e-10 7.770950e-01 9.759712e-01
4.545611e-01 7.760666e-10 7.479150e-01 9.757292e-01
4.545272e-01 7.757834e-10 7.622450e-01 9.758522e-01
4.543685e-01 7.613084e-10 7.634430e-01 9.755501e-01
4.543653e-01 7.697138e-10 7.457440e-01 9.757950e-01
4.544681e-01 7.750734e-10 7.933040e-01 9.758617e-01
4.545508e-01 7.699446e-10 7.452990e-01 9.759322e-01
4.545393e-01 7.742335e-10 7.585170e-01 9.754844e-01
4.545020e-01 7.758869e-10 7.883860e-01 9.761780e-01
4.546249e-01 7.781320e-10 7.794960e-01 9.755225e-01
4.545453e-01 7.676581e-10 7.333860e-01 9.758217e-01
4.545732e-01 7.677908e-10 7.495570e-01 9.759627e-01
4.545317e-01 7.720248e-10 7.593590e-01 9.756378e-01
4.544906e-01 7.665412e-10 8.212630e-01 9.755444e-01
4.545069e-01 7.730844e-10 8.169940e-01 9.756978e-01
4.544981e-01 7.771018e-10 7.779160e-01 9.757235e-01
4.545046e-01 7.619773e-10 7.240810e-01 9.757435e-01
4.544652e-01 7.637840e-10 7.670410e-01 9.759017e-01
4.545138e-01 7.703752e-10 7.343680e-01 9.755606e-01
4.546075e-01 7.712185e-10 7.540290e-01 9.756178e-01
4.545103e-01 7.591181e-10 7.524200e-01 9.761208e-01
4.544632e-01 7.576782e-10 7.407430e-01 9.758560e-01
4.546283e-01 7.796140e-10 7.851080e-01 9.758674e-01
4.545068e-01 7.709188e-10 7.839730e-01 9.759027e-01
4.545037e-01 7.687585e-10 7.475910e-01 9.756959e-01
4.544427e-01 7.652961e-10 7.971720e-01 9.756378e-01
4.545275e-01 7.687673e-10 7.526410e-01 9.758912e-01
4.544373e-01 7.616776e-10 8.171920e-01 9.758321e-01
4.545896e-01 7.767739e-10 7.633410e-01 9.761675e-01
4.546015e-01 7.760950e-10 7.288030e-01 9.758845e-01
4.546255e-01 7.796422e-10 7.299200e-01 9.754282e-01
4.546686e-01 7.791612e-10 7.661460e-01 9.755749e-01
4.546536e-01 7.699356e-10 7.642260e-01 9.757940e-01
4.544876e-01 7.602853e-10 7.397670e-01 9.757273e-01
4.544903e-01 7.664756e-10 7.466330e-01 9.757026e-01
4.544926e-01 7.661508e-10 7.645850e-01 9.757769e-01
4.546259e-01 7.818718e-10 7.509760e-01 9.759131e-01
4.547537e-01 7.699453e-10 7.431800e-01 9.758255e-01
4.543725e-01 7.545930e-10 7.482510e-01 9.758741e-01
4.546069e-01 7.753426e-10 7.815090e-01 9.755387e-01
4.546926e-01 7.792281e-10 7.702550e-01 9.759389e-01
4.544310e-01 7.641595e-10 8.151170e-01 9.757283e-01
4.545850e-01 7.689403e-10 6.989300e-01 9.759074e-01
4.545402e-01 7.620001e-10 7.199010e-01 9.759408e-01
4.545784e-01 7.679595e-10 7.278540e-01 9.756749e-01
4.546035e-01 7.725529e-10 7.465300e-01 9.757150e-01
4.547700e-01 7.788629e-10 7.508770e-01 9.756759e-01
4.546462e-01 7.722187e-10 7.737330e-01 9.757512e-01
4.546784e-01 7.721435e-10 7.858240e-01 9.757816e-01
4.545117e-01 7.649536e-10 7.632480e-01 9.759427e-01
4.545479e-01 7.622569e-10 7.321720e-01 9.756854e-01
4.545390e-01 7.565604e-10 7.610250e-01 9.757931e-01
4.545687e-01 7.680868e-10 7.585930e-01 9.755749e-01
4.546787e-01 7.765017e-10 8.196640e-01 9.757655e-01
4.545593e-01 7.589797e-10 7.914920e-01 9.756635e-01
4.546833e-01 7.751208e-10 7.588980e-01 9.757836e-01
4.547189e-01 7.738933e-10 7.710920e-01 9.758445e-01
4.548314e-01 7.833395e-10 7.494000e-01 9.758417e-01
4.545473e-01 7.639953e-10 7.685740e-01 9.759122e-01
4.546914e-01 7.763271e-10 7.590390e-01 9.757312e-01
4.547263e-01 7.788454e-10 7.608730e-01 9.757674e-01
4.546291e-01 7.681122e-10 7.334780e-01 9.756387e-01
4.546022e-01 7.689428e-10 7.696300e-01 9.757150e-01
4.546467e-01 7.626925e-10 7.982910e-01 9.759674e-01
4.545400e-01 7.549315e-10 7.486710e-01 9.757454e-01
4.546302e-01 7.654715e-10 7.418850e-01 9.758207e-01
4.545553e-01 7.636057e-10 7.647350e-01 9.756530e-01
4.545691e-01 7.650032e-10 7.532640e-01 9.754872e-01
4.548338e-01 7.797357e-10 7.697500e-01 9.755787e-01
4.547563e-01 7.757982e-10 7.671600e-01 9.757254e-01
4.547758e-01 7.772406e-10 7.326530e-01 9.759274e-01
4.546175e-01 7.703616e-10 7.861370e-01 9.758750e-01
4.545765e-01 7.664209e-10 7.600180e-01 9.757273e-01
4.545728e-01 7.670498e-10 7.333250e-01 9.757302e-01
4.546499e-01 7.626986e-10 7.251820e-01 9.756511e-01
4.545595e-01 7.568375e-10 7.624210e-01 9.759141e-01
4.546177e-01 7.612553e-10 7.632670e-01 9.754596e-01
4.546757e-01 7.710485e-10 7.425530e-01 9.758960e-01
4.547616e-01 7.665970e-10 7.495390e-01 9.756225e-01
4.545888e-01 7.631656e-10 7.610130e-01 9.756435e-01
4.548456e-01 7.741445e-10 7.598390e-01 9.758417e-01
4.548261e-01 7.773243e-10 7.637760e-01 9.759227e-01
4.547402e-01 7.691080e-10 7.540050e-01 9.757912e-01
