# dim  N   mc   dt  Impsamp 
# 1    1 1049576 0.1
#
# Theoretical Energy = 5.000000e-01
# Energy     Variance     CPU time     Acceptance
5.907943e-01 3.325947e-08 7.313560e-01 9.742687e-01
5.392978e-01 1.309846e-08 7.448040e-01 9.727909e-01
5.233298e-01 6.967376e-09 7.477400e-01 9.720516e-01
5.134379e-01 4.021233e-09 7.222520e-01 9.720497e-01
5.084308e-01 2.373311e-09 6.821210e-01 9.722078e-01
5.051197e-01 1.429393e-09 7.273120e-01 9.723269e-01
5.028581e-01 8.743954e-10 7.148450e-01 9.720601e-01
5.012226e-01 5.196433e-10 7.024960e-01 9.720401e-01
5.001476e-01 3.164054e-10 7.036290e-01 9.722193e-01
4.993251e-01 1.919807e-10 7.402720e-01 9.724546e-01
4.988239e-01 1.171330e-10 7.128030e-01 9.722964e-01
4.984041e-01 7.078480e-11 7.048520e-01 9.720325e-01
4.980575e-01 4.328763e-11 7.382740e-01 9.720478e-01
4.978946e-01 2.713403e-11 7.165600e-01 9.720506e-01
4.976609e-01 1.708559e-11 7.469920e-01 9.722183e-01
4.975740e-01 1.106399e-11 7.265660e-01 9.723831e-01
4.974706e-01 7.596401e-12 7.523250e-01 9.722088e-01
4.973757e-01 5.404293e-12 7.446900e-01 9.721364e-01
4.973425e-01 4.309866e-12 7.089920e-01 9.723222e-01
4.972882e-01 3.470700e-12 7.314740e-01 9.722364e-01
4.972475e-01 2.974458e-12 7.544480e-01 9.721392e-01
4.972100e-01 2.698610e-12 7.918230e-01 9.719496e-01
4.972068e-01 2.639605e-12 7.985670e-01 9.722231e-01
4.971896e-01 2.533656e-12 7.766490e-01 9.723041e-01
4.971814e-01 2.488547e-12 7.715100e-01 9.725384e-01
4.971773e-01 2.500562e-12 7.640420e-01 9.721097e-01
4.971549e-01 2.410188e-12 7.669740e-01 9.723241e-01
4.971533e-01 2.411234e-12 7.584830e-01 9.721545e-01
4.971498e-01 2.436086e-12 7.502390e-01 9.720220e-01
4.971514e-01 2.425466e-12 7.351580e-01 9.719963e-01
4.971583e-01 2.478219e-12 7.909830e-01 9.720535e-01
4.971517e-01 2.435892e-12 7.533360e-01 9.720468e-01
4.971526e-01 2.437141e-12 7.443980e-01 9.723736e-01
4.971464e-01 2.429138e-12 7.526780e-01 9.723660e-01
4.971484e-01 2.420307e-12 7.510360e-01 9.722031e-01
4.971520e-01 2.480711e-12 7.391370e-01 9.720087e-01
4.971406e-01 2.428193e-12 7.333410e-01 9.719153e-01
4.971490e-01 2.459423e-12 7.210760e-01 9.723374e-01
4.971424e-01 2.418707e-12 7.906830e-01 9.720849e-01
4.971383e-01 2.444122e-12 8.395620e-01 9.722183e-01
4.971523e-01 2.468276e-12 7.859510e-01 9.725079e-01
4.971433e-01 2.428689e-12 7.570470e-01 9.722593e-01
4.971397e-01 2.405922e-12 7.627510e-01 9.721659e-01
4.971406e-01 2.413545e-12 7.990250e-01 9.720535e-01
4.971436e-01 2.432272e-12 7.745370e-01 9.722802e-01
4.971432e-01 2.408600e-12 7.102960e-01 9.720830e-01
4.971430e-01 2.423850e-12 7.068830e-01 9.722850e-01
4.971402e-01 2.403811e-12 7.123480e-01 9.723784e-01
4.971418e-01 2.430455e-12 7.070780e-01 9.722621e-01
4.971375e-01 2.429250e-12 7.490460e-01 9.721507e-01
4.971475e-01 2.459833e-12 7.512570e-01 9.724727e-01
4.971368e-01 2.412760e-12 7.718740e-01 9.723507e-01
4.971377e-01 2.409588e-12 7.681600e-01 9.723650e-01
4.971343e-01 2.392373e-12 8.150390e-01 9.722640e-01
4.971476e-01 2.430611e-12 7.602510e-01 9.721221e-01
4.971585e-01 2.472852e-12 8.012490e-01 9.722297e-01
4.971521e-01 2.452275e-12 7.521300e-01 9.724603e-01
4.971437e-01 2.432690e-12 7.637080e-01 9.722231e-01
4.971416e-01 2.413318e-12 7.328350e-01 9.726499e-01
4.971444e-01 2.426993e-12 7.974020e-01 9.722993e-01
4.971546e-01 2.445689e-12 7.774340e-01 9.721221e-01
4.971470e-01 2.440220e-12 7.422550e-01 9.722774e-01
4.971461e-01 2.452893e-12 7.297800e-01 9.722764e-01
4.971456e-01 2.450041e-12 7.210550e-01 9.722421e-01
4.971464e-01 2.424227e-12 7.697530e-01 9.720401e-01
4.971505e-01 2.444975e-12 7.165580e-01 9.726652e-01
4.971464e-01 2.445127e-12 7.173970e-01 9.720363e-01
4.971465e-01 2.449738e-12 7.517520e-01 9.718963e-01
4.971497e-01 2.452917e-12 7.271560e-01 9.721307e-01
4.971519e-01 2.438461e-12 6.941940e-01 9.718886e-01
4.971487e-01 2.445595e-12 6.884080e-01 9.719334e-01
4.971494e-01 2.455980e-12 7.276130e-01 9.724041e-01
4.971412e-01 2.422184e-12 7.321170e-01 9.721764e-01
4.971511e-01 2.451792e-12 7.355920e-01 9.722012e-01
4.971414e-01 2.400900e-12 7.186830e-01 9.721202e-01
4.971547e-01 2.456413e-12 7.687540e-01 9.720011e-01
4.971499e-01 2.429745e-12 7.443040e-01 9.722355e-01
4.971415e-01 2.423278e-12 8.087860e-01 9.722907e-01
4.971517e-01 2.438565e-12 7.867380e-01 9.723841e-01
4.971440e-01 2.410575e-12 7.798270e-01 9.722040e-01
4.971505e-01 2.433188e-12 7.739080e-01 9.725375e-01
4.971528e-01 2.458638e-12 7.481230e-01 9.722850e-01
4.971571e-01 2.482100e-12 7.598960e-01 9.722335e-01
4.971474e-01 2.407034e-12 7.407060e-01 9.721259e-01
4.971430e-01 2.394005e-12 7.474330e-01 9.727709e-01
4.971424e-01 2.409860e-12 7.856570e-01 9.720802e-01
4.971417e-01 2.395083e-12 7.561350e-01 9.723641e-01
4.971455e-01 2.413132e-12 7.730760e-01 9.722335e-01
4.971400e-01 2.397235e-12 7.829160e-01 9.721850e-01
4.971436e-01 2.419461e-12 7.598000e-01 9.720554e-01
4.971472e-01 2.420847e-12 7.354360e-01 9.722974e-01
4.971476e-01 2.398313e-12 7.567220e-01 9.722888e-01
4.971455e-01 2.417405e-12 7.270290e-01 9.723955e-01
4.971545e-01 2.458685e-12 7.274440e-01 9.721878e-01
4.971529e-01 2.432064e-12 7.424280e-01 9.724775e-01
4.971450e-01 2.412074e-12 7.682520e-01 9.720020e-01
4.971444e-01 2.417307e-12 7.725640e-01 9.721488e-01
4.971383e-01 2.370229e-12 7.456910e-01 9.719477e-01
4.971356e-01 2.385186e-12 7.344100e-01 9.724632e-01
4.971450e-01 2.429962e-12 7.741640e-01 9.721402e-01
4.971460e-01 2.409621e-12 7.839720e-01 9.721497e-01
4.971513e-01 2.448422e-12 7.304990e-01 9.720925e-01
4.971515e-01 2.418220e-12 7.304720e-01 9.720935e-01
4.971568e-01 2.464117e-12 7.952260e-01 9.720116e-01
4.971552e-01 2.472219e-12 7.312310e-01 9.723993e-01
4.971477e-01 2.424843e-12 7.901650e-01 9.722898e-01
4.971522e-01 2.427782e-12 7.361270e-01 9.722621e-01
4.971510e-01 2.432641e-12 7.629690e-01 9.721116e-01
4.971524e-01 2.418657e-12 7.386840e-01 9.720697e-01
4.971487e-01 2.410589e-12 8.068890e-01 9.719944e-01
4.971510e-01 2.419702e-12 8.422880e-01 9.722164e-01
4.971513e-01 2.447444e-12 8.096800e-01 9.720401e-01
4.971476e-01 2.405090e-12 7.841220e-01 9.722478e-01
4.971377e-01 2.349787e-12 7.519070e-01 9.724584e-01
4.971465e-01 2.420031e-12 7.714960e-01 9.719687e-01
4.971532e-01 2.417476e-12 7.303920e-01 9.723698e-01
4.971567e-01 2.452429e-12 7.648710e-01 9.722488e-01
4.971501e-01 2.414406e-12 7.303370e-01 9.721421e-01
4.971527e-01 2.436810e-12 7.094060e-01 9.723517e-01
4.971556e-01 2.425758e-12 7.338050e-01 9.721392e-01
4.971478e-01 2.401753e-12 7.211430e-01 9.725966e-01
4.971514e-01 2.427497e-12 7.836550e-01 9.722669e-01
4.971555e-01 2.452168e-12 8.736040e-01 9.720344e-01
4.971487e-01 2.392606e-12 8.588880e-01 9.722631e-01
4.971552e-01 2.435074e-12 7.656440e-01 9.720716e-01
4.971481e-01 2.398118e-12 7.246260e-01 9.722659e-01
4.971539e-01 2.430578e-12 7.409470e-01 9.724279e-01
4.971456e-01 2.379248e-12 7.545910e-01 9.726070e-01
4.971532e-01 2.422331e-12 7.985800e-01 9.723955e-01
4.971487e-01 2.382175e-12 7.355720e-01 9.723917e-01
4.971541e-01 2.427847e-12 7.301180e-01 9.722650e-01
4.971480e-01 2.425513e-12 7.180160e-01 9.721792e-01
4.971421e-01 2.359708e-12 7.334080e-01 9.719572e-01
4.971528e-01 2.439273e-12 7.388450e-01 9.724927e-01
4.971503e-01 2.445422e-12 7.338640e-01 9.720268e-01
4.971531e-01 2.411499e-12 7.363180e-01 9.724670e-01
4.971516e-01 2.411334e-12 7.393970e-01 9.723307e-01
4.971549e-01 2.411989e-12 7.379820e-01 9.726108e-01
4.971567e-01 2.456509e-12 8.121900e-01 9.725870e-01
4.971446e-01 2.397256e-12 7.400980e-01 9.722879e-01
4.971524e-01 2.396631e-12 7.376060e-01 9.722669e-01
4.971547e-01 2.399262e-12 7.335580e-01 9.721792e-01
4.971496e-01 2.422102e-12 7.791750e-01 9.721106e-01
4.971524e-01 2.417597e-12 7.436160e-01 9.723803e-01
4.971469e-01 2.388036e-12 7.372720e-01 9.722069e-01
4.971541e-01 2.407370e-12 7.462870e-01 9.721021e-01
4.971450e-01 2.394088e-12 7.228740e-01 9.721373e-01
4.971518e-01 2.443653e-12 7.321800e-01 9.720973e-01
4.971579e-01 2.442895e-12 7.407610e-01 9.723679e-01
4.971501e-01 2.387816e-12 7.845710e-01 9.721383e-01
4.971519e-01 2.413578e-12 7.436630e-01 9.722774e-01
4.971531e-01 2.415685e-12 7.550060e-01 9.718944e-01
4.971526e-01 2.416164e-12 7.364630e-01 9.720087e-01
4.971609e-01 2.454153e-12 7.397850e-01 9.718991e-01
4.971551e-01 2.433513e-12 7.456680e-01 9.721554e-01
4.971478e-01 2.367297e-12 7.456290e-01 9.721211e-01
4.971500e-01 2.393726e-12 7.896220e-01 9.724117e-01
4.971546e-01 2.424706e-12 7.640140e-01 9.724317e-01
4.971584e-01 2.465651e-12 7.454660e-01 9.721954e-01
4.971512e-01 2.374848e-12 7.670190e-01 9.723974e-01
4.971571e-01 2.441745e-12 7.588050e-01 9.722107e-01
4.971566e-01 2.447545e-12 7.546300e-01 9.722402e-01
4.971469e-01 2.383480e-12 7.804370e-01 9.723841e-01
4.971485e-01 2.374362e-12 7.392490e-01 9.721716e-01
4.971589e-01 2.434608e-12 7.474790e-01 9.719353e-01
4.971511e-01 2.410874e-12 7.362670e-01 9.722355e-01
4.971540e-01 2.422334e-12 7.733740e-01 9.721040e-01
4.971585e-01 2.443070e-12 7.455430e-01 9.722031e-01
4.971440e-01 2.363644e-12 7.545000e-01 9.722688e-01
4.971583e-01 2.433600e-12 7.226880e-01 9.722193e-01
4.971506e-01 2.416450e-12 7.385470e-01 9.721554e-01
4.971490e-01 2.375607e-12 7.573910e-01 9.720840e-01
4.971557e-01 2.417607e-12 7.227400e-01 9.721878e-01
4.971555e-01 2.428094e-12 7.290980e-01 9.719858e-01
4.971548e-01 2.414533e-12 7.091100e-01 9.722707e-01
4.971538e-01 2.405076e-12 7.473520e-01 9.723717e-01
4.971532e-01 2.391565e-12 7.646030e-01 9.721945e-01
4.971599e-01 2.438004e-12 7.630410e-01 9.721516e-01
4.971582e-01 2.431148e-12 7.607590e-01 9.722621e-01
4.971616e-01 2.442238e-12 7.392100e-01 9.723536e-01
4.971593e-01 2.452431e-12 7.264970e-01 9.723269e-01
4.971585e-01 2.407535e-12 7.852030e-01 9.720640e-01
4.971618e-01 2.458602e-12 7.347300e-01 9.719229e-01
4.971580e-01 2.404265e-12 7.845850e-01 9.720668e-01
4.971515e-01 2.379392e-12 7.091170e-01 9.724203e-01
4.971536e-01 2.400870e-12 7.465110e-01 9.721516e-01
4.971524e-01 2.394588e-12 8.142600e-01 9.723917e-01
4.971630e-01 2.433749e-12 7.623160e-01 9.720116e-01
4.971565e-01 2.440284e-12 7.766040e-01 9.724689e-01
4.971543e-01 2.398921e-12 7.947000e-01 9.721335e-01
4.971523e-01 2.398288e-12 7.205720e-01 9.724041e-01
4.971510e-01 2.394417e-12 7.375680e-01 9.722393e-01
4.971579e-01 2.430188e-12 7.474110e-01 9.724717e-01
4.971498e-01 2.398334e-12 7.409190e-01 9.724260e-01
4.971559e-01 2.432589e-12 7.319970e-01 9.723850e-01
4.971530e-01 2.377091e-12 7.074300e-01 9.719744e-01
4.971541e-01 2.392900e-12 7.064100e-01 9.721478e-01
4.971615e-01 2.421151e-12 6.812640e-01 9.722640e-01
4.971584e-01 2.421290e-12 7.054810e-01 9.721840e-01
4.971485e-01 2.367968e-12 7.030780e-01 9.719506e-01
4.971516e-01 2.416206e-12 7.314490e-01 9.720182e-01
4.971714e-01 2.482447e-12 8.144350e-01 9.720516e-01
4.971584e-01 2.420256e-12 7.214100e-01 9.722526e-01
4.971550e-01 2.391935e-12 6.815400e-01 9.720821e-01
4.971588e-01 2.410813e-12 7.305980e-01 9.720287e-01
4.971699e-01 2.485435e-12 6.843260e-01 9.722040e-01
4.971634e-01 2.441425e-12 6.577830e-01 9.721630e-01
4.971580e-01 2.436247e-12 7.140200e-01 9.720821e-01
4.971504e-01 2.356189e-12 7.416620e-01 9.723345e-01
4.971520e-01 2.387703e-12 8.249290e-01 9.724822e-01
4.971566e-01 2.416231e-12 7.626630e-01 9.723669e-01
4.971569e-01 2.389734e-12 1.157568e+00 9.721897e-01
4.971577e-01 2.422587e-12 8.190640e-01 9.719134e-01
4.971617e-01 2.430972e-12 7.584870e-01 9.723002e-01
4.971616e-01 2.431433e-12 7.682130e-01 9.721811e-01
4.971633e-01 2.408749e-12 8.855130e-01 9.723774e-01
4.971562e-01 2.407391e-12 7.757170e-01 9.723041e-01
4.971488e-01 2.391784e-12 7.150350e-01 9.721297e-01
4.971643e-01 2.405582e-12 7.156550e-01 9.722240e-01
4.971539e-01 2.384114e-12 6.996300e-01 9.722650e-01
4.971609e-01 2.406998e-12 6.700030e-01 9.721468e-01
4.971556e-01 2.372781e-12 6.872990e-01 9.722783e-01
4.971631e-01 2.410784e-12 7.323280e-01 9.723098e-01
4.971562e-01 2.375778e-12 7.088390e-01 9.722488e-01
4.971635e-01 2.423924e-12 7.130220e-01 9.724231e-01
4.971594e-01 2.400975e-12 6.778520e-01 9.723784e-01
4.971706e-01 2.459851e-12 6.611020e-01 9.725118e-01
4.971566e-01 2.354982e-12 6.562660e-01 9.721287e-01
4.971591e-01 2.419422e-12 6.740240e-01 9.720944e-01
4.971546e-01 2.372388e-12 6.531450e-01 9.724136e-01
4.971596e-01 2.411618e-12 6.503330e-01 9.720401e-01
4.971516e-01 2.371323e-12 6.609670e-01 9.725575e-01
4.971592e-01 2.405111e-12 6.417890e-01 9.721049e-01
4.971660e-01 2.436803e-12 6.577790e-01 9.725365e-01
4.971633e-01 2.417536e-12 6.398050e-01 9.721516e-01
4.971601e-01 2.413733e-12 6.909230e-01 9.723374e-01
4.971712e-01 2.429940e-12 6.495610e-01 9.721497e-01
4.971594e-01 2.409842e-12 6.770690e-01 9.724365e-01
4.971589e-01 2.382143e-12 7.124380e-01 9.722421e-01
4.971685e-01 2.457429e-12 6.571050e-01 9.721049e-01
4.971616e-01 2.386542e-12 6.952490e-01 9.722631e-01
4.971546e-01 2.393473e-12 8.405360e-01 9.719449e-01
4.971710e-01 2.462931e-12 6.564620e-01 9.721440e-01
4.971500e-01 2.360116e-12 6.536350e-01 9.718801e-01
4.971633e-01 2.428913e-12 7.175040e-01 9.724136e-01
4.971508e-01 2.356339e-12 7.089530e-01 9.720763e-01
4.971571e-01 2.385340e-12 6.624420e-01 9.724546e-01
4.971500e-01 2.363441e-12 6.682700e-01 9.723231e-01
4.971646e-01 2.432045e-12 6.789840e-01 9.718829e-01
4.971554e-01 2.389081e-12 6.872570e-01 9.723860e-01
4.971570e-01 2.406932e-12 6.834240e-01 9.721526e-01
4.971576e-01 2.391334e-12 7.092080e-01 9.721935e-01
4.971595e-01 2.393458e-12 6.792380e-01 9.720411e-01
4.971525e-01 2.379952e-12 6.604900e-01 9.726204e-01
4.971577e-01 2.404901e-12 6.430050e-01 9.724498e-01
4.971561e-01 2.400881e-12 6.442820e-01 9.721488e-01
4.971546e-01 2.365697e-12 6.769370e-01 9.724937e-01
4.971667e-01 2.421865e-12 6.920170e-01 9.719487e-01
4.971550e-01 2.389415e-12 8.419560e-01 9.723565e-01
4.971643e-01 2.401417e-12 7.786540e-01 9.722326e-01
4.971659e-01 2.394614e-12 6.945280e-01 9.720906e-01
4.971590e-01 2.398617e-12 7.112500e-01 9.721211e-01
4.971661e-01 2.422736e-12 7.334470e-01 9.722145e-01
4.971657e-01 2.415157e-12 8.763890e-01 9.719496e-01
4.971624e-01 2.389426e-12 7.183740e-01 9.723460e-01
4.971732e-01 2.433118e-12 6.659610e-01 9.720268e-01
4.971657e-01 2.421778e-12 6.648780e-01 9.721326e-01
4.971632e-01 2.392778e-12 6.473400e-01 9.722574e-01
4.971684e-01 2.433983e-12 6.398920e-01 9.719773e-01
4.971584e-01 2.387044e-12 6.632680e-01 9.723174e-01
4.971662e-01 2.415896e-12 6.652220e-01 9.722640e-01
4.971686e-01 2.429408e-12 6.510670e-01 9.724251e-01
4.971715e-01 2.455411e-12 6.515360e-01 9.721983e-01
4.971592e-01 2.390493e-12 6.658910e-01 9.721164e-01
4.971668e-01 2.414941e-12 6.631410e-01 9.723298e-01
4.971653e-01 2.403711e-12 6.635580e-01 9.722745e-01
4.971685e-01 2.425033e-12 7.547970e-01 9.723203e-01
4.971596e-01 2.393474e-12 7.609260e-01 9.721021e-01
4.971643e-01 2.399947e-12 8.095780e-01 9.725232e-01
4.971617e-01 2.391919e-12 7.406630e-01 9.721831e-01
4.971709e-01 2.442072e-12 7.240090e-01 9.725089e-01
4.971706e-01 2.448994e-12 7.093540e-01 9.721592e-01
4.971623e-01 2.386653e-12 7.248250e-01 9.721754e-01
4.971620e-01 2.396700e-12 7.229960e-01 9.722774e-01
4.971569e-01 2.370863e-12 7.528490e-01 9.722050e-01
4.971574e-01 2.354065e-12 7.054970e-01 9.722240e-01
4.971713e-01 2.437728e-12 7.063870e-01 9.723546e-01
4.971667e-01 2.424867e-12 7.454920e-01 9.723326e-01
4.971575e-01 2.363893e-12 7.277330e-01 9.722183e-01
4.971627e-01 2.398950e-12 7.381990e-01 9.718143e-01
4.971606e-01 2.386503e-12 7.194320e-01 9.720239e-01
4.971665e-01 2.382808e-12 7.234010e-01 9.722545e-01
4.971619e-01 2.393093e-12 7.220820e-01 9.719525e-01
4.971634e-01 2.396233e-12 7.216320e-01 9.723088e-01
4.971676e-01 2.416482e-12 7.643550e-01 9.722135e-01
4.971615e-01 2.374056e-12 7.336930e-01 9.722888e-01
4.971642e-01 2.381391e-12 6.887500e-01 9.723193e-01
4.971640e-01 2.373603e-12 7.248320e-01 9.721831e-01
4.971677e-01 2.399267e-12 7.107390e-01 9.721564e-01
4.971577e-01 2.358961e-12 7.203650e-01 9.722755e-01
4.971587e-01 2.373538e-12 7.308820e-01 9.721307e-01
4.971630e-01 2.379454e-12 7.425000e-01 9.725041e-01
4.971588e-01 2.385425e-12 7.172930e-01 9.721802e-01
4.971584e-01 2.369822e-12 7.004580e-01 9.724184e-01
4.971708e-01 2.423865e-12 7.084230e-01 9.721726e-01
4.971735e-01 2.428087e-12 7.181830e-01 9.720925e-01
4.971635e-01 2.389686e-12 7.622880e-01 9.723727e-01
4.971729e-01 2.449130e-12 7.259400e-01 9.720211e-01
4.971734e-01 2.441229e-12 8.938680e-01 9.720297e-01
4.971599e-01 2.395032e-12 9.166490e-01 9.723736e-01
4.971729e-01 2.430371e-12 9.739990e-01 9.719563e-01
4.971698e-01 2.431135e-12 8.147940e-01 9.719449e-01
4.971692e-01 2.430654e-12 7.897760e-01 9.722802e-01
4.971666e-01 2.396592e-12 8.153480e-01 9.725470e-01
4.971551e-01 2.344135e-12 7.968830e-01 9.721078e-01
4.971680e-01 2.412821e-12 7.677090e-01 9.720258e-01
4.971680e-01 2.394522e-12 7.831910e-01 9.723193e-01
4.971699e-01 2.428055e-12 7.618900e-01 9.723412e-01
4.971711e-01 2.409162e-12 7.890790e-01 9.720220e-01
4.971633e-01 2.374578e-12 7.299740e-01 9.725194e-01
4.971677e-01 2.401849e-12 8.120490e-01 9.721954e-01
4.971694e-01 2.422686e-12 7.503930e-01 9.721859e-01
4.971734e-01 2.400022e-12 7.575180e-01 9.723041e-01
4.971709e-01 2.411577e-12 7.342150e-01 9.721135e-01
4.971605e-01 2.358170e-12 7.423050e-01 9.722393e-01
4.971677e-01 2.410311e-12 7.288770e-01 9.723793e-01
4.971647e-01 2.398442e-12 7.413800e-01 9.719773e-01
4.971790e-01 2.454091e-12 7.530660e-01 9.718324e-01
4.971649e-01 2.396453e-12 7.282380e-01 9.724384e-01
4.971729e-01 2.411554e-12 7.267250e-01 9.722821e-01
4.971630e-01 2.358310e-12 7.217290e-01 9.719249e-01
4.971581e-01 2.357563e-12 7.393100e-01 9.722212e-01
4.971643e-01 2.361550e-12 7.329910e-01 9.720792e-01
4.971656e-01 2.395396e-12 7.546980e-01 9.720678e-01
4.971642e-01 2.396308e-12 7.411320e-01 9.722164e-01
4.971609e-01 2.364321e-12 7.410270e-01 9.722231e-01
4.971721e-01 2.412762e-12 7.187320e-01 9.725032e-01
4.971606e-01 2.357253e-12 7.433070e-01 9.721964e-01
4.971586e-01 2.353354e-12 7.394960e-01 9.721983e-01
4.971654e-01 2.366098e-12 7.361590e-01 9.722355e-01
4.971681e-01 2.405823e-12 7.413770e-01 9.723860e-01
4.971714e-01 2.395263e-12 7.232100e-01 9.721954e-01
4.971709e-01 2.437224e-12 7.320880e-01 9.720478e-01
4.971613e-01 2.383736e-12 7.342260e-01 9.720354e-01
4.971677e-01 2.400659e-12 7.129470e-01 9.725099e-01
4.971724e-01 2.421951e-12 7.340640e-01 9.720125e-01
4.971634e-01 2.390692e-12 7.283000e-01 9.724756e-01
4.971708e-01 2.394344e-12 7.264940e-01 9.722040e-01
4.971732e-01 2.399913e-12 7.209970e-01 9.722602e-01
4.971663e-01 2.365820e-12 7.435200e-01 9.722421e-01
4.971742e-01 2.434901e-12 7.371300e-01 9.721259e-01
4.971699e-01 2.394307e-12 7.385380e-01 9.723374e-01
4.971733e-01 2.406148e-12 7.388590e-01 9.721964e-01
4.971717e-01 2.405606e-12 7.362520e-01 9.719344e-01
4.971741e-01 2.403023e-12 7.267810e-01 9.722183e-01
4.971666e-01 2.356749e-12 7.207220e-01 9.723812e-01
4.971575e-01 2.348632e-12 7.175360e-01 9.722212e-01
4.971642e-01 2.372916e-12 7.362480e-01 9.721459e-01
4.971682e-01 2.388076e-12 7.201430e-01 9.722879e-01
4.971553e-01 2.327381e-12 7.266530e-01 9.722269e-01
4.971666e-01 2.365898e-12 7.214920e-01 9.721707e-01
4.971685e-01 2.403248e-12 7.288770e-01 9.722583e-01
4.971675e-01 2.378252e-12 7.429160e-01 9.721592e-01
4.971720e-01 2.388084e-12 7.297770e-01 9.723403e-01
4.971703e-01 2.389795e-12 7.147030e-01 9.724984e-01
4.971620e-01 2.386881e-12 7.513940e-01 9.723098e-01
4.971620e-01 2.362840e-12 7.310950e-01 9.721678e-01
4.971653e-01 2.367694e-12 7.317680e-01 9.722698e-01
4.971753e-01 2.445889e-12 7.369770e-01 9.721659e-01
4.971784e-01 2.425331e-12 7.575780e-01 9.719630e-01
4.971675e-01 2.334577e-12 7.936280e-01 9.721669e-01
4.971742e-01 2.389592e-12 8.085900e-01 9.721021e-01
4.971698e-01 2.362293e-12 7.524140e-01 9.723831e-01
4.971680e-01 2.380533e-12 7.590800e-01 9.723279e-01
4.971647e-01 2.349817e-12 7.299940e-01 9.724155e-01
4.971690e-01 2.383369e-12 7.369440e-01 9.723889e-01
4.971706e-01 2.361408e-12 7.467000e-01 9.721792e-01
4.971772e-01 2.422307e-12 7.826350e-01 9.723193e-01
4.971688e-01 2.394010e-12 7.695990e-01 9.721716e-01
4.971681e-01 2.382771e-12 7.744640e-01 9.720268e-01
4.971750e-01 2.405240e-12 7.097030e-01 9.720154e-01
4.971700e-01 2.379299e-12 7.171780e-01 9.722612e-01
4.971650e-01 2.322268e-12 7.111580e-01 9.723574e-01
4.971756e-01 2.414244e-12 7.119250e-01 9.722316e-01
4.971615e-01 2.339676e-12 6.967960e-01 9.724298e-01
4.971788e-01 2.414644e-12 6.870530e-01 9.722850e-01
4.971716e-01 2.372898e-12 6.875270e-01 9.722374e-01
4.971776e-01 2.406315e-12 7.609080e-01 9.722536e-01
4.971745e-01 2.375146e-12 7.815050e-01 9.722469e-01
4.971672e-01 2.337998e-12 7.818020e-01 9.724632e-01
4.971785e-01 2.417335e-12 7.298150e-01 9.724460e-01
4.971705e-01 2.395218e-12 7.853100e-01 9.719296e-01
4.971693e-01 2.376076e-12 7.767200e-01 9.722726e-01
4.971625e-01 2.349568e-12 7.522050e-01 9.722650e-01
4.971679e-01 2.366415e-12 7.280540e-01 9.722002e-01
4.971789e-01 2.403283e-12 7.239280e-01 9.723650e-01
4.971709e-01 2.366459e-12 7.183900e-01 9.722793e-01
4.971719e-01 2.372613e-12 7.151390e-01 9.722564e-01
4.971697e-01 2.360495e-12 7.261320e-01 9.722993e-01
4.971733e-01 2.408932e-12 6.991530e-01 9.721783e-01
4.971657e-01 2.348412e-12 7.734930e-01 9.722069e-01
4.971718e-01 2.369808e-12 7.114100e-01 9.719763e-01
4.971725e-01 2.406771e-12 7.859560e-01 9.726661e-01
4.971773e-01 2.394880e-12 7.265720e-01 9.723098e-01
4.971865e-01 2.441045e-12 7.326470e-01 9.723079e-01
4.971790e-01 2.401255e-12 7.822780e-01 9.723298e-01
4.971679e-01 2.357426e-12 7.368400e-01 9.720211e-01
4.971875e-01 2.429211e-12 7.313540e-01 9.722126e-01
4.971708e-01 2.379223e-12 7.635100e-01 9.723174e-01
4.971755e-01 2.388373e-12 7.575800e-01 9.722678e-01
4.971706e-01 2.389635e-12 7.573810e-01 9.721688e-01
4.971707e-01 2.357776e-12 8.024920e-01 9.719592e-01
4.971650e-01 2.350284e-12 7.911470e-01 9.722259e-01
4.971732e-01 2.395581e-12 7.569640e-01 9.723746e-01
4.971715e-01 2.373462e-12 7.745380e-01 9.721106e-01
4.971796e-01 2.400779e-12 7.644730e-01 9.720725e-01
4.971804e-01 2.399619e-12 7.659390e-01 9.719296e-01
4.971708e-01 2.379032e-12 7.700360e-01 9.724146e-01
4.971752e-01 2.361061e-12 7.384380e-01 9.722888e-01
4.971683e-01 2.361532e-12 7.831370e-01 9.723260e-01
4.971676e-01 2.355473e-12 7.851700e-01 9.723555e-01
4.971607e-01 2.345406e-12 7.270550e-01 9.720659e-01
4.971700e-01 2.361164e-12 7.347930e-01 9.721992e-01
4.971755e-01 2.394053e-12 7.308010e-01 9.721831e-01
4.971694e-01 2.343790e-12 7.235850e-01 9.722993e-01
4.971740e-01 2.394519e-12 7.407600e-01 9.721068e-01
4.971770e-01 2.383684e-12 7.310180e-01 9.719734e-01
4.971711e-01 2.347296e-12 7.443440e-01 9.724708e-01
4.971683e-01 2.361612e-12 7.876150e-01 9.720144e-01
4.971805e-01 2.405728e-12 7.897060e-01 9.720859e-01
4.971793e-01 2.393295e-12 7.860190e-01 9.720287e-01
4.971686e-01 2.339110e-12 7.857580e-01 9.721259e-01
4.971788e-01 2.373704e-12 7.972640e-01 9.720392e-01
4.971688e-01 2.361364e-12 7.917270e-01 9.721659e-01
4.971743e-01 2.387873e-12 7.940500e-01 9.721240e-01
4.971649e-01 2.350153e-12 7.999920e-01 9.720964e-01
4.971757e-01 2.380566e-12 8.037600e-01 9.723050e-01
4.971745e-01 2.348701e-12 7.776640e-01 9.721773e-01
4.971799e-01 2.392195e-12 7.510170e-01 9.723136e-01
4.971800e-01 2.383811e-12 7.289010e-01 9.720773e-01
4.971927e-01 2.472173e-12 7.455340e-01 9.723803e-01
4.971728e-01 2.371656e-12 7.379350e-01 9.720916e-01
4.971675e-01 2.353781e-12 7.439310e-01 9.723984e-01
4.971790e-01 2.407575e-12 7.923690e-01 9.722793e-01
4.971766e-01 2.367688e-12 7.388600e-01 9.720325e-01
4.971781e-01 2.384204e-12 7.832980e-01 9.724070e-01
4.971757e-01 2.352687e-12 7.723470e-01 9.720192e-01
4.971767e-01 2.377394e-12 7.847090e-01 9.723250e-01
4.971734e-01 2.365798e-12 7.351640e-01 9.726594e-01
4.971784e-01 2.403460e-12 7.783770e-01 9.722126e-01
4.971774e-01 2.378049e-12 7.591350e-01 9.721373e-01
4.971790e-01 2.402397e-12 7.847950e-01 9.721449e-01
4.971744e-01 2.390272e-12 7.862220e-01 9.722374e-01
4.971796e-01 2.397391e-12 7.359460e-01 9.722612e-01
4.971814e-01 2.412599e-12 7.352940e-01 9.720849e-01
4.971774e-01 2.356861e-12 7.781600e-01 9.722031e-01
4.971715e-01 2.340868e-12 7.511340e-01 9.722621e-01
4.971739e-01 2.351589e-12 7.269840e-01 9.723784e-01
4.971788e-01 2.380811e-12 7.588010e-01 9.723384e-01
4.971822e-01 2.399309e-12 7.564040e-01 9.723746e-01
4.971754e-01 2.367593e-12 7.851750e-01 9.726261e-01
4.971783e-01 2.393815e-12 7.865770e-01 9.722326e-01
4.971767e-01 2.383137e-12 7.249140e-01 9.720258e-01
4.971813e-01 2.375952e-12 7.806690e-01 9.722698e-01
4.971760e-01 2.391879e-12 7.830900e-01 9.723707e-01
4.971736e-01 2.361682e-12 7.366660e-01 9.720201e-01
4.971767e-01 2.402228e-12 7.452340e-01 9.723307e-01
4.971690e-01 2.344749e-12 8.139070e-01 9.721916e-01
4.971833e-01 2.405240e-12 7.472680e-01 9.723250e-01
4.971761e-01 2.352266e-12 7.343980e-01 9.721754e-01
4.971751e-01 2.370804e-12 7.457110e-01 9.717476e-01
4.971736e-01 2.351586e-12 7.793300e-01 9.720744e-01
4.971736e-01 2.358804e-12 7.700800e-01 9.719477e-01
4.971776e-01 2.394926e-12 7.737890e-01 9.722917e-01
4.971765e-01 2.374277e-12 8.789990e-01 9.720049e-01
4.971725e-01 2.358215e-12 8.042980e-01 9.722316e-01
4.971859e-01 2.414482e-12 7.171910e-01 9.719068e-01
4.971775e-01 2.363465e-12 7.515740e-01 9.722583e-01
4.971815e-01 2.380759e-12 7.463860e-01 9.721240e-01
4.971720e-01 2.343706e-12 7.430400e-01 9.721688e-01
4.971724e-01 2.357538e-12 7.737740e-01 9.723241e-01
4.971741e-01 2.347540e-12 7.693980e-01 9.721468e-01
4.971740e-01 2.350298e-12 7.354600e-01 9.723565e-01
4.971763e-01 2.365581e-12 7.486070e-01 9.722221e-01
4.971837e-01 2.409220e-12 7.763780e-01 9.721669e-01
4.971770e-01 2.375994e-12 7.159450e-01 9.721697e-01
4.971675e-01 2.328721e-12 7.238480e-01 9.721068e-01
4.971756e-01 2.355689e-12 7.392930e-01 9.721240e-01
4.971851e-01 2.408579e-12 7.480340e-01 9.723098e-01
4.971721e-01 2.342107e-12 7.640680e-01 9.721240e-01
4.971818e-01 2.373710e-12 7.482330e-01 9.721526e-01
4.971787e-01 2.362493e-12 7.113980e-01 9.721888e-01
4.971798e-01 2.370916e-12 7.423010e-01 9.722269e-01
4.971742e-01 2.353788e-12 7.904940e-01 9.725813e-01
4.971794e-01 2.400599e-12 7.669610e-01 9.721916e-01
4.971758e-01 2.343172e-12 7.430250e-01 9.720020e-01
4.971727e-01 2.355617e-12 7.341800e-01 9.723555e-01
4.971788e-01 2.364933e-12 7.553740e-01 9.721888e-01
4.971782e-01 2.373541e-12 7.292770e-01 9.720763e-01
4.971819e-01 2.381800e-12 7.460330e-01 9.721373e-01
4.971748e-01 2.367063e-12 7.514120e-01 9.723822e-01
4.971836e-01 2.402845e-12 7.379280e-01 9.723050e-01
4.971873e-01 2.379715e-12 7.331340e-01 9.725213e-01
4.971784e-01 2.361431e-12 7.381170e-01 9.721516e-01
4.971814e-01 2.379025e-12 7.190970e-01 9.720087e-01
4.971815e-01 2.387556e-12 7.338380e-01 9.721125e-01
4.971814e-01 2.405642e-12 7.024840e-01 9.720592e-01
4.971795e-01 2.365014e-12 7.526960e-01 9.723917e-01
4.971820e-01 2.406876e-12 7.434630e-01 9.722259e-01
4.971793e-01 2.377122e-12 7.171120e-01 9.723193e-01
4.971804e-01 2.367661e-12 7.409320e-01 9.720201e-01
4.971757e-01 2.348824e-12 7.464810e-01 9.722659e-01
4.971823e-01 2.388702e-12 7.522000e-01 9.719534e-01
4.971806e-01 2.359703e-12 7.232140e-01 9.721335e-01
4.971793e-01 2.350711e-12 7.382220e-01 9.721669e-01
4.971766e-01 2.375454e-12 7.176590e-01 9.722231e-01
4.971776e-01 2.345000e-12 7.586960e-01 9.723041e-01
4.971869e-01 2.410871e-12 7.310670e-01 9.723441e-01
4.971747e-01 2.331740e-12 7.656370e-01 9.721907e-01
4.971756e-01 2.339996e-12 7.215720e-01 9.724708e-01
4.971818e-01 2.382906e-12 7.217920e-01 9.723498e-01
4.971855e-01 2.390047e-12 7.289470e-01 9.723584e-01
4.971763e-01 2.355473e-12 7.318950e-01 9.723765e-01
4.971734e-01 2.335503e-12 7.199950e-01 9.723288e-01
4.971890e-01 2.391719e-12 7.108410e-01 9.721964e-01
4.971795e-01 2.371469e-12 6.984070e-01 9.722316e-01
4.971821e-01 2.389982e-12 7.321180e-01 9.721183e-01
4.971841e-01 2.376077e-12 7.386680e-01 9.719611e-01
4.971767e-01 2.335930e-12 7.572730e-01 9.723117e-01
4.971818e-01 2.345378e-12 7.387110e-01 9.723021e-01
4.971882e-01 2.390114e-12 7.281840e-01 9.724546e-01
4.971878e-01 2.401722e-12 7.102050e-01 9.724270e-01
4.971749e-01 2.338848e-12 7.327170e-01 9.721011e-01
4.971876e-01 2.417581e-12 6.976350e-01 9.724270e-01
4.971749e-01 2.335040e-12 7.353120e-01 9.723107e-01
4.971907e-01 2.381783e-12 7.353300e-01 9.720173e-01
4.971695e-01 2.319568e-12 7.717110e-01 9.724898e-01
4.971810e-01 2.380861e-12 7.527980e-01 9.723736e-01
4.971778e-01 2.379567e-12 7.400640e-01 9.720973e-01
4.971834e-01 2.373610e-12 7.524910e-01 9.722536e-01
4.971806e-01 2.363612e-12 7.427660e-01 9.722078e-01
4.971815e-01 2.378398e-12 7.503780e-01 9.722517e-01
4.971743e-01 2.325119e-12 7.698650e-01 9.723060e-01
4.971832e-01 2.398286e-12 7.740590e-01 9.723765e-01
4.971714e-01 2.317375e-12 7.433280e-01 9.721878e-01
4.971799e-01 2.354515e-12 7.274360e-01 9.721859e-01
4.971797e-01 2.381789e-12 7.753830e-01 9.720535e-01
4.971796e-01 2.343789e-12 7.581320e-01 9.722974e-01
4.971804e-01 2.328778e-12 7.229620e-01 9.724260e-01
4.971840e-01 2.368600e-12 7.219370e-01 9.721621e-01
4.971754e-01 2.324086e-12 7.421500e-01 9.722517e-01
4.971818e-01 2.339291e-12 7.493030e-01 9.721888e-01
4.971814e-01 2.368887e-12 7.278750e-01 9.723441e-01
4.971864e-01 2.397396e-12 7.528160e-01 9.721268e-01
4.971872e-01 2.397252e-12 7.260280e-01 9.720859e-01
4.971833e-01 2.407968e-12 7.864190e-01 9.723850e-01
4.971788e-01 2.338401e-12 7.398500e-01 9.722402e-01
4.971855e-01 2.404689e-12 7.424860e-01 9.721430e-01
4.971894e-01 2.404459e-12 7.373860e-01 9.721268e-01
4.971791e-01 2.355549e-12 7.672550e-01 9.722421e-01
4.971855e-01 2.388664e-12 7.158200e-01 9.721783e-01
4.971900e-01 2.361831e-12 7.316650e-01 9.721183e-01
4.971894e-01 2.380822e-12 7.482580e-01 9.722555e-01
4.971783e-01 2.351778e-12 7.440330e-01 9.721011e-01
4.971785e-01 2.332853e-12 7.390040e-01 9.721497e-01
4.971841e-01 2.377341e-12 7.381790e-01 9.720430e-01
4.971791e-01 2.337556e-12 7.689690e-01 9.721373e-01
4.971820e-01 2.324678e-12 7.200680e-01 9.723345e-01
4.971836e-01 2.363179e-12 7.207530e-01 9.723317e-01
4.971807e-01 2.363613e-12 7.310170e-01 9.723993e-01
4.971858e-01 2.355081e-12 7.823850e-01 9.723260e-01
4.971925e-01 2.407281e-12 7.154780e-01 9.722888e-01
4.971775e-01 2.347246e-12 7.439770e-01 9.722288e-01
4.971777e-01 2.337621e-12 7.585270e-01 9.722012e-01
4.971912e-01 2.384618e-12 7.815230e-01 9.723403e-01
4.971826e-01 2.371068e-12 7.510350e-01 9.721135e-01
4.971822e-01 2.353194e-12 7.312780e-01 9.726499e-01
4.971830e-01 2.359883e-12 7.766670e-01 9.723441e-01
4.971822e-01 2.358115e-12 7.764900e-01 9.722574e-01
4.971857e-01 2.356743e-12 7.484810e-01 9.722183e-01
4.971789e-01 2.333572e-12 7.326060e-01 9.718772e-01
4.971849e-01 2.366065e-12 7.722310e-01 9.726147e-01
4.971871e-01 2.359219e-12 7.436390e-01 9.723746e-01
4.971839e-01 2.362184e-12 7.505950e-01 9.721916e-01
4.971901e-01 2.374205e-12 7.704750e-01 9.722250e-01
4.971827e-01 2.369391e-12 7.235190e-01 9.722164e-01
4.971875e-01 2.372097e-12 7.236250e-01 9.721745e-01
4.971788e-01 2.362433e-12 7.203560e-01 9.722050e-01
4.971872e-01 2.396111e-12 7.225840e-01 9.722469e-01
4.971768e-01 2.327496e-12 7.502220e-01 9.720011e-01
4.971805e-01 2.334390e-12 7.439580e-01 9.719706e-01
4.971899e-01 2.404106e-12 7.574830e-01 9.725413e-01
4.971836e-01 2.340210e-12 7.535930e-01 9.721964e-01
4.971765e-01 2.337417e-12 7.208290e-01 9.720420e-01
4.971857e-01 2.373077e-12 7.161580e-01 9.720506e-01
4.971777e-01 2.322118e-12 7.195770e-01 9.722116e-01
4.971953e-01 2.402873e-12 7.473260e-01 9.721802e-01
4.971831e-01 2.332644e-12 7.386290e-01 9.720192e-01
4.971855e-01 2.371638e-12 7.643490e-01 9.722250e-01
4.971833e-01 2.375505e-12 7.583350e-01 9.717705e-01
4.971817e-01 2.341505e-12 7.338240e-01 9.723517e-01
4.971794e-01 2.354424e-12 7.628900e-01 9.723260e-01
4.971863e-01 2.364746e-12 7.250080e-01 9.720049e-01
4.971858e-01 2.367095e-12 7.230690e-01 9.722764e-01
4.971873e-01 2.382440e-12 7.266690e-01 9.723450e-01
4.971768e-01 2.316755e-12 7.339110e-01 9.720392e-01
4.971819e-01 2.329555e-12 6.987630e-01 9.722069e-01
4.971874e-01 2.388892e-12 7.099690e-01 9.718915e-01
4.971835e-01 2.346694e-12 7.242740e-01 9.721802e-01
4.971844e-01 2.354744e-12 7.627150e-01 9.724355e-01
4.971903e-01 2.378651e-12 7.503460e-01 9.722221e-01
4.971828e-01 2.340687e-12 7.217430e-01 9.723488e-01
4.971836e-01 2.340432e-12 7.419630e-01 9.723155e-01
4.971877e-01 2.367457e-12 7.590150e-01 9.721821e-01
4.971872e-01 2.377395e-12 7.502530e-01 9.721888e-01
4.971834e-01 2.368135e-12 7.719450e-01 9.720649e-01
4.971863e-01 2.354217e-12 7.460950e-01 9.722097e-01
4.971890e-01 2.381068e-12 7.264690e-01 9.721230e-01
4.971868e-01 2.362637e-12 7.501050e-01 9.722002e-01
4.971830e-01 2.341495e-12 7.623250e-01 9.719582e-01
4.971935e-01 2.391857e-12 7.282730e-01 9.721106e-01
4.971816e-01 2.336092e-12 7.483050e-01 9.720306e-01
4.971857e-01 2.364796e-12 7.449730e-01 9.719601e-01
4.971815e-01 2.339391e-12 7.606700e-01 9.723536e-01
4.971854e-01 2.360086e-12 7.458350e-01 9.720725e-01
4.971887e-01 2.355927e-12 7.895790e-01 9.720878e-01
4.971972e-01 2.409959e-12 7.625250e-01 9.722412e-01
4.971902e-01 2.353467e-12 7.547040e-01 9.721116e-01
4.971824e-01 2.339241e-12 7.293200e-01 9.722869e-01
4.971866e-01 2.343991e-12 6.825870e-01 9.723517e-01
4.971856e-01 2.356333e-12 6.829730e-01 9.725756e-01
4.971918e-01 2.376004e-12 7.426730e-01 9.720506e-01
4.971814e-01 2.323905e-12 7.232870e-01 9.721573e-01
4.971864e-01 2.362762e-12 7.399830e-01 9.721383e-01
4.971869e-01 2.349731e-12 6.847610e-01 9.722212e-01
4.971880e-01 2.386792e-12 6.462780e-01 9.723250e-01
4.971896e-01 2.372484e-12 6.646650e-01 9.719430e-01
4.971814e-01 2.324130e-12 6.806480e-01 9.724803e-01
4.971878e-01 2.346974e-12 6.743580e-01 9.721354e-01
4.971853e-01 2.365487e-12 6.839950e-01 9.723908e-01
4.971805e-01 2.314584e-12 7.767950e-01 9.721287e-01
4.971823e-01 2.333196e-12 6.971770e-01 9.721507e-01
4.971958e-01 2.385382e-12 6.507440e-01 9.723222e-01
4.971902e-01 2.380155e-12 7.104270e-01 9.721297e-01
4.971903e-01 2.374742e-12 7.180260e-01 9.723698e-01
4.971886e-01 2.351161e-12 7.143330e-01 9.721545e-01
4.971892e-01 2.359457e-12 7.141560e-01 9.720001e-01
4.971903e-01 2.337643e-12 7.392730e-01 9.721916e-01
4.971894e-01 2.359842e-12 7.167290e-01 9.721240e-01
4.971816e-01 2.319898e-12 7.385930e-01 9.720325e-01
4.971876e-01 2.341267e-12 7.221130e-01 9.722297e-01
4.971898e-01 2.347282e-12 7.241580e-01 9.721554e-01
4.971945e-01 2.388434e-12 7.434470e-01 9.722231e-01
4.971943e-01 2.356364e-12 7.435480e-01 9.725394e-01
4.971890e-01 2.357455e-12 7.349790e-01 9.722402e-01
4.971924e-01 2.391471e-12 6.906050e-01 9.721831e-01
4.971850e-01 2.359218e-12 7.279890e-01 9.719201e-01
4.971936e-01 2.358813e-12 7.670380e-01 9.719229e-01
4.971853e-01 2.348743e-12 7.085250e-01 9.722297e-01
4.971913e-01 2.364638e-12 7.339190e-01 9.723012e-01
4.971930e-01 2.357687e-12 6.969990e-01 9.720944e-01
4.971937e-01 2.369404e-12 7.083070e-01 9.721087e-01
4.971876e-01 2.311187e-12 7.348830e-01 9.721259e-01
4.971956e-01 2.381394e-12 7.284940e-01 9.722174e-01
4.971934e-01 2.397288e-12 6.971440e-01 9.725432e-01
4.971966e-01 2.379878e-12 7.069840e-01 9.720630e-01
4.971963e-01 2.381073e-12 6.922970e-01 9.721935e-01
4.971820e-01 2.332543e-12 7.509050e-01 9.721173e-01
4.971997e-01 2.369799e-12 7.051760e-01 9.721773e-01
4.971954e-01 2.367678e-12 6.937040e-01 9.722812e-01
4.971918e-01 2.359560e-12 6.865320e-01 9.720278e-01
4.971880e-01 2.323593e-12 7.271230e-01 9.722678e-01
4.971879e-01 2.337215e-12 7.046470e-01 9.725346e-01
4.971934e-01 2.377978e-12 6.981970e-01 9.723222e-01
4.971928e-01 2.347195e-12 7.466030e-01 9.721411e-01
4.971945e-01 2.384348e-12 7.560620e-01 9.721202e-01
4.971813e-01 2.315074e-12 7.388460e-01 9.723555e-01
4.971864e-01 2.325917e-12 6.872870e-01 9.721116e-01
4.971827e-01 2.337295e-12 7.171820e-01 9.720697e-01
4.971868e-01 2.331001e-12 6.748140e-01 9.721335e-01
4.971936e-01 2.352556e-12 7.124840e-01 9.724155e-01
4.971928e-01 2.361378e-12 7.085240e-01 9.721792e-01
4.971882e-01 2.339634e-12 7.095590e-01 9.718886e-01
4.971892e-01 2.344811e-12 6.816590e-01 9.722488e-01
4.971961e-01 2.379374e-12 7.521190e-01 9.723469e-01
4.971991e-01 2.372777e-12 6.949270e-01 9.721745e-01
4.972076e-01 2.420906e-12 7.241550e-01 9.722069e-01
4.971916e-01 2.352600e-12 7.449160e-01 9.723460e-01
4.971930e-01 2.364307e-12 7.803270e-01 9.724565e-01
4.971931e-01 2.334924e-12 7.738170e-01 9.721430e-01
4.971887e-01 2.322436e-12 6.886130e-01 9.722383e-01
4.971929e-01 2.377233e-12 7.231780e-01 9.721735e-01
4.971889e-01 2.318673e-12 7.448590e-01 9.721087e-01
4.971834e-01 2.336611e-12 7.275400e-01 9.722640e-01
4.972004e-01 2.403674e-12 7.754270e-01 9.720096e-01
4.971925e-01 2.356122e-12 6.872370e-01 9.721097e-01
4.971910e-01 2.344938e-12 6.515260e-01 9.722469e-01
4.971837e-01 2.308546e-12 6.524480e-01 9.721125e-01
4.971940e-01 2.386977e-12 6.864120e-01 9.722507e-01
4.971831e-01 2.302716e-12 7.127160e-01 9.721535e-01
4.971934e-01 2.348478e-12 7.457300e-01 9.721602e-01
4.971953e-01 2.355704e-12 7.385480e-01 9.722840e-01
4.971949e-01 2.365422e-12 7.063350e-01 9.722240e-01
4.971926e-01 2.339187e-12 7.485350e-01 9.721678e-01
4.972014e-01 2.405894e-12 7.261090e-01 9.723422e-01
4.971974e-01 2.370632e-12 7.017700e-01 9.722069e-01
4.971931e-01 2.331812e-12 7.545170e-01 9.720020e-01
4.971827e-01 2.344305e-12 7.319430e-01 9.725060e-01
4.971854e-01 2.341573e-12 7.240830e-01 9.721878e-01
4.971963e-01 2.377064e-12 7.362730e-01 9.721935e-01
4.971908e-01 2.376932e-12 7.366140e-01 9.722278e-01
4.971950e-01 2.377738e-12 7.238670e-01 9.721792e-01
4.971938e-01 2.359007e-12 7.589750e-01 9.721383e-01
4.971882e-01 2.351790e-12 7.133090e-01 9.720821e-01
4.971972e-01 2.381605e-12 7.228170e-01 9.722659e-01
4.971982e-01 2.384494e-12 7.353930e-01 9.720554e-01
4.971926e-01 2.341494e-12 6.871720e-01 9.720030e-01
4.971929e-01 2.354586e-12 7.323380e-01 9.719639e-01
4.971942e-01 2.325723e-12 7.225950e-01 9.723784e-01
4.971874e-01 2.334306e-12 7.412110e-01 9.721535e-01
4.971816e-01 2.302092e-12 7.022830e-01 9.724908e-01
4.971886e-01 2.321662e-12 6.800650e-01 9.722602e-01
4.971928e-01 2.337188e-12 7.243120e-01 9.722564e-01
4.971829e-01 2.306311e-12 6.978960e-01 9.725985e-01
4.971936e-01 2.349318e-12 7.061640e-01 9.722231e-01
4.972004e-01 2.369574e-12 7.520720e-01 9.723241e-01
4.971938e-01 2.364555e-12 6.817580e-01 9.721859e-01
4.971843e-01 2.312789e-12 7.640150e-01 9.721859e-01
4.971985e-01 2.397259e-12 7.350240e-01 9.722212e-01
4.971822e-01 2.308437e-12 7.920180e-01 9.722707e-01
4.971865e-01 2.327384e-12 6.799510e-01 9.725594e-01
4.971948e-01 2.365732e-12 6.698190e-01 9.723755e-01
4.971903e-01 2.357268e-12 6.469300e-01 9.721078e-01
4.971923e-01 2.345276e-12 6.506680e-01 9.720802e-01
4.971911e-01 2.348518e-12 6.580150e-01 9.721068e-01
4.972000e-01 2.365051e-12 6.468830e-01 9.723298e-01
4.971888e-01 2.319147e-12 6.748210e-01 9.721106e-01
4.971962e-01 2.345127e-12 7.587700e-01 9.719706e-01
4.971917e-01 2.335058e-12 7.184790e-01 9.720011e-01
4.971977e-01 2.359321e-12 7.331670e-01 9.722059e-01
4.971927e-01 2.339193e-12 7.047600e-01 9.721907e-01
4.971954e-01 2.327243e-12 6.993380e-01 9.723374e-01
4.971921e-01 2.343331e-12 6.989550e-01 9.722307e-01
4.971936e-01 2.349199e-12 7.240330e-01 9.721907e-01
4.972047e-01 2.392417e-12 7.713590e-01 9.719782e-01
4.971949e-01 2.342039e-12 7.267940e-01 9.722450e-01
4.971963e-01 2.352679e-12 7.131770e-01 9.722926e-01
4.971951e-01 2.348396e-12 7.338540e-01 9.725022e-01
4.971960e-01 2.351064e-12 7.068600e-01 9.718591e-01
4.971983e-01 2.373325e-12 7.223840e-01 9.724146e-01
4.971972e-01 2.328500e-12 6.997730e-01 9.719715e-01
4.971928e-01 2.330128e-12 7.515060e-01 9.717648e-01
4.971965e-01 2.357142e-12 7.353360e-01 9.724212e-01
4.972034e-01 2.364903e-12 7.320060e-01 9.721259e-01
4.971961e-01 2.355290e-12 7.295860e-01 9.722802e-01
4.971921e-01 2.348235e-12 7.135610e-01 9.721792e-01
4.971912e-01 2.331252e-12 7.062700e-01 9.722355e-01
4.971922e-01 2.329472e-12 7.299610e-01 9.720268e-01
4.971997e-01 2.375822e-12 6.925450e-01 9.720725e-01
4.972019e-01 2.375984e-12 6.607780e-01 9.720411e-01
4.971908e-01 2.330719e-12 6.707630e-01 9.721097e-01
4.971930e-01 2.325131e-12 7.120690e-01 9.722821e-01
4.972004e-01 2.370807e-12 7.592490e-01 9.722793e-01
4.971904e-01 2.326334e-12 7.162750e-01 9.723088e-01
4.971955e-01 2.342255e-12 7.486160e-01 9.723164e-01
4.971889e-01 2.321506e-12 7.151310e-01 9.723793e-01
4.971919e-01 2.344884e-12 7.011860e-01 9.720821e-01
4.971911e-01 2.281587e-12 7.301480e-01 9.722297e-01
4.971951e-01 2.331375e-12 7.122000e-01 9.720544e-01
4.971934e-01 2.318771e-12 7.270020e-01 9.724775e-01
4.971890e-01 2.338085e-12 6.847790e-01 9.723317e-01
4.971988e-01 2.375161e-12 7.464620e-01 9.722983e-01
4.972038e-01 2.369345e-12 7.074720e-01 9.721164e-01
4.971921e-01 2.311704e-12 7.361060e-01 9.717219e-01
4.971987e-01 2.368620e-12 7.712310e-01 9.722126e-01
4.971951e-01 2.360914e-12 7.511550e-01 9.724165e-01
4.971959e-01 2.356342e-12 7.549190e-01 9.722469e-01
4.971885e-01 2.311840e-12 7.041050e-01 9.725861e-01
4.971915e-01 2.328439e-12 7.124600e-01 9.721954e-01
4.971952e-01 2.330460e-12 7.296490e-01 9.721716e-01
4.971986e-01 2.373674e-12 7.309100e-01 9.722707e-01
4.971886e-01 2.326786e-12 7.183230e-01 9.721802e-01
4.972033e-01 2.360370e-12 7.712930e-01 9.718667e-01
4.972040e-01 2.362543e-12 7.044150e-01 9.720601e-01
4.971936e-01 2.346763e-12 7.330180e-01 9.720563e-01
4.971918e-01 2.343825e-12 7.381720e-01 9.723384e-01
4.971973e-01 2.357255e-12 7.542430e-01 9.719125e-01
4.971984e-01 2.360069e-12 7.300750e-01 9.723593e-01
4.971877e-01 2.301092e-12 7.417180e-01 9.722526e-01
4.971996e-01 2.342697e-12 7.684160e-01 9.724984e-01
4.971950e-01 2.317886e-12 7.120680e-01 9.722593e-01
4.972008e-01 2.338934e-12 7.479130e-01 9.720001e-01
4.971966e-01 2.347442e-12 7.352930e-01 9.723641e-01
4.971986e-01 2.363618e-12 8.203530e-01 9.721173e-01
4.971990e-01 2.359232e-12 8.509720e-01 9.724089e-01
4.972003e-01 2.360936e-12 8.324040e-01 9.721716e-01
4.971937e-01 2.351045e-12 7.307790e-01 9.720935e-01
4.971964e-01 2.367654e-12 7.766800e-01 9.720925e-01
4.971985e-01 2.353233e-12 8.233970e-01 9.724794e-01
4.972008e-01 2.345608e-12 8.009170e-01 9.720964e-01
4.971931e-01 2.314765e-12 7.913680e-01 9.720077e-01
4.971970e-01 2.325268e-12 7.554890e-01 9.724098e-01
4.972034e-01 2.365411e-12 8.382250e-01 9.723260e-01
4.972060e-01 2.378897e-12 7.772550e-01 9.721659e-01
4.971891e-01 2.295588e-12 7.845330e-01 9.722650e-01
4.971984e-01 2.350039e-12 7.970190e-01 9.721068e-01
4.972041e-01 2.364402e-12 7.479330e-01 9.720840e-01
4.971911e-01 2.296996e-12 7.502570e-01 9.724784e-01
4.971991e-01 2.347599e-12 7.839720e-01 9.723155e-01
4.971929e-01 2.325274e-12 7.463160e-01 9.724679e-01
4.972039e-01 2.365542e-12 7.618270e-01 9.721164e-01
4.971998e-01 2.336795e-12 7.908580e-01 9.724003e-01
4.971953e-01 2.313309e-12 7.918410e-01 9.722574e-01
4.971953e-01 2.334277e-12 7.420020e-01 9.722497e-01
4.971983e-01 2.323448e-12 7.412790e-01 9.720925e-01
4.972036e-01 2.353767e-12 7.537060e-01 9.719668e-01
4.971973e-01 2.326904e-12 7.699810e-01 9.724784e-01
4.971983e-01 2.346989e-12 7.320420e-01 9.720287e-01
4.972031e-01 2.372892e-12 7.293480e-01 9.724498e-01
4.972013e-01 2.352686e-12 7.355700e-01 9.721545e-01
4.971998e-01 2.351644e-12 7.346070e-01 9.720535e-01
4.971911e-01 2.299216e-12 7.642290e-01 9.720983e-01
4.972064e-01 2.375286e-12 7.211780e-01 9.721040e-01
4.971960e-01 2.301028e-12 7.363230e-01 9.724327e-01
4.972007e-01 2.335618e-12 7.623120e-01 9.725222e-01
4.972019e-01 2.358625e-12 7.291320e-01 9.720068e-01
4.971977e-01 2.335750e-12 7.289190e-01 9.722764e-01
4.972089e-01 2.393843e-12 7.450480e-01 9.723679e-01
4.971950e-01 2.324004e-12 7.305660e-01 9.724041e-01
4.971919e-01 2.314811e-12 7.293570e-01 9.723727e-01
4.971951e-01 2.319175e-12 7.339780e-01 9.723231e-01
4.971946e-01 2.307771e-12 7.334150e-01 9.721821e-01
4.972081e-01 2.387045e-12 7.395140e-01 9.719172e-01
4.972004e-01 2.334136e-12 7.308370e-01 9.724260e-01
4.971974e-01 2.331538e-12 7.317950e-01 9.721268e-01
4.971975e-01 2.336745e-12 7.313660e-01 9.723164e-01
4.971961e-01 2.314095e-12 7.390150e-01 9.719315e-01
4.971969e-01 2.300116e-12 7.427100e-01 9.723688e-01
4.972072e-01 2.394069e-12 7.193290e-01 9.720868e-01
4.972025e-01 2.348302e-12 7.315090e-01 9.722345e-01
4.972010e-01 2.334439e-12 7.403420e-01 9.722116e-01
4.972117e-01 2.359752e-12 7.314500e-01 9.722107e-01
4.972033e-01 2.339178e-12 7.468060e-01 9.721287e-01
4.971929e-01 2.317978e-12 7.350360e-01 9.721421e-01
4.972000e-01 2.354374e-12 7.495910e-01 9.720192e-01
4.972018e-01 2.322756e-12 7.229920e-01 9.725699e-01
4.972054e-01 2.368753e-12 7.407480e-01 9.721268e-01
4.971993e-01 2.323069e-12 7.302120e-01 9.722898e-01
4.971985e-01 2.321112e-12 7.323480e-01 9.720487e-01
4.971947e-01 2.320353e-12 7.412830e-01 9.721583e-01
4.972064e-01 2.351663e-12 7.374640e-01 9.720868e-01
4.971956e-01 2.326268e-12 7.396920e-01 9.719954e-01
4.971968e-01 2.323751e-12 7.472070e-01 9.721421e-01
4.971992e-01 2.325214e-12 7.402080e-01 9.720773e-01
4.972059e-01 2.349732e-12 7.367070e-01 9.724184e-01
4.971987e-01 2.337445e-12 7.267390e-01 9.721907e-01
4.971919e-01 2.307640e-12 7.299110e-01 9.722974e-01
4.971970e-01 2.323934e-12 7.801170e-01 9.722116e-01
4.972051e-01 2.346694e-12 7.621360e-01 9.725289e-01
4.971952e-01 2.334732e-12 7.383190e-01 9.723526e-01
4.971958e-01 2.337358e-12 7.438250e-01 9.721068e-01
4.971953e-01 2.326161e-12 7.631050e-01 9.722174e-01
4.972012e-01 2.330225e-12 7.281290e-01 9.723222e-01
4.971990e-01 2.307980e-12 7.148530e-01 9.720735e-01
4.972039e-01 2.344617e-12 7.312520e-01 9.721125e-01
4.972091e-01 2.359779e-12 7.109390e-01 9.723374e-01
4.972056e-01 2.370391e-12 7.465520e-01 9.722174e-01
4.971986e-01 2.329393e-12 7.667390e-01 9.722345e-01
4.971998e-01 2.326288e-12 8.004130e-01 9.723098e-01
4.972061e-01 2.336046e-12 8.491200e-01 9.720773e-01
4.972094e-01 2.359314e-12 7.304640e-01 9.723488e-01
4.972028e-01 2.334703e-12 7.324790e-01 9.722050e-01
4.972039e-01 2.343917e-12 7.702960e-01 9.721678e-01
4.972002e-01 2.327982e-12 7.376570e-01 9.721592e-01
4.972108e-01 2.375565e-12 7.282570e-01 9.722059e-01
4.972029e-01 2.333262e-12 7.387220e-01 9.720697e-01
4.972005e-01 2.331690e-12 7.239730e-01 9.720754e-01
4.971958e-01 2.282489e-12 7.828150e-01 9.723069e-01
4.972046e-01 2.340717e-12 8.074770e-01 9.721078e-01
4.971952e-01 2.302301e-12 7.873780e-01 9.719544e-01
4.971958e-01 2.296236e-12 7.284320e-01 9.723565e-01
4.972040e-01 2.374737e-12 7.502600e-01 9.725985e-01
4.971941e-01 2.285407e-12 7.436310e-01 9.720754e-01
4.972021e-01 2.316193e-12 7.281090e-01 9.719287e-01
4.972062e-01 2.359084e-12 7.402840e-01 9.723679e-01
4.972030e-01 2.327621e-12 8.010650e-01 9.724898e-01
4.972027e-01 2.321418e-12 7.526120e-01 9.725165e-01
4.971948e-01 2.310381e-12 7.718410e-01 9.723469e-01
4.971996e-01 2.318990e-12 7.428820e-01 9.720640e-01
4.972089e-01 2.388846e-12 7.925160e-01 9.723774e-01
4.972011e-01 2.342808e-12 7.163870e-01 9.720573e-01
4.971997e-01 2.321783e-12 7.477640e-01 9.722774e-01
4.971967e-01 2.317922e-12 7.938000e-01 9.723688e-01
4.971995e-01 2.315950e-12 7.318210e-01 9.725623e-01
4.972088e-01 2.352380e-12 7.313650e-01 9.721964e-01
4.972083e-01 2.355380e-12 7.645570e-01 9.722078e-01
4.972062e-01 2.373489e-12 7.613680e-01 9.721907e-01
4.971990e-01 2.324309e-12 7.293420e-01 9.723393e-01
4.971968e-01 2.299402e-12 7.428690e-01 9.723174e-01
4.972033e-01 2.343626e-12 8.341300e-01 9.723631e-01
4.972134e-01 2.354911e-12 7.797910e-01 9.719820e-01
4.972022e-01 2.311207e-12 7.998720e-01 9.719801e-01
4.971948e-01 2.323784e-12 7.781370e-01 9.722755e-01
4.972041e-01 2.329583e-12 7.253440e-01 9.722764e-01
4.972004e-01 2.324245e-12 7.324030e-01 9.721916e-01
4.972022e-01 2.330740e-12 7.517220e-01 9.721630e-01
4.972090e-01 2.344071e-12 7.378560e-01 9.720449e-01
4.972076e-01 2.342562e-12 7.855410e-01 9.719830e-01
4.972090e-01 2.352976e-12 8.066860e-01 9.722517e-01
4.972073e-01 2.358124e-12 7.504180e-01 9.722021e-01
4.972107e-01 2.371735e-12 7.414630e-01 9.722888e-01
4.972037e-01 2.331097e-12 8.750600e-01 9.721926e-01
4.972106e-01 2.362403e-12 8.027650e-01 9.722888e-01
4.972131e-01 2.385067e-12 7.914000e-01 9.723364e-01
4.972057e-01 2.339660e-12 7.943890e-01 9.721011e-01
4.972018e-01 2.314561e-12 7.266240e-01 9.721326e-01
4.972006e-01 2.307536e-12 7.530260e-01 9.723098e-01
4.972064e-01 2.342436e-12 7.392630e-01 9.721021e-01
4.972025e-01 2.323702e-12 7.717450e-01 9.720468e-01
4.971957e-01 2.315662e-12 7.177630e-01 9.722688e-01
4.971989e-01 2.282936e-12 7.041630e-01 9.723117e-01
4.971940e-01 2.279698e-12 7.383150e-01 9.721507e-01
4.972038e-01 2.326110e-12 7.439790e-01 9.722145e-01
4.972111e-01 2.367017e-12 7.475570e-01 9.724203e-01
4.972019e-01 2.302972e-12 7.156540e-01 9.723860e-01
4.971991e-01 2.306389e-12 7.430120e-01 9.721526e-01
4.972039e-01 2.317636e-12 8.653280e-01 9.721554e-01
4.971994e-01 2.301032e-12 7.506110e-01 9.722955e-01
4.972000e-01 2.308519e-12 6.990990e-01 9.720611e-01
4.972004e-01 2.308179e-12 7.384390e-01 9.723422e-01
4.972088e-01 2.348209e-12 7.648240e-01 9.721650e-01
4.972012e-01 2.345470e-12 7.093220e-01 9.722183e-01
4.972031e-01 2.299482e-12 7.420860e-01 9.718686e-01
4.972003e-01 2.312570e-12 7.474970e-01 9.720735e-01
4.972123e-01 2.352860e-12 7.247710e-01 9.721630e-01
4.972084e-01 2.328036e-12 7.571100e-01 9.723803e-01
4.972046e-01 2.329755e-12 7.276740e-01 9.722593e-01
4.972000e-01 2.323561e-12 7.211600e-01 9.721078e-01
4.972009e-01 2.296447e-12 7.304020e-01 9.723593e-01
4.972111e-01 2.356459e-12 7.772040e-01 9.722879e-01
4.971972e-01 2.279960e-12 7.554070e-01 9.720802e-01
4.972095e-01 2.373688e-12 7.470830e-01 9.722545e-01
4.971955e-01 2.305430e-12 7.082540e-01 9.723469e-01
4.972095e-01 2.360160e-12 7.387520e-01 9.721869e-01
4.972048e-01 2.355997e-12 7.575530e-01 9.724879e-01
4.972135e-01 2.353146e-12 7.426970e-01 9.721078e-01
4.972106e-01 2.339709e-12 7.552790e-01 9.720211e-01
4.972019e-01 2.315213e-12 7.287680e-01 9.724289e-01
4.971942e-01 2.274518e-12 7.443670e-01 9.722650e-01
4.972066e-01 2.340878e-12 7.136500e-01 9.721716e-01
4.972067e-01 2.350933e-12 7.836750e-01 9.721859e-01
4.972109e-01 2.335743e-12 8.664450e-01 9.719306e-01
4.971985e-01 2.312186e-12 8.260070e-01 9.721202e-01
4.972006e-01 2.285423e-12 7.872340e-01 9.720840e-01
4.971971e-01 2.285569e-12 8.477230e-01 9.722698e-01
4.971992e-01 2.299331e-12 7.122040e-01 9.723374e-01
4.972100e-01 2.343301e-12 7.039670e-01 9.720640e-01
4.972027e-01 2.321900e-12 6.796570e-01 9.725022e-01
4.972023e-01 2.311751e-12 7.186490e-01 9.722497e-01
4.972047e-01 2.309183e-12 6.452290e-01 9.721840e-01
4.972048e-01 2.330974e-12 6.244400e-01 9.722869e-01
4.972118e-01 2.362619e-12 6.312220e-01 9.719249e-01
4.971977e-01 2.289538e-12 6.310040e-01 9.721240e-01
4.972013e-01 2.286525e-12 6.319090e-01 9.720678e-01
4.972072e-01 2.328985e-12 6.513980e-01 9.722126e-01
4.972128e-01 2.339778e-12 6.719730e-01 9.721297e-01
4.972039e-01 2.305271e-12 6.307570e-01 9.722469e-01
4.972095e-01 2.317362e-12 6.524210e-01 9.719963e-01
4.972080e-01 2.325920e-12 6.683890e-01 9.721278e-01
4.972015e-01 2.303593e-12 7.024210e-01 9.721669e-01
4.972039e-01 2.310141e-12 6.822910e-01 9.722297e-01
4.972076e-01 2.312395e-12 6.564010e-01 9.720878e-01
4.972042e-01 2.306480e-12 6.704460e-01 9.723498e-01
4.972049e-01 2.320485e-12 6.588000e-01 9.721297e-01
4.972034e-01 2.292078e-12 6.607590e-01 9.724155e-01
4.972076e-01 2.317979e-12 6.363900e-01 9.723717e-01
4.972114e-01 2.320370e-12 6.365600e-01 9.719334e-01
4.972136e-01 2.344980e-12 6.563590e-01 9.722364e-01
4.972081e-01 2.326834e-12 6.559050e-01 9.724203e-01
4.972082e-01 2.326753e-12 6.754350e-01 9.721669e-01
4.972005e-01 2.313672e-12 6.694900e-01 9.721002e-01
4.972120e-01 2.344152e-12 7.557220e-01 9.723126e-01
4.972100e-01 2.337542e-12 6.297430e-01 9.723041e-01
4.972115e-01 2.344159e-12 6.386470e-01 9.721897e-01
4.972061e-01 2.315094e-12 6.591540e-01 9.723850e-01
4.971999e-01 2.302495e-12 7.179890e-01 9.721850e-01
4.972076e-01 2.345017e-12 7.140980e-01 9.722402e-01
4.972152e-01 2.352752e-12 6.823000e-01 9.721897e-01
4.972088e-01 2.356456e-12 6.716920e-01 9.722316e-01
4.972185e-01 2.373976e-12 6.609280e-01 9.722650e-01
4.972047e-01 2.322796e-12 6.893460e-01 9.721221e-01
4.972088e-01 2.331031e-12 6.736050e-01 9.719677e-01
4.972030e-01 2.302601e-12 6.449090e-01 9.721688e-01
4.972043e-01 2.319100e-12 6.547510e-01 9.721554e-01
4.971978e-01 2.261760e-12 6.275370e-01 9.723212e-01
4.972186e-01 2.381007e-12 6.498680e-01 9.721249e-01
4.972068e-01 2.317675e-12 6.387390e-01 9.723736e-01
4.972081e-01 2.303677e-12 6.248710e-01 9.719382e-01
4.972052e-01 2.292758e-12 6.238080e-01 9.720449e-01
