# dim  N   mc   dt  Impsamp 
# 1    1 1049576 0.1
#
# Theoretical Energy = 5.000000e-01
# Energy     Variance     CPU time     Acceptance
4.979013e-01 5.840332e-10 6.591960e-01 9.723936e-01
4.978529e-01 5.005407e-10 6.769210e-01 9.721592e-01
4.978269e-01 4.242347e-10 6.697000e-01 9.721373e-01
4.978138e-01 3.595643e-10 6.496110e-01 9.724270e-01
4.976689e-01 3.098802e-10 6.546970e-01 9.723707e-01
4.977059e-01 2.646167e-10 6.521910e-01 9.723679e-01
4.976496e-01 2.273633e-10 7.052070e-01 9.720535e-01
4.977787e-01 1.934080e-10 7.072460e-01 9.722907e-01
4.977736e-01 1.661233e-10 7.376510e-01 9.722631e-01
4.977819e-01 1.424390e-10 7.272740e-01 9.720592e-01
4.977658e-01 1.208300e-10 7.303520e-01 9.723889e-01
4.978854e-01 1.049152e-10 6.911720e-01 9.721173e-01
4.978177e-01 9.000522e-11 6.593920e-01 9.719344e-01
4.978576e-01 7.696585e-11 6.481590e-01 9.719935e-01
4.978847e-01 6.626324e-11 6.464930e-01 9.722621e-01
4.979082e-01 5.640728e-11 6.514850e-01 9.721087e-01
4.979726e-01 4.819651e-11 6.429000e-01 9.722202e-01
4.979960e-01 4.214332e-11 6.388430e-01 9.722412e-01
4.979825e-01 3.577799e-11 6.689810e-01 9.719820e-01
4.980168e-01 3.078496e-11 6.480250e-01 9.720392e-01
4.980019e-01 2.625934e-11 6.417730e-01 9.722964e-01
4.980392e-01 2.296717e-11 6.458340e-01 9.720611e-01
4.980546e-01 1.961218e-11 6.497340e-01 9.720363e-01
4.980635e-01 1.685640e-11 6.411610e-01 9.719954e-01
4.981105e-01 1.491094e-11 6.422060e-01 9.721507e-01
4.980949e-01 1.270521e-11 7.173730e-01 9.721097e-01
4.981424e-01 1.117193e-11 6.885170e-01 9.721707e-01
4.981519e-01 9.682024e-12 6.700950e-01 9.721831e-01
4.981446e-01 8.364424e-12 7.141950e-01 9.721183e-01
4.981837e-01 7.311362e-12 7.785570e-01 9.720878e-01
4.981935e-01 6.460066e-12 6.590350e-01 9.721421e-01
4.982056e-01 5.654792e-12 6.547650e-01 9.722174e-01
4.982224e-01 4.989985e-12 6.412660e-01 9.719372e-01
4.982241e-01 4.366864e-12 6.715240e-01 9.720039e-01
4.982188e-01 3.848440e-12 6.622400e-01 9.723060e-01
4.982178e-01 3.345839e-12 6.743470e-01 9.722193e-01
4.982556e-01 3.117407e-12 6.507790e-01 9.721507e-01
4.982469e-01 2.732530e-12 6.394380e-01 9.721554e-01
4.982515e-01 2.450746e-12 6.576090e-01 9.719068e-01
4.982524e-01 2.203234e-12 6.407350e-01 9.718000e-01
4.982784e-01 2.050422e-12 7.001120e-01 9.720401e-01
4.982811e-01 1.849000e-12 6.457280e-01 9.721459e-01
4.982797e-01 1.713581e-12 6.678220e-01 9.723869e-01
4.982843e-01 1.571831e-12 6.478000e-01 9.719153e-01
4.982937e-01 1.476841e-12 6.448450e-01 9.720039e-01
4.983020e-01 1.401434e-12 7.210580e-01 9.722488e-01
4.983011e-01 1.296474e-12 7.144540e-01 9.722050e-01
4.983005e-01 1.217741e-12 7.325960e-01 9.717953e-01
4.983036e-01 1.166036e-12 6.925180e-01 9.719382e-01
4.983147e-01 1.133726e-12 6.457810e-01 9.723631e-01
4.983176e-01 1.071975e-12 6.495750e-01 9.718248e-01
4.983190e-01 1.045102e-12 6.674170e-01 9.723050e-01
4.983174e-01 9.917871e-13 6.648340e-01 9.720840e-01
4.983193e-01 9.637683e-13 7.012280e-01 9.721135e-01
4.983283e-01 9.661495e-13 7.384460e-01 9.721773e-01
4.983309e-01 9.454737e-13 6.906960e-01 9.720230e-01
4.983326e-01 9.207957e-13 7.268890e-01 9.717133e-01
4.983315e-01 9.038327e-13 6.905170e-01 9.719668e-01
4.983337e-01 8.869531e-13 6.953200e-01 9.719353e-01
4.983390e-01 8.956997e-13 6.631060e-01 9.719553e-01
4.983390e-01 8.667217e-13 6.675640e-01 9.722269e-01
4.983442e-01 8.729194e-13 6.641670e-01 9.720535e-01
4.983424e-01 8.591741e-13 7.797180e-01 9.723203e-01
4.983444e-01 8.498670e-13 7.163460e-01 9.719487e-01
4.983429e-01 8.299725e-13 6.886180e-01 9.720144e-01
4.983488e-01 8.463573e-13 6.494270e-01 9.719849e-01
4.983397e-01 8.129460e-13 7.009460e-01 9.721783e-01
4.983434e-01 8.223102e-13 6.761990e-01 9.721230e-01
4.983469e-01 8.210793e-13 7.018020e-01 9.717324e-01
4.983447e-01 8.141106e-13 7.064340e-01 9.718801e-01
4.983447e-01 8.119676e-13 6.934370e-01 9.719029e-01
4.983501e-01 8.278384e-13 7.190420e-01 9.721030e-01
4.983504e-01 8.258707e-13 7.369670e-01 9.723479e-01
4.983525e-01 8.253541e-13 7.542910e-01 9.720497e-01
4.983463e-01 8.006421e-13 8.020920e-01 9.719420e-01
4.983527e-01 8.208032e-13 7.252150e-01 9.719792e-01
4.983510e-01 8.057279e-13 6.672980e-01 9.720297e-01
4.983521e-01 7.997378e-13 6.529850e-01 9.720163e-01
4.983468e-01 7.833259e-13 6.596480e-01 9.723717e-01
4.983489e-01 7.970164e-13 6.837840e-01 9.720392e-01
4.983537e-01 8.043122e-13 6.431110e-01 9.721478e-01
4.983533e-01 7.970445e-13 6.758780e-01 9.723088e-01
4.983505e-01 7.978576e-13 7.236170e-01 9.723555e-01
4.983501e-01 7.913899e-13 6.515880e-01 9.718934e-01
4.983489e-01 7.959606e-13 6.467620e-01 9.719001e-01
4.983549e-01 8.048324e-13 6.814450e-01 9.724870e-01
4.983550e-01 8.104553e-13 6.603560e-01 9.722116e-01
4.983561e-01 7.940987e-13 7.001710e-01 9.720668e-01
4.983502e-01 7.991291e-13 6.708260e-01 9.721326e-01
4.983477e-01 7.830474e-13 6.612510e-01 9.719782e-01
4.983538e-01 7.953336e-13 6.715400e-01 9.717810e-01
4.983537e-01 8.030495e-13 7.043160e-01 9.720468e-01
4.983558e-01 8.063898e-13 7.035170e-01 9.723412e-01
4.983522e-01 7.922791e-13 6.877260e-01 9.720258e-01
4.983564e-01 7.973135e-13 6.400030e-01 9.719087e-01
4.983614e-01 8.170118e-13 7.006560e-01 9.721792e-01
4.983574e-01 8.069317e-13 7.257830e-01 9.719792e-01
4.983579e-01 8.030601e-13 7.533130e-01 9.718401e-01
4.983577e-01 8.065807e-13 7.031290e-01 9.720354e-01
4.983595e-01 8.131820e-13 7.360520e-01 9.722288e-01
4.983583e-01 8.009734e-13 7.235930e-01 9.725118e-01
4.983563e-01 7.977434e-13 6.914780e-01 9.722564e-01
4.983578e-01 8.080966e-13 6.591170e-01 9.723469e-01
4.983656e-01 8.245595e-13 7.246580e-01 9.719973e-01
4.983596e-01 8.054894e-13 6.755010e-01 9.718944e-01
4.983588e-01 8.113011e-13 6.693750e-01 9.719954e-01
4.983619e-01 8.098321e-13 6.552860e-01 9.719572e-01
4.983563e-01 7.963454e-13 6.494410e-01 9.718886e-01
4.983577e-01 8.013065e-13 6.400460e-01 9.723717e-01
4.983564e-01 7.984108e-13 6.478980e-01 9.720973e-01
4.983517e-01 7.822551e-13 6.872900e-01 9.720268e-01
4.983609e-01 8.192462e-13 6.684820e-01 9.720163e-01
4.983550e-01 7.970377e-13 7.195240e-01 9.717696e-01
4.983593e-01 8.082064e-13 6.728400e-01 9.723203e-01
4.983563e-01 7.936442e-13 6.686170e-01 9.721669e-01
4.983543e-01 7.945376e-13 6.479520e-01 9.721440e-01
4.983567e-01 7.940436e-13 6.725980e-01 9.723050e-01
4.983563e-01 7.977072e-13 6.605330e-01 9.720401e-01
4.983606e-01 8.040260e-13 6.426980e-01 9.719125e-01
4.983567e-01 7.986700e-13 6.435100e-01 9.719077e-01
4.983604e-01 8.077791e-13 6.425500e-01 9.719534e-01
4.983552e-01 7.929179e-13 6.637370e-01 9.721468e-01
4.983546e-01 7.836195e-13 6.452040e-01 9.721621e-01
4.983582e-01 8.037419e-13 6.392580e-01 9.722774e-01
4.983563e-01 7.972419e-13 6.536190e-01 9.725079e-01
4.983525e-01 7.817761e-13 6.473150e-01 9.721983e-01
4.983609e-01 8.032924e-13 6.541420e-01 9.718886e-01
4.983559e-01 7.984454e-13 6.436980e-01 9.723841e-01
4.983618e-01 8.140426e-13 6.452610e-01 9.720868e-01
4.983604e-01 8.073367e-13 6.573820e-01 9.720525e-01
4.983516e-01 7.837471e-13 6.423280e-01 9.718467e-01
4.983523e-01 7.827241e-13 6.473220e-01 9.721287e-01
4.983533e-01 7.910110e-13 6.425400e-01 9.722345e-01
4.983629e-01 8.118479e-13 6.526420e-01 9.721831e-01
4.983571e-01 7.951465e-13 6.454810e-01 9.719496e-01
4.983610e-01 8.081854e-13 6.457990e-01 9.722698e-01
4.983630e-01 8.132659e-13 6.394720e-01 9.721564e-01
4.983610e-01 7.981076e-13 6.419860e-01 9.720792e-01
4.983595e-01 7.958230e-13 6.440670e-01 9.724279e-01
4.983557e-01 7.948523e-13 6.454520e-01 9.719010e-01
4.983623e-01 8.141591e-13 6.435480e-01 9.718915e-01
4.983545e-01 7.873872e-13 6.567430e-01 9.720230e-01
4.983580e-01 7.971165e-13 6.539700e-01 9.723174e-01
4.983651e-01 8.143569e-13 6.416250e-01 9.724174e-01
4.983571e-01 7.889408e-13 6.415300e-01 9.720573e-01
4.983620e-01 8.097641e-13 6.589370e-01 9.722536e-01
4.983569e-01 7.970638e-13 6.418710e-01 9.721230e-01
4.983629e-01 8.085474e-13 6.425810e-01 9.719220e-01
4.983588e-01 7.956613e-13 6.440440e-01 9.720640e-01
4.983555e-01 7.863108e-13 6.387360e-01 9.722135e-01
4.983578e-01 7.860780e-13 6.387910e-01 9.721183e-01
4.983617e-01 8.061146e-13 6.414570e-01 9.719734e-01
4.983598e-01 8.027127e-13 6.451550e-01 9.720944e-01
4.983593e-01 7.993485e-13 6.403290e-01 9.719725e-01
4.983604e-01 8.024452e-13 6.390330e-01 9.719468e-01
4.983603e-01 7.952638e-13 6.393200e-01 9.721221e-01
4.983545e-01 7.913976e-13 6.397020e-01 9.723431e-01
4.983574e-01 7.898611e-13 6.532730e-01 9.720258e-01
4.983621e-01 8.042514e-13 6.461120e-01 9.721754e-01
4.983610e-01 8.036523e-13 6.864990e-01 9.718000e-01
4.983585e-01 7.965823e-13 7.754620e-01 9.720678e-01
4.983609e-01 7.971855e-13 9.114660e-01 9.720601e-01
4.983590e-01 7.916624e-13 7.188120e-01 9.720640e-01
4.983627e-01 8.148066e-13 6.658850e-01 9.720230e-01
4.983558e-01 7.843609e-13 6.920260e-01 9.722240e-01
4.983565e-01 7.958079e-13 7.566010e-01 9.725518e-01
4.983613e-01 8.079778e-13 7.166610e-01 9.722040e-01
4.983580e-01 7.925353e-13 7.764970e-01 9.721145e-01
4.983578e-01 7.962328e-13 6.933280e-01 9.722793e-01
4.983609e-01 8.055687e-13 7.372670e-01 9.718705e-01
4.983630e-01 8.121003e-13 7.768800e-01 9.722383e-01
4.983590e-01 7.982648e-13 8.990390e-01 9.717981e-01
4.983626e-01 8.056279e-13 8.528470e-01 9.720249e-01
4.983585e-01 7.931108e-13 8.409190e-01 9.723498e-01
4.983663e-01 8.200105e-13 7.647620e-01 9.719935e-01
4.983636e-01 8.059574e-13 7.623570e-01 9.721373e-01
4.983571e-01 7.894790e-13 8.814520e-01 9.720573e-01
4.983587e-01 8.015569e-13 8.812530e-01 9.721268e-01
4.983589e-01 7.951193e-13 7.422860e-01 9.721392e-01
4.983631e-01 8.132763e-13 8.701970e-01 9.720287e-01
4.983634e-01 8.081216e-13 6.854480e-01 9.720792e-01
4.983645e-01 8.077000e-13 6.721220e-01 9.721249e-01
4.983606e-01 8.017136e-13 6.729210e-01 9.720840e-01
4.983595e-01 7.925176e-13 6.743520e-01 9.721850e-01
4.983642e-01 8.086680e-13 6.717900e-01 9.718258e-01
4.983639e-01 7.999733e-13 6.892160e-01 9.722202e-01
4.983594e-01 7.971431e-13 6.948800e-01 9.722507e-01
4.983633e-01 8.057607e-13 7.463240e-01 9.723079e-01
4.983612e-01 7.930170e-13 7.001650e-01 9.720077e-01
4.983615e-01 8.021532e-13 6.959220e-01 9.722393e-01
4.983652e-01 8.082789e-13 6.965220e-01 9.718963e-01
4.983595e-01 7.944753e-13 7.159380e-01 9.718763e-01
4.983582e-01 7.905344e-13 7.168590e-01 9.724212e-01
4.983619e-01 8.007765e-13 6.922730e-01 9.719782e-01
4.983608e-01 8.076656e-13 6.888550e-01 9.721364e-01
4.983578e-01 7.947398e-13 6.897160e-01 9.721983e-01
4.983604e-01 7.898658e-13 7.619850e-01 9.719792e-01
4.983677e-01 8.195664e-13 6.718220e-01 9.723727e-01
4.983586e-01 7.902731e-13 6.691550e-01 9.720821e-01
4.983614e-01 7.985655e-13 6.734730e-01 9.722497e-01
4.983628e-01 7.938358e-13 6.776460e-01 9.721678e-01
4.983589e-01 7.930746e-13 6.854730e-01 9.717562e-01
4.983578e-01 7.799074e-13 6.670780e-01 9.721202e-01
4.983578e-01 7.954690e-13 6.714700e-01 9.720516e-01
4.983619e-01 8.042528e-13 6.692250e-01 9.722898e-01
4.983609e-01 8.037147e-13 6.718830e-01 9.721145e-01
4.983599e-01 7.945455e-13 7.129960e-01 9.722288e-01
4.983621e-01 7.994954e-13 6.784470e-01 9.719754e-01
4.983585e-01 7.853551e-13 6.700360e-01 9.721859e-01
4.983655e-01 8.026870e-13 6.717480e-01 9.720344e-01
4.983609e-01 7.962119e-13 6.690340e-01 9.722669e-01
4.983623e-01 7.928179e-13 6.903370e-01 9.721116e-01
4.983636e-01 8.041664e-13 6.679280e-01 9.721373e-01
4.983637e-01 8.053616e-13 6.727590e-01 9.720030e-01
4.983566e-01 7.771609e-13 6.714640e-01 9.718696e-01
4.983667e-01 8.155342e-13 6.714850e-01 9.721364e-01
4.983588e-01 7.843725e-13 6.734740e-01 9.721964e-01
4.983642e-01 8.051724e-13 6.696420e-01 9.723136e-01
4.983622e-01 7.987181e-13 6.690200e-01 9.720611e-01
4.983633e-01 7.955577e-13 6.699110e-01 9.719915e-01
4.983598e-01 7.858564e-13 6.689370e-01 9.720621e-01
4.983648e-01 8.045066e-13 7.137190e-01 9.723222e-01
4.983636e-01 8.014438e-13 6.895890e-01 9.724479e-01
4.983610e-01 8.020802e-13 6.741960e-01 9.721526e-01
4.983605e-01 7.972776e-13 6.707180e-01 9.721792e-01
4.983639e-01 8.019273e-13 6.682110e-01 9.717810e-01
4.983627e-01 8.030099e-13 6.704990e-01 9.720287e-01
4.983626e-01 7.989939e-13 6.685810e-01 9.720420e-01
4.983629e-01 7.911966e-13 6.691500e-01 9.720001e-01
4.983588e-01 7.851309e-13 6.705330e-01 9.719668e-01
4.983646e-01 8.031704e-13 6.708990e-01 9.720154e-01
4.983624e-01 8.001924e-13 6.686530e-01 9.720106e-01
4.983607e-01 7.833347e-13 6.694860e-01 9.721811e-01
4.983623e-01 7.972301e-13 6.674190e-01 9.723507e-01
4.983579e-01 7.824385e-13 6.750570e-01 9.722088e-01
4.983623e-01 7.991549e-13 6.680860e-01 9.724374e-01
4.983643e-01 7.963473e-13 6.699890e-01 9.722745e-01
4.983658e-01 8.033954e-13 6.711510e-01 9.721992e-01
4.983619e-01 7.974672e-13 6.685690e-01 9.721125e-01
4.983660e-01 8.045259e-13 6.696120e-01 9.720964e-01
4.983603e-01 7.938212e-13 6.725090e-01 9.720420e-01
4.983629e-01 7.917566e-13 6.684130e-01 9.719954e-01
4.983642e-01 8.021098e-13 6.690790e-01 9.724451e-01
4.983608e-01 7.892841e-13 6.681300e-01 9.719639e-01
4.983642e-01 8.023124e-13 6.703990e-01 9.720725e-01
4.983657e-01 7.962287e-13 7.355360e-01 9.725813e-01
4.983659e-01 7.997121e-13 7.118900e-01 9.719687e-01
4.983632e-01 7.987190e-13 7.732910e-01 9.721326e-01
4.983611e-01 7.904982e-13 7.381080e-01 9.721707e-01
4.983614e-01 7.902831e-13 6.912570e-01 9.720935e-01
4.983683e-01 8.148502e-13 7.146160e-01 9.720544e-01
4.983617e-01 7.903719e-13 6.733080e-01 9.722583e-01
4.983629e-01 7.940349e-13 6.716280e-01 9.723298e-01
4.983662e-01 8.051586e-13 6.735320e-01 9.723574e-01
4.983613e-01 7.936372e-13 6.692640e-01 9.718629e-01
4.983613e-01 7.921736e-13 6.829490e-01 9.721488e-01
4.983625e-01 7.851637e-13 6.727060e-01 9.720830e-01
4.983578e-01 7.777109e-13 6.703040e-01 9.722707e-01
4.983620e-01 7.919000e-13 6.695170e-01 9.721954e-01
4.983669e-01 8.019831e-13 6.767000e-01 9.722517e-01
4.983656e-01 7.970822e-13 6.712720e-01 9.720382e-01
4.983653e-01 8.007998e-13 6.728720e-01 9.722669e-01
4.983659e-01 8.031372e-13 6.725920e-01 9.720297e-01
4.983656e-01 8.062235e-13 6.760390e-01 9.720335e-01
4.983645e-01 7.988647e-13 6.734710e-01 9.721249e-01
4.983684e-01 8.051656e-13 7.052690e-01 9.723517e-01
4.983633e-01 7.945483e-13 6.825730e-01 9.721421e-01
4.983671e-01 7.992970e-13 6.810230e-01 9.721726e-01
4.983641e-01 7.988393e-13 6.702760e-01 9.719382e-01
4.983644e-01 8.064722e-13 6.682620e-01 9.721287e-01
4.983612e-01 7.823900e-13 6.701490e-01 9.723431e-01
4.983660e-01 8.019592e-13 6.678650e-01 9.719144e-01
4.983608e-01 7.892926e-13 6.688430e-01 9.722526e-01
4.983634e-01 7.936319e-13 6.700120e-01 9.719725e-01
4.983641e-01 7.957363e-13 6.693910e-01 9.719973e-01
4.983562e-01 7.755429e-13 6.704470e-01 9.721783e-01
4.983614e-01 7.827917e-13 6.687800e-01 9.721240e-01
4.983622e-01 7.921464e-13 6.669480e-01 9.722631e-01
4.983645e-01 7.862809e-13 6.691560e-01 9.717991e-01
4.983644e-01 7.920541e-13 6.697250e-01 9.719239e-01
4.983642e-01 7.972151e-13 6.678540e-01 9.721630e-01
4.983610e-01 7.815194e-13 6.707320e-01 9.721716e-01
4.983646e-01 7.912013e-13 6.694870e-01 9.720525e-01
4.983644e-01 7.942870e-13 6.684010e-01 9.721802e-01
4.983650e-01 8.026111e-13 6.695380e-01 9.721211e-01
4.983687e-01 8.053558e-13 6.764190e-01 9.716905e-01
4.983689e-01 8.073005e-13 6.699920e-01 9.722297e-01
4.983654e-01 8.000615e-13 6.710080e-01 9.724031e-01
4.983659e-01 8.033266e-13 6.700590e-01 9.722050e-01
4.983588e-01 7.780773e-13 6.736980e-01 9.719763e-01
4.983636e-01 7.936771e-13 6.681920e-01 9.719763e-01
4.983651e-01 7.926857e-13 6.678460e-01 9.720544e-01
4.983666e-01 7.967166e-13 6.670270e-01 9.720868e-01
4.983661e-01 7.956452e-13 6.686840e-01 9.722536e-01
4.983629e-01 7.878187e-13 6.697900e-01 9.720630e-01
4.983599e-01 7.818821e-13 7.128770e-01 9.721640e-01
4.983648e-01 7.906884e-13 6.684450e-01 9.719430e-01
4.983670e-01 8.090346e-13 6.652760e-01 9.722402e-01
4.983634e-01 7.915130e-13 6.653060e-01 9.723403e-01
4.983684e-01 8.045515e-13 6.645510e-01 9.725156e-01
4.983659e-01 7.981409e-13 6.692580e-01 9.723993e-01
4.983610e-01 7.854482e-13 6.642010e-01 9.719125e-01
4.983625e-01 7.908835e-13 6.654260e-01 9.722983e-01
4.983605e-01 7.812190e-13 6.613360e-01 9.720859e-01
4.983674e-01 7.971914e-13 6.644840e-01 9.721049e-01
4.983593e-01 7.735918e-13 6.623170e-01 9.720754e-01
4.983683e-01 8.020795e-13 6.577860e-01 9.720859e-01
4.983638e-01 7.867439e-13 6.596090e-01 9.720239e-01
4.983631e-01 7.879524e-13 6.586410e-01 9.717810e-01
4.983635e-01 7.872392e-13 6.578050e-01 9.721240e-01
4.983631e-01 7.815704e-13 6.715560e-01 9.718505e-01
4.983691e-01 7.965368e-13 7.151030e-01 9.722259e-01
4.983655e-01 7.963392e-13 6.623570e-01 9.722221e-01
4.983643e-01 7.904068e-13 6.577440e-01 9.724413e-01
4.983684e-01 8.017992e-13 6.577160e-01 9.724298e-01
4.983691e-01 8.106248e-13 6.653220e-01 9.721059e-01
4.983625e-01 7.847628e-13 6.651680e-01 9.721611e-01
4.983674e-01 7.982932e-13 6.639400e-01 9.720792e-01
4.983658e-01 8.052645e-13 6.591820e-01 9.720068e-01
4.983617e-01 7.786271e-13 6.658050e-01 9.725222e-01
4.983596e-01 7.759060e-13 6.572950e-01 9.721478e-01
4.983668e-01 7.867628e-13 6.624320e-01 9.723822e-01
4.983704e-01 8.062261e-13 6.583350e-01 9.721211e-01
4.983621e-01 7.872649e-13 6.574350e-01 9.721345e-01
4.983629e-01 7.897624e-13 6.832410e-01 9.726051e-01
4.983673e-01 7.972525e-13 7.813330e-01 9.724260e-01
4.983609e-01 7.830626e-13 8.097530e-01 9.721002e-01
4.983689e-01 7.944101e-13 7.766230e-01 9.723698e-01
4.983682e-01 7.977008e-13 7.425510e-01 9.719249e-01
4.983666e-01 8.037241e-13 7.553900e-01 9.721040e-01
4.983688e-01 7.960036e-13 7.443130e-01 9.719153e-01
4.983643e-01 7.837004e-13 7.256740e-01 9.720411e-01
4.983664e-01 7.866548e-13 7.806790e-01 9.720697e-01
4.983696e-01 8.097060e-13 8.227290e-01 9.719801e-01
4.983624e-01 7.744774e-13 7.496170e-01 9.721659e-01
4.983679e-01 7.954655e-13 7.288240e-01 9.721840e-01
4.983605e-01 7.730028e-13 6.611320e-01 9.721240e-01
4.983637e-01 7.871036e-13 6.503390e-01 9.723212e-01
4.983656e-01 7.920340e-13 6.669860e-01 9.721811e-01
4.983686e-01 7.968481e-13 6.495280e-01 9.722545e-01
4.983683e-01 7.938408e-13 6.799660e-01 9.719630e-01
4.983668e-01 7.952136e-13 7.287680e-01 9.721373e-01
4.983668e-01 7.908419e-13 7.200940e-01 9.723908e-01
4.983663e-01 7.940673e-13 6.723010e-01 9.722183e-01
4.983668e-01 7.886046e-13 6.670540e-01 9.719592e-01
4.983612e-01 7.765284e-13 6.659440e-01 9.720830e-01
4.983674e-01 7.905624e-13 7.502510e-01 9.722583e-01
4.983668e-01 7.934306e-13 9.284570e-01 9.720201e-01
4.983622e-01 7.855947e-13 8.542560e-01 9.721154e-01
4.983604e-01 7.772729e-13 8.406920e-01 9.721230e-01
4.983660e-01 7.890177e-13 8.111170e-01 9.720077e-01
4.983675e-01 7.985616e-13 7.268610e-01 9.721440e-01
4.983632e-01 7.804668e-13 6.787500e-01 9.719754e-01
4.983695e-01 7.999794e-13 7.270330e-01 9.718610e-01
4.983684e-01 7.967628e-13 7.558530e-01 9.722145e-01
4.983680e-01 7.968690e-13 7.262100e-01 9.724279e-01
4.983677e-01 7.941252e-13 7.359360e-01 9.722659e-01
4.983671e-01 7.961732e-13 7.362310e-01 9.723507e-01
4.983689e-01 7.909535e-13 7.233050e-01 9.719344e-01
4.983648e-01 7.876341e-13 9.055310e-01 9.721659e-01
4.983668e-01 7.944411e-13 7.172290e-01 9.721430e-01
4.983672e-01 7.771399e-13 7.204210e-01 9.721106e-01
4.983651e-01 7.831086e-13 7.383260e-01 9.719582e-01
4.983661e-01 7.853436e-13 7.184740e-01 9.721259e-01
4.983669e-01 7.865430e-13 9.005900e-01 9.720011e-01
4.983661e-01 7.879135e-13 8.408510e-01 9.721021e-01
4.983712e-01 7.973387e-13 8.264210e-01 9.719001e-01
4.983741e-01 8.087721e-13 7.926980e-01 9.721488e-01
4.983668e-01 7.928839e-13 7.329200e-01 9.721373e-01
4.983655e-01 7.822276e-13 6.966010e-01 9.719153e-01
4.983640e-01 7.829898e-13 6.816030e-01 9.718105e-01
4.983703e-01 7.941911e-13 6.985440e-01 9.722040e-01
4.983646e-01 7.815487e-13 7.192350e-01 9.719029e-01
4.983697e-01 7.915609e-13 7.099650e-01 9.719487e-01
4.983687e-01 7.972969e-13 6.826170e-01 9.721268e-01
4.983665e-01 7.887882e-13 6.714610e-01 9.721421e-01
4.983682e-01 7.964451e-13 7.405420e-01 9.720258e-01
4.983657e-01 7.834018e-13 6.540910e-01 9.721983e-01
4.983660e-01 7.839861e-13 6.659870e-01 9.722478e-01
4.983678e-01 7.923335e-13 6.647570e-01 9.721973e-01
4.983660e-01 7.854478e-13 6.682330e-01 9.720973e-01
4.983671e-01 7.928896e-13 6.515500e-01 9.721707e-01
4.983671e-01 7.944232e-13 6.769320e-01 9.720116e-01
4.983655e-01 7.841920e-13 6.521330e-01 9.720278e-01
4.983683e-01 7.900501e-13 6.648800e-01 9.721326e-01
4.983636e-01 7.783773e-13 6.638960e-01 9.722097e-01
4.983740e-01 8.020037e-13 6.593220e-01 9.720116e-01
4.983676e-01 7.945476e-13 6.570830e-01 9.721735e-01
4.983647e-01 7.825453e-13 6.561070e-01 9.723908e-01
4.983707e-01 7.966619e-13 6.498380e-01 9.721145e-01
4.983719e-01 7.929569e-13 6.426870e-01 9.723002e-01
4.983704e-01 7.896207e-13 6.707760e-01 9.723917e-01
4.983686e-01 7.861012e-13 6.325670e-01 9.720192e-01
4.983680e-01 7.938130e-13 6.564380e-01 9.718505e-01
4.983737e-01 8.047986e-13 6.734350e-01 9.722983e-01
4.983701e-01 7.864807e-13 6.391470e-01 9.723183e-01
4.983724e-01 7.933225e-13 6.635520e-01 9.719144e-01
4.983670e-01 7.808745e-13 6.622750e-01 9.723107e-01
4.983698e-01 7.882580e-13 6.366630e-01 9.723126e-01
4.983684e-01 7.815746e-13 6.325110e-01 9.722793e-01
4.983661e-01 7.804630e-13 6.539690e-01 9.723336e-01
4.983683e-01 7.960490e-13 6.436060e-01 9.721697e-01
4.983636e-01 7.759173e-13 6.529170e-01 9.723546e-01
4.983681e-01 8.057330e-13 6.678850e-01 9.723012e-01
4.983693e-01 7.857412e-13 6.591940e-01 9.720925e-01
4.983731e-01 7.991169e-13 6.382520e-01 9.721459e-01
4.983677e-01 7.856501e-13 6.522750e-01 9.720611e-01
4.983696e-01 7.874737e-13 6.593010e-01 9.720354e-01
4.983702e-01 7.859092e-13 6.757350e-01 9.718019e-01
4.983640e-01 7.817830e-13 7.392300e-01 9.720297e-01
4.983659e-01 7.789585e-13 6.622520e-01 9.717343e-01
4.983675e-01 7.821254e-13 6.872200e-01 9.723326e-01
4.983721e-01 7.923533e-13 7.257290e-01 9.719706e-01
4.983706e-01 7.868505e-13 7.304460e-01 9.720678e-01
4.983648e-01 7.670397e-13 6.917120e-01 9.721078e-01
4.983706e-01 7.908706e-13 7.208700e-01 9.721278e-01
4.983673e-01 7.928968e-13 7.915670e-01 9.721611e-01
4.983686e-01 7.901976e-13 8.859670e-01 9.720659e-01
4.983681e-01 7.856375e-13 8.375250e-01 9.720668e-01
4.983728e-01 7.947820e-13 8.328440e-01 9.721240e-01
4.983704e-01 7.926569e-13 7.149890e-01 9.722126e-01
4.983663e-01 7.798105e-13 7.302940e-01 9.720430e-01
4.983694e-01 7.851682e-13 8.844640e-01 9.721602e-01
4.983686e-01 7.907809e-13 8.385550e-01 9.721468e-01
4.983712e-01 7.902669e-13 8.365960e-01 9.721106e-01
4.983682e-01 7.819703e-13 9.131050e-01 9.721192e-01
4.983731e-01 7.940782e-13 8.603510e-01 9.720468e-01
4.983685e-01 7.836687e-13 8.313480e-01 9.720868e-01
4.983700e-01 7.960159e-13 7.875450e-01 9.720020e-01
4.983704e-01 7.929338e-13 8.035710e-01 9.722145e-01
4.983694e-01 7.886533e-13 7.538220e-01 9.719696e-01
4.983734e-01 8.001001e-13 8.070130e-01 9.718305e-01
4.983666e-01 7.774449e-13 6.992120e-01 9.721545e-01
4.983648e-01 7.755266e-13 7.641210e-01 9.722412e-01
4.983707e-01 7.893721e-13 8.147850e-01 9.723450e-01
4.983667e-01 7.881594e-13 7.350180e-01 9.722440e-01
4.983715e-01 7.833271e-13 6.775870e-01 9.722640e-01
4.983731e-01 7.931584e-13 6.902390e-01 9.720297e-01
4.983725e-01 7.959202e-13 7.093220e-01 9.719725e-01
4.983713e-01 7.952107e-13 8.024520e-01 9.721716e-01
4.983702e-01 7.859100e-13 7.098800e-01 9.718019e-01
4.983703e-01 7.934012e-13 8.099450e-01 9.721831e-01
4.983704e-01 7.914887e-13 7.566890e-01 9.726366e-01
4.983688e-01 7.906376e-13 7.465240e-01 9.721973e-01
4.983683e-01 7.823026e-13 6.741280e-01 9.721459e-01
4.983723e-01 8.000018e-13 6.772240e-01 9.718820e-01
4.983638e-01 7.684150e-13 6.628990e-01 9.718791e-01
4.983699e-01 7.904054e-13 6.763270e-01 9.721373e-01
4.983713e-01 7.900199e-13 6.811880e-01 9.721945e-01
4.983664e-01 7.712763e-13 6.672170e-01 9.720306e-01
4.983695e-01 7.800331e-13 6.680100e-01 9.722669e-01
4.983688e-01 7.868572e-13 6.634720e-01 9.722488e-01
4.983685e-01 7.772300e-13 6.873510e-01 9.721068e-01
4.983694e-01 7.787827e-13 6.768780e-01 9.720754e-01
4.983708e-01 7.819874e-13 7.126700e-01 9.719782e-01
4.983729e-01 7.912687e-13 8.207940e-01 9.721421e-01
4.983717e-01 7.872342e-13 7.989880e-01 9.720316e-01
4.983713e-01 7.892681e-13 7.652450e-01 9.720525e-01
4.983711e-01 7.906209e-13 7.060430e-01 9.717105e-01
4.983663e-01 7.857020e-13 6.675980e-01 9.722078e-01
4.983754e-01 7.875701e-13 7.856490e-01 9.720944e-01
4.983691e-01 7.769595e-13 7.659520e-01 9.721878e-01
4.983719e-01 7.905016e-13 8.152880e-01 9.723145e-01
4.983717e-01 7.930370e-13 8.021080e-01 9.719658e-01
4.983709e-01 7.783783e-13 6.800760e-01 9.721545e-01
4.983738e-01 7.897518e-13 6.523160e-01 9.720992e-01
4.983694e-01 7.886670e-13 6.571720e-01 9.721526e-01
4.983751e-01 7.966866e-13 7.356110e-01 9.720754e-01
4.983682e-01 7.804302e-13 7.080710e-01 9.722783e-01
4.983716e-01 7.878898e-13 7.449880e-01 9.720297e-01
4.983687e-01 7.849467e-13 8.530500e-01 9.722364e-01
4.983697e-01 7.770479e-13 8.236320e-01 9.716933e-01
4.983713e-01 7.821714e-13 7.735240e-01 9.722621e-01
4.983719e-01 7.926488e-13 7.327770e-01 9.722478e-01
4.983748e-01 7.928475e-13 7.197660e-01 9.720268e-01
4.983692e-01 7.781811e-13 7.217690e-01 9.721621e-01
4.983683e-01 7.793215e-13 6.753010e-01 9.721640e-01
4.983769e-01 8.096013e-13 7.106810e-01 9.721497e-01
4.983670e-01 7.733583e-13 7.466240e-01 9.722021e-01
4.983652e-01 7.694407e-13 7.229160e-01 9.719944e-01
4.983726e-01 7.873448e-13 7.654290e-01 9.717791e-01
4.983676e-01 7.710694e-13 7.570200e-01 9.721564e-01
4.983741e-01 7.972157e-13 6.742040e-01 9.718353e-01
4.983707e-01 7.815382e-13 6.842300e-01 9.722659e-01
4.983718e-01 7.918745e-13 7.015350e-01 9.722717e-01
4.983728e-01 7.962840e-13 7.058790e-01 9.718105e-01
4.983741e-01 7.980118e-13 7.795530e-01 9.722145e-01
4.983750e-01 7.910932e-13 8.197950e-01 9.724365e-01
4.983709e-01 7.928969e-13 8.528550e-01 9.721354e-01
4.983745e-01 7.919592e-13 8.160720e-01 9.720154e-01
4.983738e-01 7.812989e-13 8.190320e-01 9.720811e-01
4.983796e-01 8.141621e-13 7.365910e-01 9.722517e-01
4.983746e-01 7.920697e-13 7.489740e-01 9.719287e-01
4.983714e-01 7.862895e-13 7.912770e-01 9.719544e-01
4.983742e-01 7.907965e-13 7.589810e-01 9.721488e-01
4.983701e-01 7.821473e-13 6.821100e-01 9.720916e-01
4.983752e-01 7.893434e-13 6.837490e-01 9.719763e-01
4.983750e-01 7.916419e-13 6.532870e-01 9.723079e-01
4.983746e-01 7.904426e-13 6.600600e-01 9.719925e-01
4.983715e-01 7.837680e-13 6.618830e-01 9.721145e-01
4.983767e-01 7.936220e-13 6.562480e-01 9.720173e-01
4.983724e-01 7.934934e-13 6.876940e-01 9.720268e-01
4.983733e-01 7.868352e-13 6.721530e-01 9.720011e-01
4.983755e-01 7.899076e-13 6.632500e-01 9.721326e-01
4.983680e-01 7.735390e-13 7.220420e-01 9.719973e-01
4.983736e-01 7.901253e-13 7.644260e-01 9.721049e-01
4.983689e-01 7.787423e-13 7.189780e-01 9.722421e-01
4.983722e-01 7.838227e-13 6.443650e-01 9.720592e-01
4.983700e-01 7.825384e-13 6.487360e-01 9.721116e-01
4.983762e-01 7.936199e-13 6.812200e-01 9.722888e-01
4.983741e-01 7.854073e-13 6.988440e-01 9.719058e-01
4.983755e-01 7.893060e-13 6.458160e-01 9.720011e-01
4.983703e-01 7.792017e-13 6.792620e-01 9.722917e-01
4.983708e-01 7.785131e-13 7.174250e-01 9.722898e-01
4.983711e-01 7.819095e-13 6.973360e-01 9.722031e-01
4.983723e-01 7.872579e-13 6.798270e-01 9.719363e-01
4.983719e-01 7.846482e-13 6.901460e-01 9.719677e-01
4.983765e-01 7.949574e-13 7.692670e-01 9.720687e-01
4.983730e-01 7.910525e-13 7.148800e-01 9.719277e-01
4.983701e-01 7.781938e-13 7.072630e-01 9.723155e-01
4.983729e-01 7.842541e-13 6.876430e-01 9.721307e-01
4.983740e-01 7.930258e-13 6.770140e-01 9.722050e-01
4.983712e-01 7.800317e-13 6.981950e-01 9.717286e-01
4.983782e-01 7.979470e-13 6.690270e-01 9.721697e-01
4.983724e-01 7.785442e-13 6.634960e-01 9.721106e-01
4.983770e-01 7.967801e-13 7.027070e-01 9.721735e-01
4.983757e-01 7.906208e-13 7.030400e-01 9.720516e-01
4.983728e-01 7.895170e-13 6.760070e-01 9.719734e-01
4.983755e-01 7.897184e-13 6.849470e-01 9.720601e-01
4.983709e-01 7.760517e-13 6.645580e-01 9.722450e-01
4.983680e-01 7.673440e-13 6.543850e-01 9.719029e-01
4.983752e-01 7.897817e-13 6.557800e-01 9.722450e-01
4.983762e-01 7.911253e-13 6.956110e-01 9.718420e-01
4.983733e-01 7.850572e-13 6.841430e-01 9.721973e-01
4.983753e-01 7.782578e-13 7.066490e-01 9.721621e-01
4.983797e-01 7.947340e-13 7.529580e-01 9.721678e-01
4.983691e-01 7.744641e-13 7.485970e-01 9.721735e-01
4.983751e-01 7.939980e-13 7.535630e-01 9.722212e-01
4.983743e-01 7.870884e-13 7.412650e-01 9.720039e-01
4.983720e-01 7.845946e-13 7.544870e-01 9.721011e-01
4.983725e-01 7.879641e-13 7.328280e-01 9.723317e-01
4.983733e-01 7.823412e-13 7.529010e-01 9.722021e-01
4.983754e-01 7.864726e-13 7.778940e-01 9.720506e-01
4.983762e-01 7.869809e-13 7.450710e-01 9.720030e-01
4.983740e-01 7.910710e-13 7.477680e-01 9.721916e-01
4.983728e-01 7.798791e-13 7.849090e-01 9.720487e-01
4.983772e-01 7.945875e-13 7.740860e-01 9.722164e-01
4.983703e-01 7.761260e-13 7.683110e-01 9.720239e-01
4.983768e-01 7.971947e-13 7.688570e-01 9.721840e-01
4.983688e-01 7.787879e-13 7.835920e-01 9.718362e-01
4.983724e-01 7.789076e-13 7.982750e-01 9.720544e-01
4.983773e-01 7.873900e-13 7.667890e-01 9.721630e-01
4.983765e-01 7.879041e-13 7.109370e-01 9.719382e-01
4.983771e-01 7.924151e-13 7.340130e-01 9.719773e-01
4.983717e-01 7.742190e-13 7.424970e-01 9.721468e-01
4.983763e-01 7.890552e-13 7.123020e-01 9.718705e-01
4.983761e-01 7.891083e-13 7.520340e-01 9.719515e-01
4.983770e-01 7.866894e-13 7.162440e-01 9.721488e-01
4.983789e-01 7.962536e-13 7.283070e-01 9.719954e-01
4.983788e-01 7.935956e-13 7.124920e-01 9.721040e-01
4.983745e-01 7.921511e-13 7.318360e-01 9.721335e-01
4.983762e-01 7.808522e-13 7.154800e-01 9.720878e-01
4.983754e-01 7.864668e-13 7.299510e-01 9.724193e-01
4.983782e-01 8.013731e-13 7.651880e-01 9.722574e-01
4.983770e-01 7.947793e-13 7.693520e-01 9.721954e-01
4.983707e-01 7.783380e-13 6.863270e-01 9.720630e-01
4.983717e-01 7.720708e-13 7.324600e-01 9.720116e-01
4.983751e-01 7.879569e-13 7.355580e-01 9.722612e-01
4.983789e-01 7.866436e-13 7.886920e-01 9.718220e-01
4.983729e-01 7.707273e-13 7.627490e-01 9.720592e-01
4.983794e-01 8.006983e-13 7.385880e-01 9.720983e-01
4.983744e-01 7.777499e-13 7.453390e-01 9.722574e-01
4.983748e-01 7.880934e-13 7.584300e-01 9.720220e-01
4.983759e-01 7.830580e-13 7.968580e-01 9.721926e-01
4.983717e-01 7.784371e-13 7.701290e-01 9.719487e-01
4.983763e-01 7.869296e-13 7.833220e-01 9.725337e-01
4.983727e-01 7.777776e-13 7.156490e-01 9.722002e-01
4.983755e-01 7.829957e-13 7.055860e-01 9.721916e-01
4.983817e-01 7.946809e-13 8.006120e-01 9.719915e-01
4.983760e-01 7.879459e-13 7.826790e-01 9.719487e-01
4.983793e-01 7.932523e-13 7.633660e-01 9.718934e-01
4.983736e-01 7.748084e-13 7.515750e-01 9.723012e-01
4.983759e-01 7.783671e-13 7.910730e-01 9.723183e-01
4.983737e-01 7.800228e-13 7.328400e-01 9.721335e-01
4.983721e-01 7.646170e-13 6.855960e-01 9.720611e-01
4.983750e-01 7.894126e-13 6.697640e-01 9.720077e-01
4.983790e-01 7.881908e-13 6.905860e-01 9.722345e-01
4.983775e-01 7.899545e-13 6.804460e-01 9.721373e-01
4.983708e-01 7.677625e-13 6.889830e-01 9.718467e-01
4.983783e-01 7.946030e-13 6.634250e-01 9.722088e-01
4.983779e-01 7.907995e-13 6.802510e-01 9.722116e-01
4.983736e-01 7.765157e-13 7.277150e-01 9.722774e-01
4.983710e-01 7.672801e-13 7.827060e-01 9.721669e-01
4.983798e-01 7.932766e-13 7.356900e-01 9.721173e-01
4.983753e-01 7.805759e-13 7.749640e-01 9.721278e-01
4.983752e-01 7.737554e-13 7.316860e-01 9.722402e-01
4.983759e-01 7.882122e-13 7.998080e-01 9.720964e-01
4.983747e-01 7.808680e-13 7.179560e-01 9.721268e-01
4.983742e-01 7.796023e-13 7.450040e-01 9.719944e-01
4.983761e-01 7.859892e-13 7.462200e-01 9.718410e-01
4.983766e-01 7.823757e-13 7.676080e-01 9.720268e-01
4.983764e-01 7.919986e-13 8.424060e-01 9.717877e-01
4.983770e-01 7.770561e-13 8.330790e-01 9.721221e-01
4.983758e-01 7.779058e-13 7.585530e-01 9.720306e-01
4.983750e-01 7.762110e-13 7.477940e-01 9.720983e-01
4.983787e-01 7.906993e-13 8.443010e-01 9.717848e-01
4.983764e-01 7.802657e-13 7.574850e-01 9.720763e-01
4.983676e-01 7.624149e-13 7.854010e-01 9.721669e-01
4.983746e-01 7.753798e-13 8.062350e-01 9.719534e-01
4.983727e-01 7.708614e-13 6.910700e-01 9.721859e-01
4.983752e-01 7.820156e-13 7.294620e-01 9.722831e-01
4.983774e-01 7.919935e-13 7.820170e-01 9.720220e-01
4.983789e-01 7.947195e-13 7.774340e-01 9.721773e-01
4.983737e-01 7.719173e-13 7.221490e-01 9.720449e-01
4.983782e-01 7.855342e-13 7.484010e-01 9.726356e-01
4.983765e-01 7.878642e-13 7.659240e-01 9.718725e-01
4.983690e-01 7.689175e-13 7.930270e-01 9.719658e-01
4.983738e-01 7.708748e-13 7.252640e-01 9.719858e-01
4.983793e-01 7.879359e-13 8.258820e-01 9.718906e-01
4.983798e-01 7.998297e-13 7.750320e-01 9.722040e-01
4.983746e-01 7.778330e-13 7.495810e-01 9.720335e-01
4.983810e-01 7.909504e-13 7.439640e-01 9.722164e-01
4.983781e-01 7.858122e-13 7.464660e-01 9.720068e-01
4.983800e-01 7.882401e-13 7.684770e-01 9.720401e-01
4.983771e-01 7.801580e-13 7.421220e-01 9.721516e-01
4.983808e-01 7.959438e-13 7.046580e-01 9.721592e-01
4.983764e-01 7.807696e-13 7.482850e-01 9.718610e-01
4.983785e-01 7.866739e-13 7.626610e-01 9.724794e-01
4.983782e-01 7.866459e-13 7.210960e-01 9.720668e-01
4.983751e-01 7.781105e-13 7.463000e-01 9.722440e-01
4.983770e-01 7.779615e-13 7.928390e-01 9.718620e-01
4.983773e-01 7.815104e-13 7.994330e-01 9.717676e-01
4.983790e-01 7.847805e-13 7.070170e-01 9.718010e-01
4.983776e-01 7.845350e-13 7.775170e-01 9.720411e-01
4.983784e-01 7.854350e-13 7.612030e-01 9.721516e-01
4.983788e-01 7.820400e-13 7.510640e-01 9.722174e-01
4.983695e-01 7.702148e-13 7.854920e-01 9.720077e-01
4.983778e-01 7.791947e-13 7.565580e-01 9.719249e-01
4.983762e-01 7.761611e-13 7.302000e-01 9.721240e-01
4.983792e-01 7.894735e-13 7.052060e-01 9.719744e-01
4.983748e-01 7.799766e-13 6.853890e-01 9.722698e-01
4.983758e-01 7.751939e-13 7.343310e-01 9.724651e-01
4.983751e-01 7.789482e-13 6.970470e-01 9.722640e-01
4.983785e-01 7.818071e-13 6.697640e-01 9.722088e-01
4.983791e-01 7.880916e-13 7.219930e-01 9.722898e-01
4.983764e-01 7.748298e-13 6.373180e-01 9.721078e-01
4.983770e-01 7.755843e-13 6.429050e-01 9.720840e-01
4.983809e-01 7.935602e-13 6.867430e-01 9.722726e-01
4.983767e-01 7.757582e-13 7.061310e-01 9.720983e-01
4.983766e-01 7.758343e-13 6.435280e-01 9.722107e-01
4.983770e-01 7.858189e-13 7.186220e-01 9.721983e-01
4.983787e-01 7.833819e-13 7.395280e-01 9.721449e-01
4.983796e-01 7.847487e-13 7.655990e-01 9.721125e-01
4.983761e-01 7.823903e-13 7.207220e-01 9.723317e-01
4.983784e-01 7.811703e-13 7.426540e-01 9.721821e-01
4.983749e-01 7.750268e-13 7.214080e-01 9.721173e-01
4.983810e-01 7.883584e-13 6.759430e-01 9.720335e-01
4.983740e-01 7.639621e-13 6.562030e-01 9.723850e-01
4.983776e-01 7.747411e-13 7.123110e-01 9.718896e-01
4.983748e-01 7.800819e-13 6.300320e-01 9.721602e-01
4.983852e-01 7.998085e-13 6.818510e-01 9.722107e-01
4.983803e-01 7.818517e-13 6.917490e-01 9.722050e-01
4.983732e-01 7.686297e-13 7.147420e-01 9.723936e-01
4.983765e-01 7.721002e-13 7.178550e-01 9.720744e-01
4.983838e-01 7.964799e-13 7.063120e-01 9.720840e-01
4.983757e-01 7.690706e-13 7.953300e-01 9.722783e-01
4.983794e-01 7.822528e-13 6.953290e-01 9.719553e-01
4.983834e-01 7.945581e-13 6.762680e-01 9.721735e-01
4.983805e-01 7.897107e-13 6.909860e-01 9.719849e-01
4.983778e-01 7.739097e-13 7.366530e-01 9.718715e-01
4.983801e-01 7.786577e-13 7.769930e-01 9.720306e-01
4.983794e-01 7.839279e-13 8.390690e-01 9.721345e-01
4.983767e-01 7.839272e-13 7.312700e-01 9.721478e-01
4.983794e-01 7.827621e-13 6.947990e-01 9.720077e-01
4.983795e-01 7.761550e-13 7.453550e-01 9.724498e-01
4.983784e-01 7.767854e-13 6.476370e-01 9.723669e-01
4.983773e-01 7.769129e-13 6.853430e-01 9.722955e-01
4.983790e-01 7.815479e-13 7.068480e-01 9.720506e-01
4.983774e-01 7.661023e-13 6.765760e-01 9.720439e-01
4.983782e-01 7.769057e-13 6.620720e-01 9.720382e-01
4.983817e-01 7.901313e-13 8.164540e-01 9.720325e-01
4.983794e-01 7.779616e-13 7.024470e-01 9.719077e-01
4.983749e-01 7.752488e-13 6.846460e-01 9.721831e-01
4.983833e-01 7.901302e-13 7.084480e-01 9.723889e-01
4.983771e-01 7.744883e-13 6.695990e-01 9.720049e-01
4.983799e-01 7.840526e-13 6.809710e-01 9.721059e-01
4.983792e-01 7.798825e-13 6.892980e-01 9.721116e-01
4.983770e-01 7.763953e-13 7.038920e-01 9.720878e-01
4.983782e-01 7.833979e-13 6.933010e-01 9.717991e-01
4.983759e-01 7.658987e-13 7.341260e-01 9.718334e-01
4.983787e-01 7.856746e-13 6.657680e-01 9.718972e-01
4.983819e-01 7.832897e-13 6.530960e-01 9.718648e-01
4.983838e-01 7.877479e-13 6.374190e-01 9.721878e-01
4.983802e-01 7.788713e-13 6.389540e-01 9.719734e-01
4.983781e-01 7.758827e-13 6.482460e-01 9.720459e-01
4.983833e-01 7.836677e-13 6.611860e-01 9.719058e-01
4.983828e-01 7.811340e-13 6.718000e-01 9.721802e-01
4.983783e-01 7.824977e-13 6.766420e-01 9.722316e-01
4.983799e-01 7.876314e-13 6.755690e-01 9.721659e-01
4.983787e-01 7.769175e-13 6.428260e-01 9.722831e-01
4.983787e-01 7.790954e-13 6.455790e-01 9.722545e-01
4.983809e-01 7.896522e-13 6.486320e-01 9.719915e-01
4.983800e-01 7.779910e-13 6.802380e-01 9.719925e-01
4.983823e-01 7.873325e-13 6.768080e-01 9.719220e-01
4.983787e-01 7.773850e-13 6.720850e-01 9.721364e-01
4.983792e-01 7.808700e-13 6.763460e-01 9.719249e-01
4.983774e-01 7.740810e-13 6.577550e-01 9.721688e-01
4.983782e-01 7.789670e-13 6.356090e-01 9.721440e-01
4.983837e-01 7.822161e-13 6.370870e-01 9.721583e-01
4.983814e-01 7.769813e-13 6.652400e-01 9.720821e-01
4.983784e-01 7.699032e-13 6.489860e-01 9.720239e-01
4.983827e-01 7.866635e-13 6.490800e-01 9.722364e-01
4.983785e-01 7.708104e-13 6.437500e-01 9.722240e-01
4.983793e-01 7.839056e-13 6.710380e-01 9.720725e-01
4.983762e-01 7.596594e-13 6.455310e-01 9.719715e-01
4.983823e-01 7.860452e-13 6.394880e-01 9.722202e-01
4.983806e-01 7.765948e-13 6.493350e-01 9.720878e-01
4.983806e-01 7.681915e-13 6.342950e-01 9.722631e-01
4.983817e-01 7.760802e-13 6.524540e-01 9.721745e-01
4.983806e-01 7.772023e-13 6.536770e-01 9.719944e-01
4.983762e-01 7.731997e-13 6.458890e-01 9.721068e-01
4.983790e-01 7.718276e-13 6.426240e-01 9.722107e-01
4.983766e-01 7.702305e-13 6.564900e-01 9.720392e-01
4.983814e-01 7.819493e-13 6.453850e-01 9.719658e-01
4.983829e-01 7.870198e-13 6.359020e-01 9.720401e-01
4.983840e-01 7.899902e-13 6.639270e-01 9.717934e-01
4.983782e-01 7.775232e-13 6.360180e-01 9.718896e-01
4.983847e-01 7.928190e-13 6.453880e-01 9.720687e-01
4.983791e-01 7.724737e-13 6.387820e-01 9.717257e-01
4.983798e-01 7.690292e-13 6.517240e-01 9.722393e-01
4.983835e-01 7.867126e-13 6.386710e-01 9.719134e-01
4.983794e-01 7.784602e-13 6.407470e-01 9.721021e-01
4.983801e-01 7.746813e-13 6.449920e-01 9.720983e-01
4.983768e-01 7.649631e-13 6.326120e-01 9.722250e-01
4.983786e-01 7.750606e-13 6.380930e-01 9.721402e-01
4.983758e-01 7.709288e-13 6.422060e-01 9.719382e-01
4.983815e-01 7.834534e-13 6.432460e-01 9.719792e-01
4.983833e-01 7.805560e-13 6.325880e-01 9.720782e-01
4.983802e-01 7.714671e-13 6.615710e-01 9.723260e-01
4.983804e-01 7.769133e-13 6.764220e-01 9.719268e-01
4.983824e-01 7.833488e-13 6.664430e-01 9.723222e-01
4.983773e-01 7.686511e-13 6.831110e-01 9.721087e-01
4.983789e-01 7.676747e-13 6.614880e-01 9.719268e-01
4.983799e-01 7.835583e-13 6.572250e-01 9.720582e-01
4.983812e-01 7.783337e-13 7.237100e-01 9.722517e-01
4.983772e-01 7.654654e-13 6.787530e-01 9.720840e-01
4.983786e-01 7.717346e-13 7.423540e-01 9.721650e-01
4.983818e-01 7.832405e-13 7.239390e-01 9.723088e-01
4.983780e-01 7.695886e-13 7.692110e-01 9.720316e-01
4.983844e-01 7.864667e-13 7.296120e-01 9.720287e-01
4.983824e-01 7.887640e-13 6.683690e-01 9.720011e-01
4.983819e-01 7.789560e-13 7.118630e-01 9.720649e-01
4.983834e-01 7.832931e-13 6.397620e-01 9.721002e-01
4.983852e-01 7.876374e-13 6.607130e-01 9.719849e-01
4.983868e-01 7.946763e-13 6.696040e-01 9.720802e-01
4.983844e-01 7.835493e-13 7.007140e-01 9.720935e-01
4.983838e-01 7.785198e-13 6.870510e-01 9.722231e-01
4.983848e-01 7.846804e-13 6.684430e-01 9.722593e-01
4.983760e-01 7.599208e-13 6.701010e-01 9.720306e-01
4.983796e-01 7.756496e-13 6.454590e-01 9.722640e-01
4.983771e-01 7.692989e-13 6.362080e-01 9.718524e-01
4.983846e-01 7.803383e-13 7.322030e-01 9.725499e-01
4.983863e-01 7.858741e-13 6.354810e-01 9.720992e-01
4.983837e-01 7.778735e-13 6.282770e-01 9.721773e-01
4.983736e-01 7.574423e-13 6.376110e-01 9.720278e-01
4.983831e-01 7.814930e-13 6.515600e-01 9.722221e-01
4.983867e-01 7.929629e-13 6.561670e-01 9.723183e-01
4.983884e-01 7.845330e-13 6.511120e-01 9.719563e-01
4.983830e-01 7.750313e-13 6.301590e-01 9.722831e-01
4.983842e-01 7.884145e-13 6.467080e-01 9.720173e-01
4.983820e-01 7.679756e-13 6.465290e-01 9.723898e-01
4.983800e-01 7.703663e-13 6.989710e-01 9.721106e-01
4.983808e-01 7.710808e-13 6.622070e-01 9.720144e-01
4.983870e-01 7.835953e-13 6.797120e-01 9.719601e-01
4.983830e-01 7.761936e-13 7.420810e-01 9.721459e-01
4.983758e-01 7.653218e-13 6.418300e-01 9.722374e-01
4.983839e-01 7.754623e-13 6.291650e-01 9.719172e-01
4.983807e-01 7.741278e-13 6.219520e-01 9.724184e-01
4.983856e-01 7.948407e-13 6.292210e-01 9.722269e-01
4.983859e-01 7.868980e-13 6.914700e-01 9.723593e-01
4.983844e-01 7.815438e-13 6.848250e-01 9.719620e-01
4.983834e-01 7.757153e-13 6.549530e-01 9.718867e-01
4.983783e-01 7.653150e-13 6.816960e-01 9.722812e-01
4.983828e-01 7.734540e-13 6.505730e-01 9.722183e-01
4.983852e-01 7.831388e-13 6.300290e-01 9.719182e-01
4.983847e-01 7.872924e-13 6.331570e-01 9.721402e-01
4.983824e-01 7.771396e-13 6.306460e-01 9.721059e-01
4.983859e-01 7.754401e-13 6.612390e-01 9.723831e-01
4.983815e-01 7.737220e-13 6.381350e-01 9.719839e-01
4.983854e-01 7.859403e-13 6.297910e-01 9.721316e-01
4.983836e-01 7.759664e-13 6.225950e-01 9.721516e-01
4.983816e-01 7.739618e-13 6.431400e-01 9.720840e-01
4.983840e-01 7.755056e-13 6.743990e-01 9.719125e-01
4.983838e-01 7.742628e-13 6.675510e-01 9.721888e-01
4.983838e-01 7.725312e-13 6.451980e-01 9.720678e-01
4.983816e-01 7.677195e-13 6.786510e-01 9.723088e-01
4.983788e-01 7.583760e-13 6.626740e-01 9.722345e-01
4.983792e-01 7.629908e-13 6.569800e-01 9.722355e-01
4.983806e-01 7.668761e-13 6.895840e-01 9.722879e-01
4.983851e-01 7.886759e-13 6.654720e-01 9.720887e-01
4.983845e-01 7.809619e-13 6.509190e-01 9.721249e-01
4.983810e-01 7.775608e-13 6.821800e-01 9.719572e-01
4.983858e-01 7.849508e-13 6.934010e-01 9.723441e-01
4.983827e-01 7.800738e-13 6.770810e-01 9.720773e-01
4.983843e-01 7.724541e-13 6.442290e-01 9.720363e-01
4.983836e-01 7.706554e-13 6.351930e-01 9.722612e-01
4.983823e-01 7.737108e-13 6.460230e-01 9.722097e-01
4.983854e-01 7.781012e-13 6.858960e-01 9.722555e-01
4.983828e-01 7.723876e-13 7.213690e-01 9.723212e-01
4.983858e-01 7.881896e-13 6.986680e-01 9.719677e-01
4.983837e-01 7.824652e-13 6.535720e-01 9.720668e-01
4.983833e-01 7.739387e-13 6.447030e-01 9.720925e-01
4.983832e-01 7.762744e-13 6.657680e-01 9.720811e-01
4.983833e-01 7.746420e-13 7.028210e-01 9.724003e-01
4.983839e-01 7.823008e-13 6.612590e-01 9.719668e-01
4.983835e-01 7.739937e-13 7.209860e-01 9.720258e-01
4.983848e-01 7.808090e-13 6.812840e-01 9.724384e-01
4.983840e-01 7.738473e-13 6.223620e-01 9.722231e-01
4.983835e-01 7.748045e-13 6.256950e-01 9.721430e-01
4.983823e-01 7.696979e-13 6.332470e-01 9.722212e-01
4.983892e-01 7.808848e-13 6.218180e-01 9.720420e-01
4.983871e-01 7.853462e-13 6.360770e-01 9.720278e-01
4.983812e-01 7.636356e-13 6.284960e-01 9.718601e-01
4.983807e-01 7.623354e-13 6.223720e-01 9.722345e-01
4.983837e-01 7.754094e-13 6.261700e-01 9.720535e-01
4.983825e-01 7.691330e-13 6.294360e-01 9.721554e-01
4.983854e-01 7.726500e-13 6.359840e-01 9.720401e-01
4.983856e-01 7.718074e-13 6.346680e-01 9.718486e-01
4.983816e-01 7.659460e-13 6.283490e-01 9.722231e-01
4.983818e-01 7.738491e-13 6.281870e-01 9.721059e-01
4.983808e-01 7.671612e-13 6.220820e-01 9.719858e-01
4.983800e-01 7.602786e-13 6.282830e-01 9.720973e-01
4.983834e-01 7.736583e-13 6.718880e-01 9.720316e-01
4.983849e-01 7.771432e-13 7.177760e-01 9.718906e-01
4.983842e-01 7.703161e-13 6.724600e-01 9.724127e-01
4.983859e-01 7.789959e-13 7.218390e-01 9.721402e-01
4.983826e-01 7.721939e-13 6.471310e-01 9.721973e-01
4.983887e-01 7.806672e-13 6.288240e-01 9.716943e-01
4.983828e-01 7.610999e-13 6.354000e-01 9.722650e-01
4.983856e-01 7.708610e-13 6.351150e-01 9.723145e-01
4.983873e-01 7.804558e-13 6.346330e-01 9.723793e-01
4.983833e-01 7.753504e-13 6.473100e-01 9.722793e-01
4.983815e-01 7.615172e-13 6.801250e-01 9.719592e-01
4.983874e-01 7.862975e-13 6.806640e-01 9.721926e-01
4.983834e-01 7.732054e-13 6.743350e-01 9.721869e-01
4.983864e-01 7.796889e-13 6.506890e-01 9.723384e-01
4.983799e-01 7.637431e-13 6.470790e-01 9.720182e-01
4.983877e-01 7.790724e-13 6.421400e-01 9.724241e-01
4.983837e-01 7.607061e-13 6.444590e-01 9.720554e-01
4.983872e-01 7.840636e-13 6.485820e-01 9.721916e-01
4.983845e-01 7.734172e-13 6.869130e-01 9.720906e-01
4.983872e-01 7.807766e-13 6.593130e-01 9.721678e-01
4.983887e-01 7.813391e-13 6.528130e-01 9.720011e-01
4.983861e-01 7.790991e-13 6.435210e-01 9.722764e-01
4.983826e-01 7.700589e-13 6.660690e-01 9.721488e-01
4.983896e-01 7.883355e-13 6.917810e-01 9.723279e-01
4.983886e-01 7.774259e-13 6.814780e-01 9.719925e-01
4.983829e-01 7.638125e-13 6.483900e-01 9.720811e-01
4.983863e-01 7.839248e-13 6.447140e-01 9.720716e-01
4.983849e-01 7.711650e-13 6.546300e-01 9.719077e-01
4.983864e-01 7.703994e-13 6.519290e-01 9.723546e-01
4.983799e-01 7.603601e-13 6.507830e-01 9.720297e-01
4.983845e-01 7.675608e-13 6.608970e-01 9.722126e-01
4.983880e-01 7.782867e-13 6.553950e-01 9.721221e-01
4.983844e-01 7.674889e-13 6.472400e-01 9.721087e-01
4.983877e-01 7.754736e-13 6.397520e-01 9.721926e-01
4.983870e-01 7.781424e-13 6.743180e-01 9.723984e-01
4.983828e-01 7.700139e-13 6.773120e-01 9.722517e-01
4.983862e-01 7.750142e-13 6.415700e-01 9.720659e-01
4.983857e-01 7.768114e-13 6.812590e-01 9.722507e-01
4.983875e-01 7.748676e-13 6.519160e-01 9.723336e-01
4.983864e-01 7.803402e-13 6.367060e-01 9.720297e-01
4.983844e-01 7.680738e-13 6.808090e-01 9.721650e-01
4.983873e-01 7.754512e-13 6.574990e-01 9.721373e-01
4.983915e-01 7.848500e-13 6.513250e-01 9.721926e-01
4.983840e-01 7.642881e-13 6.637600e-01 9.723222e-01
4.983843e-01 7.747480e-13 7.203990e-01 9.719325e-01
4.983842e-01 7.647192e-13 6.872890e-01 9.721049e-01
4.983877e-01 7.687129e-13 6.430610e-01 9.719458e-01
4.983857e-01 7.749220e-13 6.672060e-01 9.719715e-01
4.983851e-01 7.717076e-13 6.461520e-01 9.724041e-01
4.983829e-01 7.646470e-13 6.503560e-01 9.721230e-01
4.983900e-01 7.765209e-13 6.597680e-01 9.721402e-01
4.983831e-01 7.582178e-13 7.178560e-01 9.724651e-01
4.983874e-01 7.763679e-13 7.661980e-01 9.721945e-01
4.983864e-01 7.687693e-13 6.859550e-01 9.722431e-01
4.983897e-01 7.778294e-13 6.317420e-01 9.720068e-01
4.983865e-01 7.688021e-13 6.469620e-01 9.719525e-01
4.983907e-01 7.861159e-13 6.338890e-01 9.720849e-01
4.983842e-01 7.730451e-13 6.255680e-01 9.721954e-01
4.983854e-01 7.681402e-13 6.442750e-01 9.719268e-01
4.983859e-01 7.716638e-13 6.720510e-01 9.721030e-01
4.983832e-01 7.555711e-13 6.487740e-01 9.722412e-01
4.983855e-01 7.658386e-13 7.086870e-01 9.720773e-01
4.983861e-01 7.644433e-13 6.902460e-01 9.722802e-01
4.983857e-01 7.666620e-13 6.580770e-01 9.717305e-01
4.983866e-01 7.674208e-13 6.428040e-01 9.720878e-01
4.983843e-01 7.686815e-13 6.422890e-01 9.719534e-01
4.983858e-01 7.733531e-13 6.424080e-01 9.722154e-01
4.983851e-01 7.686068e-13 6.518380e-01 9.720087e-01
4.983876e-01 7.727137e-13 6.993570e-01 9.717391e-01
4.983810e-01 7.594782e-13 6.603280e-01 9.725213e-01
4.983844e-01 7.637750e-13 7.429210e-01 9.722050e-01
4.983892e-01 7.802225e-13 6.658720e-01 9.721726e-01
4.983843e-01 7.636482e-13 6.630940e-01 9.722793e-01
4.983922e-01 7.832289e-13 6.713850e-01 9.720096e-01
4.983869e-01 7.664980e-13 6.353090e-01 9.720964e-01
4.983916e-01 7.800000e-13 6.421680e-01 9.718372e-01
4.983917e-01 7.851491e-13 6.541860e-01 9.719411e-01
4.983881e-01 7.678918e-13 6.775170e-01 9.721764e-01
4.983858e-01 7.662684e-13 6.803890e-01 9.720020e-01
4.983859e-01 7.680119e-13 6.581390e-01 9.724536e-01
4.983872e-01 7.723045e-13 6.526640e-01 9.720125e-01
4.983813e-01 7.543217e-13 6.921490e-01 9.723222e-01
4.983881e-01 7.796403e-13 6.294910e-01 9.722412e-01
4.983865e-01 7.688360e-13 6.297010e-01 9.718191e-01
4.983869e-01 7.659574e-13 6.638230e-01 9.720878e-01
4.983897e-01 7.779839e-13 6.562340e-01 9.722688e-01
4.983887e-01 7.783834e-13 6.585200e-01 9.720763e-01
4.983867e-01 7.703396e-13 7.345170e-01 9.723860e-01
4.983918e-01 7.845081e-13 6.763370e-01 9.722154e-01
4.983880e-01 7.783142e-13 6.491560e-01 9.720716e-01
4.983859e-01 7.652513e-13 6.835820e-01 9.723098e-01
4.983876e-01 7.705754e-13 6.727230e-01 9.723107e-01
4.983926e-01 7.843106e-13 7.002200e-01 9.719401e-01
4.983855e-01 7.646606e-13 6.741720e-01 9.721259e-01
4.983890e-01 7.690561e-13 6.766440e-01 9.718858e-01
4.983920e-01 7.760212e-13 7.483810e-01 9.720849e-01
4.983856e-01 7.552387e-13 7.312110e-01 9.721354e-01
4.983828e-01 7.581646e-13 6.691050e-01 9.720878e-01
4.983836e-01 7.656350e-13 6.642110e-01 9.721516e-01
4.983956e-01 7.881656e-13 6.876670e-01 9.719963e-01
4.983865e-01 7.660071e-13 7.064200e-01 9.719887e-01
4.983854e-01 7.639607e-13 7.570610e-01 9.718715e-01
4.983842e-01 7.510699e-13 6.902470e-01 9.722221e-01
4.983908e-01 7.807019e-13 6.515600e-01 9.721764e-01
4.983860e-01 7.703850e-13 6.780380e-01 9.719039e-01
4.983885e-01 7.710293e-13 6.637180e-01 9.720983e-01
4.983874e-01 7.657201e-13 6.634520e-01 9.721030e-01
4.983925e-01 7.861847e-13 6.568920e-01 9.721764e-01
4.983882e-01 7.698046e-13 6.744650e-01 9.718915e-01
4.983865e-01 7.722524e-13 6.840150e-01 9.723031e-01
4.983899e-01 7.777237e-13 6.837660e-01 9.720554e-01
4.983845e-01 7.554329e-13 7.326590e-01 9.718991e-01
4.983867e-01 7.718209e-13 6.972440e-01 9.721297e-01
4.983893e-01 7.726624e-13 6.566380e-01 9.720983e-01
4.983890e-01 7.703037e-13 7.857880e-01 9.720449e-01
4.983904e-01 7.784118e-13 6.909430e-01 9.722278e-01
4.983851e-01 7.624982e-13 7.030800e-01 9.719601e-01
4.983918e-01 7.815892e-13 7.305030e-01 9.719010e-01
4.983914e-01 7.735156e-13 7.382360e-01 9.721430e-01
4.983873e-01 7.689826e-13 6.809400e-01 9.721354e-01
4.983898e-01 7.771060e-13 6.478780e-01 9.721307e-01
4.983881e-01 7.657859e-13 6.636210e-01 9.720325e-01
4.983910e-01 7.805298e-13 6.546460e-01 9.720058e-01
4.983890e-01 7.717556e-13 6.967380e-01 9.721106e-01
4.983876e-01 7.707084e-13 7.014390e-01 9.725079e-01
4.983889e-01 7.744012e-13 6.449080e-01 9.721735e-01
4.983865e-01 7.600457e-13 7.066690e-01 9.719306e-01
4.983845e-01 7.653429e-13 6.691120e-01 9.723822e-01
4.983912e-01 7.766963e-13 6.456000e-01 9.716981e-01
4.983907e-01 7.705518e-13 7.105000e-01 9.721145e-01
4.983863e-01 7.614339e-13 6.605230e-01 9.721192e-01
4.983895e-01 7.712034e-13 6.871370e-01 9.719572e-01
4.983880e-01 7.623582e-13 7.019220e-01 9.721640e-01
4.983865e-01 7.660767e-13 6.780300e-01 9.720039e-01
4.983911e-01 7.696320e-13 6.504950e-01 9.722212e-01
4.983837e-01 7.590986e-13 6.529610e-01 9.719868e-01
4.983857e-01 7.606241e-13 6.479390e-01 9.718686e-01
4.983881e-01 7.694511e-13 6.600180e-01 9.723260e-01
4.983873e-01 7.618815e-13 7.013230e-01 9.721287e-01
4.983865e-01 7.534315e-13 6.855360e-01 9.720049e-01
4.983877e-01 7.608776e-13 6.646930e-01 9.722564e-01
4.983868e-01 7.674243e-13 6.971920e-01 9.722050e-01
4.983915e-01 7.743095e-13 6.600520e-01 9.721554e-01
4.983889e-01 7.731287e-13 6.618720e-01 9.718629e-01
4.983906e-01 7.730461e-13 7.177990e-01 9.716829e-01
4.983876e-01 7.714154e-13 7.189880e-01 9.721945e-01
4.983923e-01 7.765245e-13 6.939920e-01 9.722335e-01
4.983900e-01 7.807929e-13 6.701270e-01 9.719430e-01
4.983912e-01 7.775025e-13 6.494180e-01 9.722059e-01
4.983908e-01 7.690696e-13 7.096330e-01 9.721935e-01
4.983900e-01 7.720200e-13 6.617520e-01 9.721297e-01
4.983906e-01 7.778543e-13 7.055430e-01 9.721726e-01
4.983877e-01 7.667408e-13 6.651160e-01 9.720373e-01
4.983923e-01 7.738959e-13 6.779120e-01 9.721202e-01
4.983872e-01 7.549046e-13 6.369730e-01 9.721811e-01
4.983893e-01 7.712943e-13 6.493920e-01 9.720668e-01
4.983895e-01 7.723052e-13 6.686110e-01 9.724689e-01
4.983931e-01 7.788949e-13 6.392190e-01 9.718925e-01
4.983877e-01 7.582548e-13 6.564260e-01 9.723174e-01
4.983886e-01 7.571698e-13 6.545700e-01 9.722793e-01
4.983904e-01 7.604912e-13 6.485500e-01 9.719039e-01
4.983918e-01 7.717704e-13 6.694780e-01 9.723260e-01
4.983951e-01 7.869472e-13 6.956390e-01 9.721840e-01
4.983921e-01 7.702197e-13 6.622040e-01 9.720678e-01
4.983893e-01 7.669649e-13 6.868370e-01 9.722545e-01
4.983874e-01 7.574624e-13 6.617640e-01 9.723641e-01
4.983901e-01 7.778183e-13 6.563110e-01 9.722402e-01
