# dim  N   mc   dt  Impsamp 
# 1    1 1049576 0.0001
#
# Theoretical Energy = 5.000000e-01
# Energy     Variance     CPU time     Acceptance
5.954925e-01 2.631194e-08 8.652950e-01 9.999743e-01
5.727070e-01 2.275870e-08 7.627220e-01 9.999800e-01
5.625553e-01 2.331560e-08 8.434690e-01 9.999790e-01
5.740044e-01 1.587954e-08 7.741960e-01 9.999800e-01
5.516271e-01 1.914431e-08 8.023070e-01 9.999705e-01
5.296575e-01 1.750810e-08 7.619550e-01 9.999714e-01
5.272134e-01 1.349891e-08 7.103400e-01 9.999790e-01
5.290416e-01 1.247588e-08 7.562970e-01 9.999800e-01
5.056166e-01 8.433271e-09 7.381380e-01 9.999829e-01
5.206433e-01 9.144160e-09 8.009840e-01 9.999762e-01
4.894835e-01 6.624699e-09 8.084250e-01 9.999695e-01
4.817432e-01 5.641807e-09 7.527290e-01 9.999790e-01
4.762842e-01 5.990618e-09 8.251030e-01 9.999819e-01
4.823060e-01 5.014642e-09 8.854340e-01 9.999752e-01
4.742840e-01 4.054980e-09 8.040250e-01 9.999809e-01
4.764805e-01 4.651511e-09 7.687840e-01 9.999809e-01
4.539556e-01 1.965991e-09 6.856920e-01 9.999667e-01
4.831177e-01 3.983404e-09 6.758260e-01 9.999724e-01
4.713882e-01 3.927985e-09 6.755430e-01 9.999733e-01
4.683828e-01 3.303878e-09 6.771250e-01 9.999743e-01
4.637998e-01 3.641840e-09 6.717860e-01 9.999781e-01
4.490694e-01 1.114886e-09 6.706850e-01 9.999848e-01
4.576873e-01 2.385949e-09 6.749850e-01 9.999752e-01
4.486924e-01 1.313074e-09 6.692180e-01 9.999667e-01
4.515935e-01 1.352091e-09 6.735520e-01 9.999781e-01
4.473582e-01 1.102444e-09 6.771100e-01 9.999790e-01
4.436778e-01 5.502648e-10 6.804260e-01 9.999790e-01
4.438509e-01 8.603884e-10 6.789100e-01 9.999733e-01
4.482056e-01 1.070483e-09 6.827890e-01 9.999800e-01
4.443774e-01 9.888629e-10 6.720370e-01 9.999809e-01
4.426778e-01 6.014147e-10 6.626840e-01 9.999838e-01
4.474300e-01 1.090916e-09 6.953840e-01 9.999848e-01
4.553708e-01 1.935513e-09 6.749880e-01 9.999733e-01
4.448369e-01 1.032233e-09 6.721170e-01 9.999743e-01
4.460112e-01 9.689954e-10 6.710470e-01 9.999762e-01
4.407731e-01 6.274504e-10 6.737830e-01 9.999714e-01
4.462044e-01 1.020295e-09 6.615320e-01 9.999743e-01
4.460299e-01 1.445059e-09 6.721680e-01 9.999638e-01
4.459573e-01 1.046616e-09 6.649340e-01 9.999838e-01
4.403720e-01 6.304249e-10 6.629670e-01 9.999752e-01
4.438087e-01 9.276306e-10 6.786890e-01 9.999829e-01
4.417785e-01 6.215936e-10 6.825400e-01 9.999752e-01
4.464932e-01 1.114748e-09 6.619780e-01 9.999771e-01
4.421998e-01 8.436890e-10 6.765130e-01 9.999771e-01
4.382834e-01 5.451441e-10 6.666830e-01 9.999790e-01
4.480916e-01 1.212461e-09 6.637940e-01 9.999762e-01
4.407781e-01 6.464152e-10 6.766190e-01 9.999752e-01
4.411008e-01 8.957534e-10 6.663200e-01 9.999819e-01
4.448924e-01 1.114341e-09 6.753040e-01 9.999724e-01
4.384445e-01 6.095733e-10 6.618360e-01 9.999733e-01
4.451561e-01 8.769090e-10 6.682840e-01 9.999714e-01
4.452386e-01 9.733449e-10 6.677580e-01 9.999809e-01
4.436383e-01 8.033867e-10 6.667900e-01 9.999848e-01
4.425767e-01 7.450510e-10 6.607950e-01 9.999733e-01
4.385547e-01 5.400550e-10 6.712920e-01 9.999809e-01
4.401723e-01 5.568252e-10 6.719980e-01 9.999819e-01
4.452248e-01 9.440240e-10 6.607840e-01 9.999809e-01
4.407646e-01 6.720572e-10 6.884070e-01 9.999762e-01
4.498934e-01 1.576417e-09 6.592580e-01 9.999695e-01
4.496640e-01 1.690110e-09 6.600760e-01 9.999809e-01
4.437209e-01 1.121491e-09 6.807340e-01 9.999819e-01
4.377371e-01 4.964133e-10 6.641190e-01 9.999762e-01
4.428139e-01 9.657598e-10 6.689600e-01 9.999809e-01
4.412064e-01 1.000228e-09 6.755360e-01 9.999714e-01
4.427155e-01 8.434071e-10 6.682670e-01 9.999800e-01
4.436301e-01 6.947618e-10 6.691370e-01 9.999800e-01
4.458843e-01 9.381890e-10 6.814320e-01 9.999819e-01
4.472066e-01 1.472803e-09 6.669690e-01 9.999695e-01
4.467530e-01 1.323151e-09 6.639530e-01 9.999743e-01
4.402963e-01 7.271408e-10 6.707090e-01 9.999800e-01
4.453538e-01 1.140131e-09 6.736450e-01 9.999762e-01
4.416724e-01 8.324783e-10 6.699850e-01 9.999771e-01
4.389587e-01 6.882932e-10 6.733720e-01 9.999743e-01
4.417319e-01 8.226172e-10 6.705960e-01 9.999771e-01
4.414695e-01 8.490657e-10 6.715680e-01 9.999743e-01
4.415454e-01 9.602512e-10 6.688300e-01 9.999724e-01
4.383484e-01 5.488146e-10 7.653140e-01 9.999819e-01
4.396195e-01 6.852728e-10 7.621510e-01 9.999762e-01
4.436856e-01 9.133750e-10 7.982660e-01 9.999714e-01
4.479946e-01 1.746336e-09 7.568470e-01 9.999790e-01
4.389012e-01 7.014635e-10 7.651440e-01 9.999686e-01
4.365835e-01 5.822632e-10 7.779060e-01 9.999838e-01
4.412452e-01 7.978305e-10 8.959690e-01 9.999819e-01
4.487217e-01 1.254020e-09 9.184250e-01 9.999838e-01
4.428376e-01 7.581176e-10 8.411980e-01 9.999752e-01
4.392437e-01 9.120272e-10 9.949310e-01 9.999790e-01
4.445774e-01 9.542706e-10 1.067644e+00 9.999733e-01
4.444104e-01 9.942913e-10 1.035631e+00 9.999800e-01
4.431793e-01 1.045992e-09 9.710870e-01 9.999781e-01
4.346081e-01 3.614664e-10 1.013220e+00 9.999781e-01
4.454992e-01 1.613462e-09 8.352930e-01 9.999733e-01
4.410157e-01 7.180590e-10 9.592090e-01 9.999733e-01
4.396077e-01 6.640573e-10 8.303450e-01 9.999886e-01
4.417421e-01 9.175298e-10 8.196090e-01 9.999781e-01
4.401832e-01 7.665133e-10 8.855260e-01 9.999743e-01
4.451177e-01 1.052942e-09 8.399900e-01 9.999829e-01
4.454583e-01 1.082966e-09 8.073220e-01 9.999781e-01
4.446704e-01 1.142597e-09 7.938620e-01 9.999771e-01
4.323000e-01 3.330259e-10 8.563680e-01 9.999800e-01
4.432064e-01 8.281507e-10 7.896830e-01 9.999809e-01
4.445765e-01 9.298435e-10 7.519750e-01 9.999752e-01
4.435791e-01 1.141803e-09 7.889780e-01 9.999762e-01
4.421222e-01 8.893797e-10 9.274940e-01 9.999857e-01
4.381455e-01 5.242510e-10 9.143190e-01 9.999752e-01
4.395505e-01 7.944981e-10 8.910060e-01 9.999829e-01
4.407363e-01 7.242353e-10 7.986770e-01 9.999771e-01
4.480966e-01 1.355340e-09 7.440080e-01 9.999714e-01
4.437277e-01 1.043043e-09 8.174480e-01 9.999781e-01
4.466536e-01 1.126191e-09 9.883140e-01 9.999743e-01
4.476255e-01 1.431879e-09 9.576090e-01 9.999733e-01
4.387697e-01 6.756184e-10 8.537900e-01 9.999771e-01
4.404820e-01 7.367478e-10 8.131060e-01 9.999705e-01
4.393499e-01 9.163058e-10 7.593040e-01 9.999790e-01
4.426044e-01 1.050977e-09 7.778970e-01 9.999867e-01
4.434301e-01 1.045898e-09 7.976100e-01 9.999819e-01
4.438344e-01 8.648621e-10 7.702730e-01 9.999705e-01
4.441924e-01 8.108975e-10 7.952160e-01 9.999838e-01
4.477505e-01 1.686845e-09 7.984980e-01 9.999752e-01
4.468452e-01 1.198329e-09 8.106630e-01 9.999781e-01
4.450943e-01 9.713492e-10 7.816990e-01 9.999743e-01
4.468580e-01 1.745053e-09 7.500140e-01 9.999771e-01
4.411544e-01 8.456369e-10 7.640230e-01 9.999790e-01
4.419389e-01 9.656688e-10 7.668510e-01 9.999733e-01
4.427995e-01 6.941124e-10 7.706300e-01 9.999705e-01
4.434584e-01 8.478874e-10 7.476040e-01 9.999886e-01
4.442728e-01 9.782754e-10 7.708690e-01 9.999762e-01
4.490068e-01 1.005794e-09 7.951480e-01 9.999857e-01
4.419600e-01 9.175312e-10 7.594790e-01 9.999762e-01
4.505229e-01 1.753861e-09 7.836590e-01 9.999819e-01
4.480155e-01 1.579138e-09 8.050560e-01 9.999781e-01
4.450608e-01 1.361760e-09 1.003404e+00 9.999790e-01
4.432929e-01 9.095736e-10 9.153610e-01 9.999743e-01
4.468426e-01 1.818299e-09 8.246640e-01 9.999733e-01
4.420119e-01 9.072065e-10 9.238100e-01 9.999771e-01
4.462111e-01 1.326653e-09 9.162520e-01 9.999771e-01
4.398901e-01 7.154120e-10 7.483540e-01 9.999790e-01
4.415147e-01 7.008328e-10 7.846580e-01 9.999705e-01
4.436249e-01 9.661054e-10 7.037630e-01 9.999743e-01
4.403983e-01 6.016701e-10 7.205330e-01 9.999781e-01
4.370645e-01 5.074618e-10 8.003590e-01 9.999695e-01
4.426741e-01 7.331157e-10 8.469100e-01 9.999724e-01
4.391839e-01 6.236566e-10 8.470770e-01 9.999771e-01
4.392133e-01 5.848027e-10 8.373010e-01 9.999819e-01
4.415979e-01 6.825215e-10 8.202550e-01 9.999829e-01
4.464987e-01 1.118715e-09 8.214250e-01 9.999838e-01
4.393543e-01 6.225783e-10 8.691970e-01 9.999809e-01
4.405386e-01 7.199689e-10 9.166690e-01 9.999800e-01
4.404358e-01 5.970101e-10 8.742860e-01 9.999819e-01
4.440944e-01 1.088142e-09 7.956310e-01 9.999752e-01
4.416648e-01 1.000948e-09 7.234610e-01 9.999781e-01
4.419569e-01 8.172130e-10 7.300730e-01 9.999867e-01
4.426721e-01 9.472528e-10 7.364560e-01 9.999705e-01
4.401726e-01 6.517852e-10 7.733720e-01 9.999819e-01
4.417895e-01 7.860160e-10 7.624130e-01 9.999676e-01
4.421888e-01 8.139053e-10 7.766980e-01 9.999695e-01
4.446781e-01 1.143127e-09 7.221720e-01 9.999790e-01
4.413067e-01 8.033142e-10 7.182540e-01 9.999809e-01
4.404893e-01 5.679532e-10 7.098030e-01 9.999752e-01
4.453987e-01 1.139788e-09 8.464750e-01 9.999867e-01
4.440501e-01 8.133146e-10 7.735730e-01 9.999724e-01
4.421534e-01 6.998874e-10 7.755310e-01 9.999714e-01
4.427998e-01 7.167237e-10 7.802730e-01 9.999800e-01
4.413340e-01 6.165803e-10 7.681260e-01 9.999743e-01
4.398573e-01 6.823973e-10 7.796990e-01 9.999800e-01
4.510894e-01 1.577541e-09 7.542210e-01 9.999781e-01
4.483651e-01 1.272604e-09 7.789670e-01 9.999762e-01
4.434672e-01 1.122432e-09 7.610050e-01 9.999790e-01
4.413698e-01 5.783225e-10 7.559320e-01 9.999714e-01
4.406819e-01 7.821646e-10 7.641630e-01 9.999781e-01
4.444216e-01 1.176923e-09 7.680350e-01 9.999743e-01
4.453571e-01 8.231093e-10 7.639600e-01 9.999743e-01
4.548810e-01 1.876920e-09 7.366670e-01 9.999781e-01
4.427002e-01 7.812629e-10 8.575740e-01 9.999800e-01
4.407350e-01 5.456181e-10 7.410230e-01 9.999781e-01
4.410200e-01 7.503786e-10 7.359490e-01 9.999771e-01
4.463762e-01 1.387176e-09 7.202300e-01 9.999848e-01
4.435252e-01 6.471960e-10 7.496110e-01 9.999781e-01
4.459491e-01 1.078706e-09 7.237510e-01 9.999752e-01
4.397483e-01 6.923803e-10 7.613080e-01 9.999733e-01
4.427381e-01 9.307683e-10 7.598920e-01 9.999838e-01
4.504393e-01 1.225001e-09 7.738290e-01 9.999733e-01
4.487008e-01 1.601395e-09 7.495450e-01 9.999819e-01
4.449016e-01 1.014433e-09 7.620310e-01 9.999733e-01
4.457988e-01 9.579786e-10 7.331110e-01 9.999781e-01
4.445280e-01 8.538674e-10 7.696150e-01 9.999762e-01
4.500026e-01 1.285186e-09 7.380700e-01 9.999790e-01
4.432077e-01 6.793724e-10 8.319240e-01 9.999829e-01
4.406210e-01 5.717848e-10 7.629690e-01 9.999762e-01
4.416829e-01 6.603577e-10 7.454380e-01 9.999724e-01
4.447183e-01 7.684113e-10 7.275050e-01 9.999781e-01
4.454029e-01 8.396402e-10 7.689260e-01 9.999657e-01
4.406917e-01 5.486579e-10 7.761600e-01 9.999800e-01
4.414133e-01 6.946526e-10 7.635980e-01 9.999829e-01
4.457001e-01 1.094462e-09 7.517690e-01 9.999771e-01
4.503012e-01 1.357922e-09 7.312810e-01 9.999705e-01
4.506099e-01 1.732265e-09 7.520450e-01 9.999705e-01
4.438677e-01 8.458683e-10 7.351490e-01 9.999809e-01
4.444518e-01 8.511269e-10 7.458790e-01 9.999771e-01
4.454781e-01 9.632412e-10 7.916750e-01 9.999819e-01
4.431668e-01 7.009341e-10 7.616480e-01 9.999781e-01
4.457198e-01 7.666381e-10 7.840330e-01 9.999752e-01
4.444566e-01 7.757654e-10 7.662770e-01 9.999762e-01
4.420381e-01 4.967050e-10 7.561570e-01 9.999857e-01
4.433017e-01 6.625819e-10 7.343870e-01 9.999762e-01
4.399355e-01 4.995481e-10 7.790260e-01 9.999809e-01
4.491059e-01 1.099998e-09 7.545450e-01 9.999752e-01
4.486633e-01 1.302492e-09 7.883520e-01 9.999752e-01
4.443871e-01 1.016453e-09 7.683570e-01 9.999829e-01
4.441216e-01 6.326864e-10 7.357850e-01 9.999628e-01
4.448158e-01 7.935488e-10 7.666790e-01 9.999809e-01
4.441969e-01 8.660425e-10 7.637400e-01 9.999819e-01
4.422509e-01 9.585161e-10 7.945950e-01 9.999838e-01
4.468123e-01 1.198525e-09 8.000140e-01 9.999771e-01
4.431846e-01 9.122929e-10 7.320850e-01 9.999752e-01
4.397944e-01 5.892767e-10 7.290010e-01 9.999829e-01
4.454408e-01 8.152591e-10 7.651100e-01 9.999743e-01
4.423719e-01 7.836033e-10 7.603810e-01 9.999829e-01
4.482787e-01 1.024550e-09 7.597970e-01 9.999695e-01
4.427757e-01 7.830384e-10 7.541850e-01 9.999771e-01
4.482135e-01 1.591542e-09 7.653080e-01 9.999762e-01
4.453486e-01 7.884358e-10 7.626760e-01 9.999886e-01
4.465852e-01 7.006574e-10 8.079560e-01 9.999829e-01
4.470207e-01 1.669291e-09 9.485340e-01 9.999800e-01
4.504866e-01 1.382120e-09 9.657300e-01 9.999809e-01
4.501312e-01 1.130222e-09 8.688260e-01 9.999790e-01
4.443940e-01 8.036236e-10 9.859210e-01 9.999790e-01
4.460093e-01 6.878828e-10 9.209730e-01 9.999838e-01
4.511767e-01 1.110098e-09 8.608720e-01 9.999848e-01
4.484712e-01 1.023193e-09 8.086960e-01 9.999867e-01
4.396970e-01 5.121918e-10 7.913020e-01 9.999743e-01
4.422135e-01 5.077878e-10 8.448100e-01 9.999829e-01
4.431788e-01 8.868083e-10 8.453500e-01 9.999743e-01
4.444165e-01 7.396203e-10 7.169650e-01 9.999752e-01
4.509493e-01 1.896685e-09 6.695460e-01 9.999819e-01
4.458008e-01 7.854266e-10 7.525580e-01 9.999809e-01
4.448667e-01 7.326368e-10 7.554850e-01 9.999743e-01
4.471654e-01 7.616823e-10 7.632060e-01 9.999752e-01
4.469860e-01 7.948803e-10 8.018590e-01 9.999771e-01
4.432990e-01 7.825331e-10 7.779010e-01 9.999743e-01
4.466212e-01 6.665262e-10 7.463250e-01 9.999800e-01
4.458343e-01 7.017135e-10 7.580530e-01 9.999733e-01
4.447249e-01 6.384226e-10 7.344720e-01 9.999714e-01
4.441802e-01 7.020464e-10 7.734210e-01 9.999752e-01
4.474440e-01 8.956600e-10 7.440240e-01 9.999781e-01
4.443251e-01 7.574453e-10 7.552780e-01 9.999733e-01
4.379918e-01 4.154070e-10 7.415440e-01 9.999705e-01
4.500569e-01 1.288464e-09 7.207290e-01 9.999752e-01
4.471289e-01 8.841989e-10 6.917640e-01 9.999790e-01
4.547211e-01 1.392481e-09 7.164000e-01 9.999714e-01
4.438288e-01 7.007340e-10 7.541740e-01 9.999638e-01
4.523068e-01 1.201325e-09 7.098620e-01 9.999743e-01
4.402762e-01 5.775274e-10 7.556510e-01 9.999762e-01
4.457807e-01 7.969192e-10 6.968930e-01 9.999686e-01
4.453471e-01 7.553180e-10 6.944450e-01 9.999752e-01
4.488739e-01 1.153589e-09 6.885440e-01 9.999638e-01
4.451524e-01 5.018028e-10 6.993650e-01 9.999857e-01
4.437361e-01 5.726926e-10 6.613050e-01 9.999714e-01
4.468077e-01 6.590319e-10 6.865350e-01 9.999762e-01
4.440957e-01 6.360809e-10 6.605890e-01 9.999733e-01
4.477756e-01 1.043329e-09 6.658280e-01 9.999790e-01
4.424908e-01 4.505286e-10 6.489520e-01 9.999762e-01
4.484628e-01 8.716862e-10 6.658110e-01 9.999771e-01
4.456615e-01 7.550959e-10 6.702980e-01 9.999743e-01
4.513213e-01 1.192881e-09 6.534360e-01 9.999848e-01
4.453807e-01 6.692342e-10 6.459320e-01 9.999771e-01
4.522193e-01 1.024713e-09 6.573300e-01 9.999781e-01
4.507090e-01 1.356771e-09 6.658790e-01 9.999781e-01
4.485004e-01 7.552582e-10 6.674890e-01 9.999667e-01
4.517269e-01 1.258914e-09 6.655830e-01 9.999743e-01
4.467020e-01 9.404131e-10 6.631690e-01 9.999771e-01
4.448802e-01 8.865418e-10 6.519170e-01 9.999790e-01
4.491020e-01 8.250883e-10 6.671920e-01 9.999771e-01
4.490884e-01 1.051952e-09 6.577180e-01 9.999809e-01
4.431750e-01 5.830524e-10 6.560210e-01 9.999771e-01
4.481008e-01 7.149818e-10 6.629030e-01 9.999819e-01
4.495193e-01 8.051432e-10 6.679170e-01 9.999867e-01
4.510806e-01 1.126868e-09 6.633070e-01 9.999771e-01
4.531205e-01 1.296627e-09 6.557800e-01 9.999762e-01
4.466759e-01 6.750003e-10 6.534320e-01 9.999752e-01
4.430624e-01 3.774853e-10 6.717600e-01 9.999838e-01
4.468150e-01 8.435605e-10 6.519020e-01 9.999686e-01
4.480779e-01 7.201835e-10 6.692000e-01 9.999695e-01
4.473533e-01 6.541907e-10 6.541270e-01 9.999809e-01
4.468511e-01 6.056642e-10 6.699150e-01 9.999676e-01
4.547423e-01 9.913339e-10 6.669390e-01 9.999752e-01
4.439637e-01 6.380625e-10 6.615380e-01 9.999743e-01
4.462844e-01 9.426766e-10 6.768120e-01 9.999686e-01
4.479022e-01 8.356950e-10 6.757570e-01 9.999800e-01
4.482644e-01 1.209898e-09 6.739300e-01 9.999743e-01
4.470129e-01 8.435198e-10 6.493350e-01 9.999809e-01
4.448129e-01 6.850440e-10 6.647140e-01 9.999762e-01
4.509520e-01 1.126462e-09 6.682760e-01 9.999752e-01
4.488613e-01 1.189535e-09 6.564600e-01 9.999743e-01
4.462858e-01 8.269075e-10 6.514870e-01 9.999838e-01
4.413740e-01 4.558147e-10 6.667100e-01 9.999838e-01
4.443915e-01 6.063011e-10 6.609470e-01 9.999809e-01
4.479354e-01 6.438362e-10 6.509250e-01 9.999781e-01
4.519622e-01 1.295428e-09 6.570760e-01 9.999752e-01
4.429908e-01 5.610802e-10 6.528200e-01 9.999790e-01
4.500471e-01 1.084603e-09 6.660380e-01 9.999762e-01
4.435391e-01 4.854255e-10 6.570000e-01 9.999829e-01
4.454031e-01 7.326994e-10 6.654510e-01 9.999809e-01
4.460423e-01 6.649671e-10 6.604890e-01 9.999819e-01
4.468605e-01 9.084335e-10 6.562180e-01 9.999781e-01
4.440554e-01 6.381558e-10 6.904060e-01 9.999752e-01
4.438724e-01 6.916104e-10 6.577700e-01 9.999829e-01
4.470926e-01 9.704504e-10 6.642240e-01 9.999838e-01
4.464543e-01 7.114854e-10 6.634460e-01 9.999800e-01
4.433621e-01 7.538456e-10 6.595420e-01 9.999790e-01
4.496132e-01 8.578047e-10 6.573740e-01 9.999695e-01
4.465962e-01 8.061726e-10 6.519760e-01 9.999752e-01
4.423458e-01 4.381538e-10 6.599020e-01 9.999743e-01
4.450067e-01 7.492600e-10 6.563360e-01 9.999829e-01
4.465319e-01 7.923148e-10 6.622780e-01 9.999790e-01
4.481089e-01 8.993632e-10 6.597620e-01 9.999762e-01
4.506845e-01 1.295337e-09 6.577190e-01 9.999838e-01
4.505662e-01 9.474018e-10 6.673580e-01 9.999829e-01
4.428447e-01 4.475025e-10 6.678360e-01 9.999781e-01
4.524887e-01 1.928648e-09 6.605190e-01 9.999752e-01
4.446888e-01 4.902881e-10 6.635510e-01 9.999743e-01
4.463956e-01 7.287356e-10 6.667670e-01 9.999743e-01
4.486020e-01 8.218068e-10 6.537050e-01 9.999762e-01
4.454513e-01 7.806103e-10 6.802890e-01 9.999705e-01
4.486960e-01 1.117682e-09 6.572890e-01 9.999809e-01
4.464474e-01 7.683426e-10 6.535430e-01 9.999857e-01
4.452672e-01 5.822094e-10 6.489610e-01 9.999724e-01
4.519033e-01 1.424800e-09 6.593070e-01 9.999790e-01
4.490131e-01 9.965630e-10 6.451480e-01 9.999733e-01
4.480806e-01 8.689545e-10 6.594120e-01 9.999733e-01
4.547772e-01 9.929579e-10 6.546210e-01 9.999771e-01
4.451108e-01 7.304966e-10 6.825760e-01 9.999819e-01
4.485064e-01 1.097149e-09 6.713920e-01 9.999800e-01
4.433089e-01 5.669296e-10 6.722250e-01 9.999809e-01
4.431679e-01 6.095391e-10 6.859490e-01 9.999705e-01
4.448231e-01 5.772390e-10 6.502600e-01 9.999781e-01
4.511595e-01 1.162678e-09 6.463550e-01 9.999733e-01
4.483843e-01 7.796068e-10 6.513020e-01 9.999724e-01
4.464375e-01 7.211497e-10 6.649150e-01 9.999819e-01
4.495921e-01 9.398722e-10 6.619380e-01 9.999762e-01
4.513911e-01 9.646732e-10 6.516740e-01 9.999714e-01
4.502275e-01 8.843011e-10 6.689590e-01 9.999771e-01
4.477279e-01 9.059893e-10 6.684070e-01 9.999762e-01
4.453408e-01 7.419232e-10 6.808770e-01 9.999752e-01
4.458664e-01 6.951750e-10 6.674110e-01 9.999886e-01
4.476859e-01 1.011078e-09 6.565980e-01 9.999771e-01
4.507852e-01 1.089310e-09 6.522150e-01 9.999819e-01
4.431550e-01 5.240106e-10 6.581540e-01 9.999819e-01
4.473061e-01 7.918562e-10 6.525880e-01 9.999771e-01
4.484603e-01 5.950720e-10 6.847190e-01 9.999733e-01
4.480222e-01 8.201277e-10 6.552520e-01 9.999819e-01
4.445843e-01 5.317762e-10 6.617920e-01 9.999781e-01
4.462702e-01 7.584126e-10 6.843140e-01 9.999790e-01
4.513632e-01 1.014109e-09 6.589950e-01 9.999752e-01
4.439812e-01 6.097887e-10 6.662320e-01 9.999714e-01
4.478524e-01 7.721305e-10 6.469660e-01 9.999781e-01
4.516530e-01 1.009366e-09 6.592890e-01 9.999762e-01
4.494414e-01 7.659702e-10 6.615870e-01 9.999676e-01
4.444747e-01 6.455803e-10 6.538920e-01 9.999800e-01
4.441111e-01 5.029774e-10 6.626420e-01 9.999790e-01
4.468617e-01 5.901964e-10 6.691180e-01 9.999800e-01
4.433210e-01 4.614638e-10 6.557910e-01 9.999695e-01
4.498193e-01 9.831490e-10 6.560360e-01 9.999686e-01
4.463358e-01 7.194083e-10 6.658990e-01 9.999743e-01
4.490544e-01 8.372095e-10 6.626250e-01 9.999733e-01
4.513169e-01 7.917942e-10 6.577780e-01 9.999647e-01
4.519548e-01 1.478227e-09 6.561090e-01 9.999762e-01
4.483129e-01 8.377634e-10 6.590800e-01 9.999733e-01
4.448710e-01 6.338836e-10 6.582480e-01 9.999838e-01
4.538987e-01 1.195471e-09 6.453670e-01 9.999800e-01
4.417080e-01 5.767761e-10 6.599530e-01 9.999771e-01
4.434657e-01 5.413132e-10 6.513120e-01 9.999752e-01
4.470556e-01 5.412302e-10 6.541780e-01 9.999790e-01
4.494235e-01 6.633911e-10 6.489920e-01 9.999676e-01
4.435299e-01 4.743197e-10 6.623940e-01 9.999800e-01
4.460739e-01 6.274396e-10 6.577070e-01 9.999771e-01
4.451488e-01 6.749571e-10 6.530770e-01 9.999743e-01
4.456366e-01 9.798072e-10 6.801730e-01 9.999743e-01
4.504935e-01 7.922486e-10 6.859070e-01 9.999829e-01
4.457729e-01 6.223315e-10 6.570960e-01 9.999743e-01
4.501239e-01 1.089084e-09 6.618340e-01 9.999809e-01
4.433390e-01 4.340718e-10 7.022730e-01 9.999809e-01
4.496314e-01 8.596824e-10 6.760000e-01 9.999695e-01
4.501464e-01 7.478999e-10 6.592460e-01 9.999762e-01
4.478156e-01 8.389723e-10 6.579240e-01 9.999819e-01
4.486769e-01 6.424816e-10 6.633810e-01 9.999733e-01
4.445550e-01 4.478083e-10 6.485920e-01 9.999800e-01
4.480772e-01 7.365080e-10 6.590010e-01 9.999714e-01
4.475268e-01 5.879998e-10 6.618270e-01 9.999733e-01
4.475687e-01 5.303049e-10 6.721660e-01 9.999752e-01
4.500153e-01 1.067347e-09 6.632360e-01 9.999762e-01
4.531481e-01 1.095092e-09 6.543500e-01 9.999800e-01
4.491474e-01 1.066805e-09 6.641640e-01 9.999705e-01
4.485273e-01 1.310472e-09 6.640160e-01 9.999762e-01
4.420232e-01 3.496485e-10 6.535600e-01 9.999724e-01
4.432656e-01 4.910927e-10 6.724760e-01 9.999705e-01
4.436725e-01 4.259515e-10 6.586970e-01 9.999781e-01
4.480083e-01 7.034797e-10 6.724060e-01 9.999752e-01
4.495119e-01 1.140307e-09 6.678040e-01 9.999848e-01
4.489599e-01 1.070424e-09 6.576200e-01 9.999752e-01
4.433849e-01 5.052401e-10 6.546280e-01 9.999790e-01
4.452961e-01 4.627730e-10 6.608020e-01 9.999819e-01
4.547652e-01 1.301774e-09 6.698930e-01 9.999790e-01
4.478648e-01 6.345700e-10 6.904780e-01 9.999771e-01
4.531324e-01 1.191412e-09 6.668510e-01 9.999733e-01
4.454714e-01 5.867869e-10 6.705270e-01 9.999790e-01
4.502121e-01 7.725848e-10 6.691790e-01 9.999733e-01
4.466490e-01 7.112607e-10 6.498560e-01 9.999781e-01
4.465551e-01 7.176839e-10 6.765780e-01 9.999752e-01
4.457773e-01 6.496338e-10 6.541070e-01 9.999867e-01
4.484112e-01 7.932814e-10 6.614360e-01 9.999819e-01
4.477534e-01 6.869473e-10 6.656620e-01 9.999819e-01
4.447640e-01 5.086666e-10 6.491690e-01 9.999838e-01
4.494246e-01 1.233976e-09 6.487890e-01 9.999724e-01
4.485031e-01 8.145461e-10 6.624300e-01 9.999733e-01
4.509868e-01 1.210526e-09 6.626310e-01 9.999743e-01
4.518110e-01 8.885856e-10 6.679230e-01 9.999628e-01
4.481704e-01 6.506916e-10 6.781500e-01 9.999790e-01
4.473958e-01 5.796537e-10 6.502840e-01 9.999714e-01
4.451046e-01 4.517325e-10 6.576120e-01 9.999781e-01
4.579479e-01 1.273324e-09 6.583360e-01 9.999752e-01
4.538457e-01 1.234199e-09 6.690170e-01 9.999819e-01
4.496969e-01 9.211391e-10 6.550390e-01 9.999752e-01
4.519061e-01 8.408723e-10 6.756400e-01 9.999714e-01
4.517791e-01 9.081617e-10 6.512980e-01 9.999714e-01
4.477183e-01 6.249075e-10 6.505990e-01 9.999838e-01
4.496117e-01 7.405197e-10 6.466760e-01 9.999714e-01
4.516930e-01 8.191524e-10 6.498240e-01 9.999724e-01
4.516146e-01 9.365979e-10 6.461600e-01 9.999819e-01
4.483469e-01 6.698325e-10 6.525080e-01 9.999743e-01
4.524976e-01 9.414430e-10 6.680330e-01 9.999733e-01
4.455565e-01 6.032463e-10 6.676380e-01 9.999781e-01
4.452727e-01 5.769806e-10 6.515540e-01 9.999790e-01
4.456284e-01 6.019808e-10 6.754120e-01 9.999790e-01
4.456110e-01 5.619253e-10 6.632140e-01 9.999829e-01
4.533934e-01 9.957291e-10 6.504760e-01 9.999800e-01
4.531834e-01 9.373729e-10 6.669580e-01 9.999714e-01
4.449367e-01 5.956006e-10 6.478310e-01 9.999800e-01
4.575294e-01 1.137313e-09 6.553680e-01 9.999705e-01
4.492478e-01 8.357135e-10 6.564460e-01 9.999790e-01
4.494305e-01 1.043132e-09 6.603990e-01 9.999714e-01
4.464043e-01 4.515738e-10 6.652780e-01 9.999752e-01
4.486070e-01 6.658319e-10 6.635200e-01 9.999762e-01
4.447598e-01 3.827744e-10 6.657260e-01 9.999743e-01
4.469237e-01 5.325404e-10 6.636610e-01 9.999838e-01
4.497627e-01 7.990251e-10 6.688450e-01 9.999752e-01
4.445522e-01 4.659859e-10 6.562280e-01 9.999733e-01
4.499435e-01 6.279085e-10 6.598570e-01 9.999790e-01
4.497520e-01 8.177266e-10 6.545990e-01 9.999771e-01
4.446178e-01 6.305187e-10 6.628060e-01 9.999752e-01
4.524936e-01 9.872279e-10 6.543090e-01 9.999771e-01
4.542229e-01 1.018023e-09 6.647470e-01 9.999781e-01
4.451004e-01 4.489325e-10 6.558600e-01 9.999762e-01
4.467452e-01 5.650838e-10 6.569230e-01 9.999743e-01
4.513806e-01 7.667875e-10 6.537060e-01 9.999705e-01
4.545692e-01 1.097769e-09 6.475490e-01 9.999819e-01
4.449546e-01 5.017388e-10 6.649050e-01 9.999743e-01
4.503181e-01 8.236429e-10 6.651460e-01 9.999838e-01
4.478526e-01 6.364103e-10 6.554380e-01 9.999790e-01
4.505802e-01 7.280009e-10 6.545480e-01 9.999724e-01
4.512984e-01 9.358091e-10 6.523190e-01 9.999819e-01
4.472984e-01 6.865588e-10 6.677630e-01 9.999743e-01
4.457343e-01 5.591349e-10 6.634710e-01 9.999829e-01
4.485475e-01 7.902350e-10 6.579140e-01 9.999819e-01
4.514970e-01 8.263820e-10 6.487540e-01 9.999714e-01
4.471255e-01 5.949569e-10 6.453660e-01 9.999838e-01
4.452833e-01 4.180925e-10 6.494810e-01 9.999733e-01
4.522318e-01 9.227291e-10 6.512820e-01 9.999809e-01
4.503601e-01 6.303802e-10 6.613870e-01 9.999790e-01
4.508932e-01 1.000951e-09 6.725760e-01 9.999895e-01
4.460404e-01 4.619283e-10 6.587240e-01 9.999762e-01
4.475689e-01 5.212663e-10 6.637790e-01 9.999733e-01
4.495060e-01 5.756631e-10 6.635980e-01 9.999800e-01
4.541677e-01 1.166218e-09 6.590840e-01 9.999676e-01
4.462544e-01 5.455453e-10 6.469410e-01 9.999762e-01
4.481225e-01 6.058162e-10 6.502840e-01 9.999724e-01
4.584541e-01 2.611131e-09 6.502570e-01 9.999867e-01
4.427972e-01 4.609061e-10 6.800600e-01 9.999752e-01
4.501190e-01 7.991948e-10 6.574610e-01 9.999733e-01
4.492246e-01 7.712288e-10 6.453630e-01 9.999809e-01
4.450951e-01 5.715805e-10 6.624240e-01 9.999867e-01
4.492361e-01 9.142350e-10 6.581020e-01 9.999838e-01
4.478114e-01 7.459389e-10 6.718030e-01 9.999771e-01
4.443616e-01 5.441490e-10 6.461450e-01 9.999762e-01
4.454383e-01 7.194091e-10 6.842940e-01 9.999819e-01
4.503317e-01 7.121995e-10 6.518040e-01 9.999762e-01
4.448215e-01 5.518994e-10 6.485620e-01 9.999752e-01
4.449490e-01 4.838496e-10 6.456350e-01 9.999714e-01
4.561421e-01 1.257768e-09 6.618440e-01 9.999714e-01
4.466579e-01 5.178572e-10 6.521820e-01 9.999800e-01
4.463370e-01 4.615717e-10 6.556530e-01 9.999771e-01
4.432566e-01 3.350547e-10 6.547840e-01 9.999752e-01
4.527242e-01 9.313711e-10 6.512370e-01 9.999790e-01
4.521581e-01 1.300099e-09 6.642660e-01 9.999686e-01
4.472972e-01 5.603345e-10 6.798120e-01 9.999771e-01
4.503001e-01 7.323270e-10 6.856840e-01 9.999857e-01
4.462271e-01 5.469210e-10 6.704400e-01 9.999790e-01
4.458206e-01 5.655233e-10 6.444030e-01 9.999838e-01
4.516415e-01 1.227850e-09 6.533940e-01 9.999743e-01
4.515114e-01 1.076049e-09 6.806480e-01 9.999714e-01
4.491078e-01 5.411131e-10 6.577380e-01 9.999752e-01
4.508825e-01 7.691134e-10 6.578870e-01 9.999724e-01
4.442536e-01 5.777337e-10 6.456620e-01 9.999752e-01
4.457294e-01 5.399134e-10 6.612910e-01 9.999771e-01
4.455023e-01 4.658675e-10 6.595590e-01 9.999838e-01
4.507563e-01 1.055843e-09 6.598220e-01 9.999809e-01
4.471739e-01 4.595631e-10 6.553030e-01 9.999819e-01
4.483262e-01 5.990985e-10 6.567120e-01 9.999781e-01
4.501922e-01 8.157308e-10 6.677970e-01 9.999790e-01
4.551333e-01 1.570959e-09 6.562080e-01 9.999752e-01
4.475798e-01 9.216380e-10 6.443300e-01 9.999829e-01
4.509190e-01 1.028425e-09 6.638510e-01 9.999857e-01
4.525245e-01 1.150279e-09 6.564950e-01 9.999790e-01
4.462603e-01 4.605130e-10 6.503030e-01 9.999705e-01
4.502403e-01 8.884929e-10 6.835970e-01 9.999781e-01
4.565485e-01 1.324211e-09 6.590790e-01 9.999724e-01
4.503121e-01 8.669210e-10 6.456260e-01 9.999838e-01
4.477440e-01 7.319403e-10 6.595680e-01 9.999790e-01
4.467296e-01 4.957275e-10 6.453270e-01 9.999771e-01
4.498432e-01 7.797305e-10 6.564600e-01 9.999857e-01
4.525013e-01 1.171186e-09 6.532400e-01 9.999771e-01
4.492356e-01 7.192609e-10 6.621620e-01 9.999819e-01
4.536228e-01 9.477644e-10 6.440740e-01 9.999867e-01
4.467989e-01 5.953563e-10 6.733660e-01 9.999667e-01
4.468274e-01 3.970286e-10 6.726090e-01 9.999829e-01
4.484125e-01 5.486736e-10 6.631210e-01 9.999743e-01
4.499883e-01 7.751233e-10 6.551750e-01 9.999809e-01
4.561280e-01 1.566633e-09 6.648820e-01 9.999714e-01
4.504950e-01 6.742909e-10 6.436560e-01 9.999695e-01
4.470488e-01 6.207211e-10 6.597310e-01 9.999819e-01
4.486373e-01 5.304008e-10 6.498480e-01 9.999762e-01
4.513398e-01 8.984466e-10 6.542700e-01 9.999752e-01
4.505847e-01 7.282192e-10 6.553690e-01 9.999781e-01
4.441211e-01 3.829440e-10 6.693180e-01 9.999781e-01
4.502513e-01 7.841223e-10 6.555010e-01 9.999781e-01
4.507615e-01 9.517271e-10 6.634250e-01 9.999733e-01
4.495402e-01 6.490635e-10 6.648710e-01 9.999819e-01
4.477721e-01 5.107591e-10 6.622850e-01 9.999781e-01
4.468310e-01 5.231656e-10 6.487130e-01 9.999676e-01
4.515450e-01 6.200500e-10 6.443580e-01 9.999800e-01
4.501057e-01 5.557151e-10 7.137940e-01 9.999867e-01
4.507344e-01 7.850804e-10 6.730340e-01 9.999771e-01
4.490124e-01 5.415998e-10 6.748960e-01 9.999762e-01
4.569057e-01 1.743696e-09 6.990540e-01 9.999743e-01
4.483076e-01 5.600653e-10 6.802780e-01 9.999848e-01
4.490536e-01 5.608031e-10 6.891720e-01 9.999781e-01
4.558432e-01 9.020609e-10 6.792720e-01 9.999752e-01
4.481941e-01 5.697157e-10 6.681870e-01 9.999800e-01
4.486223e-01 7.032316e-10 6.571620e-01 9.999800e-01
4.469334e-01 4.331088e-10 6.500800e-01 9.999829e-01
4.529424e-01 9.075682e-10 6.479690e-01 9.999752e-01
4.490416e-01 4.627960e-10 6.531550e-01 9.999790e-01
4.493988e-01 5.452556e-10 6.904580e-01 9.999867e-01
4.532265e-01 9.739240e-10 6.642960e-01 9.999809e-01
4.492799e-01 5.847242e-10 6.584720e-01 9.999790e-01
4.477671e-01 4.778454e-10 6.796050e-01 9.999829e-01
4.518611e-01 8.829007e-10 6.573180e-01 9.999743e-01
4.492893e-01 8.532512e-10 6.487920e-01 9.999790e-01
4.497188e-01 5.828172e-10 6.436150e-01 9.999790e-01
4.571704e-01 1.211085e-09 6.647370e-01 9.999724e-01
4.479329e-01 5.072241e-10 6.920740e-01 9.999790e-01
4.483015e-01 4.997098e-10 6.658420e-01 9.999733e-01
4.530933e-01 9.565461e-10 6.622730e-01 9.999800e-01
4.478331e-01 3.866120e-10 6.539450e-01 9.999819e-01
4.526032e-01 8.951815e-10 6.635890e-01 9.999714e-01
4.497956e-01 7.134548e-10 6.495620e-01 9.999743e-01
4.530534e-01 6.307853e-10 6.585390e-01 9.999714e-01
4.540809e-01 1.024031e-09 6.667150e-01 9.999790e-01
4.499122e-01 6.691197e-10 6.589530e-01 9.999752e-01
4.466241e-01 5.442149e-10 6.723960e-01 9.999743e-01
4.495795e-01 7.957508e-10 6.668130e-01 9.999771e-01
4.537037e-01 7.672085e-10 6.606890e-01 9.999819e-01
4.494405e-01 5.441937e-10 6.606130e-01 9.999686e-01
4.482924e-01 4.880987e-10 6.505260e-01 9.999781e-01
4.539339e-01 8.436230e-10 6.546060e-01 9.999733e-01
4.519722e-01 7.397233e-10 6.601490e-01 9.999848e-01
4.473743e-01 5.936847e-10 6.469890e-01 9.999848e-01
4.469752e-01 4.952118e-10 6.442630e-01 9.999762e-01
4.465355e-01 4.140673e-10 6.531160e-01 9.999762e-01
4.465092e-01 5.252475e-10 6.555600e-01 9.999800e-01
4.517945e-01 7.001761e-10 6.524150e-01 9.999781e-01
4.444354e-01 3.462783e-10 6.408950e-01 9.999771e-01
4.521964e-01 7.109940e-10 6.567190e-01 9.999781e-01
4.474265e-01 4.813841e-10 6.506700e-01 9.999829e-01
4.493382e-01 6.377112e-10 6.593420e-01 9.999771e-01
4.464383e-01 4.343030e-10 6.678260e-01 9.999800e-01
4.519332e-01 6.097556e-10 6.688720e-01 9.999790e-01
4.516390e-01 5.974117e-10 6.637720e-01 9.999790e-01
4.483889e-01 6.961743e-10 6.776080e-01 9.999762e-01
4.483703e-01 5.635630e-10 7.633510e-01 9.999714e-01
4.520932e-01 1.159516e-09 7.621630e-01 9.999781e-01
4.585852e-01 1.343993e-09 7.500190e-01 9.999695e-01
4.506090e-01 8.632908e-10 7.305930e-01 9.999790e-01
4.504315e-01 7.205941e-10 7.628650e-01 9.999771e-01
4.502922e-01 8.117863e-10 7.607650e-01 9.999771e-01
4.463386e-01 3.897022e-10 7.134820e-01 9.999771e-01
4.457512e-01 4.232557e-10 7.316950e-01 9.999848e-01
4.479407e-01 5.370310e-10 6.616720e-01 9.999790e-01
4.514750e-01 7.467946e-10 6.679640e-01 9.999743e-01
4.483962e-01 5.067554e-10 6.635420e-01 9.999714e-01
4.462891e-01 4.437334e-10 6.558540e-01 9.999790e-01
4.485000e-01 6.067847e-10 6.539710e-01 9.999809e-01
4.511156e-01 7.087148e-10 6.582270e-01 9.999771e-01
4.534495e-01 8.817000e-10 6.620430e-01 9.999771e-01
4.526727e-01 9.338320e-10 6.633880e-01 9.999733e-01
4.531662e-01 7.910120e-10 6.629040e-01 9.999781e-01
4.560411e-01 9.625057e-10 6.579940e-01 9.999800e-01
4.514428e-01 6.736714e-10 6.651350e-01 9.999714e-01
4.506987e-01 5.833201e-10 6.654270e-01 9.999733e-01
4.519992e-01 5.193430e-10 6.574900e-01 9.999781e-01
4.501395e-01 6.760285e-10 6.611910e-01 9.999800e-01
4.555143e-01 1.147977e-09 6.571810e-01 9.999762e-01
4.469738e-01 3.575173e-10 6.522020e-01 9.999752e-01
4.460586e-01 3.299148e-10 6.504860e-01 9.999762e-01
4.454487e-01 3.010498e-10 6.534370e-01 9.999781e-01
4.542699e-01 8.054094e-10 6.723670e-01 9.999800e-01
4.587038e-01 1.216898e-09 7.110730e-01 9.999790e-01
4.525371e-01 7.106910e-10 8.447360e-01 9.999771e-01
4.533198e-01 7.766070e-10 7.753630e-01 9.999771e-01
4.477949e-01 3.942794e-10 7.708260e-01 9.999781e-01
4.515979e-01 7.508909e-10 7.373110e-01 9.999829e-01
4.494846e-01 5.694719e-10 8.896710e-01 9.999771e-01
4.522442e-01 7.820600e-10 8.776130e-01 9.999628e-01
4.517839e-01 8.600713e-10 7.907490e-01 9.999857e-01
4.517083e-01 6.765720e-10 8.639570e-01 9.999752e-01
4.500996e-01 4.177070e-10 9.194060e-01 9.999733e-01
4.501284e-01 6.117468e-10 9.351230e-01 9.999743e-01
4.488576e-01 5.816721e-10 6.992660e-01 9.999829e-01
4.550422e-01 1.169253e-09 6.865640e-01 9.999867e-01
4.506093e-01 6.121767e-10 6.517140e-01 9.999771e-01
4.492156e-01 4.396054e-10 7.187680e-01 9.999695e-01
4.460678e-01 3.352758e-10 7.568070e-01 9.999752e-01
4.566005e-01 1.050224e-09 7.604470e-01 9.999771e-01
4.493347e-01 5.533464e-10 7.313680e-01 9.999724e-01
4.528173e-01 8.405234e-10 8.087880e-01 9.999733e-01
4.524360e-01 5.791744e-10 8.449020e-01 9.999781e-01
4.577756e-01 1.032149e-09 7.288900e-01 9.999857e-01
4.464858e-01 4.601095e-10 6.845750e-01 9.999771e-01
4.536026e-01 7.841218e-10 9.282410e-01 9.999790e-01
4.514593e-01 6.323775e-10 8.285740e-01 9.999724e-01
4.511377e-01 6.555612e-10 8.437720e-01 9.999771e-01
4.527045e-01 8.914398e-10 8.370270e-01 9.999819e-01
4.433081e-01 2.484900e-10 7.724460e-01 9.999771e-01
4.549183e-01 6.712885e-10 6.679640e-01 9.999809e-01
4.469064e-01 3.914907e-10 7.638200e-01 9.999752e-01
4.460812e-01 2.968495e-10 7.686860e-01 9.999781e-01
4.547094e-01 8.839297e-10 7.316800e-01 9.999724e-01
4.519091e-01 7.931992e-10 7.674920e-01 9.999771e-01
4.471316e-01 3.292133e-10 7.573480e-01 9.999724e-01
4.500780e-01 5.085156e-10 7.652450e-01 9.999667e-01
4.513810e-01 6.000336e-10 7.211000e-01 9.999752e-01
4.472840e-01 3.718185e-10 7.361020e-01 9.999829e-01
4.489449e-01 5.543103e-10 7.589270e-01 9.999781e-01
4.510894e-01 7.373056e-10 7.608480e-01 9.999829e-01
4.531890e-01 8.825847e-10 7.845180e-01 9.999819e-01
4.493392e-01 5.423535e-10 8.864950e-01 9.999762e-01
4.494966e-01 4.671258e-10 9.058840e-01 9.999781e-01
4.479543e-01 5.352198e-10 7.554560e-01 9.999800e-01
4.508590e-01 6.201864e-10 7.734720e-01 9.999733e-01
4.568810e-01 1.068065e-09 7.538070e-01 9.999781e-01
4.470391e-01 3.743229e-10 7.496600e-01 9.999829e-01
4.507091e-01 5.324042e-10 7.265240e-01 9.999762e-01
4.563746e-01 8.042309e-10 7.485040e-01 9.999819e-01
4.541799e-01 9.313497e-10 7.293930e-01 9.999790e-01
4.545662e-01 8.385059e-10 7.292280e-01 9.999733e-01
4.553824e-01 8.893583e-10 7.412330e-01 9.999829e-01
4.573189e-01 9.495213e-10 7.521850e-01 9.999771e-01
4.520382e-01 7.496607e-10 7.522220e-01 9.999686e-01
4.526869e-01 5.739655e-10 7.542710e-01 9.999752e-01
4.532058e-01 7.535201e-10 7.523990e-01 9.999733e-01
4.516353e-01 7.486583e-10 7.293100e-01 9.999819e-01
4.474301e-01 5.141901e-10 7.109200e-01 9.999667e-01
4.492735e-01 5.017140e-10 7.453630e-01 9.999771e-01
4.461201e-01 3.007256e-10 7.430710e-01 9.999762e-01
4.462379e-01 3.296528e-10 7.254350e-01 9.999867e-01
4.514753e-01 5.603082e-10 7.222790e-01 9.999838e-01
4.454432e-01 2.798206e-10 7.124060e-01 9.999771e-01
4.519063e-01 5.629661e-10 7.515780e-01 9.999781e-01
4.517323e-01 8.272936e-10 9.138670e-01 9.999838e-01
4.479864e-01 4.774811e-10 7.629000e-01 9.999771e-01
4.513297e-01 4.892043e-10 7.609270e-01 9.999781e-01
4.528279e-01 8.566502e-10 7.309810e-01 9.999724e-01
4.578611e-01 1.075311e-09 7.924600e-01 9.999867e-01
4.481057e-01 5.015798e-10 7.526880e-01 9.999676e-01
4.477792e-01 3.901803e-10 7.475770e-01 9.999781e-01
4.527330e-01 9.008480e-10 7.563750e-01 9.999809e-01
4.537210e-01 7.083507e-10 7.284640e-01 9.999762e-01
4.496419e-01 7.166752e-10 7.231560e-01 9.999848e-01
4.488989e-01 5.313382e-10 7.673560e-01 9.999752e-01
4.488563e-01 5.651818e-10 7.369620e-01 9.999771e-01
4.545133e-01 1.133619e-09 7.502390e-01 9.999724e-01
4.483820e-01 5.856638e-10 7.780190e-01 9.999676e-01
4.504112e-01 7.099391e-10 7.779480e-01 9.999781e-01
4.505582e-01 7.559719e-10 7.848280e-01 9.999790e-01
4.520050e-01 7.705767e-10 7.440110e-01 9.999790e-01
4.463074e-01 3.333342e-10 7.346310e-01 9.999657e-01
4.516146e-01 7.885300e-10 7.396630e-01 9.999724e-01
4.496213e-01 8.263611e-10 7.290610e-01 9.999819e-01
4.539043e-01 1.033970e-09 7.541610e-01 9.999800e-01
4.509813e-01 7.719610e-10 7.278010e-01 9.999781e-01
4.503992e-01 6.106824e-10 7.174570e-01 9.999743e-01
4.528082e-01 9.479382e-10 7.180220e-01 9.999819e-01
4.489094e-01 5.352300e-10 7.212490e-01 9.999724e-01
4.486944e-01 5.974361e-10 7.262160e-01 9.999800e-01
4.556578e-01 1.160326e-09 7.335510e-01 9.999781e-01
4.469151e-01 3.973068e-10 7.448610e-01 9.999790e-01
4.564380e-01 1.023149e-09 7.285450e-01 9.999771e-01
4.483484e-01 5.488662e-10 7.361460e-01 9.999819e-01
4.512058e-01 5.946418e-10 7.253440e-01 9.999809e-01
4.551403e-01 8.800152e-10 7.247810e-01 9.999771e-01
4.526004e-01 5.946546e-10 7.326780e-01 9.999800e-01
4.489423e-01 5.359161e-10 7.264640e-01 9.999809e-01
4.525658e-01 6.086021e-10 7.290020e-01 9.999809e-01
4.545365e-01 8.017456e-10 7.395820e-01 9.999762e-01
4.576870e-01 9.598644e-10 7.262950e-01 9.999686e-01
4.513998e-01 7.822774e-10 7.518820e-01 9.999771e-01
4.512705e-01 6.434073e-10 7.884500e-01 9.999733e-01
4.529252e-01 8.393203e-10 7.494690e-01 9.999743e-01
4.511607e-01 4.839991e-10 7.259260e-01 9.999771e-01
4.475936e-01 4.828871e-10 7.334130e-01 9.999809e-01
4.490639e-01 4.341290e-10 7.364990e-01 9.999743e-01
4.523404e-01 6.685399e-10 7.236950e-01 9.999705e-01
4.485445e-01 4.891555e-10 7.038610e-01 9.999724e-01
4.488975e-01 4.265523e-10 7.325850e-01 9.999695e-01
4.493072e-01 5.384052e-10 7.231880e-01 9.999819e-01
4.507669e-01 5.863442e-10 7.198570e-01 9.999733e-01
4.571180e-01 1.149452e-09 7.117590e-01 9.999724e-01
4.487635e-01 3.723286e-10 7.209230e-01 9.999733e-01
4.504123e-01 5.322892e-10 7.166520e-01 9.999809e-01
4.579353e-01 9.624976e-10 7.245530e-01 9.999790e-01
4.561475e-01 9.877744e-10 7.358280e-01 9.999733e-01
4.541502e-01 6.884783e-10 7.377680e-01 9.999819e-01
4.506650e-01 4.503429e-10 7.038800e-01 9.999819e-01
4.516634e-01 6.689400e-10 7.173310e-01 9.999743e-01
4.517771e-01 6.032687e-10 7.370710e-01 9.999724e-01
4.513798e-01 6.080304e-10 7.295880e-01 9.999838e-01
4.504681e-01 4.832644e-10 7.130470e-01 9.999867e-01
4.488035e-01 5.898279e-10 7.211780e-01 9.999676e-01
4.517537e-01 7.483791e-10 7.348500e-01 9.999714e-01
4.504226e-01 5.673443e-10 7.357230e-01 9.999752e-01
4.488914e-01 3.292650e-10 7.202030e-01 9.999838e-01
4.457131e-01 2.798129e-10 7.795830e-01 9.999809e-01
4.476733e-01 3.967910e-10 7.896860e-01 9.999809e-01
4.530291e-01 5.983818e-10 7.908980e-01 9.999714e-01
4.533654e-01 1.015211e-09 7.574860e-01 9.999686e-01
4.549590e-01 1.214685e-09 7.813700e-01 9.999819e-01
4.529350e-01 1.087040e-09 8.117880e-01 9.999781e-01
4.509997e-01 5.152428e-10 8.458380e-01 9.999695e-01
4.486603e-01 4.490326e-10 7.169060e-01 9.999752e-01
4.517584e-01 7.331695e-10 7.877820e-01 9.999781e-01
4.545879e-01 8.901505e-10 7.787770e-01 9.999705e-01
4.490975e-01 4.312585e-10 7.687370e-01 9.999714e-01
4.496256e-01 8.473281e-10 7.316080e-01 9.999771e-01
4.496789e-01 6.403811e-10 7.251920e-01 9.999714e-01
4.529384e-01 5.951510e-10 7.156640e-01 9.999714e-01
4.483054e-01 4.782737e-10 7.376300e-01 9.999752e-01
4.556294e-01 8.150817e-10 7.098700e-01 9.999781e-01
4.504171e-01 5.119105e-10 7.126830e-01 9.999724e-01
4.482246e-01 5.586341e-10 8.482200e-01 9.999848e-01
4.483632e-01 4.081178e-10 8.561760e-01 9.999733e-01
4.648977e-01 1.662603e-09 7.626490e-01 9.999809e-01
4.566585e-01 9.765344e-10 7.397290e-01 9.999752e-01
4.528538e-01 7.634622e-10 7.084290e-01 9.999819e-01
4.551177e-01 7.787436e-10 7.142350e-01 9.999676e-01
4.514456e-01 6.258970e-10 7.028090e-01 9.999724e-01
4.500993e-01 5.083563e-10 7.028720e-01 9.999771e-01
4.520114e-01 6.531884e-10 7.352120e-01 9.999724e-01
4.495792e-01 4.422097e-10 7.798080e-01 9.999733e-01
4.513899e-01 5.297216e-10 7.483330e-01 9.999848e-01
4.495799e-01 4.986408e-10 7.657050e-01 9.999848e-01
4.532117e-01 8.361164e-10 7.541810e-01 9.999762e-01
4.507056e-01 5.049695e-10 7.584290e-01 9.999619e-01
4.453862e-01 2.697018e-10 7.399320e-01 9.999819e-01
4.558729e-01 8.115445e-10 7.553670e-01 9.999895e-01
4.530269e-01 8.960872e-10 7.381490e-01 9.999733e-01
4.546224e-01 7.739111e-10 7.109100e-01 9.999628e-01
4.506955e-01 5.686247e-10 7.083310e-01 9.999790e-01
4.509509e-01 5.254867e-10 7.273700e-01 9.999771e-01
4.497904e-01 4.394573e-10 7.307930e-01 9.999714e-01
4.509757e-01 7.190355e-10 7.614150e-01 9.999752e-01
4.502546e-01 5.131706e-10 8.131030e-01 9.999657e-01
4.552370e-01 7.314526e-10 8.326500e-01 9.999743e-01
4.503099e-01 5.688985e-10 9.687570e-01 9.999771e-01
4.511496e-01 5.505645e-10 8.868880e-01 9.999752e-01
4.533501e-01 7.087751e-10 8.044890e-01 9.999829e-01
4.480996e-01 4.133890e-10 8.165440e-01 9.999781e-01
4.491776e-01 6.215958e-10 9.315150e-01 9.999771e-01
4.539472e-01 7.575486e-10 9.296210e-01 9.999724e-01
4.543214e-01 9.288620e-10 8.171980e-01 9.999724e-01
4.508414e-01 5.424182e-10 7.483750e-01 9.999619e-01
4.499478e-01 4.387328e-10 8.971450e-01 9.999733e-01
4.592217e-01 1.407714e-09 7.678110e-01 9.999790e-01
4.469734e-01 3.697426e-10 7.213330e-01 9.999829e-01
4.533951e-01 7.671025e-10 7.015190e-01 9.999695e-01
4.544357e-01 1.029008e-09 7.581020e-01 9.999809e-01
4.549615e-01 8.101810e-10 6.921590e-01 9.999800e-01
4.513493e-01 5.843438e-10 7.902770e-01 9.999781e-01
4.528218e-01 5.829867e-10 7.584360e-01 9.999771e-01
4.534112e-01 6.332817e-10 7.731030e-01 9.999790e-01
4.557852e-01 8.133048e-10 8.928690e-01 9.999790e-01
4.511848e-01 4.897199e-10 8.359880e-01 9.999733e-01
4.505743e-01 5.615513e-10 7.620730e-01 9.999809e-01
4.564620e-01 1.081406e-09 7.471210e-01 9.999838e-01
4.499144e-01 5.526058e-10 7.651850e-01 9.999762e-01
4.502337e-01 6.255509e-10 8.090880e-01 9.999829e-01
4.488047e-01 4.526394e-10 7.296680e-01 9.999743e-01
4.504644e-01 4.958716e-10 7.404570e-01 9.999743e-01
4.502806e-01 5.758901e-10 7.337550e-01 9.999800e-01
4.511267e-01 5.266533e-10 7.151620e-01 9.999848e-01
4.485944e-01 3.982679e-10 6.760720e-01 9.999733e-01
4.514270e-01 4.845553e-10 7.236630e-01 9.999800e-01
4.516666e-01 5.779575e-10 7.339330e-01 9.999771e-01
4.534242e-01 7.894386e-10 6.947090e-01 9.999790e-01
4.548668e-01 9.110435e-10 7.691320e-01 9.999809e-01
4.488645e-01 4.145125e-10 7.170370e-01 9.999790e-01
4.509343e-01 5.687679e-10 7.031290e-01 9.999829e-01
4.526654e-01 5.573166e-10 6.904500e-01 9.999752e-01
4.489347e-01 3.974835e-10 6.707370e-01 9.999667e-01
4.486378e-01 4.027590e-10 6.867320e-01 9.999771e-01
4.521635e-01 6.453208e-10 6.597220e-01 9.999838e-01
4.559467e-01 8.321866e-10 6.766680e-01 9.999829e-01
4.519898e-01 5.749152e-10 6.663760e-01 9.999752e-01
4.494752e-01 3.620525e-10 6.473770e-01 9.999781e-01
4.544603e-01 5.655264e-10 6.537430e-01 9.999724e-01
4.513890e-01 5.526336e-10 6.792780e-01 9.999781e-01
4.478434e-01 3.077599e-10 6.825770e-01 9.999762e-01
4.540692e-01 5.697041e-10 6.715000e-01 9.999809e-01
4.477694e-01 3.008065e-10 6.689440e-01 9.999762e-01
4.581012e-01 8.630951e-10 6.569900e-01 9.999781e-01
4.534857e-01 7.524940e-10 7.008680e-01 9.999771e-01
4.528574e-01 5.253095e-10 6.840800e-01 9.999809e-01
4.478366e-01 3.221283e-10 6.721860e-01 9.999848e-01
4.495289e-01 4.915721e-10 6.532010e-01 9.999743e-01
4.528881e-01 9.498198e-10 6.463970e-01 9.999743e-01
4.532057e-01 6.960447e-10 6.523580e-01 9.999733e-01
4.503828e-01 5.202226e-10 6.482130e-01 9.999790e-01
4.505502e-01 7.878411e-10 6.572640e-01 9.999876e-01
4.503193e-01 5.729564e-10 6.467020e-01 9.999867e-01
4.530323e-01 8.389650e-10 6.845680e-01 9.999781e-01
4.525763e-01 6.481834e-10 6.857970e-01 9.999800e-01
4.586743e-01 1.002934e-09 6.498350e-01 9.999724e-01
4.519389e-01 5.845676e-10 6.522200e-01 9.999790e-01
4.499268e-01 4.070539e-10 6.481010e-01 9.999724e-01
4.535369e-01 5.713342e-10 6.554680e-01 9.999762e-01
4.579620e-01 1.018814e-09 6.657170e-01 9.999819e-01
4.509519e-01 5.143014e-10 6.732970e-01 9.999800e-01
4.509533e-01 5.283776e-10 6.437700e-01 9.999657e-01
4.534722e-01 6.418209e-10 6.422670e-01 9.999790e-01
4.519643e-01 5.950559e-10 6.478490e-01 9.999800e-01
4.550618e-01 6.639870e-10 6.514340e-01 9.999781e-01
4.534852e-01 7.435177e-10 6.598610e-01 9.999819e-01
4.527515e-01 6.261129e-10 6.525690e-01 9.999743e-01
4.498978e-01 3.507456e-10 6.406870e-01 9.999829e-01
4.535554e-01 9.689327e-10 6.589780e-01 9.999867e-01
4.519796e-01 5.390613e-10 6.618100e-01 9.999809e-01
4.550371e-01 9.465700e-10 6.433290e-01 9.999838e-01
4.530611e-01 5.951180e-10 6.461010e-01 9.999762e-01
4.508856e-01 5.235009e-10 6.419210e-01 9.999771e-01
4.536684e-01 5.883497e-10 6.673950e-01 9.999743e-01
4.521126e-01 6.086280e-10 6.452740e-01 9.999752e-01
4.490586e-01 4.240301e-10 6.558350e-01 9.999743e-01
4.507951e-01 6.212921e-10 6.600240e-01 9.999762e-01
4.549905e-01 7.596620e-10 6.505800e-01 9.999809e-01
4.522762e-01 5.871712e-10 6.485530e-01 9.999800e-01
4.509521e-01 5.240113e-10 6.455650e-01 9.999743e-01
4.529672e-01 6.334452e-10 6.674880e-01 9.999771e-01
4.480194e-01 2.762201e-10 6.439040e-01 9.999771e-01
4.564880e-01 6.802531e-10 6.521910e-01 9.999781e-01
4.536093e-01 6.769009e-10 6.569300e-01 9.999781e-01
4.513183e-01 5.873978e-10 6.654360e-01 9.999771e-01
4.538142e-01 5.824598e-10 6.424830e-01 9.999848e-01
4.577677e-01 1.051912e-09 6.625230e-01 9.999714e-01
4.531375e-01 7.370130e-10 6.561330e-01 9.999686e-01
4.521626e-01 5.580007e-10 6.546790e-01 9.999809e-01
4.552702e-01 7.522220e-10 6.544160e-01 9.999771e-01
4.538405e-01 5.856452e-10 6.506220e-01 9.999790e-01
4.527814e-01 4.164579e-10 6.524690e-01 9.999752e-01
4.535636e-01 7.575326e-10 6.706100e-01 9.999838e-01
4.498190e-01 4.370016e-10 6.607980e-01 9.999762e-01
4.507235e-01 4.102698e-10 6.573870e-01 9.999638e-01
4.523556e-01 4.373942e-10 6.749030e-01 9.999781e-01
4.507047e-01 4.462707e-10 6.659850e-01 9.999752e-01
4.585828e-01 8.303845e-10 6.551640e-01 9.999809e-01
4.521917e-01 4.854665e-10 6.614920e-01 9.999800e-01
4.532439e-01 6.928960e-10 6.574370e-01 9.999800e-01
4.525322e-01 5.076704e-10 6.609400e-01 9.999781e-01
4.563683e-01 9.624733e-10 6.601770e-01 9.999762e-01
4.536481e-01 5.423198e-10 6.462060e-01 9.999714e-01
4.518042e-01 5.551166e-10 6.685760e-01 9.999705e-01
4.496158e-01 4.634645e-10 6.688920e-01 9.999771e-01
4.557370e-01 6.497951e-10 6.427780e-01 9.999705e-01
4.509676e-01 4.488531e-10 6.588740e-01 9.999771e-01
4.520073e-01 5.416400e-10 6.513350e-01 9.999781e-01
4.549175e-01 6.724321e-10 6.582890e-01 9.999819e-01
4.484519e-01 3.130863e-10 6.664980e-01 9.999781e-01
4.568313e-01 1.115847e-09 6.618990e-01 9.999743e-01
4.522325e-01 6.323587e-10 6.531890e-01 9.999790e-01
4.531055e-01 5.468356e-10 6.499840e-01 9.999743e-01
4.561605e-01 6.180006e-10 6.497510e-01 9.999714e-01
4.493467e-01 3.281022e-10 6.635350e-01 9.999733e-01
4.513593e-01 4.623366e-10 6.578150e-01 9.999705e-01
4.499286e-01 4.014755e-10 6.672320e-01 9.999829e-01
4.563677e-01 1.185860e-09 6.783420e-01 9.999705e-01
4.543964e-01 1.039351e-09 6.506490e-01 9.999752e-01
4.541071e-01 6.176641e-10 6.592930e-01 9.999809e-01
4.543998e-01 6.186488e-10 6.548260e-01 9.999762e-01
4.527320e-01 5.407353e-10 6.573900e-01 9.999809e-01
4.533265e-01 6.551271e-10 6.559390e-01 9.999743e-01
4.527809e-01 6.244550e-10 6.455370e-01 9.999686e-01
4.507724e-01 4.153302e-10 6.749210e-01 9.999790e-01
4.559237e-01 9.316120e-10 6.512940e-01 9.999657e-01
4.528293e-01 6.642814e-10 6.588290e-01 9.999771e-01
4.525265e-01 7.478322e-10 6.606860e-01 9.999781e-01
4.544697e-01 6.823354e-10 6.556160e-01 9.999762e-01
4.499959e-01 4.795720e-10 6.559270e-01 9.999790e-01
4.549709e-01 4.834148e-10 6.761560e-01 9.999790e-01
4.516518e-01 4.557645e-10 6.513230e-01 9.999743e-01
4.511398e-01 3.931717e-10 6.575190e-01 9.999762e-01
4.557370e-01 8.874918e-10 6.492170e-01 9.999695e-01
4.568847e-01 8.164250e-10 6.511610e-01 9.999714e-01
4.490117e-01 4.156326e-10 6.402500e-01 9.999800e-01
4.526885e-01 6.409050e-10 6.506800e-01 9.999705e-01
4.614604e-01 1.159551e-09 6.582780e-01 9.999790e-01
4.545246e-01 7.782560e-10 6.442520e-01 9.999857e-01
4.480593e-01 3.688122e-10 6.542570e-01 9.999829e-01
4.522080e-01 5.668782e-10 6.426710e-01 9.999743e-01
4.502282e-01 3.785060e-10 6.423020e-01 9.999743e-01
4.580426e-01 8.193945e-10 6.846040e-01 9.999705e-01
4.524950e-01 5.139453e-10 6.402810e-01 9.999752e-01
4.562706e-01 9.174552e-10 6.563480e-01 9.999790e-01
4.537811e-01 6.480409e-10 6.595510e-01 9.999819e-01
4.530236e-01 4.218753e-10 6.605480e-01 9.999733e-01
4.547130e-01 7.838706e-10 6.701760e-01 9.999724e-01
4.518002e-01 4.169053e-10 6.783570e-01 9.999762e-01
4.540585e-01 6.222441e-10 6.465170e-01 9.999752e-01
4.519315e-01 4.287721e-10 6.457440e-01 9.999867e-01
4.569101e-01 8.402025e-10 6.440950e-01 9.999800e-01
4.557421e-01 7.134088e-10 6.827970e-01 9.999790e-01
4.507139e-01 3.705058e-10 6.575090e-01 9.999762e-01
4.537188e-01 7.051943e-10 6.479030e-01 9.999762e-01
4.521722e-01 4.750387e-10 6.562890e-01 9.999762e-01
4.563391e-01 9.158585e-10 6.601210e-01 9.999829e-01
4.538825e-01 5.127560e-10 6.447720e-01 9.999667e-01
4.545160e-01 6.004788e-10 6.645660e-01 9.999724e-01
4.501283e-01 4.036352e-10 6.461140e-01 9.999876e-01
4.551925e-01 6.381690e-10 6.734830e-01 9.999752e-01
4.578181e-01 7.775819e-10 6.585590e-01 9.999867e-01
4.510286e-01 3.838031e-10 6.482110e-01 9.999743e-01
4.553554e-01 7.719544e-10 6.540470e-01 9.999800e-01
4.539133e-01 5.214381e-10 6.625960e-01 9.999819e-01
4.548970e-01 6.709456e-10 6.627190e-01 9.999686e-01
4.509762e-01 3.649357e-10 6.398410e-01 9.999800e-01
4.547183e-01 5.455782e-10 6.605860e-01 9.999724e-01
4.524971e-01 4.943484e-10 6.519360e-01 9.999781e-01
4.547450e-01 4.523583e-10 6.673150e-01 9.999800e-01
4.546406e-01 8.671870e-10 6.607870e-01 9.999752e-01
4.518869e-01 4.593462e-10 6.452970e-01 9.999676e-01
4.556863e-01 5.984903e-10 6.663880e-01 9.999762e-01
4.556369e-01 7.442640e-10 6.436470e-01 9.999724e-01
4.543880e-01 6.955632e-10 6.483770e-01 9.999733e-01
4.527612e-01 4.386201e-10 6.513870e-01 9.999790e-01
4.528333e-01 4.782389e-10 6.499350e-01 9.999752e-01
4.542249e-01 4.962408e-10 6.499800e-01 9.999771e-01
4.550914e-01 5.074596e-10 6.722780e-01 9.999809e-01
4.501697e-01 3.682892e-10 6.448850e-01 9.999752e-01
4.556818e-01 7.751386e-10 6.482500e-01 9.999705e-01
4.520297e-01 5.773266e-10 6.641400e-01 9.999733e-01
4.509356e-01 3.542577e-10 6.525460e-01 9.999695e-01
4.608121e-01 1.074116e-09 6.390930e-01 9.999762e-01
4.517880e-01 3.814215e-10 6.475790e-01 9.999714e-01
4.499194e-01 3.439384e-10 6.650500e-01 9.999848e-01
4.503036e-01 3.661028e-10 6.570340e-01 9.999790e-01
4.515683e-01 5.169088e-10 6.478770e-01 9.999667e-01
4.532439e-01 5.123902e-10 6.445420e-01 9.999705e-01
4.530358e-01 5.254171e-10 6.650570e-01 9.999771e-01
4.503189e-01 5.349698e-10 6.601060e-01 9.999752e-01
4.520780e-01 4.432134e-10 6.619200e-01 9.999762e-01
4.565764e-01 7.758343e-10 6.632030e-01 9.999781e-01
4.572731e-01 6.832305e-10 6.506180e-01 9.999752e-01
4.498697e-01 3.752899e-10 6.577830e-01 9.999771e-01
4.518794e-01 4.604714e-10 6.538290e-01 9.999781e-01
4.518825e-01 6.025296e-10 6.854490e-01 9.999829e-01
4.585928e-01 8.936212e-10 6.448520e-01 9.999800e-01
4.557858e-01 5.291696e-10 6.626590e-01 9.999676e-01
4.520093e-01 4.638835e-10 6.526790e-01 9.999838e-01
4.590949e-01 8.185471e-10 6.632900e-01 9.999733e-01
4.561367e-01 9.125615e-10 6.584990e-01 9.999752e-01
4.510770e-01 3.683293e-10 6.520520e-01 9.999829e-01
4.552137e-01 5.895477e-10 6.528610e-01 9.999714e-01
4.559717e-01 6.061004e-10 6.730840e-01 9.999676e-01
4.524048e-01 4.412877e-10 6.474490e-01 9.999762e-01
4.569921e-01 6.239088e-10 6.583670e-01 9.999695e-01
4.486390e-01 2.863639e-10 6.629460e-01 9.999867e-01
4.550312e-01 5.823990e-10 6.505130e-01 9.999762e-01
4.547600e-01 5.310355e-10 6.640960e-01 9.999886e-01
4.493585e-01 3.518839e-10 6.561480e-01 9.999781e-01
4.566373e-01 8.862797e-10 6.489790e-01 9.999771e-01
4.574258e-01 7.036296e-10 6.448630e-01 9.999848e-01
4.528187e-01 4.553774e-10 6.560530e-01 9.999743e-01
4.553133e-01 5.796354e-10 6.613740e-01 9.999829e-01
