# dim  N   mc   dt  Impsamp 
# 1    1 100000 0.01
#
# Theoretical Energy = 5.000000e-01
# Energy     Variance     CPU time     Acceptance
5.254902e-01 1.202741e-07 4.664500e-02 9.970500e-01
5.231877e-01 1.256598e-07 3.798800e-02 9.970100e-01
5.283697e-01 1.254082e-07 4.535700e-02 9.973000e-01
5.308111e-01 1.212023e-07 4.427000e-02 9.976100e-01
5.189447e-01 1.211343e-07 4.636800e-02 9.973700e-01
5.210283e-01 1.242219e-07 4.300900e-02 9.973200e-01
5.249410e-01 1.089784e-07 3.520300e-02 9.971100e-01
5.268220e-01 1.219267e-07 3.230500e-02 9.970100e-01
5.168954e-01 1.132013e-07 3.458400e-02 9.974400e-01
5.142256e-01 1.172004e-07 4.352000e-02 9.973500e-01
5.257727e-01 1.031594e-07 4.602700e-02 9.974400e-01
5.255383e-01 1.081990e-07 4.528500e-02 9.974200e-01
5.211902e-01 1.065999e-07 4.845500e-02 9.971900e-01
5.199500e-01 1.058872e-07 4.939700e-02 9.974700e-01
5.227065e-01 1.062961e-07 5.124800e-02 9.973800e-01
5.224866e-01 1.119706e-07 3.880900e-02 9.971700e-01
5.166426e-01 1.072007e-07 4.241200e-02 9.972500e-01
5.226961e-01 1.032086e-07 3.506500e-02 9.971600e-01
5.201355e-01 1.017161e-07 4.546100e-02 9.974300e-01
5.184569e-01 1.042584e-07 4.079900e-02 9.974100e-01
5.175842e-01 1.111392e-07 4.414500e-02 9.972400e-01
5.195996e-01 1.055140e-07 4.776200e-02 9.969900e-01
5.072010e-01 1.143923e-07 5.113900e-02 9.971100e-01
5.243026e-01 9.694085e-08 5.446600e-02 9.973700e-01
5.201605e-01 1.098287e-07 5.170900e-02 9.975300e-01
5.152976e-01 9.142178e-08 5.138800e-02 9.976100e-01
5.139833e-01 1.056355e-07 4.210400e-02 9.975300e-01
5.215546e-01 1.078919e-07 4.757200e-02 9.974800e-01
5.144563e-01 8.991625e-08 4.840300e-02 9.972300e-01
5.239328e-01 1.007030e-07 3.552600e-02 9.975300e-01
5.148638e-01 9.184577e-08 4.411200e-02 9.973300e-01
5.154106e-01 1.028653e-07 4.513500e-02 9.973100e-01
5.183033e-01 9.701710e-08 4.702200e-02 9.973500e-01
5.153678e-01 9.714717e-08 3.332900e-02 9.972300e-01
5.158994e-01 1.035440e-07 3.955600e-02 9.972100e-01
5.177925e-01 8.999364e-08 5.235800e-02 9.973900e-01
5.144554e-01 9.173440e-08 4.978200e-02 9.974500e-01
5.162122e-01 8.053408e-08 5.224600e-02 9.972200e-01
5.139456e-01 9.379970e-08 4.579900e-02 9.975400e-01
5.224298e-01 9.831287e-08 5.313200e-02 9.975200e-01
5.132609e-01 9.323639e-08 3.738000e-02 9.973400e-01
5.147484e-01 9.124544e-08 4.302600e-02 9.973600e-01
5.152224e-01 9.637964e-08 4.939100e-02 9.972700e-01
5.191489e-01 8.265617e-08 4.837700e-02 9.974500e-01
5.150866e-01 9.071683e-08 4.548900e-02 9.973400e-01
5.232763e-01 9.493435e-08 5.196400e-02 9.974900e-01
5.267785e-01 9.407225e-08 3.677500e-02 9.972400e-01
5.136362e-01 9.428926e-08 4.995000e-02 9.973400e-01
5.183371e-01 8.526439e-08 3.782300e-02 9.971000e-01
5.191770e-01 9.428502e-08 4.371400e-02 9.973000e-01
5.159334e-01 9.074891e-08 4.956600e-02 9.972700e-01
5.259633e-01 8.931643e-08 5.153400e-02 9.972900e-01
5.143298e-01 8.432161e-08 3.593000e-02 9.976600e-01
5.203244e-01 8.846329e-08 4.465000e-02 9.973900e-01
5.165824e-01 8.768057e-08 5.432500e-02 9.972400e-01
5.125126e-01 9.087317e-08 3.892800e-02 9.972500e-01
5.114823e-01 7.874180e-08 4.716700e-02 9.972200e-01
5.162510e-01 7.667712e-08 3.646600e-02 9.974400e-01
5.162089e-01 7.366733e-08 4.617500e-02 9.971800e-01
5.137711e-01 7.660977e-08 4.706400e-02 9.974200e-01
5.155426e-01 8.118969e-08 3.388200e-02 9.975700e-01
5.204570e-01 7.611579e-08 4.015600e-02 9.970200e-01
5.201782e-01 7.536330e-08 3.050200e-02 9.973800e-01
5.172259e-01 8.267908e-08 3.920500e-02 9.975400e-01
5.107853e-01 7.647336e-08 3.424500e-02 9.973200e-01
5.156873e-01 8.078982e-08 3.582500e-02 9.972800e-01
5.200053e-01 7.858197e-08 5.161200e-02 9.972400e-01
5.160438e-01 8.332722e-08 4.655500e-02 9.976800e-01
5.114897e-01 7.889151e-08 4.688100e-02 9.974400e-01
5.152596e-01 7.667800e-08 4.089100e-02 9.971900e-01
5.121684e-01 6.693482e-08 4.398100e-02 9.971900e-01
5.165443e-01 7.613610e-08 5.301000e-02 9.971600e-01
5.140749e-01 7.635189e-08 4.530500e-02 9.975400e-01
5.188807e-01 7.151421e-08 3.067400e-02 9.974200e-01
5.189381e-01 8.016623e-08 5.178300e-02 9.972700e-01
5.124246e-01 7.962817e-08 4.574900e-02 9.973200e-01
5.126579e-01 7.025083e-08 3.570600e-02 9.971900e-01
5.183005e-01 7.329569e-08 5.055000e-02 9.970100e-01
5.112013e-01 7.701212e-08 4.957600e-02 9.971700e-01
5.122091e-01 7.031765e-08 3.420400e-02 9.975000e-01
5.132872e-01 7.561756e-08 5.071100e-02 9.972500e-01
5.117538e-01 7.166731e-08 3.318500e-02 9.973200e-01
5.129660e-01 7.016724e-08 3.955900e-02 9.975600e-01
5.054629e-01 7.290652e-08 4.657800e-02 9.972500e-01
5.134747e-01 7.069043e-08 5.215200e-02 9.974500e-01
5.189736e-01 6.218812e-08 4.525200e-02 9.971900e-01
5.110777e-01 6.324447e-08 4.778300e-02 9.969900e-01
5.142790e-01 6.829347e-08 4.396700e-02 9.973500e-01
5.158531e-01 6.679999e-08 5.274900e-02 9.972100e-01
5.079291e-01 6.203095e-08 5.416300e-02 9.976100e-01
5.079840e-01 6.831737e-08 4.402000e-02 9.974700e-01
5.158074e-01 6.004729e-08 4.709200e-02 9.971700e-01
5.184050e-01 6.744240e-08 3.427200e-02 9.973900e-01
5.140301e-01 5.729107e-08 3.518100e-02 9.970400e-01
5.198863e-01 5.816840e-08 4.212200e-02 9.972100e-01
5.182627e-01 6.260141e-08 4.355600e-02 9.973300e-01
5.101601e-01 6.014749e-08 3.127900e-02 9.972000e-01
5.119786e-01 6.478047e-08 4.564700e-02 9.972400e-01
5.137023e-01 6.712184e-08 4.700300e-02 9.970100e-01
5.108434e-01 6.344030e-08 3.522300e-02 9.973900e-01
5.140933e-01 6.780025e-08 4.426600e-02 9.976500e-01
5.139159e-01 6.364908e-08 4.955500e-02 9.974200e-01
5.139456e-01 5.683382e-08 4.979700e-02 9.973500e-01
5.119941e-01 6.044680e-08 5.152600e-02 9.972800e-01
5.036978e-01 6.078032e-08 3.427900e-02 9.971200e-01
5.096696e-01 6.014954e-08 3.842900e-02 9.970400e-01
5.105260e-01 6.274623e-08 4.599400e-02 9.974200e-01
5.076500e-01 5.937841e-08 4.265700e-02 9.976700e-01
5.154109e-01 5.707600e-08 5.371000e-02 9.971300e-01
5.110142e-01 6.540121e-08 3.168700e-02 9.974600e-01
5.136969e-01 5.533473e-08 3.862200e-02 9.972300e-01
5.114486e-01 5.567704e-08 4.855600e-02 9.973600e-01
5.084118e-01 5.847535e-08 5.332700e-02 9.970700e-01
5.118505e-01 5.486237e-08 3.881500e-02 9.973700e-01
5.143046e-01 4.875775e-08 4.561200e-02 9.972800e-01
5.108253e-01 6.649949e-08 3.993700e-02 9.972600e-01
5.163021e-01 5.773229e-08 4.964500e-02 9.975400e-01
5.127552e-01 5.154933e-08 4.823500e-02 9.972700e-01
5.063419e-01 5.855409e-08 4.740000e-02 9.975200e-01
5.072598e-01 6.030479e-08 4.764300e-02 9.973500e-01
5.126660e-01 5.972742e-08 4.300500e-02 9.971500e-01
5.062702e-01 5.121325e-08 4.444600e-02 9.972200e-01
5.165628e-01 5.260860e-08 4.625100e-02 9.975700e-01
5.110257e-01 5.115624e-08 4.025000e-02 9.974000e-01
5.081712e-01 5.468251e-08 4.170000e-02 9.971800e-01
5.128265e-01 5.103362e-08 5.253400e-02 9.971200e-01
5.079470e-01 5.335237e-08 4.908500e-02 9.976200e-01
5.105268e-01 5.413675e-08 4.175300e-02 9.971700e-01
5.057124e-01 5.235694e-08 4.306400e-02 9.973800e-01
5.104284e-01 5.204160e-08 4.469000e-02 9.977000e-01
5.098411e-01 5.093981e-08 4.604800e-02 9.975500e-01
5.084003e-01 4.905431e-08 4.110700e-02 9.973800e-01
5.108952e-01 4.942661e-08 4.782300e-02 9.972500e-01
5.121117e-01 5.125597e-08 3.780000e-02 9.977500e-01
5.122715e-01 5.645325e-08 3.976100e-02 9.970800e-01
5.097321e-01 4.303834e-08 4.259800e-02 9.973500e-01
5.101234e-01 5.112090e-08 4.416700e-02 9.971400e-01
5.108487e-01 3.974201e-08 4.079200e-02 9.969700e-01
5.096289e-01 4.909044e-08 4.464900e-02 9.974500e-01
5.134725e-01 4.504162e-08 4.652500e-02 9.975000e-01
5.091517e-01 4.842044e-08 4.588500e-02 9.974300e-01
5.107411e-01 5.009260e-08 4.584200e-02 9.971300e-01
5.105988e-01 4.793038e-08 4.434700e-02 9.972900e-01
5.026321e-01 4.687667e-08 3.829100e-02 9.970500e-01
5.101980e-01 4.683335e-08 4.690600e-02 9.972800e-01
5.081610e-01 4.833351e-08 5.137900e-02 9.976500e-01
5.074185e-01 4.092663e-08 5.458800e-02 9.970600e-01
5.072138e-01 4.462156e-08 5.140200e-02 9.973400e-01
5.107891e-01 5.061505e-08 5.238800e-02 9.972000e-01
5.114139e-01 4.232383e-08 5.475400e-02 9.973700e-01
5.109308e-01 4.481054e-08 5.459900e-02 9.973000e-01
5.109055e-01 4.302072e-08 5.450400e-02 9.974500e-01
5.132504e-01 4.654900e-08 5.482500e-02 9.975000e-01
5.070047e-01 4.050115e-08 5.321100e-02 9.972200e-01
5.087797e-01 4.821489e-08 5.444100e-02 9.973500e-01
5.099529e-01 4.698785e-08 5.463600e-02 9.972800e-01
5.137252e-01 4.378607e-08 5.394000e-02 9.974600e-01
5.047961e-01 4.042715e-08 5.253500e-02 9.974100e-01
5.035867e-01 4.248567e-08 5.425600e-02 9.973300e-01
5.113181e-01 3.999865e-08 4.475100e-02 9.974400e-01
5.102028e-01 4.300354e-08 4.504400e-02 9.972100e-01
5.071739e-01 4.172675e-08 4.242900e-02 9.970800e-01
5.091091e-01 4.281334e-08 4.452400e-02 9.973100e-01
5.057660e-01 4.393270e-08 4.516100e-02 9.971600e-01
5.092587e-01 4.463439e-08 5.084900e-02 9.972300e-01
5.089735e-01 3.795278e-08 4.664300e-02 9.975400e-01
5.053209e-01 4.332537e-08 4.027100e-02 9.974500e-01
5.071441e-01 4.490044e-08 4.679300e-02 9.974300e-01
5.059338e-01 3.960630e-08 4.840100e-02 9.974100e-01
5.081399e-01 3.500417e-08 4.088400e-02 9.972800e-01
5.070350e-01 3.659464e-08 4.638700e-02 9.974500e-01
5.078999e-01 3.642898e-08 4.439500e-02 9.975600e-01
5.064024e-01 3.661834e-08 4.222900e-02 9.973600e-01
5.030430e-01 3.949700e-08 4.124000e-02 9.970600e-01
5.127962e-01 3.848557e-08 4.204000e-02 9.972800e-01
5.069697e-01 4.108766e-08 4.253500e-02 9.974600e-01
5.019962e-01 3.838520e-08 4.239700e-02 9.971200e-01
5.084090e-01 3.647182e-08 4.864600e-02 9.971400e-01
5.038718e-01 3.912008e-08 4.447300e-02 9.971700e-01
5.084882e-01 3.679171e-08 5.002800e-02 9.971300e-01
5.049926e-01 3.736158e-08 5.118500e-02 9.970300e-01
5.092664e-01 3.897667e-08 5.008500e-02 9.973900e-01
5.105392e-01 3.569909e-08 4.421900e-02 9.973800e-01
5.072038e-01 3.681132e-08 4.911900e-02 9.975600e-01
5.076482e-01 3.968583e-08 4.869500e-02 9.972300e-01
5.070634e-01 3.218834e-08 5.187600e-02 9.975100e-01
5.064630e-01 3.191298e-08 4.815300e-02 9.973900e-01
5.053858e-01 3.828897e-08 4.295700e-02 9.973200e-01
5.064760e-01 3.436446e-08 4.286700e-02 9.974700e-01
5.015272e-01 3.341680e-08 4.220900e-02 9.972100e-01
5.057715e-01 3.265108e-08 5.286900e-02 9.976800e-01
5.052444e-01 3.503274e-08 4.556000e-02 9.974300e-01
5.100049e-01 3.114667e-08 4.674600e-02 9.973000e-01
5.101595e-01 3.261211e-08 4.699500e-02 9.971100e-01
5.074693e-01 3.459638e-08 4.324700e-02 9.969200e-01
5.065509e-01 3.142853e-08 4.150700e-02 9.972900e-01
5.046474e-01 2.996211e-08 4.887700e-02 9.972600e-01
5.106821e-01 3.224837e-08 4.112800e-02 9.971700e-01
5.067778e-01 2.977184e-08 5.069100e-02 9.973300e-01
5.049060e-01 3.229271e-08 4.834400e-02 9.974400e-01
5.085816e-01 2.965256e-08 4.015200e-02 9.972700e-01
5.037494e-01 3.104631e-08 4.273300e-02 9.975100e-01
5.055904e-01 3.331598e-08 4.680300e-02 9.976200e-01
5.079262e-01 3.363295e-08 4.013300e-02 9.973400e-01
5.053881e-01 3.020332e-08 5.447800e-02 9.974500e-01
5.038010e-01 3.372359e-08 3.872000e-02 9.972200e-01
5.032867e-01 3.124173e-08 3.641100e-02 9.973900e-01
5.042082e-01 2.645436e-08 5.237300e-02 9.974100e-01
5.039506e-01 3.170679e-08 4.587200e-02 9.974200e-01
5.061008e-01 3.115857e-08 4.830000e-02 9.973600e-01
5.052640e-01 3.004154e-08 4.761000e-02 9.975200e-01
5.062190e-01 3.283571e-08 4.532000e-02 9.973100e-01
5.041558e-01 3.051616e-08 4.881200e-02 9.974200e-01
5.096892e-01 2.703108e-08 4.418100e-02 9.972700e-01
5.070455e-01 2.899887e-08 4.431800e-02 9.973900e-01
5.050780e-01 2.913152e-08 5.314900e-02 9.974100e-01
5.083171e-01 3.154269e-08 3.861300e-02 9.973300e-01
5.014636e-01 3.126252e-08 5.139200e-02 9.971600e-01
5.082810e-01 3.019367e-08 4.634900e-02 9.970900e-01
5.069700e-01 2.790823e-08 4.622600e-02 9.973100e-01
5.069672e-01 2.560299e-08 4.336900e-02 9.973800e-01
5.031349e-01 2.619914e-08 4.797800e-02 9.973400e-01
5.074533e-01 2.793596e-08 4.398600e-02 9.971400e-01
5.058226e-01 2.639762e-08 4.214300e-02 9.975000e-01
5.074946e-01 2.475564e-08 4.576500e-02 9.975700e-01
5.042629e-01 2.662306e-08 4.214600e-02 9.973500e-01
5.051338e-01 2.716953e-08 4.008000e-02 9.970200e-01
5.080156e-01 3.005677e-08 4.163300e-02 9.971700e-01
5.057781e-01 2.721986e-08 4.329000e-02 9.972000e-01
5.019277e-01 2.672981e-08 3.952300e-02 9.971400e-01
5.023291e-01 2.793465e-08 4.679900e-02 9.973400e-01
5.059280e-01 2.682443e-08 4.454200e-02 9.972100e-01
5.057439e-01 2.658318e-08 4.534200e-02 9.971500e-01
5.019442e-01 2.368917e-08 4.358800e-02 9.973100e-01
5.045127e-01 2.727159e-08 4.239400e-02 9.973800e-01
5.053510e-01 2.655388e-08 4.486500e-02 9.972600e-01
5.056813e-01 2.415454e-08 4.477900e-02 9.973000e-01
5.066742e-01 2.654122e-08 4.325900e-02 9.973100e-01
5.048416e-01 2.597451e-08 4.737300e-02 9.974000e-01
5.056284e-01 2.583129e-08 5.222900e-02 9.973600e-01
5.065736e-01 2.271801e-08 4.901100e-02 9.973400e-01
5.057934e-01 2.401487e-08 4.891100e-02 9.971700e-01
5.075195e-01 2.900291e-08 5.051700e-02 9.973100e-01
5.022929e-01 2.415282e-08 4.834400e-02 9.972900e-01
5.053574e-01 2.420283e-08 4.955000e-02 9.972500e-01
5.078835e-01 2.289617e-08 5.213600e-02 9.970300e-01
5.046986e-01 2.440027e-08 4.981100e-02 9.973100e-01
5.048109e-01 2.154930e-08 4.879800e-02 9.974400e-01
5.053886e-01 2.514620e-08 5.103300e-02 9.972800e-01
5.038124e-01 2.299683e-08 4.953100e-02 9.972700e-01
5.048371e-01 2.390996e-08 4.767800e-02 9.970000e-01
5.000189e-01 2.055590e-08 5.144100e-02 9.975500e-01
5.051397e-01 2.046628e-08 4.730100e-02 9.971900e-01
5.092896e-01 2.579997e-08 3.767500e-02 9.974500e-01
5.047557e-01 2.231030e-08 4.295500e-02 9.972100e-01
5.049307e-01 2.556164e-08 4.547900e-02 9.973100e-01
5.034740e-01 2.275332e-08 4.744800e-02 9.972700e-01
5.037575e-01 2.140081e-08 4.525000e-02 9.972100e-01
5.070169e-01 2.137676e-08 4.831000e-02 9.975300e-01
5.040736e-01 2.257293e-08 4.727200e-02 9.972500e-01
5.065380e-01 2.199152e-08 3.425700e-02 9.974200e-01
5.029312e-01 2.398854e-08 4.196500e-02 9.969400e-01
5.059183e-01 2.199568e-08 4.761900e-02 9.975600e-01
5.087364e-01 1.961396e-08 4.973500e-02 9.974700e-01
5.042986e-01 1.999268e-08 5.073500e-02 9.973500e-01
5.005704e-01 2.398895e-08 4.675900e-02 9.972200e-01
5.059565e-01 2.006298e-08 4.540900e-02 9.973600e-01
5.036594e-01 2.106168e-08 4.612100e-02 9.974800e-01
5.051002e-01 2.181555e-08 4.873400e-02 9.969400e-01
5.068797e-01 2.066163e-08 4.289800e-02 9.972000e-01
5.031295e-01 2.028941e-08 3.990700e-02 9.974100e-01
5.051740e-01 1.907316e-08 3.474300e-02 9.974000e-01
5.033196e-01 2.174373e-08 4.204000e-02 9.970700e-01
5.033016e-01 2.199815e-08 4.109200e-02 9.972700e-01
5.026183e-01 1.972302e-08 5.010900e-02 9.973000e-01
5.021623e-01 2.010745e-08 5.222700e-02 9.971000e-01
5.035428e-01 2.125832e-08 3.168600e-02 9.973000e-01
5.030591e-01 2.072162e-08 4.938100e-02 9.974700e-01
5.008423e-01 1.774173e-08 5.290200e-02 9.972500e-01
5.039402e-01 1.924274e-08 5.399300e-02 9.973200e-01
5.004858e-01 2.278801e-08 3.336700e-02 9.975200e-01
5.056918e-01 1.953088e-08 3.474200e-02 9.976300e-01
5.053934e-01 1.893031e-08 3.025400e-02 9.972100e-01
4.993496e-01 1.858109e-08 4.650200e-02 9.974200e-01
5.031686e-01 1.907045e-08 4.675400e-02 9.972400e-01
5.031012e-01 1.844366e-08 3.899400e-02 9.971700e-01
5.062537e-01 1.945421e-08 4.254700e-02 9.973100e-01
4.989040e-01 1.834641e-08 4.290600e-02 9.972900e-01
5.052285e-01 2.043931e-08 3.876600e-02 9.972100e-01
5.020818e-01 1.627223e-08 4.844500e-02 9.971900e-01
5.068943e-01 1.812178e-08 5.429700e-02 9.972100e-01
5.020008e-01 1.847305e-08 4.389100e-02 9.971700e-01
5.045015e-01 1.745337e-08 4.865900e-02 9.972100e-01
5.041740e-01 1.801591e-08 3.897400e-02 9.974900e-01
5.013818e-01 1.565856e-08 5.409700e-02 9.977200e-01
5.065664e-01 1.872782e-08 4.646200e-02 9.974800e-01
5.040450e-01 1.858527e-08 5.378000e-02 9.973100e-01
5.031831e-01 1.688683e-08 4.949200e-02 9.971600e-01
5.034559e-01 1.608660e-08 5.369500e-02 9.971400e-01
5.045138e-01 1.864484e-08 5.100400e-02 9.973200e-01
5.054849e-01 1.609436e-08 5.036400e-02 9.975000e-01
5.045273e-01 1.680040e-08 4.048400e-02 9.973400e-01
5.048561e-01 1.698733e-08 5.014500e-02 9.972700e-01
5.033207e-01 1.607662e-08 3.929600e-02 9.969600e-01
5.035603e-01 1.586846e-08 4.038100e-02 9.972800e-01
5.039473e-01 1.743957e-08 4.125400e-02 9.973400e-01
5.034406e-01 1.577198e-08 3.604000e-02 9.977300e-01
5.029537e-01 1.599826e-08 4.197900e-02 9.973400e-01
5.037995e-01 1.715975e-08 3.484300e-02 9.972400e-01
5.003356e-01 1.546116e-08 4.654000e-02 9.975200e-01
5.043887e-01 1.511978e-08 3.449100e-02 9.973400e-01
5.052452e-01 1.519693e-08 3.039000e-02 9.975000e-01
4.998454e-01 1.611644e-08 4.592200e-02 9.974600e-01
5.010899e-01 1.475128e-08 4.673000e-02 9.970800e-01
5.021579e-01 1.539627e-08 5.026400e-02 9.974300e-01
5.036450e-01 1.567406e-08 5.352700e-02 9.975400e-01
5.015304e-01 1.460304e-08 4.490700e-02 9.971100e-01
5.008444e-01 1.494977e-08 4.819400e-02 9.971400e-01
5.016369e-01 1.418637e-08 4.625300e-02 9.974300e-01
5.081970e-01 1.399689e-08 3.660600e-02 9.973100e-01
5.041945e-01 1.528813e-08 5.103700e-02 9.973100e-01
5.015570e-01 1.466085e-08 4.222000e-02 9.972100e-01
5.044568e-01 1.401277e-08 4.231300e-02 9.971800e-01
5.025822e-01 1.603807e-08 4.369000e-02 9.969700e-01
5.014790e-01 1.358572e-08 4.270000e-02 9.975100e-01
5.015708e-01 1.204119e-08 3.871600e-02 9.971000e-01
4.999845e-01 1.609557e-08 4.437200e-02 9.975000e-01
5.015668e-01 1.329502e-08 4.717400e-02 9.975500e-01
5.041286e-01 1.323614e-08 4.519300e-02 9.970600e-01
5.028879e-01 1.563457e-08 4.321300e-02 9.975700e-01
5.021029e-01 1.600334e-08 4.487100e-02 9.972500e-01
5.017796e-01 1.434296e-08 4.857700e-02 9.975600e-01
5.025780e-01 1.407051e-08 3.952500e-02 9.974000e-01
5.014963e-01 1.334130e-08 3.679600e-02 9.971000e-01
5.035832e-01 1.509949e-08 3.965600e-02 9.972600e-01
5.059471e-01 1.249827e-08 4.791900e-02 9.974100e-01
5.004282e-01 1.318250e-08 4.453200e-02 9.972900e-01
5.022039e-01 1.276954e-08 4.210300e-02 9.971500e-01
5.026137e-01 1.278532e-08 3.934900e-02 9.972900e-01
5.028343e-01 1.166794e-08 4.732800e-02 9.976500e-01
5.021701e-01 1.500146e-08 4.765200e-02 9.973300e-01
5.011487e-01 1.341573e-08 4.606500e-02 9.972900e-01
5.085184e-01 1.179427e-08 4.480300e-02 9.974500e-01
5.018130e-01 1.196656e-08 4.359000e-02 9.972700e-01
5.046145e-01 1.298740e-08 5.319600e-02 9.974700e-01
5.003540e-01 1.272268e-08 4.963000e-02 9.975400e-01
5.012605e-01 1.373570e-08 5.235200e-02 9.975000e-01
5.012074e-01 1.239408e-08 4.256100e-02 9.973900e-01
4.992361e-01 1.161610e-08 4.507300e-02 9.973300e-01
5.033356e-01 1.182951e-08 4.491600e-02 9.972100e-01
5.036065e-01 1.406646e-08 4.056400e-02 9.974300e-01
5.050679e-01 1.105601e-08 4.906400e-02 9.975600e-01
5.007325e-01 1.276728e-08 4.797500e-02 9.975000e-01
5.030310e-01 1.124349e-08 3.960300e-02 9.973600e-01
5.005073e-01 1.315148e-08 5.153000e-02 9.972200e-01
4.995988e-01 1.374664e-08 4.220900e-02 9.972500e-01
5.009851e-01 1.244061e-08 4.062000e-02 9.975300e-01
5.035974e-01 1.214340e-08 4.342700e-02 9.974200e-01
5.017393e-01 1.118106e-08 4.470500e-02 9.974900e-01
5.022342e-01 1.238812e-08 4.703700e-02 9.973200e-01
5.041057e-01 1.153007e-08 5.189100e-02 9.973800e-01
5.030515e-01 1.254919e-08 3.725300e-02 9.972900e-01
5.014932e-01 1.141145e-08 3.992500e-02 9.972500e-01
5.033646e-01 1.114649e-08 4.083400e-02 9.974300e-01
5.024732e-01 1.109866e-08 4.559300e-02 9.975800e-01
5.021478e-01 1.146357e-08 3.836400e-02 9.974800e-01
5.030244e-01 1.107292e-08 4.554600e-02 9.974400e-01
5.031501e-01 1.107189e-08 4.527300e-02 9.972500e-01
5.029236e-01 1.055057e-08 3.266100e-02 9.971700e-01
5.049185e-01 1.043600e-08 4.234800e-02 9.972700e-01
5.026678e-01 1.054193e-08 4.359200e-02 9.976100e-01
5.023151e-01 1.101125e-08 3.856900e-02 9.972300e-01
5.026349e-01 1.019417e-08 4.231300e-02 9.972000e-01
5.039228e-01 1.062597e-08 5.002300e-02 9.972600e-01
5.013250e-01 9.999199e-09 3.991500e-02 9.974000e-01
5.040657e-01 9.957564e-09 4.082500e-02 9.974000e-01
4.995184e-01 9.552598e-09 4.950000e-02 9.972200e-01
5.023250e-01 1.139046e-08 3.996300e-02 9.973600e-01
5.033459e-01 1.049933e-08 3.661300e-02 9.973100e-01
5.036241e-01 1.031602e-08 3.979500e-02 9.971600e-01
5.010098e-01 9.953374e-09 4.574500e-02 9.973500e-01
5.022220e-01 1.033460e-08 4.280400e-02 9.971800e-01
5.010537e-01 1.054057e-08 3.713800e-02 9.971000e-01
5.024771e-01 1.125176e-08 4.276300e-02 9.974400e-01
5.027387e-01 1.034446e-08 4.196000e-02 9.973600e-01
5.011912e-01 1.049738e-08 4.145800e-02 9.973800e-01
5.013831e-01 9.778476e-09 4.158200e-02 9.976900e-01
5.005591e-01 9.485042e-09 4.623900e-02 9.975600e-01
5.016750e-01 1.030836e-08 5.059400e-02 9.974700e-01
5.047485e-01 9.497109e-09 4.242300e-02 9.972000e-01
5.023922e-01 9.648499e-09 4.377200e-02 9.973500e-01
5.052343e-01 8.858693e-09 3.756200e-02 9.972000e-01
5.035016e-01 9.738189e-09 4.373700e-02 9.971500e-01
5.001163e-01 9.514452e-09 4.429200e-02 9.973100e-01
5.035010e-01 9.168616e-09 4.004400e-02 9.974300e-01
5.009297e-01 9.323069e-09 4.211900e-02 9.971200e-01
5.014278e-01 9.479130e-09 5.400800e-02 9.974500e-01
5.027632e-01 8.964014e-09 4.440900e-02 9.975900e-01
5.023660e-01 9.700412e-09 3.822000e-02 9.972400e-01
5.012963e-01 8.830927e-09 5.000400e-02 9.974900e-01
4.997711e-01 1.016226e-08 3.489900e-02 9.971900e-01
5.027966e-01 8.727823e-09 4.487500e-02 9.973800e-01
5.007579e-01 9.057841e-09 5.193000e-02 9.974200e-01
5.027834e-01 8.358961e-09 4.583600e-02 9.973600e-01
5.026124e-01 8.572517e-09 4.349400e-02 9.973000e-01
5.020937e-01 9.093816e-09 4.565000e-02 9.972700e-01
5.020823e-01 8.415206e-09 4.904700e-02 9.973000e-01
5.005294e-01 9.167458e-09 4.761100e-02 9.970000e-01
4.995912e-01 8.411328e-09 4.911600e-02 9.971100e-01
5.004862e-01 8.442176e-09 4.875900e-02 9.974700e-01
5.017145e-01 9.043156e-09 4.616500e-02 9.968600e-01
5.024019e-01 7.733950e-09 4.703000e-02 9.969500e-01
5.030312e-01 7.149610e-09 4.456800e-02 9.974100e-01
5.013638e-01 8.831490e-09 5.211900e-02 9.970900e-01
5.005005e-01 8.193178e-09 4.767000e-02 9.971300e-01
4.999061e-01 7.919037e-09 4.612100e-02 9.972700e-01
5.007271e-01 8.249025e-09 4.968700e-02 9.974600e-01
5.007966e-01 7.487492e-09 4.875800e-02 9.973500e-01
5.022796e-01 6.921406e-09 4.573900e-02 9.973400e-01
5.030854e-01 7.866040e-09 4.664400e-02 9.973800e-01
5.035760e-01 7.156129e-09 4.122800e-02 9.973200e-01
5.029686e-01 7.843033e-09 4.875800e-02 9.972000e-01
4.986412e-01 7.296991e-09 3.962100e-02 9.973600e-01
5.027009e-01 7.117527e-09 4.800800e-02 9.971300e-01
5.015686e-01 8.041398e-09 4.488600e-02 9.971800e-01
5.039130e-01 7.151415e-09 5.401000e-02 9.973200e-01
5.019834e-01 8.248964e-09 4.126800e-02 9.972100e-01
5.023325e-01 6.798844e-09 4.592700e-02 9.973500e-01
5.010309e-01 7.370394e-09 4.688500e-02 9.975000e-01
5.028027e-01 7.787716e-09 4.953500e-02 9.973500e-01
5.011955e-01 7.237087e-09 4.740400e-02 9.973700e-01
5.024000e-01 6.777288e-09 4.399300e-02 9.973500e-01
4.999214e-01 7.697395e-09 4.235500e-02 9.973500e-01
5.011941e-01 7.583192e-09 4.690200e-02 9.973700e-01
4.990449e-01 6.974541e-09 4.339600e-02 9.974300e-01
5.022881e-01 7.014228e-09 5.223600e-02 9.973000e-01
5.026910e-01 7.025522e-09 4.423400e-02 9.973100e-01
5.015188e-01 7.549354e-09 4.549100e-02 9.973300e-01
5.015203e-01 7.337930e-09 4.695300e-02 9.974300e-01
5.036361e-01 7.104961e-09 4.935000e-02 9.970800e-01
5.014946e-01 7.183228e-09 5.426800e-02 9.971800e-01
5.002861e-01 6.344492e-09 4.502400e-02 9.976900e-01
5.018254e-01 6.777269e-09 3.956500e-02 9.971400e-01
5.022139e-01 6.819589e-09 4.177400e-02 9.972900e-01
5.008977e-01 6.449654e-09 4.518300e-02 9.972600e-01
5.029383e-01 6.284025e-09 4.191300e-02 9.970800e-01
5.045596e-01 6.649501e-09 4.371400e-02 9.971000e-01
5.014227e-01 6.598029e-09 3.552400e-02 9.971300e-01
5.014890e-01 6.449328e-09 4.276800e-02 9.973500e-01
5.005714e-01 6.602811e-09 4.290200e-02 9.973100e-01
5.008771e-01 6.736726e-09 4.624400e-02 9.972600e-01
5.015157e-01 6.713666e-09 4.496600e-02 9.973200e-01
5.017066e-01 6.042522e-09 3.030000e-02 9.972600e-01
5.007756e-01 6.240994e-09 5.259000e-02 9.969400e-01
5.017038e-01 6.827516e-09 5.284500e-02 9.972000e-01
5.014633e-01 6.362243e-09 4.430000e-02 9.973600e-01
5.010533e-01 6.046819e-09 3.292900e-02 9.971100e-01
5.016636e-01 6.844094e-09 3.619100e-02 9.972800e-01
5.021410e-01 6.253909e-09 4.593900e-02 9.975600e-01
5.008540e-01 6.302324e-09 3.043200e-02 9.974500e-01
5.012360e-01 5.646767e-09 3.816800e-02 9.971900e-01
5.009455e-01 6.358715e-09 4.114100e-02 9.976000e-01
5.007230e-01 5.709563e-09 4.134000e-02 9.972000e-01
5.003652e-01 5.650274e-09 3.029600e-02 9.975800e-01
5.030272e-01 6.355564e-09 4.786000e-02 9.971500e-01
5.022429e-01 6.252770e-09 3.984500e-02 9.972300e-01
5.008447e-01 5.830473e-09 3.977500e-02 9.973300e-01
5.037706e-01 5.359395e-09 4.048400e-02 9.972700e-01
4.998806e-01 6.052326e-09 4.644300e-02 9.973800e-01
5.013712e-01 6.330129e-09 3.628700e-02 9.972000e-01
5.007173e-01 5.700712e-09 4.902200e-02 9.976200e-01
5.010777e-01 5.804134e-09 5.446000e-02 9.972600e-01
5.024326e-01 5.881720e-09 5.458100e-02 9.974300e-01
5.034008e-01 5.130736e-09 4.025300e-02 9.972900e-01
5.014391e-01 5.671734e-09 4.999500e-02 9.973100e-01
5.025305e-01 4.977690e-09 4.912100e-02 9.970000e-01
5.012427e-01 5.959965e-09 3.829400e-02 9.974200e-01
5.012032e-01 5.956377e-09 4.745400e-02 9.973700e-01
5.012537e-01 5.051246e-09 5.003400e-02 9.973900e-01
5.010904e-01 5.371855e-09 4.845000e-02 9.970400e-01
5.007210e-01 5.608757e-09 4.730100e-02 9.972400e-01
5.015757e-01 5.146155e-09 4.621800e-02 9.974600e-01
4.996633e-01 5.218384e-09 3.095600e-02 9.972800e-01
4.992412e-01 5.110523e-09 5.344000e-02 9.972600e-01
5.024317e-01 5.152617e-09 3.646600e-02 9.974300e-01
4.996366e-01 5.480746e-09 3.627600e-02 9.972700e-01
5.005716e-01 4.924379e-09 3.371000e-02 9.971900e-01
4.998842e-01 5.299907e-09 3.027500e-02 9.973200e-01
5.004519e-01 4.498480e-09 4.576300e-02 9.974400e-01
5.035506e-01 5.993506e-09 5.086900e-02 9.970800e-01
5.016544e-01 5.264885e-09 5.229700e-02 9.972000e-01
5.024108e-01 4.453344e-09 4.808900e-02 9.972700e-01
5.012295e-01 5.487114e-09 5.378800e-02 9.976400e-01
5.012510e-01 5.334353e-09 3.956400e-02 9.975900e-01
5.015220e-01 4.966360e-09 5.304900e-02 9.971800e-01
5.011180e-01 5.188290e-09 4.266500e-02 9.974200e-01
5.013362e-01 4.897918e-09 5.163300e-02 9.974700e-01
5.003741e-01 4.983533e-09 5.390000e-02 9.972800e-01
5.004174e-01 5.204836e-09 4.177700e-02 9.970500e-01
5.007542e-01 4.604721e-09 5.460900e-02 9.974100e-01
5.011596e-01 4.638318e-09 4.216000e-02 9.969100e-01
5.006150e-01 4.940050e-09 4.543400e-02 9.972400e-01
5.008955e-01 4.461456e-09 3.963300e-02 9.970200e-01
5.007127e-01 4.304189e-09 3.024800e-02 9.972400e-01
4.996830e-01 4.339965e-09 3.928200e-02 9.971800e-01
4.991597e-01 4.493011e-09 5.207000e-02 9.973600e-01
5.015089e-01 4.902427e-09 5.217000e-02 9.972000e-01
5.006619e-01 4.884922e-09 3.506200e-02 9.975600e-01
5.003123e-01 4.745498e-09 5.257400e-02 9.974700e-01
5.004618e-01 4.992563e-09 4.933300e-02 9.972500e-01
5.020085e-01 4.572847e-09 3.848700e-02 9.972800e-01
5.022905e-01 4.249032e-09 5.428800e-02 9.971300e-01
5.016622e-01 4.951163e-09 3.854000e-02 9.973400e-01
5.006505e-01 4.499589e-09 3.404600e-02 9.972300e-01
4.997784e-01 4.177768e-09 5.047700e-02 9.970800e-01
5.022094e-01 4.190056e-09 5.437900e-02 9.974800e-01
5.012637e-01 3.963803e-09 3.365600e-02 9.971700e-01
5.012446e-01 4.208925e-09 3.023900e-02 9.972200e-01
5.006905e-01 4.048270e-09 3.060900e-02 9.972400e-01
5.022480e-01 4.224765e-09 5.141800e-02 9.975800e-01
5.005494e-01 4.203215e-09 4.302100e-02 9.974000e-01
5.005631e-01 4.099623e-09 4.931300e-02 9.973500e-01
5.005040e-01 4.167799e-09 4.372300e-02 9.972100e-01
5.021285e-01 4.016772e-09 4.672800e-02 9.974500e-01
5.004993e-01 4.073822e-09 3.439800e-02 9.973800e-01
5.004767e-01 3.952603e-09 4.219400e-02 9.973000e-01
5.018281e-01 3.835177e-09 5.027200e-02 9.971000e-01
5.015207e-01 4.040075e-09 4.450300e-02 9.974600e-01
5.005366e-01 3.888868e-09 3.983800e-02 9.972000e-01
5.003430e-01 3.753798e-09 5.258400e-02 9.974700e-01
5.030614e-01 4.024291e-09 4.936200e-02 9.973700e-01
5.007470e-01 3.939541e-09 3.550300e-02 9.970300e-01
5.020976e-01 3.858490e-09 4.968400e-02 9.973600e-01
4.993327e-01 3.632405e-09 5.331700e-02 9.973700e-01
4.983471e-01 3.210711e-09 5.358900e-02 9.975000e-01
5.009407e-01 4.285647e-09 4.978600e-02 9.973300e-01
4.998680e-01 3.700955e-09 3.464200e-02 9.974200e-01
5.012955e-01 3.900005e-09 4.811700e-02 9.972500e-01
5.005745e-01 3.490469e-09 3.135600e-02 9.972500e-01
5.010246e-01 3.810768e-09 4.636300e-02 9.965500e-01
5.005755e-01 3.531748e-09 3.097900e-02 9.973100e-01
5.004435e-01 3.946798e-09 3.845500e-02 9.973200e-01
5.020533e-01 3.697735e-09 3.373900e-02 9.972900e-01
5.004253e-01 3.498752e-09 3.769800e-02 9.973000e-01
4.998223e-01 3.287668e-09 3.843900e-02 9.972200e-01
5.019251e-01 3.626517e-09 4.394200e-02 9.971500e-01
5.013057e-01 3.876829e-09 3.852600e-02 9.972600e-01
5.003248e-01 3.099149e-09 3.438200e-02 9.974700e-01
5.009888e-01 3.438914e-09 4.538000e-02 9.971600e-01
5.019345e-01 3.175229e-09 3.716000e-02 9.971200e-01
5.014732e-01 3.493744e-09 4.500600e-02 9.970200e-01
5.003034e-01 3.212537e-09 5.309200e-02 9.973100e-01
4.997316e-01 3.294679e-09 3.917700e-02 9.970900e-01
5.002647e-01 3.605787e-09 4.371400e-02 9.973900e-01
5.012576e-01 3.406290e-09 5.343000e-02 9.971300e-01
4.999995e-01 3.313205e-09 5.209100e-02 9.971800e-01
5.009526e-01 3.054328e-09 4.052000e-02 9.975000e-01
5.005728e-01 3.201259e-09 4.195200e-02 9.972800e-01
5.003350e-01 3.249179e-09 4.553600e-02 9.976600e-01
5.004612e-01 3.456565e-09 4.743200e-02 9.972400e-01
5.004799e-01 3.183091e-09 4.717400e-02 9.972600e-01
5.009269e-01 3.359079e-09 5.043300e-02 9.972200e-01
5.012907e-01 3.342841e-09 4.746800e-02 9.972500e-01
5.011115e-01 3.068259e-09 4.618500e-02 9.975600e-01
5.008171e-01 3.214836e-09 4.453200e-02 9.976200e-01
4.990560e-01 3.016485e-09 4.211100e-02 9.976700e-01
4.995850e-01 3.470364e-09 3.558500e-02 9.971700e-01
5.002740e-01 2.929827e-09 3.541300e-02 9.974900e-01
5.000766e-01 3.106487e-09 3.661100e-02 9.972600e-01
5.006267e-01 3.048312e-09 3.945700e-02 9.972900e-01
5.015097e-01 2.986127e-09 4.922300e-02 9.973100e-01
5.012667e-01 2.753052e-09 3.615100e-02 9.974600e-01
5.005435e-01 2.963766e-09 4.526700e-02 9.972400e-01
5.002918e-01 2.860111e-09 4.251400e-02 9.974600e-01
5.008653e-01 3.055008e-09 4.029800e-02 9.972000e-01
5.001247e-01 3.126155e-09 4.716800e-02 9.972300e-01
4.996686e-01 2.791614e-09 4.674400e-02 9.975100e-01
5.000873e-01 3.222861e-09 4.694300e-02 9.971600e-01
5.000567e-01 2.859957e-09 4.571900e-02 9.972800e-01
4.998969e-01 2.879573e-09 5.082000e-02 9.970900e-01
5.005998e-01 2.673516e-09 4.703300e-02 9.972300e-01
4.986888e-01 2.893640e-09 4.747500e-02 9.971900e-01
5.016417e-01 3.207702e-09 4.324300e-02 9.973400e-01
5.009631e-01 3.124116e-09 4.930800e-02 9.974400e-01
5.001170e-01 3.072640e-09 4.456800e-02 9.972800e-01
5.003204e-01 2.662704e-09 3.684000e-02 9.971400e-01
5.013157e-01 2.920245e-09 4.558700e-02 9.971800e-01
5.008307e-01 2.822703e-09 4.234000e-02 9.971300e-01
4.992132e-01 2.672141e-09 4.396100e-02 9.970200e-01
5.003320e-01 2.532514e-09 4.475900e-02 9.971600e-01
5.012518e-01 2.947720e-09 4.207400e-02 9.975900e-01
5.010757e-01 2.685708e-09 3.578800e-02 9.974300e-01
5.002943e-01 2.826068e-09 4.420800e-02 9.972600e-01
5.002022e-01 2.612481e-09 4.874700e-02 9.976500e-01
5.005867e-01 2.498061e-09 4.938500e-02 9.972700e-01
5.005635e-01 2.542142e-09 4.195800e-02 9.972500e-01
5.002369e-01 2.472301e-09 4.317300e-02 9.974800e-01
5.016227e-01 2.658224e-09 5.344600e-02 9.972700e-01
4.995965e-01 2.602036e-09 5.375700e-02 9.974400e-01
5.005991e-01 2.644873e-09 5.226200e-02 9.973300e-01
5.004454e-01 2.563645e-09 5.038400e-02 9.972400e-01
5.010369e-01 2.518961e-09 3.079000e-02 9.973700e-01
4.999222e-01 2.654948e-09 4.558500e-02 9.974400e-01
4.996461e-01 2.608885e-09 5.017400e-02 9.970900e-01
5.009003e-01 2.671734e-09 4.429600e-02 9.973600e-01
5.010743e-01 2.360774e-09 5.344900e-02 9.975100e-01
4.996475e-01 2.401077e-09 5.352800e-02 9.974600e-01
5.003029e-01 2.428250e-09 3.974000e-02 9.970500e-01
5.005458e-01 2.413220e-09 3.981300e-02 9.971800e-01
4.991591e-01 2.599104e-09 3.966500e-02 9.971500e-01
4.998895e-01 2.352356e-09 4.255900e-02 9.972700e-01
5.013992e-01 2.301037e-09 4.653200e-02 9.971800e-01
5.004292e-01 2.449740e-09 3.992700e-02 9.973600e-01
5.003639e-01 2.253274e-09 4.076000e-02 9.971900e-01
4.998692e-01 2.382781e-09 3.887200e-02 9.975100e-01
5.012686e-01 2.318025e-09 4.586200e-02 9.969000e-01
5.004857e-01 2.157476e-09 4.198500e-02 9.970700e-01
5.001193e-01 2.166638e-09 5.218000e-02 9.974600e-01
4.997869e-01 2.204427e-09 4.378100e-02 9.971300e-01
4.988631e-01 2.106766e-09 4.156400e-02 9.973200e-01
4.997147e-01 2.284263e-09 4.775700e-02 9.971200e-01
5.007900e-01 2.278708e-09 4.393700e-02 9.973700e-01
5.004038e-01 2.337993e-09 4.160400e-02 9.974200e-01
5.005893e-01 2.120996e-09 3.869000e-02 9.970700e-01
5.006273e-01 2.188510e-09 3.635100e-02 9.974000e-01
5.001705e-01 2.208276e-09 4.296200e-02 9.971700e-01
5.003700e-01 2.214851e-09 4.947600e-02 9.974600e-01
5.005692e-01 2.319317e-09 3.019200e-02 9.972600e-01
4.999364e-01 2.294589e-09 3.127300e-02 9.974300e-01
5.006745e-01 2.187190e-09 5.080200e-02 9.972600e-01
5.007330e-01 1.998796e-09 3.888400e-02 9.976800e-01
4.995008e-01 1.959874e-09 5.119700e-02 9.977600e-01
5.007341e-01 2.157445e-09 4.483600e-02 9.975400e-01
5.000143e-01 1.994423e-09 4.688400e-02 9.974900e-01
5.008007e-01 1.953129e-09 4.166500e-02 9.972800e-01
4.997301e-01 2.040463e-09 4.239200e-02 9.972900e-01
5.001511e-01 2.114935e-09 3.213000e-02 9.974500e-01
4.999530e-01 2.192447e-09 3.819600e-02 9.971400e-01
4.994364e-01 1.865682e-09 3.887500e-02 9.972600e-01
4.991488e-01 1.999767e-09 3.482500e-02 9.970100e-01
5.000647e-01 2.062093e-09 4.233000e-02 9.974400e-01
5.009090e-01 1.646558e-09 5.383800e-02 9.972600e-01
5.005252e-01 1.783920e-09 5.306300e-02 9.972300e-01
5.009130e-01 1.987377e-09 3.833700e-02 9.974000e-01
5.002426e-01 1.937346e-09 4.262600e-02 9.975400e-01
4.996334e-01 1.963461e-09 4.713300e-02 9.974100e-01
5.005265e-01 1.748755e-09 3.649300e-02 9.972900e-01
5.003107e-01 1.845914e-09 5.171100e-02 9.970600e-01
5.007157e-01 1.790372e-09 4.370700e-02 9.973000e-01
4.997961e-01 1.889552e-09 3.473300e-02 9.971800e-01
5.012406e-01 1.799194e-09 4.304600e-02 9.972400e-01
5.002671e-01 1.968587e-09 4.335600e-02 9.973500e-01
5.000264e-01 1.889669e-09 5.253700e-02 9.973000e-01
5.007262e-01 1.778120e-09 5.107400e-02 9.971200e-01
5.013704e-01 1.887609e-09 4.252800e-02 9.973900e-01
4.995547e-01 1.779540e-09 4.279900e-02 9.972600e-01
5.012280e-01 1.740261e-09 3.026100e-02 9.972200e-01
4.997806e-01 1.741285e-09 3.897400e-02 9.971100e-01
5.005773e-01 1.858569e-09 5.122800e-02 9.972600e-01
4.995386e-01 1.913661e-09 5.454200e-02 9.975800e-01
4.998553e-01 1.571044e-09 4.176700e-02 9.973600e-01
5.007170e-01 1.795189e-09 3.735700e-02 9.974900e-01
5.006574e-01 1.639781e-09 4.110700e-02 9.974700e-01
4.994268e-01 1.552150e-09 3.674600e-02 9.970600e-01
4.987555e-01 1.786419e-09 4.265800e-02 9.970400e-01
5.004684e-01 1.533789e-09 4.941800e-02 9.975400e-01
5.016423e-01 1.666128e-09 5.396300e-02 9.971700e-01
5.005820e-01 1.650058e-09 3.615300e-02 9.971600e-01
4.994918e-01 1.746611e-09 3.026900e-02 9.973200e-01
4.994882e-01 1.566776e-09 4.209200e-02 9.971900e-01
4.998679e-01 1.608940e-09 3.423900e-02 9.976500e-01
5.004539e-01 1.737955e-09 3.103000e-02 9.969500e-01
5.004101e-01 1.766720e-09 4.915200e-02 9.974000e-01
5.003792e-01 1.935448e-09 4.479600e-02 9.973400e-01
5.001569e-01 1.668615e-09 4.492300e-02 9.971800e-01
5.004840e-01 1.480983e-09 3.734900e-02 9.973300e-01
4.997331e-01 1.425637e-09 3.926600e-02 9.972400e-01
5.011943e-01 1.462904e-09 3.451000e-02 9.974900e-01
4.998406e-01 1.449516e-09 3.025500e-02 9.971700e-01
5.005701e-01 1.510951e-09 4.184000e-02 9.973300e-01
4.999248e-01 1.557526e-09 4.704700e-02 9.974100e-01
5.003539e-01 1.597797e-09 3.795500e-02 9.973900e-01
5.010372e-01 1.558418e-09 3.487700e-02 9.972100e-01
5.005017e-01 1.555267e-09 3.026600e-02 9.972500e-01
5.017053e-01 1.610782e-09 3.022700e-02 9.972300e-01
4.994111e-01 1.676399e-09 3.049200e-02 9.974000e-01
5.001659e-01 1.351489e-09 4.703200e-02 9.975500e-01
4.999563e-01 1.392182e-09 4.696100e-02 9.973600e-01
5.008378e-01 1.459131e-09 4.883400e-02 9.970800e-01
5.007658e-01 1.405254e-09 4.295100e-02 9.970200e-01
5.004964e-01 1.440638e-09 5.368000e-02 9.975900e-01
5.007116e-01 1.351551e-09 4.335400e-02 9.976800e-01
5.000867e-01 1.521417e-09 4.650800e-02 9.972900e-01
4.996452e-01 1.272117e-09 4.294000e-02 9.973000e-01
5.008282e-01 1.368065e-09 3.454700e-02 9.973000e-01
4.994227e-01 1.461496e-09 4.163300e-02 9.975600e-01
4.999864e-01 1.375692e-09 3.789500e-02 9.972600e-01
5.001969e-01 1.402862e-09 3.360100e-02 9.974300e-01
5.011551e-01 1.414250e-09 4.232000e-02 9.971900e-01
5.011990e-01 1.365418e-09 4.299000e-02 9.972600e-01
4.997094e-01 1.271906e-09 3.018800e-02 9.972000e-01
5.003681e-01 1.427390e-09 4.033200e-02 9.973200e-01
4.996492e-01 1.397872e-09 4.954400e-02 9.974100e-01
4.993817e-01 1.305546e-09 5.047100e-02 9.974900e-01
5.000868e-01 1.267159e-09 4.749000e-02 9.973000e-01
4.995982e-01 1.333705e-09 4.183200e-02 9.973600e-01
5.008418e-01 1.249244e-09 5.133200e-02 9.975000e-01
5.001257e-01 1.162198e-09 4.436800e-02 9.970400e-01
5.000820e-01 1.305826e-09 3.710600e-02 9.970300e-01
5.008485e-01 1.149288e-09 4.587300e-02 9.975200e-01
4.997708e-01 1.309508e-09 4.439500e-02 9.975300e-01
5.000794e-01 1.301165e-09 4.123500e-02 9.970700e-01
4.996595e-01 1.270891e-09 5.363000e-02 9.976800e-01
5.000665e-01 1.291762e-09 4.534200e-02 9.974200e-01
5.009627e-01 1.279707e-09 3.762900e-02 9.972900e-01
5.002403e-01 1.179574e-09 3.409200e-02 9.969500e-01
4.996714e-01 1.320391e-09 5.464800e-02 9.972100e-01
5.012158e-01 1.244621e-09 4.561500e-02 9.975000e-01
5.008592e-01 1.267997e-09 3.364400e-02 9.973400e-01
4.994493e-01 1.180283e-09 3.496500e-02 9.970200e-01
5.001421e-01 1.157159e-09 5.363000e-02 9.973300e-01
4.997838e-01 1.182489e-09 4.301900e-02 9.975800e-01
5.001766e-01 1.215156e-09 4.612600e-02 9.970900e-01
5.006953e-01 1.127468e-09 4.582500e-02 9.973300e-01
4.995917e-01 1.124147e-09 3.630200e-02 9.973200e-01
4.997690e-01 1.054181e-09 4.429400e-02 9.973100e-01
4.998576e-01 1.114928e-09 4.439800e-02 9.971800e-01
5.005364e-01 1.066541e-09 3.826700e-02 9.974700e-01
5.002776e-01 1.151905e-09 4.607400e-02 9.973700e-01
4.998505e-01 1.112365e-09 4.590800e-02 9.975000e-01
5.000166e-01 1.106414e-09 4.162100e-02 9.972900e-01
4.999036e-01 1.075383e-09 3.810300e-02 9.972300e-01
5.014035e-01 1.080954e-09 4.484600e-02 9.971200e-01
4.999744e-01 1.163766e-09 4.934000e-02 9.973000e-01
5.001647e-01 1.052474e-09 3.589400e-02 9.971600e-01
4.999290e-01 1.104616e-09 4.321200e-02 9.971700e-01
5.003220e-01 1.152606e-09 4.295700e-02 9.974500e-01
5.003090e-01 1.249308e-09 3.907800e-02 9.972500e-01
4.997068e-01 1.024000e-09 4.976200e-02 9.970300e-01
5.005169e-01 9.711331e-10 4.053800e-02 9.974200e-01
5.006871e-01 9.560726e-10 4.089400e-02 9.973400e-01
5.003102e-01 1.160140e-09 4.152700e-02 9.975900e-01
5.011692e-01 1.072965e-09 3.913100e-02 9.975100e-01
5.006494e-01 1.048248e-09 3.309900e-02 9.972700e-01
4.999077e-01 9.112866e-10 3.340000e-02 9.974800e-01
5.001140e-01 1.079759e-09 5.412100e-02 9.974300e-01
5.002041e-01 1.009322e-09 5.347100e-02 9.970600e-01
5.001963e-01 1.013204e-09 5.261500e-02 9.971900e-01
5.004759e-01 1.125908e-09 4.013400e-02 9.973700e-01
5.001448e-01 1.051407e-09 4.685000e-02 9.973100e-01
5.003716e-01 1.075028e-09 4.750900e-02 9.971900e-01
5.003799e-01 1.100507e-09 5.000700e-02 9.973000e-01
4.996036e-01 9.774066e-10 4.325800e-02 9.974300e-01
5.001508e-01 1.098995e-09 3.721500e-02 9.975700e-01
5.004525e-01 9.104807e-10 3.279300e-02 9.971500e-01
4.998177e-01 9.095813e-10 4.055500e-02 9.975600e-01
5.004185e-01 1.021461e-09 5.432800e-02 9.972700e-01
5.001150e-01 1.033770e-09 3.658700e-02 9.974500e-01
5.002325e-01 1.106869e-09 4.342800e-02 9.974700e-01
5.002851e-01 9.703510e-10 4.842500e-02 9.974100e-01
4.998101e-01 9.789494e-10 3.895200e-02 9.972700e-01
5.000302e-01 9.608448e-10 4.669100e-02 9.972100e-01
5.000648e-01 8.887699e-10 4.607800e-02 9.974500e-01
5.005438e-01 9.746440e-10 5.345300e-02 9.974400e-01
5.006764e-01 9.298474e-10 3.843400e-02 9.972400e-01
5.001217e-01 9.084382e-10 3.816700e-02 9.973900e-01
4.998987e-01 9.654323e-10 3.656100e-02 9.975000e-01
5.007196e-01 8.693787e-10 4.020200e-02 9.974600e-01
4.998077e-01 9.740914e-10 3.439500e-02 9.971400e-01
5.002166e-01 9.191963e-10 5.449100e-02 9.975300e-01
5.003128e-01 9.070411e-10 5.141400e-02 9.970300e-01
4.999218e-01 9.240580e-10 4.240800e-02 9.973100e-01
4.991271e-01 8.161681e-10 3.029400e-02 9.972200e-01
5.008039e-01 8.951594e-10 5.165800e-02 9.974100e-01
5.007122e-01 8.761286e-10 3.897300e-02 9.970900e-01
5.003912e-01 9.253501e-10 4.641200e-02 9.975600e-01
5.002054e-01 8.841312e-10 5.463300e-02 9.971000e-01
4.998515e-01 9.178389e-10 3.930900e-02 9.974000e-01
4.996521e-01 8.573685e-10 3.842900e-02 9.973900e-01
4.993642e-01 8.971956e-10 3.410400e-02 9.976200e-01
5.001030e-01 8.665704e-10 3.275000e-02 9.972800e-01
5.002432e-01 8.130866e-10 4.819100e-02 9.971700e-01
5.000045e-01 8.483556e-10 5.331300e-02 9.975800e-01
5.000937e-01 8.357547e-10 4.883100e-02 9.971800e-01
4.997732e-01 8.110872e-10 5.359700e-02 9.975300e-01
4.995916e-01 7.699655e-10 4.285900e-02 9.974300e-01
5.000678e-01 8.570138e-10 3.293700e-02 9.972600e-01
5.006205e-01 8.403177e-10 3.548800e-02 9.975000e-01
4.994619e-01 8.158809e-10 3.972900e-02 9.973900e-01
5.002487e-01 7.692978e-10 4.744600e-02 9.973700e-01
5.006633e-01 7.953068e-10 4.578200e-02 9.973700e-01
4.998769e-01 7.913149e-10 3.054500e-02 9.972400e-01
4.999486e-01 7.470483e-10 3.976100e-02 9.971500e-01
4.997590e-01 8.215588e-10 4.551600e-02 9.972900e-01
4.997925e-01 8.072714e-10 4.352400e-02 9.975100e-01
4.994711e-01 8.285488e-10 3.054100e-02 9.970700e-01
4.998309e-01 7.678492e-10 5.123800e-02 9.968200e-01
5.000301e-01 7.672673e-10 3.024900e-02 9.973900e-01
5.004332e-01 7.157692e-10 3.024600e-02 9.971500e-01
5.001307e-01 7.803364e-10 5.069600e-02 9.971100e-01
4.999273e-01 6.841731e-10 5.357000e-02 9.974200e-01
5.003125e-01 7.859349e-10 5.097400e-02 9.973000e-01
4.999353e-01 7.727619e-10 5.297300e-02 9.973500e-01
5.003681e-01 7.064653e-10 4.942100e-02 9.971400e-01
4.997672e-01 6.595423e-10 5.127400e-02 9.974400e-01
5.003375e-01 6.922790e-10 4.031200e-02 9.973000e-01
4.999979e-01 7.441164e-10 4.777100e-02 9.974000e-01
4.996338e-01 6.604680e-10 4.731700e-02 9.973300e-01
5.008997e-01 7.236746e-10 4.934200e-02 9.971900e-01
5.002926e-01 7.091957e-10 4.127800e-02 9.976600e-01
4.998043e-01 7.028228e-10 3.922100e-02 9.972200e-01
4.994630e-01 7.250560e-10 4.416300e-02 9.973100e-01
5.001842e-01 7.378367e-10 4.288500e-02 9.972700e-01
4.998531e-01 7.086559e-10 4.380800e-02 9.972900e-01
5.000313e-01 6.412420e-10 3.952800e-02 9.974100e-01
5.004846e-01 7.182938e-10 4.158000e-02 9.971600e-01
5.003067e-01 7.722823e-10 4.128900e-02 9.973600e-01
5.001574e-01 7.052544e-10 3.874900e-02 9.975400e-01
4.999459e-01 6.561806e-10 4.349800e-02 9.970500e-01
4.998591e-01 6.488848e-10 4.502900e-02 9.971600e-01
5.005266e-01 6.844879e-10 4.464100e-02 9.974400e-01
4.993324e-01 6.271866e-10 3.465000e-02 9.973000e-01
4.999890e-01 7.011464e-10 4.463600e-02 9.974600e-01
4.998978e-01 6.572964e-10 4.376900e-02 9.974600e-01
5.003932e-01 6.305331e-10 4.798400e-02 9.974200e-01
4.998924e-01 6.509086e-10 4.398100e-02 9.974700e-01
5.004199e-01 6.247107e-10 4.898800e-02 9.972500e-01
4.999052e-01 6.230046e-10 4.835300e-02 9.973800e-01
4.999248e-01 6.046821e-10 3.866900e-02 9.971600e-01
5.003726e-01 6.788229e-10 3.394100e-02 9.972600e-01
5.000997e-01 6.525820e-10 5.346700e-02 9.971900e-01
5.002949e-01 6.279121e-10 5.445800e-02 9.975200e-01
4.994006e-01 6.916405e-10 5.413900e-02 9.973600e-01
4.999415e-01 6.104204e-10 4.405600e-02 9.972700e-01
5.002330e-01 6.186763e-10 4.673400e-02 9.977800e-01
4.999270e-01 5.843941e-10 4.328200e-02 9.973000e-01
5.000845e-01 5.906374e-10 4.819800e-02 9.972200e-01
5.003604e-01 6.023158e-10 3.880600e-02 9.972600e-01
5.003606e-01 6.234205e-10 3.023400e-02 9.974500e-01
4.993547e-01 5.483669e-10 5.116400e-02 9.973300e-01
4.995092e-01 6.396544e-10 5.341400e-02 9.975000e-01
4.995245e-01 5.944124e-10 5.393000e-02 9.971900e-01
4.998220e-01 5.372696e-10 3.081800e-02 9.972100e-01
5.007835e-01 5.840303e-10 3.024900e-02 9.974500e-01
4.997762e-01 6.196139e-10 3.959500e-02 9.974900e-01
5.002714e-01 5.834431e-10 3.637400e-02 9.971900e-01
5.000399e-01 5.858428e-10 4.789500e-02 9.973300e-01
4.993705e-01 6.048648e-10 4.281500e-02 9.972400e-01
4.999316e-01 5.912498e-10 3.827900e-02 9.976000e-01
5.001012e-01 5.705590e-10 4.417600e-02 9.974300e-01
4.998351e-01 5.611252e-10 4.681800e-02 9.972900e-01
4.997692e-01 6.128088e-10 4.759000e-02 9.974100e-01
5.001175e-01 5.150376e-10 3.899800e-02 9.969900e-01
5.001949e-01 5.385704e-10 3.715400e-02 9.975500e-01
5.001343e-01 5.631255e-10 4.015900e-02 9.973500e-01
4.995453e-01 5.955644e-10 4.723400e-02 9.973800e-01
4.992537e-01 5.482468e-10 5.026500e-02 9.973500e-01
4.998795e-01 5.551042e-10 4.629600e-02 9.972900e-01
5.004349e-01 5.549267e-10 3.614900e-02 9.972700e-01
4.998099e-01 5.625240e-10 3.953700e-02 9.975900e-01
4.995598e-01 5.067579e-10 4.196300e-02 9.973300e-01
5.000666e-01 5.743077e-10 4.526600e-02 9.975200e-01
4.996209e-01 5.588385e-10 4.212700e-02 9.973200e-01
4.997487e-01 5.121298e-10 4.757000e-02 9.972400e-01
5.001046e-01 5.059298e-10 4.908500e-02 9.975300e-01
5.000143e-01 5.704163e-10 3.962500e-02 9.973900e-01
5.000404e-01 5.331383e-10 4.917000e-02 9.973000e-01
4.997685e-01 5.403024e-10 4.873200e-02 9.972800e-01
4.999896e-01 4.515392e-10 5.358500e-02 9.971200e-01
5.000930e-01 4.964659e-10 4.538400e-02 9.976900e-01
4.998625e-01 5.092920e-10 4.276100e-02 9.972500e-01
5.000070e-01 5.224739e-10 4.578200e-02 9.972600e-01
5.001407e-01 4.726494e-10 5.116500e-02 9.974400e-01
5.003250e-01 4.537019e-10 4.389400e-02 9.972600e-01
4.995912e-01 4.740653e-10 3.805300e-02 9.973800e-01
5.006218e-01 4.825117e-10 5.107600e-02 9.972200e-01
4.999982e-01 5.034767e-10 3.757000e-02 9.973800e-01
5.001915e-01 5.019190e-10 5.438400e-02 9.975700e-01
5.000544e-01 4.743883e-10 4.904900e-02 9.972800e-01
4.999634e-01 4.531687e-10 3.039800e-02 9.973200e-01
4.998981e-01 5.042226e-10 3.914400e-02 9.969800e-01
4.999364e-01 4.829360e-10 4.334300e-02 9.970900e-01
4.997004e-01 4.493544e-10 4.314500e-02 9.972900e-01
5.002192e-01 4.946539e-10 4.358000e-02 9.975500e-01
4.996743e-01 4.610213e-10 5.444800e-02 9.972000e-01
4.996992e-01 5.055730e-10 5.354200e-02 9.974800e-01
5.000741e-01 5.047390e-10 4.358300e-02 9.971300e-01
4.994108e-01 4.732624e-10 3.226000e-02 9.970800e-01
5.001328e-01 4.647452e-10 3.818000e-02 9.973400e-01
5.002809e-01 4.681597e-10 4.695500e-02 9.973300e-01
5.001088e-01 4.888548e-10 5.126500e-02 9.972000e-01
4.999713e-01 4.946353e-10 3.976500e-02 9.972700e-01
5.000064e-01 4.293409e-10 4.149400e-02 9.974400e-01
4.997967e-01 4.636551e-10 3.029400e-02 9.974000e-01
5.003226e-01 4.648327e-10 4.975000e-02 9.973800e-01
5.004732e-01 4.836916e-10 4.942300e-02 9.973000e-01
5.001346e-01 4.697605e-10 3.808400e-02 9.970300e-01
5.003723e-01 4.954284e-10 4.669700e-02 9.972700e-01
5.004399e-01 4.596823e-10 4.139900e-02 9.972100e-01
5.000782e-01 4.500009e-10 4.146100e-02 9.973600e-01
5.000028e-01 4.777124e-10 4.628000e-02 9.976700e-01
4.998356e-01 4.335553e-10 4.025000e-02 9.972700e-01
5.003584e-01 4.405961e-10 4.228500e-02 9.972300e-01
4.993138e-01 4.866554e-10 4.826200e-02 9.976800e-01
4.998366e-01 4.207418e-10 4.581400e-02 9.970400e-01
5.001648e-01 4.253654e-10 3.148700e-02 9.975100e-01
5.002401e-01 4.460025e-10 3.683900e-02 9.972900e-01
5.000888e-01 4.199965e-10 4.430900e-02 9.974500e-01
4.997308e-01 4.269959e-10 4.633400e-02 9.972000e-01
5.004897e-01 4.166278e-10 4.751900e-02 9.973100e-01
4.996730e-01 4.496681e-10 4.674900e-02 9.973600e-01
4.996448e-01 4.088743e-10 4.860800e-02 9.972400e-01
4.999006e-01 4.164800e-10 4.281900e-02 9.972800e-01
4.998954e-01 3.960743e-10 3.585600e-02 9.971000e-01
5.001339e-01 3.869941e-10 4.287600e-02 9.975200e-01
4.995841e-01 4.115280e-10 5.077200e-02 9.974700e-01
4.998959e-01 3.973068e-10 4.681700e-02 9.970900e-01
4.995295e-01 3.737318e-10 4.059200e-02 9.970400e-01
4.998066e-01 3.891938e-10 3.988000e-02 9.972500e-01
4.999571e-01 3.674225e-10 4.942900e-02 9.977600e-01
4.998798e-01 3.714418e-10 4.179100e-02 9.972300e-01
4.998538e-01 3.848945e-10 4.473000e-02 9.974500e-01
4.999782e-01 3.712687e-10 4.661300e-02 9.973600e-01
5.001301e-01 3.881764e-10 4.105600e-02 9.974100e-01
5.000432e-01 4.043662e-10 5.371000e-02 9.975400e-01
5.000368e-01 4.249577e-10 5.405700e-02 9.976700e-01
4.997309e-01 3.855693e-10 4.479300e-02 9.974300e-01
5.001051e-01 3.976961e-10 4.404000e-02 9.975400e-01
4.999969e-01 3.971378e-10 4.410100e-02 9.973600e-01
4.999780e-01 3.990808e-10 4.018200e-02 9.973900e-01
4.998036e-01 3.973534e-10 5.111500e-02 9.972900e-01
5.000714e-01 3.722331e-10 4.888100e-02 9.975000e-01
5.001666e-01 3.861993e-10 5.205600e-02 9.974400e-01
4.999073e-01 3.684627e-10 3.373500e-02 9.971500e-01
5.001273e-01 3.775833e-10 5.007600e-02 9.973200e-01
5.000297e-01 3.531845e-10 4.065500e-02 9.973100e-01
5.001300e-01 3.782935e-10 3.816800e-02 9.972200e-01
5.000700e-01 3.725815e-10 4.315200e-02 9.969500e-01
4.998106e-01 3.563808e-10 5.292300e-02 9.972200e-01
5.000323e-01 3.484935e-10 5.150700e-02 9.975300e-01
5.000622e-01 3.467529e-10 3.026100e-02 9.971800e-01
5.002167e-01 3.750813e-10 4.605400e-02 9.972200e-01
4.997524e-01 3.566677e-10 4.168300e-02 9.970200e-01
5.001377e-01 3.829892e-10 5.386500e-02 9.971500e-01
4.996198e-01 3.454473e-10 4.825600e-02 9.971900e-01
5.001062e-01 3.548976e-10 4.953900e-02 9.972300e-01
5.005944e-01 3.723193e-10 4.910300e-02 9.974200e-01
4.999678e-01 3.652219e-10 4.271200e-02 9.971800e-01
4.998640e-01 3.594395e-10 3.761600e-02 9.973800e-01
5.001656e-01 3.554466e-10 3.964700e-02 9.974100e-01
4.998881e-01 3.521209e-10 4.548600e-02 9.974800e-01
4.996802e-01 3.369717e-10 3.136400e-02 9.972200e-01
5.000888e-01 3.726023e-10 3.057600e-02 9.976000e-01
4.999242e-01 3.676790e-10 5.342400e-02 9.975200e-01
4.998614e-01 3.399370e-10 4.214300e-02 9.970600e-01
4.998317e-01 3.247167e-10 5.206600e-02 9.969200e-01
4.995400e-01 3.177549e-10 4.106100e-02 9.974900e-01
5.002567e-01 3.521927e-10 3.818400e-02 9.972200e-01
4.998337e-01 3.297105e-10 3.561000e-02 9.976400e-01
4.997914e-01 3.170445e-10 3.050100e-02 9.972400e-01
4.997565e-01 3.141553e-10 4.115800e-02 9.972800e-01
5.000745e-01 3.158878e-10 3.357800e-02 9.974600e-01
4.998555e-01 3.257785e-10 3.023300e-02 9.971500e-01
5.000121e-01 3.389814e-10 3.869000e-02 9.972000e-01
5.001577e-01 3.238985e-10 4.590800e-02 9.970900e-01
4.995337e-01 3.450577e-10 5.304800e-02 9.972000e-01
5.001567e-01 3.072167e-10 3.109800e-02 9.974900e-01
4.999865e-01 3.412041e-10 3.882000e-02 9.975800e-01
5.001238e-01 3.243888e-10 5.403500e-02 9.972400e-01
4.997534e-01 2.899742e-10 4.116500e-02 9.973800e-01
4.998259e-01 3.098709e-10 3.747200e-02 9.974200e-01
5.001809e-01 3.196677e-10 3.324700e-02 9.972100e-01
4.997690e-01 3.122878e-10 3.191700e-02 9.974600e-01
4.996728e-01 3.278352e-10 4.715400e-02 9.972700e-01
4.998805e-01 3.352968e-10 4.676200e-02 9.973100e-01
4.998740e-01 2.976387e-10 5.342000e-02 9.973700e-01
4.999898e-01 3.017960e-10 4.206400e-02 9.974700e-01
4.999314e-01 3.204480e-10 3.025200e-02 9.974200e-01
4.993970e-01 3.103385e-10 4.668500e-02 9.971400e-01
4.995860e-01 3.089051e-10 5.145500e-02 9.973000e-01
4.997951e-01 2.882015e-10 5.359300e-02 9.975300e-01
4.998660e-01 3.080813e-10 4.490400e-02 9.975400e-01
4.999077e-01 3.160856e-10 5.093500e-02 9.971800e-01
4.996417e-01 2.857283e-10 5.344900e-02 9.974900e-01
4.999448e-01 2.833844e-10 4.579000e-02 9.975800e-01
4.996500e-01 3.085235e-10 5.450900e-02 9.974600e-01
4.995686e-01 2.919066e-10 3.949000e-02 9.972800e-01
5.001237e-01 3.108511e-10 4.456000e-02 9.971300e-01
5.002625e-01 3.120069e-10 5.423500e-02 9.972900e-01
4.999774e-01 3.158453e-10 3.953500e-02 9.977200e-01
5.001825e-01 3.117326e-10 4.632200e-02 9.972500e-01
4.998227e-01 2.772397e-10 4.590000e-02 9.975000e-01
5.001952e-01 2.936630e-10 4.768800e-02 9.975300e-01
4.997211e-01 2.788367e-10 4.970400e-02 9.973000e-01
4.998959e-01 2.702160e-10 4.276500e-02 9.973600e-01
5.005537e-01 2.880906e-10 4.215700e-02 9.970400e-01
5.000522e-01 2.909394e-10 4.620500e-02 9.975300e-01
5.000384e-01 2.942622e-10 5.471600e-02 9.972300e-01
4.999538e-01 2.817447e-10 5.469500e-02 9.976900e-01
5.002135e-01 2.651670e-10 4.629600e-02 9.973900e-01
5.004171e-01 2.911726e-10 3.591900e-02 9.971900e-01
5.000470e-01 2.636302e-10 4.403100e-02 9.973100e-01
4.998561e-01 2.798604e-10 5.346000e-02 9.975800e-01
5.000152e-01 2.725551e-10 3.629600e-02 9.973800e-01
4.997493e-01 2.654030e-10 4.471800e-02 9.972000e-01
4.999514e-01 2.872245e-10 4.215900e-02 9.972600e-01
4.998318e-01 2.768838e-10 4.184000e-02 9.973200e-01
5.000435e-01 2.653999e-10 4.438300e-02 9.971600e-01
4.998850e-01 2.519608e-10 3.026400e-02 9.971000e-01
4.999619e-01 2.717537e-10 3.861700e-02 9.971600e-01
4.996093e-01 2.757959e-10 5.337000e-02 9.974000e-01
4.996895e-01 2.699027e-10 5.342300e-02 9.975600e-01
5.001821e-01 2.723362e-10 3.863300e-02 9.972300e-01
5.000296e-01 2.488169e-10 5.414200e-02 9.975200e-01
4.997220e-01 2.456799e-10 3.784800e-02 9.970100e-01
5.000375e-01 2.777256e-10 3.691600e-02 9.971400e-01
4.998522e-01 2.817832e-10 4.587300e-02 9.973300e-01
4.998399e-01 2.636515e-10 3.148800e-02 9.971700e-01
4.998388e-01 2.583855e-10 4.703000e-02 9.973000e-01
4.997873e-01 2.500368e-10 4.315200e-02 9.976000e-01
4.997732e-01 2.637422e-10 3.703900e-02 9.973700e-01
4.998149e-01 2.625617e-10 4.603900e-02 9.974000e-01
5.001184e-01 2.433254e-10 4.899900e-02 9.972000e-01
5.002218e-01 2.630184e-10 4.385900e-02 9.970600e-01
5.001126e-01 2.598420e-10 4.034100e-02 9.972500e-01
4.999226e-01 2.569388e-10 5.073100e-02 9.972500e-01
4.998255e-01 2.673645e-10 3.509600e-02 9.971400e-01
4.999324e-01 2.509153e-10 3.655600e-02 9.973600e-01
4.999031e-01 2.572198e-10 4.317300e-02 9.972200e-01
4.999609e-01 2.416936e-10 4.404200e-02 9.974100e-01
4.998076e-01 2.445894e-10 5.062300e-02 9.974200e-01
4.999986e-01 2.312269e-10 5.193000e-02 9.975800e-01
4.999924e-01 2.536368e-10 5.199600e-02 9.974500e-01
5.002501e-01 2.454568e-10 5.343800e-02 9.973200e-01
4.998172e-01 2.473702e-10 4.959100e-02 9.974800e-01
5.000330e-01 2.563273e-10 3.443200e-02 9.971200e-01
4.999641e-01 2.447074e-10 4.525200e-02 9.973100e-01
4.998213e-01 2.444311e-10 4.005000e-02 9.974300e-01
5.000941e-01 2.310815e-10 3.312400e-02 9.970900e-01
4.998984e-01 2.339874e-10 5.362300e-02 9.978000e-01
5.000842e-01 2.292250e-10 3.977300e-02 9.971400e-01
5.001223e-01 2.279204e-10 3.938100e-02 9.973500e-01
4.997622e-01 2.360328e-10 3.040000e-02 9.971700e-01
4.998191e-01 2.473708e-10 3.038100e-02 9.971700e-01
4.995889e-01 2.389759e-10 3.049800e-02 9.974700e-01
4.998351e-01 2.436852e-10 3.920400e-02 9.975800e-01
4.999488e-01 2.362379e-10 3.284200e-02 9.973100e-01
4.999398e-01 2.330709e-10 4.755200e-02 9.974600e-01
4.999262e-01 2.271965e-10 5.121700e-02 9.975700e-01
4.999966e-01 2.247464e-10 3.397300e-02 9.973700e-01
4.998757e-01 2.155720e-10 3.428200e-02 9.973600e-01
4.998518e-01 2.176957e-10 3.214100e-02 9.970700e-01
4.997807e-01 2.394391e-10 5.033200e-02 9.974800e-01
4.997363e-01 2.371067e-10 4.200400e-02 9.975000e-01
4.998653e-01 2.194747e-10 4.871400e-02 9.974500e-01
4.998283e-01 2.168680e-10 5.397600e-02 9.975500e-01
4.998507e-01 2.374989e-10 5.369100e-02 9.971100e-01
5.001276e-01 2.283764e-10 3.139600e-02 9.974900e-01
5.001608e-01 2.133741e-10 5.191800e-02 9.973200e-01
4.997882e-01 2.098077e-10 3.742300e-02 9.974500e-01
5.001572e-01 2.270300e-10 4.254900e-02 9.971300e-01
4.998484e-01 2.387858e-10 4.233900e-02 9.972800e-01
4.999107e-01 2.103026e-10 5.076800e-02 9.971800e-01
4.998615e-01 2.328175e-10 5.453700e-02 9.973200e-01
4.997064e-01 2.270230e-10 3.588400e-02 9.971700e-01
4.998212e-01 2.172548e-10 3.026000e-02 9.974600e-01
4.998637e-01 2.196055e-10 3.025500e-02 9.974100e-01
5.000334e-01 2.104095e-10 3.449900e-02 9.973200e-01
5.003154e-01 2.112712e-10 4.296000e-02 9.973200e-01
4.997885e-01 2.162586e-10 5.397000e-02 9.971100e-01
4.997259e-01 2.183699e-10 4.324000e-02 9.973200e-01
4.997506e-01 1.992619e-10 3.843300e-02 9.972700e-01
5.001158e-01 2.144720e-10 3.019700e-02 9.974300e-01
4.996348e-01 2.179296e-10 3.025200e-02 9.971500e-01
5.001585e-01 2.044837e-10 3.026800e-02 9.971900e-01
4.998299e-01 2.290278e-10 5.026400e-02 9.974000e-01
4.997327e-01 2.130776e-10 3.550000e-02 9.973100e-01
4.999936e-01 2.150942e-10 3.319400e-02 9.973300e-01
4.999025e-01 1.989947e-10 5.350800e-02 9.973900e-01
4.999195e-01 2.021767e-10 4.376200e-02 9.971700e-01
5.000060e-01 2.096525e-10 4.810500e-02 9.969900e-01
4.998014e-01 2.132204e-10 3.023600e-02 9.973800e-01
4.999004e-01 2.009240e-10 3.024600e-02 9.971600e-01
5.001201e-01 2.095835e-10 4.971200e-02 9.972300e-01
4.999777e-01 2.023064e-10 4.903500e-02 9.972600e-01
4.998816e-01 1.983311e-10 3.767200e-02 9.973900e-01
4.998323e-01 1.960691e-10 4.618400e-02 9.973400e-01
4.997642e-01 1.962572e-10 4.371300e-02 9.973400e-01
4.999582e-01 2.015150e-10 4.452500e-02 9.972600e-01
4.999399e-01 1.993088e-10 4.947500e-02 9.973100e-01
4.999159e-01 1.919514e-10 5.066200e-02 9.973000e-01
4.997317e-01 1.992066e-10 5.446500e-02 9.974300e-01
4.999653e-01 1.949898e-10 4.963600e-02 9.971100e-01
5.000220e-01 1.913137e-10 3.845500e-02 9.974500e-01
4.998508e-01 1.895470e-10 3.335800e-02 9.974200e-01
4.996214e-01 1.901372e-10 5.336200e-02 9.974200e-01
4.996497e-01 2.036050e-10 5.200700e-02 9.971900e-01
5.001195e-01 2.004218e-10 4.302000e-02 9.973500e-01
4.998291e-01 1.908760e-10 4.954500e-02 9.974300e-01
4.999773e-01 1.999576e-10 3.160100e-02 9.974400e-01
5.001409e-01 1.984695e-10 3.757200e-02 9.973600e-01
4.999911e-01 2.060436e-10 4.796800e-02 9.972700e-01
4.999788e-01 1.829171e-10 4.142300e-02 9.972200e-01
4.999939e-01 1.914884e-10 4.605300e-02 9.972100e-01
4.998901e-01 1.929030e-10 5.344300e-02 9.972600e-01
4.997823e-01 1.872720e-10 4.889300e-02 9.972000e-01
5.000525e-01 1.865199e-10 4.171100e-02 9.968100e-01
4.999151e-01 1.864023e-10 4.104400e-02 9.973900e-01
5.001091e-01 2.050036e-10 4.403700e-02 9.973700e-01
5.002326e-01 1.993554e-10 4.838000e-02 9.972800e-01
4.995523e-01 1.726568e-10 4.786300e-02 9.973100e-01
4.998489e-01 1.735782e-10 5.017100e-02 9.972300e-01
4.999349e-01 1.803009e-10 5.245000e-02 9.975900e-01
4.996487e-01 1.795718e-10 5.268800e-02 9.971600e-01
4.999230e-01 1.787517e-10 4.196600e-02 9.972400e-01
4.998315e-01 1.901378e-10 4.498400e-02 9.974300e-01
4.996192e-01 1.866437e-10 4.287600e-02 9.971800e-01
4.999056e-01 1.909098e-10 3.964100e-02 9.974200e-01
5.000439e-01 1.876092e-10 3.092600e-02 9.976200e-01
4.999808e-01 1.779290e-10 3.970000e-02 9.973700e-01
5.000754e-01 1.804666e-10 4.879100e-02 9.971500e-01
4.999127e-01 1.784930e-10 3.944800e-02 9.974700e-01
4.999772e-01 1.805182e-10 5.192700e-02 9.971600e-01
4.997722e-01 1.764847e-10 3.286100e-02 9.973400e-01
4.998913e-01 1.746981e-10 4.867800e-02 9.970100e-01
4.998261e-01 1.739926e-10 3.249800e-02 9.970500e-01
4.999134e-01 1.783273e-10 4.325200e-02 9.972200e-01
4.999012e-01 1.789889e-10 4.460200e-02 9.971900e-01
4.999286e-01 1.779677e-10 4.330700e-02 9.974600e-01
4.998143e-01 1.763931e-10 3.856400e-02 9.973300e-01
5.001326e-01 1.770603e-10 4.151300e-02 9.970500e-01
4.997421e-01 1.813330e-10 4.388700e-02 9.973700e-01
4.998295e-01 1.844247e-10 4.616400e-02 9.974900e-01
4.999275e-01 1.719070e-10 3.840800e-02 9.974100e-01
4.999696e-01 1.697936e-10 4.601400e-02 9.974200e-01
4.998767e-01 1.703298e-10 4.758800e-02 9.972400e-01
4.999323e-01 1.730140e-10 4.601200e-02 9.972700e-01
4.997096e-01 1.786335e-10 4.792600e-02 9.971600e-01
5.000457e-01 1.699343e-10 4.798800e-02 9.973500e-01
4.999042e-01 1.784637e-10 3.377300e-02 9.972500e-01
5.000399e-01 1.713945e-10 4.079800e-02 9.978000e-01
5.000244e-01 1.681744e-10 3.539500e-02 9.974300e-01
5.000090e-01 1.758452e-10 4.005200e-02 9.972800e-01
4.999059e-01 1.674112e-10 4.002600e-02 9.976100e-01
4.998985e-01 1.664755e-10 4.080100e-02 9.972600e-01
5.000261e-01 1.712293e-10 4.678100e-02 9.971300e-01
4.997667e-01 1.683558e-10 4.607100e-02 9.973400e-01
5.000079e-01 1.671044e-10 4.901900e-02 9.970800e-01
4.999027e-01 1.713369e-10 4.206500e-02 9.972500e-01
4.999888e-01 1.690179e-10 3.443400e-02 9.975800e-01
4.999909e-01 1.687687e-10 5.439800e-02 9.974400e-01
5.000216e-01 1.679726e-10 3.629100e-02 9.971700e-01
5.000005e-01 1.662974e-10 4.852300e-02 9.974100e-01
4.997656e-01 1.661123e-10 3.462200e-02 9.972600e-01
4.998861e-01 1.581871e-10 3.027500e-02 9.974300e-01
4.999671e-01 1.691210e-10 4.687100e-02 9.972000e-01
4.999421e-01 1.636091e-10 3.839800e-02 9.972300e-01
4.996005e-01 1.605523e-10 4.717500e-02 9.974600e-01
4.999419e-01 1.575423e-10 4.333800e-02 9.972900e-01
4.998204e-01 1.625827e-10 4.261100e-02 9.973300e-01
4.998974e-01 1.661714e-10 3.448600e-02 9.973100e-01
4.997985e-01 1.631926e-10 4.208500e-02 9.973300e-01
4.998917e-01 1.597007e-10 3.633100e-02 9.973000e-01
4.999193e-01 1.583106e-10 4.292900e-02 9.971800e-01
4.999221e-01 1.685011e-10 4.332000e-02 9.971000e-01
5.000779e-01 1.619584e-10 4.580800e-02 9.973700e-01
4.998642e-01 1.629207e-10 4.438900e-02 9.974500e-01
4.999970e-01 1.605175e-10 3.027000e-02 9.973700e-01
5.000531e-01 1.621096e-10 4.041400e-02 9.971900e-01
4.997072e-01 1.548931e-10 4.307000e-02 9.976300e-01
5.000539e-01 1.629419e-10 5.433700e-02 9.971700e-01
4.998015e-01 1.470593e-10 3.941900e-02 9.973500e-01
4.999207e-01 1.577555e-10 4.647400e-02 9.972900e-01
4.997674e-01 1.604466e-10 5.414800e-02 9.973900e-01
4.998341e-01 1.582717e-10 5.103000e-02 9.974900e-01
4.997281e-01 1.561670e-10 4.525100e-02 9.971900e-01
4.998419e-01 1.546883e-10 4.665800e-02 9.974600e-01
5.000953e-01 1.554961e-10 4.634200e-02 9.973900e-01
5.000834e-01 1.561579e-10 4.646400e-02 9.969000e-01
4.997983e-01 1.569679e-10 5.256400e-02 9.970900e-01
4.998937e-01 1.515571e-10 3.828400e-02 9.971100e-01
5.000649e-01 1.528932e-10 3.298400e-02 9.973500e-01
5.000515e-01 1.551255e-10 3.449900e-02 9.974900e-01
4.998283e-01 1.561594e-10 4.124800e-02 9.972900e-01
4.999630e-01 1.512775e-10 4.428100e-02 9.975000e-01
4.999691e-01 1.503514e-10 4.047900e-02 9.973200e-01
4.998435e-01 1.464764e-10 4.391300e-02 9.974300e-01
4.999205e-01 1.494801e-10 4.005500e-02 9.971500e-01
4.999307e-01 1.542057e-10 3.745900e-02 9.974600e-01
4.998993e-01 1.515228e-10 4.460700e-02 9.969700e-01
5.001055e-01 1.522717e-10 4.647300e-02 9.971900e-01
4.998500e-01 1.533976e-10 4.918500e-02 9.973000e-01
4.998855e-01 1.533248e-10 4.911200e-02 9.972700e-01
4.999655e-01 1.524437e-10 4.461500e-02 9.973700e-01
4.998951e-01 1.501564e-10 4.085700e-02 9.972300e-01
4.999267e-01 1.542909e-10 3.760200e-02 9.973200e-01
4.998495e-01 1.401642e-10 4.445800e-02 9.974000e-01
4.996990e-01 1.533590e-10 4.555000e-02 9.971100e-01
4.999674e-01 1.513176e-10 4.245500e-02 9.972700e-01
4.998381e-01 1.449614e-10 5.272100e-02 9.970600e-01
4.999108e-01 1.536620e-10 4.210100e-02 9.973200e-01
4.998588e-01 1.483157e-10 4.580100e-02 9.976600e-01
4.999202e-01 1.493986e-10 4.987500e-02 9.973600e-01
5.000194e-01 1.487541e-10 3.575100e-02 9.974600e-01
4.997968e-01 1.440183e-10 4.464200e-02 9.972000e-01
4.998951e-01 1.479225e-10 4.454500e-02 9.975000e-01
4.999912e-01 1.457822e-10 4.870400e-02 9.975000e-01
4.997728e-01 1.455517e-10 3.747200e-02 9.972500e-01
4.998587e-01 1.451954e-10 3.641500e-02 9.972400e-01
4.999482e-01 1.410053e-10 5.160600e-02 9.973800e-01
4.999450e-01 1.420904e-10 3.965800e-02 9.975700e-01
4.998773e-01 1.445876e-10 4.456300e-02 9.976000e-01
4.999620e-01 1.537593e-10 4.801900e-02 9.973600e-01
4.999720e-01 1.442958e-10 3.952200e-02 9.973500e-01
4.998849e-01 1.461763e-10 3.673800e-02 9.975000e-01
4.998876e-01 1.397721e-10 4.354600e-02 9.972300e-01
4.999327e-01 1.407824e-10 4.519600e-02 9.973200e-01
4.999093e-01 1.395264e-10 4.568400e-02 9.975700e-01
4.999366e-01 1.439688e-10 3.832700e-02 9.972700e-01
4.998863e-01 1.413440e-10 4.132800e-02 9.972900e-01
4.998374e-01 1.466029e-10 4.169400e-02 9.975400e-01
4.998890e-01 1.447260e-10 5.062400e-02 9.972500e-01
4.997231e-01 1.398924e-10 4.478900e-02 9.976300e-01
4.999047e-01 1.396930e-10 5.007700e-02 9.970700e-01
4.997953e-01 1.449287e-10 4.857700e-02 9.973400e-01
4.999934e-01 1.435482e-10 4.975800e-02 9.974600e-01
5.000200e-01 1.389278e-10 5.425300e-02 9.973400e-01
4.998801e-01 1.395042e-10 5.126000e-02 9.972200e-01
4.997754e-01 1.422888e-10 4.973900e-02 9.973400e-01
4.997999e-01 1.411352e-10 4.904300e-02 9.971100e-01
4.998649e-01 1.371296e-10 4.984100e-02 9.976200e-01
4.999486e-01 1.400470e-10 4.804000e-02 9.972100e-01
4.999955e-01 1.401404e-10 4.660500e-02 9.972800e-01
4.999384e-01 1.399348e-10 3.827600e-02 9.969400e-01
5.000086e-01 1.366415e-10 3.917900e-02 9.971100e-01
5.000522e-01 1.406604e-10 3.838600e-02 9.971100e-01
4.999106e-01 1.382660e-10 4.070700e-02 9.973000e-01
4.996369e-01 1.422473e-10 4.445500e-02 9.974400e-01
4.998551e-01 1.358449e-10 4.149000e-02 9.970300e-01
4.998518e-01 1.355509e-10 4.127900e-02 9.971800e-01
4.998468e-01 1.373064e-10 3.713400e-02 9.973400e-01
5.000283e-01 1.372634e-10 4.088000e-02 9.972000e-01
4.999639e-01 1.337597e-10 3.169400e-02 9.972700e-01
4.998363e-01 1.304398e-10 5.373100e-02 9.974800e-01
4.999007e-01 1.398486e-10 4.248500e-02 9.973400e-01
4.999137e-01 1.332008e-10 3.754800e-02 9.974400e-01
5.000042e-01 1.365566e-10 4.459300e-02 9.973200e-01
4.998592e-01 1.362757e-10 4.138600e-02 9.974000e-01
4.998882e-01 1.360209e-10 3.288300e-02 9.973500e-01
5.000221e-01 1.376057e-10 4.641000e-02 9.974000e-01
4.999102e-01 1.310289e-10 4.587500e-02 9.974000e-01
4.999088e-01 1.354725e-10 4.617400e-02 9.973600e-01
4.999554e-01 1.378515e-10 4.334400e-02 9.974000e-01
5.000537e-01 1.366756e-10 3.704100e-02 9.972200e-01
5.000079e-01 1.320782e-10 3.430000e-02 9.973500e-01
4.999482e-01 1.351733e-10 4.982600e-02 9.972200e-01
4.999449e-01 1.318276e-10 4.739200e-02 9.972400e-01
5.000176e-01 1.334802e-10 4.351100e-02 9.972900e-01
4.999071e-01 1.337686e-10 3.986000e-02 9.971700e-01
4.997912e-01 1.297540e-10 4.056600e-02 9.974000e-01
4.997926e-01 1.324445e-10 4.344900e-02 9.973800e-01
4.999694e-01 1.335225e-10 4.947700e-02 9.973100e-01
5.000140e-01 1.303905e-10 4.829500e-02 9.972600e-01
4.997423e-01 1.298547e-10 3.861800e-02 9.976100e-01
4.999142e-01 1.337582e-10 4.191600e-02 9.974600e-01
4.999753e-01 1.304129e-10 4.025700e-02 9.973900e-01
4.998971e-01 1.290607e-10 5.108200e-02 9.972300e-01
4.999398e-01 1.296327e-10 3.834700e-02 9.974100e-01
5.000147e-01 1.320200e-10 4.637300e-02 9.972900e-01
4.998815e-01 1.341245e-10 4.211000e-02 9.974600e-01
4.998772e-01 1.285015e-10 3.628000e-02 9.974300e-01
4.999970e-01 1.294638e-10 4.518800e-02 9.972900e-01
4.999323e-01 1.293875e-10 3.761100e-02 9.972800e-01
4.998412e-01 1.280610e-10 3.530600e-02 9.971700e-01
4.998734e-01 1.316167e-10 4.488400e-02 9.973800e-01
4.999347e-01 1.327759e-10 3.975100e-02 9.974500e-01
4.999535e-01 1.277010e-10 4.445100e-02 9.973400e-01
4.999885e-01 1.307065e-10 3.315800e-02 9.975600e-01
4.999684e-01 1.287389e-10 4.567900e-02 9.972300e-01
4.998348e-01 1.272402e-10 5.059200e-02 9.973200e-01
4.999201e-01 1.263263e-10 4.011200e-02 9.974500e-01
5.001008e-01 1.279795e-10 5.460900e-02 9.974500e-01
4.999646e-01 1.298274e-10 5.439200e-02 9.973000e-01
4.998929e-01 1.258494e-10 5.072200e-02 9.974500e-01
4.998671e-01 1.274738e-10 4.312600e-02 9.973500e-01
4.998795e-01 1.267249e-10 3.521400e-02 9.972700e-01
4.998885e-01 1.284997e-10 3.396100e-02 9.972500e-01
4.999326e-01 1.287838e-10 3.250400e-02 9.973000e-01
4.998060e-01 1.247575e-10 3.721700e-02 9.973300e-01
4.999605e-01 1.259620e-10 4.862200e-02 9.973000e-01
4.998251e-01 1.257238e-10 4.324600e-02 9.970900e-01
4.999692e-01 1.285105e-10 5.366200e-02 9.975400e-01
4.999045e-01 1.284531e-10 4.186800e-02 9.974200e-01
4.999669e-01 1.244393e-10 3.430300e-02 9.975800e-01
4.997989e-01 1.253025e-10 5.449500e-02 9.972500e-01
4.998275e-01 1.238557e-10 3.440100e-02 9.972900e-01
5.000024e-01 1.265930e-10 4.199000e-02 9.974100e-01
4.998828e-01 1.248834e-10 4.441800e-02 9.973800e-01
4.998996e-01 1.271350e-10 4.228700e-02 9.973300e-01
4.998102e-01 1.297970e-10 4.296900e-02 9.968600e-01
4.998348e-01 1.245058e-10 4.546800e-02 9.972900e-01
4.999209e-01 1.243118e-10 3.872700e-02 9.974500e-01
4.998356e-01 1.240526e-10 3.987700e-02 9.973500e-01
4.999277e-01 1.248296e-10 3.604800e-02 9.976400e-01
5.000013e-01 1.264300e-10 5.053200e-02 9.974600e-01
4.999058e-01 1.228933e-10 5.460200e-02 9.970900e-01
4.997851e-01 1.239617e-10 4.142400e-02 9.971400e-01
4.998079e-01 1.238100e-10 4.987000e-02 9.975000e-01
4.997709e-01 1.235587e-10 4.163700e-02 9.973200e-01
4.999618e-01 1.220261e-10 4.398200e-02 9.973100e-01
4.998360e-01 1.230661e-10 4.877900e-02 9.972900e-01
4.998236e-01 1.220909e-10 4.338400e-02 9.971800e-01
4.999558e-01 1.237425e-10 4.038500e-02 9.973700e-01
4.998887e-01 1.249550e-10 3.998100e-02 9.971700e-01
4.998735e-01 1.240131e-10 3.443600e-02 9.974600e-01
4.997982e-01 1.245691e-10 4.317900e-02 9.971400e-01
4.998967e-01 1.225910e-10 4.217100e-02 9.974100e-01
4.998182e-01 1.242662e-10 3.908900e-02 9.973600e-01
4.998645e-01 1.212124e-10 3.383900e-02 9.975600e-01
4.998512e-01 1.211235e-10 4.137200e-02 9.974300e-01
4.998813e-01 1.238009e-10 4.006100e-02 9.973600e-01
4.998831e-01 1.224134e-10 3.761800e-02 9.971800e-01
4.999680e-01 1.218075e-10 3.959400e-02 9.974500e-01
4.999088e-01 1.233855e-10 3.904700e-02 9.972400e-01
4.998751e-01 1.220621e-10 4.696400e-02 9.976200e-01
4.999701e-01 1.219816e-10 4.352400e-02 9.975300e-01
4.999182e-01 1.231115e-10 4.155400e-02 9.970800e-01
4.999928e-01 1.219151e-10 3.856800e-02 9.972900e-01
4.998520e-01 1.176695e-10 4.439600e-02 9.975600e-01
4.998970e-01 1.201477e-10 4.865200e-02 9.976100e-01
4.999447e-01 1.209608e-10 4.167300e-02 9.972600e-01
4.999259e-01 1.194589e-10 4.752500e-02 9.976900e-01
4.999248e-01 1.187585e-10 4.513000e-02 9.975000e-01
4.999506e-01 1.208019e-10 4.032600e-02 9.973600e-01
4.998619e-01 1.186873e-10 3.346700e-02 9.972900e-01
4.999188e-01 1.210890e-10 4.233300e-02 9.974100e-01
5.000672e-01 1.189461e-10 3.880900e-02 9.974900e-01
4.999092e-01 1.209538e-10 4.812000e-02 9.972900e-01
4.999240e-01 1.187235e-10 4.955800e-02 9.971700e-01
4.998591e-01 1.202970e-10 4.680100e-02 9.969500e-01
4.998830e-01 1.212430e-10 4.482800e-02 9.973500e-01
4.999317e-01 1.195650e-10 3.826800e-02 9.973300e-01
4.999477e-01 1.192065e-10 4.339900e-02 9.971700e-01
4.999361e-01 1.175936e-10 4.312900e-02 9.976900e-01
4.997721e-01 1.198149e-10 4.884000e-02 9.971100e-01
4.999319e-01 1.216740e-10 3.896300e-02 9.974300e-01
4.998479e-01 1.196725e-10 4.055300e-02 9.972400e-01
4.998690e-01 1.183698e-10 3.979500e-02 9.973800e-01
4.998954e-01 1.180231e-10 4.759100e-02 9.971600e-01
4.999648e-01 1.184742e-10 5.162900e-02 9.973600e-01
4.998423e-01 1.181289e-10 5.180600e-02 9.974000e-01
4.998536e-01 1.183156e-10 5.085900e-02 9.971900e-01
4.998978e-01 1.177019e-10 4.847900e-02 9.969800e-01
5.000311e-01 1.172271e-10 4.708200e-02 9.973300e-01
4.998666e-01 1.173995e-10 4.698800e-02 9.972400e-01
4.998720e-01 1.167657e-10 5.209800e-02 9.970700e-01
4.998269e-01 1.181645e-10 4.772000e-02 9.971800e-01
4.999246e-01 1.174383e-10 5.059300e-02 9.976100e-01
4.998918e-01 1.164998e-10 3.891800e-02 9.969700e-01
4.998896e-01 1.167053e-10 3.050900e-02 9.973300e-01
4.999593e-01 1.159475e-10 3.897800e-02 9.972400e-01
4.999309e-01 1.167258e-10 4.185500e-02 9.971900e-01
4.999069e-01 1.163842e-10 3.567200e-02 9.972400e-01
4.999842e-01 1.205746e-10 5.103700e-02 9.974100e-01
4.998554e-01 1.177562e-10 4.237300e-02 9.971200e-01
4.998511e-01 1.165647e-10 4.538000e-02 9.975100e-01
4.999425e-01 1.179506e-10 3.478200e-02 9.972200e-01
4.999138e-01 1.163679e-10 5.017400e-02 9.972100e-01
4.999278e-01 1.146300e-10 5.356000e-02 9.972600e-01
4.999770e-01 1.168754e-10 4.355700e-02 9.975800e-01
4.999296e-01 1.158102e-10 4.743800e-02 9.971200e-01
4.999806e-01 1.166254e-10 3.995600e-02 9.974100e-01
4.999473e-01 1.172681e-10 4.457700e-02 9.974200e-01
4.999825e-01 1.145278e-10 5.137800e-02 9.973700e-01
4.998881e-01 1.153162e-10 4.478100e-02 9.974500e-01
4.999215e-01 1.147369e-10 4.362700e-02 9.971900e-01
4.998860e-01 1.173427e-10 4.405600e-02 9.972000e-01
4.998582e-01 1.130503e-10 4.007300e-02 9.971700e-01
4.998177e-01 1.164891e-10 4.902800e-02 9.974000e-01
4.998477e-01 1.148619e-10 4.506500e-02 9.976400e-01
4.998783e-01 1.144347e-10 4.971300e-02 9.973300e-01
4.998197e-01 1.143776e-10 4.660400e-02 9.972200e-01
4.998969e-01 1.139843e-10 4.185700e-02 9.973400e-01
4.998901e-01 1.151029e-10 4.963400e-02 9.974400e-01
4.999321e-01 1.160852e-10 4.441500e-02 9.971900e-01
4.998761e-01 1.149123e-10 5.171600e-02 9.971700e-01
4.999184e-01 1.149984e-10 4.893200e-02 9.972300e-01
4.998092e-01 1.145006e-10 5.055900e-02 9.975500e-01
4.998727e-01 1.155310e-10 4.936700e-02 9.971300e-01
4.999260e-01 1.152361e-10 4.072300e-02 9.973000e-01
4.998562e-01 1.147613e-10 3.908600e-02 9.973600e-01
4.999434e-01 1.123123e-10 4.134900e-02 9.974000e-01
4.999830e-01 1.130122e-10 4.742600e-02 9.973400e-01
4.999114e-01 1.134154e-10 4.791400e-02 9.976600e-01
4.999317e-01 1.153745e-10 4.190700e-02 9.971900e-01
4.999768e-01 1.159167e-10 5.015400e-02 9.971700e-01
4.999332e-01 1.129779e-10 4.658700e-02 9.973800e-01
4.998679e-01 1.139364e-10 4.293600e-02 9.973300e-01
4.999614e-01 1.139873e-10 4.361700e-02 9.973900e-01
4.998377e-01 1.131339e-10 5.232400e-02 9.976400e-01
4.997967e-01 1.124186e-10 4.735000e-02 9.974500e-01
4.998692e-01 1.129522e-10 4.504800e-02 9.970000e-01
4.998843e-01 1.123404e-10 4.449400e-02 9.971900e-01
4.998270e-01 1.142172e-10 4.161700e-02 9.972000e-01
4.998533e-01 1.120152e-10 4.086700e-02 9.973300e-01
4.998301e-01 1.138330e-10 5.107400e-02 9.972800e-01
4.999291e-01 1.137472e-10 4.792300e-02 9.974600e-01
4.998824e-01 1.122950e-10 4.888800e-02 9.971200e-01
4.999057e-01 1.119673e-10 3.920100e-02 9.975700e-01
4.998853e-01 1.126051e-10 4.848300e-02 9.973700e-01
4.998647e-01 1.115951e-10 3.989500e-02 9.971800e-01
4.999008e-01 1.124100e-10 4.855800e-02 9.972300e-01
4.998921e-01 1.105124e-10 3.879000e-02 9.974800e-01
4.998752e-01 1.120031e-10 4.699600e-02 9.974700e-01
4.999369e-01 1.117000e-10 4.840000e-02 9.972000e-01
4.998582e-01 1.114619e-10 3.890600e-02 9.974100e-01
4.999611e-01 1.117547e-10 4.317800e-02 9.973000e-01
4.999485e-01 1.125003e-10 4.610200e-02 9.973100e-01
4.998592e-01 1.127899e-10 5.065500e-02 9.973100e-01
4.998351e-01 1.105835e-10 4.704400e-02 9.974100e-01
4.998654e-01 1.106971e-10 5.094800e-02 9.974600e-01
4.998905e-01 1.119482e-10 4.861400e-02 9.972300e-01
4.998937e-01 1.090225e-10 4.565100e-02 9.973600e-01
4.998855e-01 1.104920e-10 5.257200e-02 9.973600e-01
4.998347e-01 1.118137e-10 4.561000e-02 9.974700e-01
4.998943e-01 1.132348e-10 4.608400e-02 9.974300e-01
4.999161e-01 1.100012e-10 4.425800e-02 9.972400e-01
4.999166e-01 1.115279e-10 4.787000e-02 9.972100e-01
4.998894e-01 1.105129e-10 4.410900e-02 9.973100e-01
4.998572e-01 1.106815e-10 3.837300e-02 9.975300e-01
4.999179e-01 1.104597e-10 5.115800e-02 9.970300e-01
4.998880e-01 1.112330e-10 3.212100e-02 9.973800e-01
4.999127e-01 1.094972e-10 3.940800e-02 9.974700e-01
4.999498e-01 1.115175e-10 3.219100e-02 9.972500e-01
4.998844e-01 1.095848e-10 5.382400e-02 9.969000e-01
4.998885e-01 1.104136e-10 3.098000e-02 9.974700e-01
4.998777e-01 1.093064e-10 4.849200e-02 9.973000e-01
4.998295e-01 1.111181e-10 4.510800e-02 9.974600e-01
4.999286e-01 1.102644e-10 4.054100e-02 9.973000e-01
4.999037e-01 1.109026e-10 3.768200e-02 9.973700e-01
4.998393e-01 1.099522e-10 4.357100e-02 9.971900e-01
4.999084e-01 1.099327e-10 3.275000e-02 9.974700e-01
4.999255e-01 1.105143e-10 3.031700e-02 9.972200e-01
4.999093e-01 1.096336e-10 3.489600e-02 9.973500e-01
4.999295e-01 1.097768e-10 5.290400e-02 9.970600e-01
4.999656e-01 1.099316e-10 4.710200e-02 9.975300e-01
4.998922e-01 1.096024e-10 5.383900e-02 9.976600e-01
4.998473e-01 1.103095e-10 4.803500e-02 9.973900e-01
4.999056e-01 1.104210e-10 4.413000e-02 9.973000e-01
4.998340e-01 1.089791e-10 4.398300e-02 9.974300e-01
4.998851e-01 1.093949e-10 5.071400e-02 9.971900e-01
4.998967e-01 1.090199e-10 3.903800e-02 9.974300e-01
4.998926e-01 1.093034e-10 4.407300e-02 9.974400e-01
4.999815e-01 1.093045e-10 4.677100e-02 9.972200e-01
4.999425e-01 1.105857e-10 4.579000e-02 9.976100e-01
4.998374e-01 1.089355e-10 3.025400e-02 9.969300e-01
4.998276e-01 1.088776e-10 4.272800e-02 9.972900e-01
4.998555e-01 1.089808e-10 4.432300e-02 9.973000e-01
4.998336e-01 1.086069e-10 5.462600e-02 9.973200e-01
4.999658e-01 1.092546e-10 5.350100e-02 9.974700e-01
4.998677e-01 1.089233e-10 5.261400e-02 9.972600e-01
4.998889e-01 1.087595e-10 5.444800e-02 9.976000e-01
4.998602e-01 1.080703e-10 3.755300e-02 9.974200e-01
4.998507e-01 1.085971e-10 4.274300e-02 9.975700e-01
4.999183e-01 1.085323e-10 5.453500e-02 9.973800e-01
4.998550e-01 1.079872e-10 3.999500e-02 9.974100e-01
4.998555e-01 1.092434e-10 5.284600e-02 9.973300e-01
4.998951e-01 1.090203e-10 4.931000e-02 9.976400e-01
4.998617e-01 1.086079e-10 3.352000e-02 9.971200e-01
4.998725e-01 1.085210e-10 4.578700e-02 9.971100e-01
4.998727e-01 1.085511e-10 4.262900e-02 9.973100e-01
4.998394e-01 1.083986e-10 3.435000e-02 9.972000e-01
4.999394e-01 1.085038e-10 3.023500e-02 9.973600e-01
4.999063e-01 1.077097e-10 4.516300e-02 9.972900e-01
4.998581e-01 1.075994e-10 4.749500e-02 9.975100e-01
4.999879e-01 1.075333e-10 4.485100e-02 9.972500e-01
4.999278e-01 1.086631e-10 4.491200e-02 9.974100e-01
4.999028e-01 1.075275e-10 4.316300e-02 9.975300e-01
4.998437e-01 1.078053e-10 4.309200e-02 9.973300e-01
4.999017e-01 1.070583e-10 4.175300e-02 9.973400e-01
4.998830e-01 1.080814e-10 4.018400e-02 9.970200e-01
4.998986e-01 1.078893e-10 3.866300e-02 9.971900e-01
4.999425e-01 1.079104e-10 4.140300e-02 9.971000e-01
4.998809e-01 1.077247e-10 4.072500e-02 9.975200e-01
4.998406e-01 1.073012e-10 4.067000e-02 9.976100e-01
4.998101e-01 1.078886e-10 4.251300e-02 9.974000e-01
4.999519e-01 1.066924e-10 3.715400e-02 9.971300e-01
4.999323e-01 1.082144e-10 4.187500e-02 9.972400e-01
4.999052e-01 1.074964e-10 5.459800e-02 9.971000e-01
4.998878e-01 1.070384e-10 5.204000e-02 9.972400e-01
4.999231e-01 1.076375e-10 5.278100e-02 9.977200e-01
4.998981e-01 1.073926e-10 4.423000e-02 9.975900e-01
4.999074e-01 1.069328e-10 4.559000e-02 9.972700e-01
4.998522e-01 1.071170e-10 4.718700e-02 9.970200e-01
4.999001e-01 1.076368e-10 3.716900e-02 9.974600e-01
4.999426e-01 1.066945e-10 3.051600e-02 9.976500e-01
4.999053e-01 1.071072e-10 4.132500e-02 9.973200e-01
4.999090e-01 1.068945e-10 4.115400e-02 9.975100e-01
4.999300e-01 1.064138e-10 3.100000e-02 9.972000e-01
