# dim  N   mc   dt  Impsamp 
# 1    1 1049576 1
#
# Theoretical Energy = 5.000000e-01
# Energy     Variance     CPU time     Acceptance
5.736854e-01 1.407001e-07 6.889630e-01 7.640390e-01
4.827317e-01 5.370006e-08 7.348330e-01 7.503916e-01
4.646105e-01 3.389513e-08 7.272650e-01 7.417490e-01
4.600534e-01 2.612309e-08 6.852410e-01 7.352474e-01
4.597980e-01 2.266283e-08 6.313840e-01 7.296404e-01
4.600664e-01 2.027598e-08 6.251390e-01 7.244973e-01
4.616734e-01 1.870204e-08 6.461740e-01 7.191637e-01
4.632711e-01 1.767550e-08 6.307650e-01 7.142522e-01
4.648985e-01 1.659972e-08 6.264130e-01 7.100658e-01
4.661119e-01 1.548140e-08 6.417780e-01 7.057088e-01
4.675911e-01 1.478070e-08 6.624880e-01 7.010764e-01
4.691014e-01 1.397575e-08 6.811580e-01 6.970967e-01
4.698277e-01 1.310242e-08 6.583700e-01 6.942442e-01
4.708026e-01 1.231688e-08 6.567400e-01 6.901034e-01
4.716973e-01 1.173245e-08 6.816380e-01 6.881007e-01
4.731645e-01 1.125497e-08 6.334870e-01 6.830082e-01
4.739734e-01 1.057894e-08 6.457320e-01 6.812256e-01
4.752537e-01 1.011198e-08 6.417550e-01 6.763950e-01
4.762601e-01 9.824754e-09 6.347870e-01 6.738978e-01
4.769348e-01 9.357118e-09 6.262190e-01 6.710167e-01
4.775545e-01 8.812278e-09 6.488010e-01 6.692312e-01
4.781617e-01 8.410904e-09 6.943190e-01 6.680307e-01
4.787197e-01 7.896487e-09 6.611610e-01 6.644769e-01
4.792606e-01 7.639114e-09 6.338090e-01 6.618539e-01
4.801546e-01 7.366948e-09 6.493200e-01 6.599389e-01
4.809470e-01 7.109926e-09 6.466100e-01 6.559935e-01
4.812731e-01 6.822797e-09 6.265110e-01 6.554056e-01
4.819439e-01 6.577853e-09 7.311350e-01 6.523615e-01
4.822505e-01 6.214860e-09 7.103920e-01 6.510877e-01
4.831873e-01 6.169678e-09 7.069230e-01 6.486191e-01
4.832084e-01 5.848182e-09 7.109750e-01 6.475605e-01
4.837832e-01 5.555185e-09 7.296060e-01 6.460942e-01
4.841821e-01 5.376478e-09 7.278400e-01 6.441973e-01
4.843408e-01 5.133702e-09 7.374730e-01 6.427939e-01
4.849227e-01 5.009276e-09 6.885850e-01 6.408083e-01
4.856964e-01 4.963199e-09 6.901390e-01 6.394601e-01
4.853585e-01 4.561457e-09 6.925200e-01 6.394173e-01
4.859635e-01 4.532923e-09 6.841750e-01 6.361178e-01
4.866537e-01 4.460719e-09 7.445080e-01 6.336806e-01
4.864243e-01 4.187933e-09 7.752960e-01 6.348773e-01
4.872426e-01 4.198087e-09 6.808240e-01 6.311006e-01
4.872929e-01 3.968156e-09 6.458380e-01 6.306489e-01
4.873041e-01 3.771757e-09 6.444460e-01 6.312644e-01
4.879739e-01 3.809710e-09 6.672130e-01 6.296895e-01
4.880912e-01 3.660223e-09 6.632700e-01 6.287558e-01
4.882493e-01 3.441178e-09 6.971330e-01 6.266769e-01
4.883804e-01 3.339871e-09 7.259690e-01 6.272743e-01
4.887106e-01 3.265075e-09 7.093350e-01 6.245665e-01
4.891684e-01 3.238543e-09 6.615350e-01 6.235489e-01
4.890080e-01 3.073951e-09 6.453420e-01 6.224418e-01
4.893562e-01 2.984501e-09 6.644250e-01 6.208221e-01
4.897461e-01 2.996359e-09 6.782670e-01 6.208983e-01
4.897971e-01 2.844293e-09 6.651900e-01 6.195302e-01
4.900166e-01 2.773348e-09 6.694130e-01 6.189214e-01
4.903291e-01 2.756623e-09 6.975790e-01 6.176856e-01
4.903828e-01 2.610388e-09 6.873650e-01 6.164003e-01
4.904467e-01 2.525423e-09 7.263170e-01 6.170558e-01
4.910004e-01 2.547539e-09 7.037810e-01 6.145948e-01
4.911756e-01 2.490039e-09 6.832450e-01 6.135449e-01
4.910385e-01 2.360218e-09 7.377460e-01 6.141690e-01
4.910150e-01 2.264396e-09 7.845440e-01 6.147740e-01
4.914826e-01 2.273339e-09 8.052280e-01 6.104999e-01
4.918748e-01 2.242647e-09 7.769150e-01 6.112811e-01
4.914153e-01 2.088271e-09 7.644570e-01 6.123701e-01
4.920066e-01 2.119616e-09 7.939920e-01 6.090307e-01
4.917781e-01 2.008241e-09 8.045350e-01 6.107876e-01
4.918593e-01 1.968564e-09 7.537420e-01 6.089145e-01
4.922878e-01 1.948091e-09 7.371130e-01 6.076578e-01
4.923957e-01 1.925606e-09 8.102850e-01 6.075006e-01
4.926627e-01 1.891215e-09 7.545550e-01 6.072090e-01
4.924339e-01 1.799976e-09 7.603560e-01 6.072614e-01
4.926578e-01 1.798413e-09 7.628010e-01 6.067879e-01
4.928727e-01 1.770640e-09 7.269600e-01 6.054197e-01
4.926466e-01 1.652480e-09 6.964660e-01 6.046146e-01
4.929702e-01 1.663971e-09 6.724680e-01 6.039839e-01
4.930675e-01 1.623567e-09 6.804290e-01 6.040201e-01
4.930959e-01 1.577912e-09 7.010460e-01 6.036962e-01
4.934868e-01 1.591059e-09 6.642090e-01 6.018745e-01
4.932538e-01 1.504194e-09 6.963710e-01 6.020183e-01
4.933680e-01 1.465742e-09 6.971040e-01 6.022699e-01
4.936900e-01 1.496046e-09 7.081150e-01 6.002995e-01
4.935050e-01 1.409316e-09 6.781180e-01 6.018306e-01
4.935979e-01 1.393400e-09 6.876010e-01 6.005806e-01
4.939379e-01 1.404789e-09 6.571360e-01 5.979824e-01
4.939179e-01 1.361346e-09 7.122150e-01 5.988828e-01
4.940322e-01 1.350443e-09 7.434420e-01 5.994430e-01
4.942302e-01 1.321006e-09 7.639070e-01 5.974212e-01
4.940134e-01 1.267874e-09 7.332780e-01 5.987742e-01
4.944279e-01 1.276329e-09 6.990580e-01 5.966457e-01
4.942112e-01 1.209460e-09 6.781250e-01 5.965504e-01
4.941398e-01 1.184113e-09 6.667050e-01 5.974308e-01
4.946497e-01 1.220928e-09 7.911730e-01 5.947745e-01
4.944519e-01 1.158797e-09 7.413110e-01 5.960092e-01
4.946701e-01 1.150326e-09 8.517080e-01 5.937178e-01
4.945434e-01 1.098305e-09 7.519400e-01 5.953728e-01
4.946372e-01 1.089095e-09 7.866470e-01 5.946544e-01
4.948097e-01 1.084586e-09 6.841020e-01 5.938045e-01
4.949758e-01 1.086119e-09 7.739130e-01 5.931948e-01
4.947482e-01 1.025425e-09 7.624770e-01 5.942943e-01
4.950561e-01 1.042768e-09 8.008270e-01 5.923525e-01
4.949923e-01 1.014619e-09 6.765190e-01 5.930757e-01
4.951217e-01 9.999378e-10 7.000060e-01 5.927737e-01
4.951577e-01 9.795334e-10 7.050280e-01 5.917294e-01
4.950848e-01 9.494643e-10 6.675650e-01 5.927165e-01
4.952334e-01 9.459354e-10 6.852500e-01 5.927451e-01
4.951408e-01 9.191481e-10 7.013380e-01 5.917761e-01
4.952714e-01 8.972689e-10 8.273600e-01 5.915084e-01
4.953081e-01 8.947334e-10 8.835800e-01 5.910453e-01
4.955202e-01 9.000253e-10 8.861740e-01 5.895476e-01
4.953193e-01 8.440408e-10 9.004820e-01 5.906499e-01
4.954392e-01 8.462131e-10 9.077190e-01 5.903117e-01
4.956506e-01 8.733212e-10 8.443000e-01 5.895609e-01
4.954747e-01 8.103541e-10 7.143600e-01 5.891246e-01
4.956476e-01 8.209414e-10 6.641820e-01 5.895190e-01
4.957675e-01 8.149023e-10 6.625310e-01 5.883366e-01
4.957220e-01 8.012811e-10 7.648540e-01 5.882023e-01
4.956568e-01 7.601309e-10 7.529030e-01 5.886377e-01
4.957274e-01 7.547828e-10 7.336730e-01 5.877173e-01
4.958995e-01 7.609395e-10 6.781760e-01 5.867703e-01
4.958175e-01 7.310752e-10 6.923640e-01 5.885767e-01
4.959878e-01 7.531295e-10 6.613520e-01 5.868818e-01
4.960508e-01 7.347554e-10 6.643670e-01 5.862081e-01
4.959331e-01 7.093026e-10 6.932070e-01 5.877326e-01
4.960375e-01 7.033120e-10 6.699120e-01 5.860509e-01
4.961246e-01 6.954043e-10 6.891020e-01 5.859414e-01
4.959121e-01 6.604824e-10 6.736380e-01 5.884672e-01
4.961127e-01 6.619128e-10 6.650410e-01 5.863549e-01
4.963814e-01 6.806802e-10 6.723250e-01 5.838081e-01
4.962403e-01 6.476199e-10 6.663150e-01 5.847371e-01
4.962296e-01 6.461665e-10 6.544960e-01 5.860748e-01
4.963007e-01 6.306948e-10 7.325000e-01 5.842521e-01
4.961635e-01 6.046642e-10 8.431400e-01 5.851201e-01
4.962849e-01 6.107649e-10 9.161250e-01 5.838053e-01
4.963238e-01 6.028801e-10 8.933940e-01 5.842321e-01
4.965792e-01 6.242274e-10 9.175580e-01 5.825571e-01
4.965286e-01 6.076768e-10 7.531120e-01 5.834604e-01
4.965419e-01 5.883792e-10 7.657090e-01 5.821065e-01
4.965586e-01 5.814162e-10 6.739910e-01 5.823856e-01
4.967023e-01 5.918591e-10 7.371270e-01 5.825800e-01
4.965448e-01 5.519763e-10 6.987840e-01 5.830431e-01
4.964832e-01 5.477374e-10 6.981510e-01 5.834470e-01
4.966048e-01 5.438949e-10 6.703950e-01 5.828830e-01
4.965784e-01 5.281345e-10 6.767290e-01 5.827868e-01
4.966797e-01 5.311469e-10 6.979940e-01 5.825857e-01
4.967163e-01 5.319504e-10 7.285520e-01 5.818035e-01
4.965089e-01 5.008621e-10 7.003000e-01 5.839863e-01
4.967511e-01 5.098290e-10 7.129740e-01 5.809184e-01
4.967545e-01 5.035333e-10 7.678300e-01 5.822980e-01
4.967560e-01 4.909599e-10 7.352080e-01 5.808526e-01
4.968001e-01 4.926770e-10 7.756470e-01 5.815015e-01
4.968377e-01 4.840788e-10 7.246820e-01 5.804534e-01
4.968380e-01 4.841680e-10 7.718830e-01 5.808126e-01
4.969495e-01 4.852948e-10 7.397910e-01 5.803839e-01
4.968226e-01 4.541429e-10 7.264710e-01 5.803477e-01
4.969897e-01 4.895947e-10 7.006750e-01 5.811518e-01
4.969463e-01 4.587234e-10 7.286660e-01 5.801276e-01
4.969159e-01 4.400615e-10 6.709910e-01 5.796255e-01
4.969255e-01 4.389433e-10 6.748420e-01 5.791758e-01
4.971044e-01 4.511271e-10 7.130790e-01 5.788185e-01
4.970973e-01 4.408653e-10 6.668360e-01 5.791234e-01
4.970178e-01 4.263029e-10 7.694570e-01 5.804830e-01
4.970981e-01 4.200369e-10 8.097130e-01 5.771016e-01
4.971165e-01 4.212719e-10 7.944010e-01 5.797360e-01
4.973126e-01 4.323998e-10 7.100560e-01 5.773665e-01
4.971008e-01 4.068359e-10 7.346530e-01 5.799685e-01
4.972052e-01 4.125972e-10 8.168410e-01 5.779048e-01
4.972752e-01 4.075807e-10 8.286320e-01 5.777352e-01
4.972153e-01 3.999527e-10 8.716890e-01 5.796722e-01
4.973082e-01 4.047637e-10 8.587120e-01 5.774951e-01
4.972984e-01 3.940287e-10 8.339050e-01 5.769768e-01
4.973105e-01 3.993058e-10 8.750760e-01 5.781573e-01
4.972596e-01 3.806594e-10 8.172800e-01 5.786422e-01
4.972585e-01 3.741804e-10 9.188560e-01 5.780391e-01
4.973114e-01 3.714242e-10 8.728400e-01 5.767357e-01
4.974504e-01 3.793928e-10 8.655160e-01 5.764785e-01
4.974266e-01 3.704198e-10 7.559140e-01 5.763766e-01
4.974378e-01 3.712064e-10 8.237090e-01 5.766147e-01
4.972896e-01 3.481339e-10 7.314580e-01 5.786565e-01
4.974558e-01 3.602831e-10 6.918960e-01 5.766014e-01
4.973898e-01 3.451499e-10 7.836830e-01 5.771359e-01
4.974130e-01 3.410919e-10 7.687330e-01 5.765652e-01
4.974457e-01 3.373803e-10 7.642260e-01 5.768063e-01
4.974980e-01 3.420373e-10 7.776890e-01 5.752027e-01
4.974067e-01 3.302285e-10 7.125280e-01 5.773093e-01
4.976179e-01 3.550509e-10 7.725220e-01 5.764833e-01
4.976321e-01 3.361463e-10 7.658450e-01 5.746082e-01
4.976331e-01 3.352547e-10 7.517360e-01 5.749722e-01
4.974199e-01 3.120010e-10 7.009730e-01 5.778753e-01
4.975732e-01 3.245524e-10 7.978180e-01 5.773188e-01
4.976800e-01 3.309440e-10 8.106500e-01 5.755010e-01
4.976084e-01 3.091805e-10 6.983410e-01 5.755257e-01
4.975266e-01 3.041960e-10 7.971530e-01 5.749960e-01
4.976515e-01 3.051299e-10 7.425860e-01 5.753419e-01
4.976640e-01 3.027876e-10 7.405400e-01 5.749064e-01
4.975473e-01 2.918377e-10 7.429180e-01 5.752990e-01
4.976323e-01 2.952048e-10 7.385750e-01 5.750074e-01
4.977059e-01 2.928612e-10 7.224890e-01 5.742757e-01
4.976534e-01 2.876990e-10 7.588740e-01 5.763318e-01
4.977532e-01 2.864512e-10 6.994280e-01 5.738479e-01
4.977592e-01 2.858450e-10 7.838830e-01 5.742929e-01
4.977175e-01 2.825150e-10 8.101760e-01 5.747873e-01
4.977851e-01 2.843611e-10 8.028810e-01 5.731448e-01
4.977714e-01 2.777980e-10 7.343660e-01 5.737974e-01
4.976928e-01 2.719308e-10 7.944130e-01 5.756953e-01
4.978479e-01 2.802166e-10 7.985660e-01 5.742443e-01
4.978473e-01 2.760344e-10 7.068420e-01 5.738965e-01
4.977376e-01 2.612550e-10 7.095820e-01 5.755981e-01
4.978737e-01 2.652424e-10 6.637340e-01 5.739622e-01
4.977667e-01 2.548546e-10 6.669430e-01 5.742605e-01
4.979134e-01 2.653040e-10 6.436670e-01 5.721615e-01
4.977816e-01 2.518686e-10 6.409670e-01 5.746025e-01
4.979352e-01 2.588591e-10 6.545640e-01 5.729742e-01
4.979056e-01 2.512015e-10 6.567980e-01 5.725541e-01
4.978639e-01 2.488608e-10 6.674240e-01 5.740204e-01
4.979706e-01 2.518270e-10 7.325260e-01 5.728732e-01
4.978209e-01 2.372982e-10 7.870260e-01 5.746759e-01
4.978633e-01 2.407828e-10 7.713110e-01 5.734478e-01
4.979497e-01 2.486770e-10 8.204010e-01 5.725788e-01
4.979549e-01 2.389181e-10 7.463380e-01 5.718585e-01
4.978730e-01 2.345137e-10 7.815990e-01 5.733915e-01
4.979322e-01 2.313513e-10 7.722740e-01 5.729552e-01
4.978802e-01 2.284536e-10 7.773880e-01 5.725750e-01
4.979251e-01 2.264136e-10 7.435820e-01 5.719700e-01
4.979731e-01 2.273129e-10 7.795500e-01 5.720558e-01
4.979748e-01 2.272484e-10 7.988520e-01 5.722625e-01
4.980244e-01 2.304408e-10 7.230770e-01 5.732210e-01
4.980643e-01 2.264418e-10 6.974800e-01 5.710592e-01
4.981063e-01 2.245933e-10 6.825700e-01 5.720729e-01
4.981009e-01 2.257493e-10 6.950890e-01 5.725960e-01
4.980985e-01 2.193312e-10 6.988110e-01 5.718033e-01
4.981066e-01 2.164988e-10 6.923150e-01 5.719548e-01
4.979741e-01 2.064067e-10 6.927380e-01 5.727865e-01
4.981550e-01 2.184286e-10 7.616300e-01 5.714250e-01
4.980461e-01 2.060378e-10 7.017100e-01 5.731057e-01
4.980930e-01 2.115517e-10 7.871570e-01 5.724550e-01
4.980485e-01 2.048228e-10 6.932310e-01 5.723178e-01
4.981299e-01 2.046642e-10 6.667970e-01 5.714765e-01
4.981244e-01 2.034519e-10 6.919040e-01 5.728018e-01
4.981543e-01 2.050866e-10 7.211940e-01 5.716413e-01
4.980656e-01 1.955131e-10 7.286810e-01 5.729104e-01
4.981070e-01 1.957071e-10 6.829330e-01 5.721425e-01
4.980737e-01 1.925847e-10 6.660210e-01 5.722901e-01
4.981788e-01 1.971432e-10 6.627750e-01 5.712164e-01
4.982217e-01 1.988896e-10 7.978950e-01 5.699902e-01
4.981677e-01 1.893604e-10 8.749140e-01 5.722654e-01
4.982564e-01 1.935068e-10 8.021090e-01 5.706009e-01
4.982192e-01 1.904255e-10 8.063660e-01 5.694109e-01
4.982278e-01 1.885384e-10 8.203110e-01 5.716775e-01
4.982501e-01 1.879722e-10 7.239110e-01 5.700369e-01
4.982201e-01 1.865840e-10 7.652630e-01 5.714746e-01
4.982576e-01 1.855701e-10 7.174120e-01 5.697577e-01
4.982778e-01 1.835081e-10 7.715560e-01 5.701216e-01
4.982517e-01 1.809856e-10 7.358090e-01 5.712716e-01
4.983810e-01 1.903505e-10 7.366540e-01 5.696853e-01
4.983110e-01 1.813786e-10 7.279040e-01 5.706838e-01
4.982537e-01 1.721489e-10 7.433600e-01 5.705085e-01
4.982554e-01 1.715426e-10 7.517220e-01 5.705342e-01
4.983092e-01 1.764752e-10 7.250840e-01 5.710496e-01
4.983216e-01 1.764334e-10 6.994500e-01 5.697634e-01
4.982814e-01 1.722083e-10 7.550440e-01 5.714355e-01
4.983202e-01 1.701824e-10 7.132580e-01 5.699530e-01
4.983269e-01 1.687579e-10 6.786010e-01 5.689145e-01
4.982731e-01 1.666777e-10 7.181570e-01 5.709286e-01
4.983046e-01 1.642545e-10 7.137600e-01 5.706695e-01
4.983205e-01 1.625428e-10 7.296570e-01 5.695281e-01
4.983478e-01 1.653901e-10 7.108660e-01 5.706552e-01
4.983694e-01 1.630225e-10 7.606830e-01 5.690927e-01
4.983671e-01 1.603640e-10 6.968350e-01 5.682256e-01
4.983793e-01 1.610897e-10 7.140580e-01 5.695976e-01
4.983393e-01 1.569245e-10 7.350710e-01 5.704656e-01
4.983814e-01 1.588335e-10 6.524670e-01 5.691756e-01
4.983925e-01 1.563285e-10 6.957740e-01 5.682552e-01
4.983748e-01 1.534155e-10 6.902120e-01 5.691832e-01
4.984589e-01 1.588471e-10 6.817330e-01 5.682485e-01
4.983008e-01 1.492288e-10 7.055480e-01 5.709553e-01
4.984124e-01 1.529543e-10 6.929020e-01 5.696024e-01
4.984240e-01 1.526511e-10 6.686700e-01 5.699387e-01
4.984334e-01 1.527133e-10 6.539860e-01 5.706352e-01
4.984717e-01 1.518722e-10 6.774490e-01 5.688459e-01
4.985251e-01 1.515865e-10 7.236010e-01 5.671738e-01
4.984368e-01 1.528885e-10 7.363750e-01 5.703236e-01
4.984516e-01 1.472351e-10 7.380310e-01 5.698654e-01
4.984617e-01 1.451888e-10 7.281790e-01 5.697615e-01
4.984162e-01 1.426496e-10 7.109110e-01 5.697615e-01
4.985857e-01 1.536960e-10 7.247060e-01 5.687049e-01
4.984951e-01 1.432908e-10 7.270390e-01 5.680904e-01
4.985426e-01 1.448023e-10 7.504020e-01 5.677045e-01
4.985132e-01 1.407772e-10 7.855520e-01 5.677121e-01
4.984769e-01 1.378690e-10 7.579220e-01 5.687163e-01
4.985526e-01 1.390448e-10 7.391180e-01 5.665126e-01
4.985130e-01 1.377296e-10 6.712110e-01 5.689831e-01
4.984991e-01 1.356530e-10 6.862110e-01 5.688287e-01
4.985140e-01 1.339491e-10 6.999770e-01 5.680818e-01
4.985674e-01 1.381461e-10 6.874280e-01 5.673510e-01
4.986016e-01 1.464011e-10 6.787820e-01 5.690021e-01
4.984909e-01 1.307107e-10 7.340420e-01 5.693604e-01
4.985809e-01 1.372386e-10 6.956920e-01 5.685096e-01
4.986020e-01 1.311874e-10 6.699410e-01 5.664983e-01
4.984512e-01 1.256345e-10 7.009500e-01 5.684410e-01
4.986133e-01 1.318900e-10 7.297250e-01 5.662811e-01
4.985183e-01 1.256133e-10 7.312300e-01 5.678865e-01
4.985640e-01 1.282772e-10 7.840580e-01 5.681913e-01
4.985333e-01 1.249455e-10 8.260310e-01 5.692937e-01
4.985430e-01 1.242971e-10 7.911270e-01 5.679665e-01
4.985562e-01 1.243380e-10 7.215650e-01 5.676549e-01
4.986384e-01 1.269928e-10 7.384880e-01 5.678541e-01
4.984854e-01 1.194465e-10 7.808870e-01 5.702922e-01
4.986587e-01 1.263591e-10 7.286870e-01 5.661200e-01
4.986523e-01 1.232435e-10 7.270370e-01 5.659171e-01
4.985912e-01 1.206375e-10 7.669040e-01 5.684848e-01
4.986767e-01 1.240710e-10 7.428650e-01 5.673300e-01
4.985669e-01 1.179888e-10 7.305430e-01 5.681418e-01
4.985732e-01 1.157610e-10 7.077210e-01 5.682437e-01
4.986208e-01 1.168907e-10 6.902930e-01 5.686658e-01
4.986568e-01 1.187032e-10 6.941740e-01 5.678684e-01
4.985976e-01 1.139585e-10 7.091550e-01 5.670871e-01
4.986436e-01 1.155742e-10 7.092420e-01 5.680437e-01
4.986195e-01 1.124742e-10 7.357000e-01 5.671557e-01
4.986558e-01 1.137489e-10 6.711960e-01 5.672100e-01
4.986327e-01 1.132600e-10 6.677520e-01 5.677750e-01
4.986704e-01 1.152111e-10 6.871250e-01 5.668156e-01
4.987496e-01 1.164663e-10 6.799080e-01 5.653311e-01
4.986350e-01 1.099138e-10 6.689870e-01 5.669251e-01
4.986300e-01 1.099692e-10 6.529560e-01 5.688564e-01
4.987714e-01 1.127938e-10 6.475220e-01 5.651225e-01
4.987442e-01 1.118170e-10 6.822140e-01 5.654340e-01
4.987043e-01 1.094686e-10 6.615990e-01 5.664487e-01
4.986802e-01 1.063858e-10 6.500240e-01 5.668956e-01
4.987722e-01 1.099986e-10 6.750000e-01 5.644708e-01
4.986548e-01 1.023804e-10 7.088120e-01 5.679808e-01
4.987320e-01 1.087603e-10 7.144390e-01 5.659990e-01
4.986858e-01 1.052300e-10 7.464050e-01 5.669175e-01
4.986867e-01 1.034167e-10 7.054940e-01 5.664240e-01
4.987080e-01 1.033713e-10 6.875700e-01 5.672681e-01
4.987245e-01 1.029140e-10 6.599680e-01 5.670395e-01
4.987129e-01 1.026990e-10 7.284620e-01 5.676102e-01
4.987455e-01 1.030773e-10 6.802940e-01 5.665726e-01
4.987857e-01 1.044119e-10 6.656210e-01 5.654950e-01
4.987076e-01 9.994642e-11 7.035410e-01 5.663887e-01
4.987448e-01 1.022595e-10 6.772960e-01 5.667279e-01
4.987530e-01 9.891466e-11 7.429180e-01 5.661267e-01
4.987329e-01 9.857080e-11 7.961540e-01 5.667641e-01
4.987819e-01 1.001677e-10 7.011150e-01 5.660810e-01
4.987958e-01 9.998411e-11 6.909800e-01 5.652101e-01
4.987729e-01 9.765310e-11 6.586050e-01 5.659990e-01
4.987520e-01 9.679224e-11 6.798220e-01 5.660229e-01
4.987704e-01 9.728655e-11 6.794300e-01 5.667431e-01
4.987646e-01 9.616122e-11 7.450120e-01 5.662982e-01
4.987331e-01 9.320868e-11 6.718380e-01 5.664068e-01
4.987398e-01 9.223213e-11 7.453220e-01 5.663973e-01
4.988774e-01 9.959548e-11 6.768080e-01 5.651368e-01
4.988144e-01 9.666223e-11 6.796740e-01 5.662448e-01
4.987880e-01 9.267749e-11 6.841250e-01 5.655417e-01
4.987766e-01 9.162360e-11 6.724050e-01 5.667041e-01
4.987988e-01 9.300502e-11 6.940260e-01 5.657361e-01
4.987652e-01 9.055214e-11 6.922910e-01 5.668489e-01
4.988337e-01 9.357325e-11 7.737850e-01 5.666755e-01
4.987799e-01 9.226549e-11 7.326220e-01 5.661524e-01
4.987971e-01 8.921109e-11 6.997780e-01 5.672595e-01
4.988542e-01 9.238422e-11 6.744930e-01 5.650625e-01
4.988174e-01 8.886663e-11 6.836880e-01 5.660724e-01
4.988239e-01 8.846816e-11 6.728260e-01 5.653673e-01
4.988541e-01 8.960618e-11 7.028010e-01 5.664564e-01
4.988242e-01 8.648520e-11 6.920130e-01 5.657523e-01
4.988358e-01 8.692988e-11 6.911820e-01 5.652302e-01
4.988285e-01 8.654306e-11 6.738920e-01 5.649243e-01
4.988668e-01 8.807065e-11 6.516260e-01 5.664525e-01
4.988510e-01 8.812952e-11 7.059640e-01 5.657951e-01
4.988155e-01 8.505679e-11 7.003350e-01 5.672900e-01
4.988084e-01 8.300122e-11 6.872450e-01 5.661867e-01
4.988912e-01 8.602552e-11 6.721200e-01 5.648976e-01
4.988661e-01 8.327855e-11 6.568070e-01 5.645356e-01
4.988326e-01 8.207078e-11 6.788620e-01 5.662410e-01
4.988540e-01 8.396294e-11 6.507650e-01 5.655741e-01
4.988473e-01 8.270981e-11 6.915820e-01 5.677207e-01
4.988250e-01 8.009602e-11 6.676550e-01 5.664068e-01
4.989003e-01 8.304431e-11 6.873360e-01 5.646880e-01
4.988958e-01 8.103956e-11 7.143020e-01 5.646528e-01
4.988480e-01 7.982935e-11 7.417650e-01 5.653016e-01
4.989877e-01 8.458177e-11 7.498110e-01 5.642097e-01
4.989237e-01 7.966972e-11 7.020100e-01 5.640792e-01
4.988941e-01 8.087129e-11 6.962210e-01 5.654798e-01
4.988336e-01 7.676292e-11 6.970060e-01 5.672824e-01
4.989214e-01 7.976115e-11 6.975430e-01 5.642440e-01
4.988750e-01 7.794424e-11 6.990330e-01 5.648652e-01
4.989199e-01 7.949675e-11 7.115020e-01 5.655884e-01
4.989337e-01 7.807265e-11 7.183210e-01 5.637133e-01
4.988986e-01 7.694120e-11 6.750050e-01 5.639944e-01
4.989468e-01 7.859518e-11 6.870180e-01 5.647099e-01
4.988896e-01 7.621062e-11 6.520310e-01 5.672729e-01
4.989438e-01 7.676336e-11 6.484110e-01 5.643736e-01
4.989302e-01 7.546646e-11 6.605830e-01 5.665936e-01
4.989346e-01 7.478991e-11 6.500840e-01 5.653816e-01
4.988950e-01 7.427073e-11 6.315260e-01 5.654912e-01
4.989885e-01 7.787915e-11 6.683910e-01 5.643698e-01
4.989327e-01 7.450726e-11 6.535390e-01 5.651882e-01
4.989709e-01 7.614125e-11 6.644290e-01 5.639544e-01
4.989526e-01 7.315354e-11 6.580500e-01 5.638839e-01
4.989472e-01 7.408440e-11 6.653420e-01 5.648948e-01
4.989542e-01 7.372772e-11 6.558650e-01 5.648976e-01
4.988982e-01 7.122046e-11 6.788440e-01 5.651682e-01
4.989906e-01 7.552476e-11 6.800980e-01 5.643365e-01
4.989824e-01 7.290790e-11 6.704750e-01 5.640020e-01
4.989438e-01 7.093924e-11 6.579800e-01 5.648424e-01
4.989848e-01 7.257460e-11 6.930620e-01 5.646413e-01
4.989549e-01 7.050228e-11 6.670610e-01 5.656189e-01
4.989431e-01 7.194836e-11 6.741780e-01 5.658847e-01
4.989623e-01 7.039587e-11 6.590910e-01 5.658533e-01
4.989829e-01 6.980071e-11 6.718540e-01 5.652159e-01
4.989661e-01 6.991244e-11 6.613140e-01 5.650301e-01
4.990577e-01 7.124885e-11 6.618520e-01 5.622166e-01
4.989114e-01 6.675488e-11 6.485470e-01 5.667917e-01
4.990305e-01 7.028174e-11 6.569010e-01 5.627673e-01
4.989857e-01 6.689026e-11 6.612260e-01 5.651901e-01
4.989904e-01 6.796656e-11 6.639390e-01 5.640897e-01
4.989793e-01 6.810904e-11 6.912540e-01 5.648881e-01
4.990292e-01 6.814922e-11 6.694740e-01 5.638505e-01
4.990464e-01 6.892970e-11 6.706230e-01 5.633932e-01
4.989858e-01 6.544120e-11 6.706020e-01 5.644717e-01
4.990443e-01 6.719063e-11 6.536930e-01 5.632074e-01
4.989799e-01 6.457276e-11 6.421430e-01 5.640792e-01
4.989789e-01 6.501558e-11 6.454790e-01 5.637086e-01
4.990169e-01 6.557792e-11 6.558850e-01 5.652435e-01
4.990162e-01 6.433857e-11 7.207730e-01 5.629511e-01
4.989879e-01 6.405404e-11 7.398620e-01 5.648852e-01
4.989240e-01 6.138190e-11 7.513960e-01 5.649853e-01
4.991187e-01 6.781050e-11 8.115020e-01 5.618688e-01
4.989798e-01 6.187422e-11 7.441820e-01 5.639773e-01
4.990290e-01 6.332266e-11 7.694480e-01 5.643555e-01
4.990229e-01 6.376341e-11 7.462540e-01 5.640811e-01
4.990691e-01 6.439075e-11 7.633690e-01 5.634266e-01
4.990441e-01 6.262236e-11 7.779090e-01 5.638515e-01
4.990742e-01 6.400904e-11 7.937400e-01 5.630998e-01
4.990250e-01 6.118217e-11 7.605140e-01 5.638753e-01
4.990794e-01 6.268497e-11 7.161460e-01 5.628825e-01
4.990047e-01 5.969287e-11 6.911610e-01 5.645003e-01
4.990336e-01 6.154284e-11 7.132840e-01 5.640868e-01
4.990454e-01 6.185968e-11 7.091450e-01 5.632655e-01
4.991046e-01 6.332753e-11 6.768850e-01 5.626834e-01
4.990509e-01 6.075620e-11 7.746410e-01 5.643193e-01
4.991551e-01 6.515528e-11 7.202040e-01 5.622747e-01
4.990660e-01 5.994722e-11 8.156230e-01 5.626301e-01
4.990492e-01 5.982114e-11 7.620810e-01 5.655531e-01
4.990966e-01 5.990439e-11 7.922520e-01 5.643346e-01
4.990441e-01 5.838259e-11 7.520270e-01 5.631969e-01
4.990889e-01 5.886427e-11 7.545850e-01 5.637486e-01
4.991210e-01 6.009262e-11 7.088190e-01 5.624728e-01
4.990917e-01 5.876209e-11 7.610750e-01 5.630759e-01
4.990425e-01 5.735134e-11 7.937370e-01 5.643793e-01
4.990944e-01 5.757238e-11 7.006540e-01 5.638182e-01
4.990406e-01 5.634580e-11 8.219830e-01 5.636819e-01
4.990981e-01 5.838377e-11 7.899850e-01 5.631283e-01
4.990345e-01 5.533445e-11 8.001650e-01 5.648357e-01
4.991176e-01 5.738695e-11 7.949680e-01 5.627349e-01
4.990828e-01 5.607448e-11 7.020990e-01 5.634713e-01
4.991379e-01 6.062712e-11 7.629970e-01 5.644432e-01
4.990606e-01 5.478160e-11 7.068830e-01 5.646737e-01
4.991450e-01 5.768545e-11 7.040660e-01 5.632398e-01
4.991254e-01 5.608727e-11 7.185310e-01 5.625443e-01
4.991194e-01 5.496250e-11 7.008660e-01 5.626139e-01
4.991039e-01 5.469558e-11 7.479060e-01 5.644184e-01
4.991255e-01 5.551985e-11 7.985730e-01 5.621651e-01
4.990866e-01 5.475258e-11 8.069990e-01 5.648881e-01
4.991543e-01 5.493222e-11 8.281710e-01 5.618307e-01
4.991109e-01 5.389937e-11 6.488000e-01 5.626853e-01
4.990787e-01 5.304620e-11 6.933080e-01 5.649176e-01
4.992208e-01 6.079472e-11 6.706730e-01 5.621842e-01
4.990610e-01 5.090969e-11 6.750130e-01 5.643269e-01
4.991563e-01 5.421664e-11 6.715040e-01 5.615334e-01
4.990809e-01 5.120950e-11 6.904280e-01 5.648500e-01
4.990966e-01 5.259264e-11 7.047250e-01 5.646956e-01
4.991047e-01 5.253877e-11 6.970360e-01 5.639639e-01
4.990698e-01 5.128768e-11 6.881280e-01 5.652702e-01
4.991783e-01 5.350211e-11 6.902020e-01 5.618088e-01
4.991370e-01 5.195630e-11 6.784170e-01 5.630312e-01
4.991766e-01 5.310447e-11 6.656020e-01 5.617468e-01
4.991110e-01 5.024552e-11 6.959590e-01 5.634599e-01
4.991109e-01 5.075646e-11 7.118320e-01 5.639020e-01
4.991923e-01 5.366328e-11 6.987180e-01 5.621098e-01
4.991322e-01 5.072454e-11 6.696520e-01 5.624233e-01
4.991910e-01 5.210886e-11 6.766880e-01 5.621384e-01
4.991093e-01 4.915286e-11 6.790550e-01 5.646070e-01
4.991966e-01 5.160913e-11 6.638860e-01 5.615277e-01
4.991267e-01 4.960663e-11 6.821010e-01 5.643927e-01
4.991280e-01 4.908049e-11 6.792260e-01 5.625919e-01
4.991414e-01 4.851993e-11 7.594590e-01 5.635657e-01
4.991565e-01 4.907660e-11 7.849330e-01 5.625281e-01
4.992166e-01 5.081558e-11 7.823910e-01 5.615553e-01
4.991647e-01 4.878155e-11 6.779420e-01 5.617345e-01
4.991599e-01 4.883208e-11 7.032750e-01 5.613352e-01
4.991388e-01 4.764110e-11 7.332740e-01 5.643679e-01
4.991187e-01 4.825283e-11 6.969950e-01 5.641697e-01
4.991986e-01 4.894121e-11 6.790890e-01 5.615439e-01
4.991961e-01 4.749945e-11 6.930260e-01 5.612933e-01
4.991567e-01 4.767395e-11 6.691910e-01 5.631226e-01
4.991686e-01 4.730336e-11 6.950390e-01 5.629340e-01
4.992059e-01 4.897404e-11 7.531650e-01 5.611990e-01
4.991520e-01 4.643084e-11 7.159660e-01 5.640582e-01
4.991839e-01 4.743924e-11 7.058150e-01 5.626825e-01
4.991713e-01 4.638590e-11 6.886540e-01 5.620851e-01
4.992257e-01 4.954332e-11 6.826550e-01 5.619117e-01
4.991266e-01 4.401169e-11 7.073310e-01 5.621794e-01
4.992710e-01 4.948234e-11 6.786080e-01 5.616258e-01
4.992071e-01 4.696460e-11 6.887900e-01 5.627215e-01
4.991797e-01 4.502242e-11 7.570600e-01 5.618831e-01
4.991966e-01 4.550870e-11 8.330270e-01 5.619593e-01
4.991939e-01 4.575503e-11 7.269860e-01 5.624176e-01
4.992230e-01 4.624805e-11 7.278090e-01 5.605483e-01
4.992144e-01 4.585554e-11 7.157150e-01 5.612695e-01
4.992171e-01 4.555662e-11 7.020730e-01 5.617869e-01
4.991686e-01 4.452149e-11 6.985480e-01 5.624748e-01
4.991907e-01 4.378958e-11 6.830220e-01 5.623004e-01
4.991754e-01 4.345427e-11 6.731510e-01 5.629083e-01
4.991794e-01 4.340397e-11 6.890380e-01 5.638401e-01
4.992265e-01 4.479315e-11 7.008010e-01 5.622089e-01
4.991813e-01 4.328240e-11 6.882390e-01 5.629769e-01
4.992381e-01 4.483852e-11 7.383420e-01 5.612952e-01
4.992192e-01 4.340934e-11 6.792780e-01 5.615010e-01
4.991701e-01 4.180165e-11 6.985110e-01 5.639134e-01
4.992533e-01 4.447235e-11 6.972330e-01 5.612867e-01
4.992181e-01 4.286248e-11 6.964590e-01 5.608179e-01
4.992027e-01 4.224809e-11 7.287050e-01 5.633875e-01
4.991653e-01 4.095321e-11 7.325610e-01 5.638334e-01
4.992256e-01 4.282119e-11 7.185560e-01 5.617497e-01
4.992374e-01 4.263507e-11 6.912180e-01 5.618078e-01
4.992561e-01 4.327865e-11 7.066630e-01 5.614286e-01
4.992266e-01 4.229104e-11 7.698540e-01 5.625091e-01
4.992222e-01 4.173287e-11 7.014410e-01 5.617116e-01
4.992511e-01 4.345747e-11 7.102920e-01 5.624309e-01
4.992464e-01 4.279206e-11 7.271970e-01 5.617688e-01
4.992479e-01 4.185721e-11 7.204920e-01 5.613962e-01
4.992054e-01 4.078029e-11 7.109600e-01 5.640078e-01
4.992140e-01 4.076907e-11 7.186190e-01 5.613105e-01
4.992513e-01 4.073562e-11 7.278470e-01 5.604654e-01
4.992125e-01 4.064508e-11 7.263680e-01 5.631941e-01
4.992686e-01 4.254003e-11 6.959100e-01 5.615887e-01
4.992767e-01 4.189255e-11 7.200530e-01 5.614867e-01
4.992566e-01 4.072429e-11 7.010460e-01 5.621670e-01
4.992501e-01 4.062246e-11 7.182470e-01 5.619364e-01
4.992505e-01 4.086284e-11 7.536700e-01 5.613553e-01
4.992237e-01 3.946444e-11 7.202090e-01 5.630340e-01
4.992722e-01 4.084133e-11 7.071930e-01 5.617468e-01
4.992513e-01 3.990237e-11 6.947280e-01 5.624719e-01
4.992571e-01 3.974197e-11 7.035430e-01 5.620136e-01
4.992712e-01 3.971629e-11 7.068570e-01 5.606254e-01
4.992484e-01 3.874778e-11 7.326660e-01 5.615782e-01
4.992549e-01 3.918673e-11 8.445270e-01 5.624814e-01
4.992210e-01 3.789383e-11 8.224710e-01 5.624452e-01
4.992609e-01 3.879854e-11 7.516770e-01 5.630702e-01
4.992959e-01 3.967798e-11 7.077080e-01 5.606445e-01
4.992796e-01 3.875467e-11 7.137520e-01 5.614391e-01
4.992574e-01 3.805947e-11 7.390640e-01 5.626262e-01
4.992893e-01 3.897126e-11 7.320870e-01 5.604396e-01
4.992813e-01 3.873337e-11 7.472440e-01 5.621927e-01
4.992792e-01 3.784952e-11 8.101850e-01 5.618383e-01
4.992895e-01 3.810638e-11 7.401490e-01 5.604511e-01
4.993080e-01 3.903698e-11 7.469500e-01 5.607598e-01
4.992539e-01 3.770614e-11 7.151510e-01 5.628701e-01
4.992576e-01 3.660013e-11 6.970930e-01 5.617049e-01
4.992804e-01 3.773994e-11 7.128050e-01 5.619145e-01
4.992882e-01 3.640071e-11 7.049930e-01 5.613133e-01
4.992338e-01 3.608954e-11 6.858910e-01 5.624652e-01
4.993096e-01 3.868298e-11 7.243500e-01 5.604577e-01
4.992694e-01 3.638842e-11 6.821660e-01 5.618621e-01
4.992802e-01 3.712929e-11 6.975570e-01 5.625062e-01
4.992593e-01 3.646228e-11 6.997830e-01 5.627444e-01
4.992687e-01 3.623778e-11 7.085480e-01 5.624243e-01
4.992751e-01 3.662189e-11 7.228860e-01 5.625748e-01
4.992899e-01 3.609503e-11 6.806420e-01 5.623461e-01
4.992729e-01 3.514853e-11 6.904240e-01 5.613314e-01
4.992173e-01 3.409035e-11 7.018610e-01 5.636371e-01
4.992978e-01 3.604818e-11 7.243250e-01 5.619441e-01
4.992601e-01 3.479184e-11 7.180840e-01 5.633227e-01
4.993168e-01 3.629927e-11 7.177070e-01 5.616258e-01
4.992863e-01 3.540628e-11 6.843040e-01 5.608893e-01
4.992851e-01 3.463186e-11 6.895130e-01 5.618936e-01
4.992760e-01 3.571587e-11 7.277780e-01 5.625300e-01
4.993236e-01 3.532105e-11 7.447250e-01 5.603425e-01
4.993294e-01 3.564192e-11 7.378160e-01 5.612085e-01
4.993128e-01 3.526661e-11 7.771860e-01 5.625043e-01
4.993237e-01 3.381987e-11 7.546790e-01 5.606340e-01
4.993145e-01 3.432475e-11 7.253700e-01 5.610742e-01
4.992997e-01 3.408512e-11 7.151100e-01 5.619326e-01
4.993409e-01 3.475993e-11 6.869310e-01 5.601186e-01
4.992905e-01 3.362524e-11 7.033290e-01 5.628492e-01
4.993193e-01 3.420037e-11 7.355110e-01 5.600805e-01
4.993105e-01 3.371505e-11 7.476270e-01 5.607798e-01
4.993065e-01 3.389317e-11 7.473570e-01 5.616478e-01
4.993630e-01 3.530473e-11 7.763360e-01 5.606397e-01
4.992545e-01 3.191620e-11 7.785480e-01 5.624671e-01
4.992964e-01 3.300975e-11 7.241380e-01 5.619088e-01
4.993594e-01 3.570367e-11 7.755130e-01 5.604797e-01
4.993064e-01 3.308372e-11 7.922160e-01 5.623137e-01
4.993104e-01 3.274210e-11 7.937440e-01 5.615153e-01
4.993217e-01 3.309754e-11 7.939280e-01 5.617211e-01
4.993002e-01 3.236118e-11 8.052830e-01 5.608322e-01
4.993032e-01 3.226779e-11 8.006590e-01 5.616392e-01
4.993307e-01 3.312917e-11 7.433840e-01 5.601271e-01
4.993090e-01 3.189942e-11 7.270510e-01 5.608941e-01
4.992934e-01 3.175707e-11 7.214940e-01 5.625243e-01
4.993526e-01 3.349899e-11 7.851470e-01 5.619069e-01
4.993860e-01 3.412465e-11 7.617590e-01 5.604111e-01
4.993134e-01 3.132201e-11 6.870920e-01 5.596260e-01
4.993361e-01 3.236462e-11 7.489430e-01 5.607426e-01
4.993459e-01 3.217623e-11 7.953620e-01 5.611971e-01
4.993101e-01 3.084511e-11 7.949200e-01 5.615201e-01
4.993251e-01 3.184409e-11 7.748860e-01 5.617697e-01
4.993503e-01 3.180412e-11 7.585280e-01 5.607703e-01
4.993583e-01 3.232849e-11 7.791390e-01 5.607588e-01
4.993808e-01 3.227398e-11 7.455240e-01 5.591582e-01
4.993197e-01 3.060940e-11 8.686170e-01 5.622890e-01
4.993350e-01 3.147128e-11 7.317810e-01 5.605111e-01
4.993545e-01 3.149513e-11 7.417300e-01 5.599366e-01
4.993373e-01 3.081837e-11 7.194800e-01 5.620012e-01
4.993678e-01 3.132488e-11 7.805130e-01 5.599566e-01
4.993192e-01 2.993497e-11 7.699930e-01 5.615058e-01
4.993001e-01 3.007591e-11 7.626610e-01 5.633904e-01
4.993249e-01 3.008642e-11 7.762530e-01 5.613362e-01
4.993595e-01 3.074229e-11 8.585670e-01 5.617745e-01
4.993624e-01 3.061805e-11 8.451750e-01 5.606445e-01
4.993530e-01 3.060344e-11 8.268860e-01 5.609599e-01
4.993639e-01 3.062365e-11 8.818820e-01 5.605807e-01
4.993455e-01 2.990907e-11 8.099360e-01 5.611247e-01
4.993461e-01 3.028013e-11 7.651730e-01 5.622442e-01
4.993364e-01 2.953927e-11 7.340660e-01 5.613934e-01
4.993874e-01 3.074588e-11 7.761740e-01 5.593563e-01
4.993741e-01 3.032305e-11 7.968780e-01 5.610894e-01
4.993703e-01 2.969290e-11 7.510760e-01 5.622194e-01
4.993515e-01 2.934351e-11 7.677550e-01 5.614286e-01
4.993521e-01 2.965943e-11 7.370850e-01 5.609027e-01
4.993882e-01 2.985671e-11 8.599000e-01 5.601843e-01
4.993501e-01 2.963112e-11 8.760730e-01 5.625500e-01
4.993818e-01 2.972208e-11 6.993770e-01 5.601214e-01
4.993485e-01 2.847497e-11 8.268570e-01 5.616239e-01
4.993689e-01 2.907290e-11 8.228780e-01 5.616773e-01
4.993747e-01 2.858402e-11 7.568610e-01 5.603577e-01
4.993633e-01 2.884756e-11 7.695210e-01 5.615115e-01
4.994059e-01 3.002515e-11 6.877860e-01 5.607188e-01
4.994005e-01 2.973799e-11 7.389320e-01 5.596441e-01
4.993775e-01 2.848875e-11 7.174020e-01 5.596317e-01
4.994100e-01 2.911595e-11 6.805960e-01 5.611171e-01
4.993473e-01 2.746881e-11 7.434260e-01 5.620260e-01
4.993893e-01 2.837669e-11 7.642030e-01 5.606712e-01
4.993807e-01 2.806013e-11 7.086230e-01 5.610265e-01
4.993714e-01 2.838094e-11 7.977110e-01 5.616792e-01
4.993801e-01 2.836232e-11 7.354120e-01 5.605101e-01
4.993722e-01 2.789143e-11 6.752560e-01 5.612952e-01
4.994045e-01 2.780972e-11 6.939520e-01 5.603758e-01
4.993981e-01 2.856209e-11 6.820840e-01 5.603777e-01
4.994077e-01 2.816570e-11 6.906760e-01 5.595926e-01
4.993941e-01 2.804914e-11 7.030850e-01 5.610065e-01
4.993464e-01 2.651464e-11 6.918710e-01 5.616763e-01
4.993912e-01 2.728939e-11 6.805820e-01 5.600633e-01
4.993684e-01 2.691170e-11 6.811050e-01 5.619745e-01
4.994226e-01 2.797901e-11 7.419780e-01 5.607893e-01
4.993922e-01 2.741146e-11 7.075140e-01 5.600014e-01
4.993846e-01 2.661097e-11 7.941760e-01 5.598794e-01
4.993994e-01 2.704549e-11 7.511600e-01 5.606531e-01
4.993680e-01 2.651854e-11 6.706410e-01 5.608455e-01
4.994050e-01 2.713813e-11 6.664150e-01 5.597889e-01
4.994191e-01 2.752027e-11 7.118750e-01 5.589267e-01
4.993727e-01 2.629007e-11 6.793480e-01 5.609751e-01
4.994177e-01 2.764584e-11 7.059780e-01 5.604968e-01
4.994025e-01 2.716200e-11 7.595390e-01 5.603396e-01
4.994203e-01 2.702352e-11 8.492800e-01 5.597165e-01
4.993752e-01 2.573710e-11 7.228630e-01 5.610856e-01
4.993822e-01 2.581026e-11 6.685410e-01 5.611266e-01
4.993799e-01 2.551820e-11 6.815140e-01 5.612800e-01
4.993955e-01 2.589541e-11 7.712660e-01 5.597184e-01
4.994365e-01 2.671237e-11 7.233040e-01 5.609160e-01
4.994223e-01 2.608587e-11 7.152430e-01 5.587552e-01
4.994400e-01 2.665453e-11 7.015660e-01 5.586027e-01
4.993909e-01 2.519363e-11 7.052220e-01 5.605730e-01
4.994141e-01 2.623509e-11 7.525640e-01 5.601014e-01
4.993842e-01 2.483704e-11 7.134740e-01 5.613714e-01
4.994305e-01 2.621765e-11 6.955440e-01 5.603615e-01
4.994099e-01 2.536707e-11 6.963380e-01 5.603749e-01
4.994310e-01 2.581766e-11 6.695380e-01 5.590429e-01
4.994192e-01 2.555240e-11 6.698330e-01 5.607550e-01
4.994298e-01 2.508347e-11 6.926780e-01 5.590496e-01
4.994249e-01 2.555698e-11 6.799560e-01 5.607426e-01
4.993863e-01 2.454004e-11 6.883100e-01 5.623699e-01
4.993832e-01 2.445844e-11 6.794410e-01 5.621832e-01
4.993996e-01 2.451576e-11 6.543400e-01 5.606121e-01
4.994354e-01 2.515126e-11 6.513200e-01 5.588914e-01
4.994138e-01 2.486455e-11 6.891270e-01 5.602176e-01
4.994267e-01 2.452570e-11 6.997600e-01 5.587075e-01
4.993851e-01 2.400463e-11 6.915390e-01 5.616563e-01
4.994308e-01 2.550172e-11 7.241630e-01 5.601214e-01
4.994146e-01 2.459290e-11 6.674220e-01 5.607074e-01
4.994414e-01 2.457054e-11 6.652930e-01 5.589419e-01
4.994347e-01 2.488202e-11 6.782990e-01 5.597327e-01
4.994400e-01 2.517487e-11 6.825220e-01 5.600805e-01
4.994313e-01 2.432591e-11 6.724490e-01 5.595212e-01
4.994102e-01 2.386946e-11 6.763720e-01 5.613086e-01
4.994422e-01 2.441104e-11 7.126690e-01 5.602805e-01
4.994151e-01 2.400245e-11 6.514160e-01 5.609532e-01
4.994470e-01 2.411764e-11 6.998870e-01 5.603463e-01
4.994311e-01 2.394602e-11 7.415940e-01 5.600604e-01
4.994202e-01 2.374937e-11 7.137230e-01 5.596851e-01
4.994483e-01 2.400091e-11 6.933380e-01 5.592249e-01
4.994031e-01 2.310783e-11 6.620880e-01 5.613448e-01
4.994381e-01 2.387746e-11 6.668290e-01 5.595955e-01
4.994412e-01 2.354220e-11 6.426810e-01 5.602872e-01
4.994243e-01 2.318936e-11 6.301910e-01 5.613857e-01
4.994422e-01 2.346185e-11 6.389760e-01 5.596689e-01
4.994595e-01 2.409140e-11 6.454690e-01 5.599509e-01
4.994345e-01 2.280230e-11 6.388440e-01 5.599623e-01
4.994177e-01 2.270071e-11 6.265600e-01 5.614772e-01
4.993926e-01 2.215734e-11 6.266680e-01 5.624042e-01
4.994296e-01 2.263253e-11 6.394370e-01 5.603491e-01
4.994269e-01 2.295861e-11 6.265760e-01 5.604149e-01
4.994102e-01 2.217070e-11 6.330370e-01 5.611456e-01
4.994269e-01 2.232299e-11 6.331200e-01 5.603606e-01
4.994256e-01 2.269716e-11 6.415640e-01 5.614353e-01
4.994130e-01 2.209588e-11 6.301420e-01 5.613676e-01
4.994261e-01 2.231990e-11 6.437750e-01 5.605511e-01
4.994400e-01 2.248715e-11 6.340490e-01 5.594164e-01
4.994569e-01 2.303130e-11 6.557180e-01 5.593802e-01
4.994276e-01 2.220583e-11 7.172460e-01 5.607817e-01
4.994536e-01 2.275541e-11 6.532960e-01 5.592620e-01
4.994706e-01 2.275482e-11 6.333740e-01 5.596479e-01
4.994301e-01 2.202244e-11 6.528370e-01 5.611142e-01
4.994831e-01 2.304124e-11 6.284940e-01 5.578338e-01
4.994135e-01 2.140250e-11 6.421650e-01 5.616573e-01
4.994652e-01 2.244036e-11 6.281620e-01 5.606083e-01
4.994432e-01 2.204126e-11 6.319870e-01 5.611637e-01
4.994438e-01 2.216078e-11 6.350630e-01 5.603863e-01
4.994640e-01 2.241227e-11 6.276810e-01 5.595155e-01
4.994540e-01 2.194544e-11 6.417050e-01 5.595155e-01
4.994825e-01 2.240945e-11 6.313870e-01 5.591591e-01
4.994188e-01 2.111810e-11 7.222300e-01 5.617821e-01
4.994604e-01 2.171609e-11 6.281900e-01 5.601691e-01
4.994825e-01 2.202663e-11 6.453160e-01 5.595155e-01
4.994568e-01 2.131340e-11 6.583450e-01 5.591963e-01
4.994461e-01 2.114668e-11 6.451090e-01 5.601795e-01
4.994212e-01 2.054704e-11 6.297220e-01 5.608893e-01
4.994139e-01 2.032878e-11 6.297680e-01 5.613105e-01
4.994513e-01 2.126007e-11 6.329390e-01 5.611809e-01
4.994579e-01 2.096332e-11 6.335880e-01 5.596536e-01
4.994867e-01 2.203667e-11 6.335170e-01 5.590877e-01
4.994845e-01 2.140581e-11 6.323620e-01 5.593849e-01
4.994730e-01 2.119167e-11 6.259210e-01 5.597136e-01
4.994650e-01 2.132311e-11 6.364990e-01 5.603463e-01
4.994599e-01 2.093310e-11 6.405050e-01 5.591515e-01
4.994822e-01 2.112592e-11 6.260160e-01 5.587199e-01
4.994535e-01 2.113230e-11 6.549150e-01 5.601176e-01
4.994707e-01 2.086698e-11 6.359890e-01 5.601986e-01
4.994737e-01 2.106804e-11 6.400270e-01 5.599642e-01
4.994578e-01 2.030851e-11 6.461370e-01 5.596631e-01
4.994752e-01 2.079263e-11 6.259140e-01 5.600576e-01
4.994771e-01 2.080919e-11 6.261680e-01 5.597108e-01
4.994684e-01 2.039220e-11 6.406520e-01 5.605073e-01
4.994725e-01 2.067225e-11 6.528850e-01 5.591648e-01
4.995162e-01 2.117448e-11 6.542200e-01 5.585389e-01
4.995204e-01 2.111362e-11 6.361320e-01 5.579320e-01
4.994971e-01 2.087304e-11 6.262530e-01 5.597737e-01
4.994835e-01 2.034540e-11 6.415750e-01 5.586342e-01
4.994973e-01 2.058990e-11 6.361850e-01 5.588733e-01
4.995524e-01 2.185217e-11 6.284040e-01 5.567820e-01
4.994613e-01 1.966955e-11 6.282780e-01 5.599471e-01
4.994988e-01 2.032412e-11 6.267190e-01 5.589295e-01
4.994526e-01 1.944115e-11 6.426410e-01 5.610151e-01
4.994910e-01 2.048941e-11 6.478390e-01 5.602358e-01
4.995351e-01 2.163109e-11 6.468270e-01 5.588400e-01
4.994664e-01 1.956779e-11 6.331830e-01 5.592982e-01
4.994681e-01 1.934812e-11 6.326560e-01 5.600719e-01
4.994870e-01 1.977374e-11 6.260940e-01 5.597213e-01
4.995196e-01 2.035359e-11 6.265900e-01 5.576252e-01
4.994843e-01 1.992643e-11 6.263410e-01 5.608589e-01
4.994914e-01 1.974938e-11 7.088050e-01 5.589991e-01
4.994859e-01 1.950147e-11 6.339410e-01 5.598261e-01
4.995063e-01 1.977283e-11 6.330080e-01 5.584741e-01
4.994750e-01 1.894110e-11 6.260770e-01 5.595059e-01
4.994793e-01 1.910841e-11 6.336070e-01 5.595774e-01
4.995057e-01 1.970140e-11 6.260870e-01 5.587694e-01
4.995115e-01 1.977987e-11 6.350980e-01 5.583521e-01
4.995017e-01 1.965596e-11 6.264260e-01 5.599394e-01
4.994811e-01 1.913622e-11 6.333300e-01 5.614610e-01
4.995092e-01 2.044080e-11 6.413630e-01 5.605283e-01
4.995043e-01 1.931228e-11 6.288310e-01 5.586113e-01
4.995323e-01 2.028239e-11 6.259710e-01 5.580501e-01
4.995267e-01 1.975438e-11 6.459820e-01 5.588943e-01
4.995048e-01 1.961219e-11 6.337880e-01 5.595126e-01
4.995230e-01 1.953573e-11 6.270660e-01 5.601081e-01
4.995406e-01 1.967519e-11 6.323550e-01 5.598747e-01
4.995213e-01 1.947484e-11 6.424540e-01 5.576347e-01
4.994898e-01 1.856775e-11 6.278840e-01 5.606473e-01
4.994745e-01 1.820944e-11 6.328520e-01 5.600490e-01
4.994979e-01 1.872535e-11 6.291030e-01 5.597441e-01
4.995322e-01 1.913614e-11 6.392010e-01 5.589200e-01
4.995158e-01 1.876869e-11 6.397820e-01 5.591477e-01
4.994937e-01 1.829923e-11 6.369030e-01 5.593525e-01
4.995103e-01 1.894405e-11 6.270420e-01 5.590610e-01
4.995122e-01 1.865663e-11 6.397920e-01 5.595669e-01
4.995129e-01 1.916173e-11 6.355370e-01 5.603644e-01
4.995176e-01 1.828366e-11 6.267730e-01 5.592868e-01
4.995119e-01 1.857629e-11 6.333640e-01 5.602862e-01
4.995287e-01 1.871940e-11 6.416380e-01 5.578729e-01
4.995047e-01 1.835414e-11 6.292610e-01 5.584284e-01
4.995349e-01 1.915137e-11 6.270490e-01 5.584998e-01
4.995231e-01 1.853222e-11 6.386590e-01 5.577100e-01
4.995124e-01 1.831034e-11 6.385470e-01 5.604911e-01
4.994932e-01 1.779413e-11 6.306120e-01 5.602701e-01
4.995166e-01 1.830627e-11 6.260790e-01 5.587037e-01
4.995048e-01 1.792959e-11 6.330920e-01 5.600805e-01
4.995138e-01 1.821186e-11 6.266250e-01 5.588409e-01
4.994849e-01 1.725549e-11 6.328420e-01 5.622042e-01
4.995341e-01 1.871259e-11 6.267490e-01 5.589914e-01
4.995089e-01 1.767485e-11 6.459830e-01 5.602882e-01
4.995138e-01 1.779118e-11 6.603870e-01 5.589657e-01
4.995008e-01 1.725234e-11 6.310260e-01 5.612762e-01
4.995263e-01 1.771470e-11 6.269790e-01 5.589276e-01
4.994958e-01 1.724169e-11 6.357880e-01 5.588733e-01
4.995115e-01 1.739382e-11 6.272370e-01 5.602148e-01
4.994781e-01 1.665193e-11 6.273120e-01 5.604063e-01
4.994937e-01 1.718606e-11 6.288120e-01 5.610037e-01
4.995029e-01 1.717290e-11 6.268960e-01 5.610990e-01
4.994953e-01 1.695987e-11 6.383040e-01 5.600700e-01
4.994990e-01 1.730356e-11 6.348560e-01 5.609379e-01
4.995316e-01 1.780801e-11 6.261250e-01 5.593554e-01
4.994974e-01 1.688697e-11 6.395060e-01 5.600328e-01
4.995218e-01 1.711672e-11 6.266600e-01 5.596069e-01
4.995141e-01 1.717958e-11 6.334900e-01 5.582064e-01
4.995207e-01 1.728822e-11 6.265460e-01 5.596650e-01
4.995207e-01 1.711349e-11 6.277360e-01 5.594230e-01
4.995212e-01 1.711095e-11 6.274280e-01 5.594249e-01
4.995295e-01 1.714419e-11 6.258590e-01 5.594469e-01
4.995476e-01 1.730640e-11 6.260870e-01 5.588838e-01
4.995233e-01 1.706879e-11 6.261580e-01 5.595612e-01
4.995242e-01 1.661348e-11 6.274820e-01 5.594688e-01
4.995204e-01 1.679296e-11 6.486520e-01 5.602739e-01
4.995129e-01 1.681104e-11 6.292630e-01 5.580644e-01
4.995126e-01 1.666787e-11 6.261670e-01 5.600928e-01
4.995212e-01 1.645370e-11 6.302010e-01 5.596689e-01
4.995386e-01 1.677315e-11 6.329350e-01 5.592954e-01
4.995239e-01 1.675418e-11 6.376400e-01 5.609703e-01
4.995339e-01 1.658669e-11 6.272460e-01 5.584550e-01
4.995421e-01 1.681034e-11 6.406300e-01 5.585046e-01
4.995561e-01 1.705427e-11 6.343170e-01 5.588857e-01
4.995254e-01 1.622444e-11 6.416600e-01 5.592849e-01
4.995152e-01 1.643232e-11 6.410900e-01 5.610046e-01
4.995119e-01 1.626299e-11 6.685230e-01 5.604768e-01
4.995324e-01 1.638931e-11 6.365550e-01 5.584064e-01
4.995364e-01 1.649050e-11 6.428140e-01 5.588847e-01
4.995204e-01 1.590279e-11 6.304090e-01 5.599290e-01
4.995219e-01 1.616140e-11 6.293830e-01 5.610561e-01
4.995423e-01 1.626173e-11 6.279910e-01 5.579282e-01
4.995262e-01 1.625861e-11 6.289610e-01 5.601329e-01
4.995490e-01 1.642870e-11 6.337970e-01 5.581511e-01
4.995541e-01 1.641270e-11 6.331970e-01 5.586199e-01
4.995164e-01 1.562149e-11 6.267160e-01 5.587761e-01
4.995530e-01 1.609308e-11 6.265560e-01 5.594535e-01
4.995408e-01 1.615682e-11 6.353490e-01 5.591810e-01
4.995353e-01 1.594073e-11 6.333210e-01 5.601186e-01
4.995054e-01 1.516792e-11 6.309680e-01 5.603082e-01
4.995684e-01 1.642289e-11 6.369650e-01 5.580892e-01
4.995400e-01 1.561930e-11 6.316650e-01 5.591972e-01
4.995216e-01 1.525370e-11 6.281280e-01 5.588933e-01
4.994905e-01 1.503840e-11 6.352840e-01 5.626682e-01
4.995375e-01 1.560861e-11 6.271530e-01 5.593344e-01
4.995608e-01 1.610668e-11 6.269320e-01 5.584970e-01
4.995419e-01 1.564551e-11 6.333280e-01 5.585951e-01
4.995411e-01 1.549712e-11 6.261390e-01 5.600242e-01
4.995396e-01 1.577635e-11 6.278300e-01 5.602967e-01
4.995550e-01 1.569894e-11 6.451390e-01 5.581111e-01
4.995500e-01 1.548894e-11 6.273520e-01 5.589743e-01
4.995547e-01 1.540881e-11 6.575880e-01 5.586542e-01
4.995264e-01 1.508138e-11 6.283320e-01 5.596117e-01
4.995781e-01 1.637550e-11 6.475350e-01 5.588123e-01
4.995516e-01 1.531109e-11 6.341490e-01 5.581168e-01
4.995609e-01 1.550495e-11 6.349430e-01 5.593211e-01
4.995679e-01 1.563542e-11 6.345540e-01 5.582349e-01
4.995661e-01 1.567888e-11 6.328270e-01 5.590438e-01
4.995554e-01 1.545265e-11 6.346910e-01 5.596517e-01
4.995345e-01 1.484925e-11 6.315740e-01 5.594278e-01
4.995319e-01 1.482707e-11 6.501580e-01 5.601929e-01
4.995492e-01 1.492932e-11 6.334430e-01 5.576490e-01
4.995498e-01 1.478583e-11 6.405240e-01 5.587656e-01
4.995534e-01 1.517081e-11 6.267190e-01 5.584779e-01
4.995514e-01 1.501519e-11 6.327040e-01 5.585303e-01
4.995435e-01 1.486519e-11 6.325380e-01 5.600138e-01
4.995407e-01 1.481692e-11 6.268340e-01 5.598022e-01
4.995707e-01 1.508635e-11 6.312090e-01 5.587561e-01
4.995323e-01 1.456653e-11 6.265910e-01 5.601376e-01
4.995674e-01 1.507648e-11 6.274830e-01 5.582702e-01
4.995547e-01 1.469650e-11 6.295750e-01 5.585694e-01
4.995578e-01 1.478207e-11 6.341180e-01 5.588733e-01
4.995772e-01 1.509322e-11 6.262470e-01 5.570630e-01
4.995420e-01 1.456583e-11 6.290550e-01 5.610132e-01
4.995970e-01 1.508209e-11 6.338660e-01 5.580234e-01
4.995370e-01 1.441439e-11 6.275060e-01 5.592049e-01
4.995514e-01 1.450250e-11 6.266880e-01 5.595050e-01
4.995566e-01 1.460724e-11 6.265180e-01 5.584055e-01
4.995382e-01 1.425958e-11 6.321380e-01 5.600986e-01
4.995660e-01 1.449917e-11 6.410690e-01 5.586399e-01
4.995464e-01 1.426918e-11 6.336020e-01 5.614610e-01
4.995505e-01 1.433794e-11 6.340680e-01 5.595974e-01
4.995690e-01 1.450937e-11 6.341250e-01 5.590181e-01
4.995766e-01 1.445164e-11 6.269130e-01 5.572888e-01
4.995824e-01 1.462718e-11 6.401590e-01 5.587170e-01
4.995430e-01 1.403098e-11 6.267210e-01 5.597136e-01
4.995977e-01 1.473305e-11 6.325840e-01 5.568468e-01
4.995743e-01 1.431998e-11 6.260620e-01 5.596917e-01
4.995704e-01 1.462699e-11 7.243340e-01 5.592744e-01
4.995661e-01 1.412501e-11 6.994090e-01 5.587933e-01
4.995863e-01 1.450499e-11 6.268370e-01 5.585789e-01
4.995555e-01 1.410827e-11 6.285620e-01 5.591239e-01
4.995552e-01 1.384919e-11 6.270930e-01 5.595631e-01
4.995623e-01 1.406636e-11 6.266570e-01 5.596212e-01
4.995865e-01 1.445041e-11 6.297430e-01 5.577443e-01
4.995457e-01 1.382010e-11 6.259290e-01 5.610751e-01
4.995678e-01 1.385032e-11 6.388110e-01 5.588523e-01
4.995411e-01 1.342570e-11 6.299700e-01 5.601414e-01
4.995788e-01 1.391514e-11 6.423230e-01 5.581435e-01
4.995781e-01 1.388425e-11 6.334160e-01 5.586141e-01
4.995763e-01 1.414825e-11 6.425090e-01 5.571783e-01
4.995828e-01 1.398581e-11 6.330160e-01 5.579891e-01
4.995648e-01 1.364974e-11 6.265800e-01 5.592668e-01
4.995904e-01 1.415446e-11 6.266950e-01 5.575699e-01
4.995726e-01 1.375187e-11 6.261520e-01 5.605092e-01
4.995773e-01 1.365412e-11 6.333690e-01 5.579548e-01
4.995699e-01 1.363606e-11 6.258650e-01 5.588133e-01
4.995640e-01 1.364124e-11 6.291590e-01 5.601700e-01
4.995907e-01 1.395922e-11 6.263170e-01 5.585046e-01
4.995815e-01 1.381801e-11 6.260240e-01 5.597070e-01
4.995533e-01 1.314098e-11 6.264000e-01 5.587228e-01
4.995635e-01 1.322072e-11 6.327460e-01 5.593983e-01
4.995840e-01 1.356820e-11 6.332100e-01 5.579777e-01
4.995797e-01 1.375741e-11 6.265390e-01 5.589038e-01
4.995759e-01 1.341880e-11 6.328420e-01 5.600223e-01
4.995773e-01 1.344584e-11 6.305080e-01 5.596546e-01
4.995773e-01 1.326402e-11 6.339710e-01 5.582130e-01
4.995766e-01 1.364713e-11 6.264150e-01 5.583550e-01
4.995510e-01 1.300359e-11 6.289040e-01 5.601567e-01
4.995851e-01 1.337346e-11 6.392850e-01 5.593344e-01
4.995848e-01 1.332048e-11 6.530370e-01 5.586256e-01
4.995875e-01 1.334006e-11 6.334940e-01 5.582550e-01
4.995890e-01 1.325068e-11 6.287230e-01 5.591610e-01
4.996085e-01 1.345145e-11 6.258260e-01 5.567934e-01
4.995798e-01 1.289043e-11 6.602670e-01 5.582197e-01
4.995954e-01 1.341872e-11 6.366390e-01 5.573803e-01
4.995789e-01 1.295358e-11 6.456730e-01 5.587047e-01
4.995687e-01 1.275271e-11 6.408140e-01 5.600700e-01
4.995550e-01 1.275391e-11 6.300740e-01 5.601976e-01
4.995494e-01 1.271981e-11 6.333510e-01 5.617726e-01
4.995690e-01 1.263491e-11 6.272300e-01 5.600452e-01
4.995765e-01 1.297608e-11 6.277860e-01 5.592039e-01
4.995904e-01 1.296439e-11 6.278770e-01 5.578824e-01
4.995958e-01 1.293225e-11 6.271080e-01 5.578224e-01
4.995828e-01 1.281721e-11 6.269100e-01 5.596327e-01
4.996019e-01 1.316449e-11 6.270860e-01 5.579806e-01
4.995766e-01 1.258238e-11 6.317030e-01 5.600671e-01
4.995775e-01 1.279410e-11 6.391130e-01 5.594135e-01
4.995814e-01 1.264559e-11 6.331900e-01 5.590391e-01
4.995859e-01 1.266137e-11 6.267880e-01 5.588209e-01
4.995976e-01 1.282466e-11 6.364950e-01 5.575566e-01
4.995893e-01 1.279483e-11 6.391400e-01 5.588085e-01
4.996219e-01 1.314827e-11 6.268960e-01 5.580549e-01
4.996093e-01 1.289995e-11 6.272770e-01 5.578691e-01
4.996100e-01 1.301224e-11 6.354170e-01 5.581206e-01
4.996068e-01 1.283619e-11 6.263130e-01 5.579682e-01
4.995740e-01 1.221253e-11 6.292360e-01 5.600404e-01
4.996127e-01 1.281230e-11 6.332650e-01 5.567877e-01
4.995941e-01 1.234943e-11 6.290250e-01 5.586913e-01
4.995708e-01 1.204403e-11 6.325610e-01 5.591420e-01
4.995895e-01 1.250285e-11 6.267230e-01 5.594526e-01
4.995735e-01 1.187426e-11 6.539350e-01 5.591391e-01
4.996111e-01 1.269072e-11 6.748990e-01 5.590343e-01
4.995753e-01 1.221179e-11 6.405990e-01 5.588285e-01
4.996029e-01 1.233456e-11 6.332800e-01 5.588152e-01
4.995955e-01 1.222583e-11 6.335140e-01 5.596393e-01
4.995947e-01 1.230938e-11 6.272680e-01 5.591429e-01
4.996004e-01 1.235014e-11 6.328100e-01 5.591058e-01
4.996045e-01 1.246847e-11 6.290930e-01 5.591925e-01
4.996104e-01 1.231731e-11 6.333840e-01 5.584760e-01
4.995902e-01 1.222981e-11 6.430100e-01 5.588390e-01
4.995977e-01 1.228933e-11 6.260580e-01 5.582978e-01
4.996039e-01 1.223643e-11 6.390210e-01 5.577757e-01
4.996217e-01 1.250090e-11 6.325820e-01 5.579510e-01
4.996294e-01 1.264559e-11 6.269670e-01 5.582492e-01
4.996031e-01 1.212861e-11 6.331160e-01 5.598423e-01
4.996002e-01 1.240409e-11 6.337720e-01 5.589743e-01
4.996404e-01 1.284390e-11 6.365990e-01 5.564942e-01
4.995975e-01 1.205673e-11 6.460390e-01 5.594173e-01
4.996249e-01 1.249832e-11 6.265400e-01 5.578272e-01
4.996142e-01 1.234960e-11 6.272910e-01 5.574565e-01
4.996351e-01 1.237310e-11 6.268470e-01 5.568630e-01
4.996115e-01 1.200677e-11 6.271810e-01 5.575566e-01
4.996070e-01 1.183111e-11 6.475830e-01 5.587914e-01
4.995997e-01 1.190939e-11 6.265530e-01 5.590400e-01
4.995993e-01 1.176019e-11 6.297580e-01 5.586351e-01
4.996109e-01 1.175469e-11 6.337420e-01 5.577967e-01
4.996123e-01 1.169817e-11 6.259530e-01 5.586904e-01
4.996105e-01 1.217393e-11 6.331780e-01 5.580530e-01
4.996184e-01 1.188016e-11 6.335240e-01 5.583941e-01
4.995831e-01 1.129654e-11 6.340390e-01 5.595336e-01
4.996237e-01 1.178017e-11 6.333030e-01 5.602424e-01
4.996129e-01 1.175057e-11 6.258150e-01 5.580091e-01
