# dim  N   mc   dt  Impsamp 
# 1    1 100000 0.001
#
# Theoretical Energy = 5.000000e-01
# Energy     Variance     CPU time     Acceptance
5.117973e-01 1.139180e-07 5.547800e-02 9.997900e-01
5.281892e-01 8.816817e-08 5.439800e-02 9.997400e-01
5.408877e-01 1.154187e-07 5.485700e-02 9.997500e-01
5.228652e-01 9.897898e-08 5.451600e-02 9.996900e-01
5.515707e-01 1.376325e-07 5.433100e-02 9.997100e-01
5.124563e-01 9.107278e-08 5.387500e-02 9.996400e-01
4.902144e-01 1.105352e-07 5.527300e-02 9.997800e-01
5.437641e-01 1.415856e-07 5.418100e-02 9.997700e-01
5.131688e-01 9.486477e-08 5.462800e-02 9.996300e-01
5.037958e-01 8.340525e-08 5.416400e-02 9.997000e-01
5.320267e-01 1.209560e-07 5.445200e-02 9.997400e-01
5.101609e-01 1.200166e-07 5.478800e-02 9.997200e-01
5.162017e-01 1.052831e-07 5.490700e-02 9.997300e-01
5.346523e-01 1.143040e-07 5.502500e-02 9.996700e-01
5.195438e-01 8.883685e-08 5.508900e-02 9.997400e-01
5.311393e-01 9.902540e-08 5.473300e-02 9.997400e-01
5.033954e-01 9.598915e-08 5.443900e-02 9.997100e-01
5.324107e-01 9.926125e-08 5.490500e-02 9.997000e-01
5.154830e-01 1.056546e-07 5.523100e-02 9.997300e-01
5.154615e-01 7.432201e-08 5.428300e-02 9.996900e-01
5.144993e-01 8.649148e-08 5.389700e-02 9.997900e-01
5.337105e-01 1.155547e-07 5.443700e-02 9.997300e-01
5.180927e-01 7.674885e-08 5.451800e-02 9.997300e-01
5.137007e-01 9.248160e-08 5.460400e-02 9.997400e-01
5.061162e-01 1.293682e-07 5.452500e-02 9.998100e-01
5.445033e-01 7.821973e-08 5.495200e-02 9.996900e-01
5.196361e-01 1.115546e-07 5.497100e-02 9.997300e-01
5.118257e-01 7.900680e-08 5.474100e-02 9.998100e-01
5.277843e-01 8.451266e-08 5.436900e-02 9.997100e-01
5.089297e-01 7.757477e-08 5.463300e-02 9.997000e-01
5.237740e-01 1.378920e-07 5.465700e-02 9.998100e-01
5.343334e-01 1.249959e-07 5.460600e-02 9.996200e-01
5.167667e-01 9.501367e-08 5.579700e-02 9.997900e-01
4.920018e-01 8.784788e-08 5.503700e-02 9.997200e-01
5.148153e-01 9.868972e-08 5.543600e-02 9.996600e-01
4.866498e-01 1.105493e-07 5.473600e-02 9.998600e-01
5.117330e-01 1.648276e-07 5.573600e-02 9.997600e-01
5.147008e-01 9.106646e-08 5.509100e-02 9.997300e-01
5.292448e-01 9.536878e-08 5.552000e-02 9.998000e-01
5.220469e-01 5.691123e-08 5.421300e-02 9.997600e-01
5.010152e-01 1.040944e-07 5.524700e-02 9.997600e-01
5.061327e-01 7.885657e-08 5.348700e-02 9.997100e-01
5.295246e-01 7.317794e-08 5.482100e-02 9.998100e-01
5.423896e-01 8.635429e-08 5.416200e-02 9.997400e-01
5.006886e-01 6.955831e-08 5.492700e-02 9.996900e-01
5.207813e-01 6.849075e-08 5.501100e-02 9.996900e-01
5.123000e-01 7.740299e-08 5.484200e-02 9.996900e-01
5.253377e-01 6.883172e-08 5.507100e-02 9.996500e-01
5.205425e-01 8.588097e-08 5.442600e-02 9.997000e-01
5.135799e-01 5.454357e-08 5.455600e-02 9.997000e-01
5.118058e-01 9.963397e-08 5.527400e-02 9.996500e-01
5.098739e-01 6.950722e-08 5.465900e-02 9.997300e-01
4.941029e-01 9.788087e-08 5.398500e-02 9.997100e-01
5.088283e-01 5.246097e-08 5.484500e-02 9.996900e-01
5.190290e-01 7.307147e-08 5.512500e-02 9.996700e-01
5.078364e-01 7.269806e-08 5.508300e-02 9.997700e-01
5.227745e-01 7.313203e-08 5.381800e-02 9.997100e-01
5.213240e-01 8.311846e-08 5.520700e-02 9.997200e-01
5.209447e-01 9.980275e-08 5.540800e-02 9.997100e-01
5.255331e-01 7.000883e-08 5.467300e-02 9.997600e-01
5.253485e-01 7.638795e-08 5.587000e-02 9.998100e-01
5.324121e-01 7.569154e-08 5.495100e-02 9.997700e-01
5.212393e-01 7.263398e-08 5.389700e-02 9.997200e-01
5.218077e-01 7.388452e-08 5.470800e-02 9.997400e-01
4.994573e-01 7.209870e-08 5.410900e-02 9.997100e-01
5.427076e-01 7.076999e-08 5.355600e-02 9.997200e-01
5.308998e-01 7.234719e-08 5.546400e-02 9.997200e-01
5.034553e-01 6.242994e-08 5.394000e-02 9.997700e-01
5.175127e-01 8.886273e-08 5.466900e-02 9.997200e-01
5.295753e-01 6.730857e-08 5.460400e-02 9.996800e-01
5.118175e-01 9.751160e-08 5.594000e-02 9.997200e-01
5.008297e-01 6.044151e-08 5.518200e-02 9.997800e-01
5.108774e-01 6.245498e-08 5.512300e-02 9.997200e-01
5.098978e-01 5.647585e-08 5.453500e-02 9.997700e-01
5.075418e-01 6.413831e-08 5.483800e-02 9.997600e-01
5.136870e-01 7.372750e-08 5.435200e-02 9.996800e-01
4.907849e-01 6.949229e-08 5.446100e-02 9.997600e-01
5.095002e-01 7.484972e-08 5.428000e-02 9.997100e-01
5.397721e-01 6.758819e-08 5.549100e-02 9.997500e-01
5.269470e-01 5.958605e-08 5.514800e-02 9.996900e-01
4.960062e-01 6.892010e-08 5.122500e-02 9.997600e-01
5.172771e-01 5.439723e-08 5.129400e-02 9.998400e-01
5.236993e-01 6.197979e-08 5.414800e-02 9.997700e-01
5.009216e-01 6.090522e-08 5.469200e-02 9.997100e-01
5.201740e-01 5.921625e-08 5.481300e-02 9.997100e-01
5.324491e-01 7.401918e-08 5.437600e-02 9.997000e-01
5.003471e-01 6.722782e-08 5.466000e-02 9.996700e-01
5.079154e-01 5.736755e-08 5.418300e-02 9.997200e-01
5.199055e-01 7.890241e-08 5.090700e-02 9.997400e-01
5.242884e-01 7.025355e-08 5.475900e-02 9.996700e-01
5.105526e-01 4.516623e-08 5.449600e-02 9.997400e-01
5.077492e-01 6.357486e-08 5.444800e-02 9.997300e-01
5.013191e-01 1.036599e-07 5.474300e-02 9.998000e-01
5.085024e-01 6.321827e-08 5.464000e-02 9.997300e-01
5.081236e-01 7.284238e-08 5.557400e-02 9.996800e-01
5.365626e-01 5.754062e-08 5.613500e-02 9.996700e-01
5.203196e-01 5.867882e-08 5.689000e-02 9.997300e-01
4.989538e-01 6.983331e-08 5.540400e-02 9.996600e-01
5.087963e-01 6.366408e-08 5.500300e-02 9.996800e-01
4.948678e-01 8.039099e-08 5.479900e-02 9.997100e-01
5.018781e-01 9.179071e-08 5.534600e-02 9.997700e-01
5.196416e-01 6.151810e-08 5.477000e-02 9.997800e-01
5.110685e-01 5.093812e-08 5.472400e-02 9.996600e-01
5.041559e-01 5.702524e-08 5.448100e-02 9.996500e-01
4.999066e-01 5.921435e-08 5.544200e-02 9.997200e-01
5.168778e-01 8.751506e-08 5.418100e-02 9.996900e-01
4.938167e-01 5.950049e-08 5.501600e-02 9.997700e-01
5.105586e-01 7.335177e-08 5.425500e-02 9.997800e-01
5.146667e-01 7.832834e-08 5.452000e-02 9.997000e-01
5.221705e-01 5.135540e-08 5.531600e-02 9.997500e-01
5.030060e-01 6.954390e-08 5.448400e-02 9.996900e-01
5.237503e-01 6.029621e-08 5.553600e-02 9.997400e-01
5.235845e-01 3.974525e-08 5.511300e-02 9.997100e-01
4.962445e-01 4.720323e-08 5.425600e-02 9.997000e-01
5.090236e-01 5.665936e-08 5.509000e-02 9.996400e-01
5.099831e-01 6.664900e-08 5.519100e-02 9.997500e-01
5.312306e-01 4.689143e-08 5.553100e-02 9.997100e-01
4.948622e-01 7.925616e-08 5.451700e-02 9.998400e-01
5.031579e-01 3.965518e-08 5.360000e-02 9.996900e-01
5.344377e-01 6.618407e-08 5.476400e-02 9.997700e-01
4.869526e-01 6.467524e-08 5.481300e-02 9.996700e-01
5.172692e-01 3.980212e-08 5.407700e-02 9.997600e-01
4.995806e-01 4.699016e-08 5.530600e-02 9.996500e-01
5.095937e-01 6.012334e-08 5.489700e-02 9.996000e-01
5.067009e-01 7.113562e-08 5.558100e-02 9.998200e-01
4.971755e-01 4.925900e-08 5.498400e-02 9.997800e-01
5.073941e-01 5.718327e-08 5.515100e-02 9.996900e-01
5.336107e-01 6.139013e-08 5.503400e-02 9.998500e-01
5.186870e-01 6.373296e-08 5.328800e-02 9.997700e-01
5.217838e-01 6.345656e-08 5.425800e-02 9.997800e-01
4.961250e-01 4.821059e-08 5.488900e-02 9.997500e-01
5.212627e-01 3.948444e-08 5.533100e-02 9.997600e-01
4.944714e-01 6.298837e-08 5.535100e-02 9.996700e-01
4.999519e-01 4.765110e-08 5.428900e-02 9.998000e-01
4.990997e-01 4.575483e-08 5.395200e-02 9.997500e-01
5.074230e-01 5.398373e-08 5.469600e-02 9.997600e-01
5.079620e-01 3.803098e-08 5.466700e-02 9.996800e-01
5.336099e-01 4.466512e-08 5.255000e-02 9.996100e-01
5.008765e-01 4.643179e-08 5.568400e-02 9.998200e-01
4.962308e-01 6.450863e-08 5.531700e-02 9.997200e-01
4.994669e-01 5.697888e-08 5.482200e-02 9.997000e-01
5.118065e-01 4.352372e-08 5.364300e-02 9.996800e-01
5.058180e-01 5.505998e-08 5.304100e-02 9.997400e-01
5.051810e-01 5.547678e-08 5.544900e-02 9.998700e-01
5.226329e-01 5.029296e-08 5.435600e-02 9.996600e-01
5.022564e-01 3.746895e-08 5.578500e-02 9.996300e-01
5.186155e-01 4.717378e-08 5.549700e-02 9.997200e-01
4.996232e-01 4.803307e-08 5.415300e-02 9.997400e-01
5.195017e-01 3.661604e-08 5.526300e-02 9.997300e-01
5.034956e-01 5.228302e-08 5.432500e-02 9.996600e-01
5.132211e-01 6.707617e-08 5.550400e-02 9.996900e-01
5.170442e-01 4.236417e-08 5.400300e-02 9.997700e-01
5.104519e-01 3.600748e-08 5.415700e-02 9.996500e-01
5.164712e-01 4.301833e-08 5.525200e-02 9.997100e-01
5.041516e-01 5.830972e-08 4.600500e-02 9.998400e-01
5.238738e-01 4.584788e-08 5.445900e-02 9.997600e-01
5.266273e-01 4.984974e-08 5.439800e-02 9.998200e-01
5.116053e-01 3.692435e-08 5.479800e-02 9.997500e-01
5.091795e-01 3.175535e-08 5.501400e-02 9.997300e-01
4.914285e-01 4.817467e-08 5.460100e-02 9.997200e-01
5.098460e-01 4.046324e-08 5.495500e-02 9.997000e-01
5.068002e-01 4.573036e-08 5.406900e-02 9.996700e-01
5.030817e-01 5.149782e-08 5.446700e-02 9.998000e-01
5.167689e-01 2.817073e-08 5.402400e-02 9.997300e-01
5.181768e-01 4.175963e-08 5.459900e-02 9.997100e-01
5.088786e-01 3.690416e-08 5.663900e-02 9.997700e-01
5.183332e-01 5.418075e-08 5.277900e-02 9.996900e-01
5.211563e-01 3.459820e-08 5.462300e-02 9.996900e-01
5.112005e-01 4.793377e-08 5.504700e-02 9.997300e-01
4.992656e-01 3.254765e-08 5.489400e-02 9.997600e-01
5.190686e-01 3.638809e-08 5.488300e-02 9.996500e-01
5.212574e-01 4.376968e-08 5.546600e-02 9.996900e-01
5.143952e-01 4.177916e-08 5.483900e-02 9.996400e-01
5.189154e-01 4.332137e-08 5.555300e-02 9.997100e-01
5.089285e-01 3.580748e-08 5.506600e-02 9.997400e-01
5.175888e-01 4.041147e-08 5.509700e-02 9.996900e-01
5.122361e-01 4.566627e-08 5.325800e-02 9.997500e-01
5.129243e-01 3.373421e-08 5.448900e-02 9.997000e-01
5.058396e-01 3.066023e-08 5.479800e-02 9.997500e-01
5.002465e-01 2.728662e-08 5.474700e-02 9.997000e-01
4.980239e-01 4.169971e-08 5.506700e-02 9.997700e-01
5.184722e-01 3.763886e-08 5.494500e-02 9.997400e-01
5.223941e-01 3.639090e-08 5.418300e-02 9.997100e-01
5.015045e-01 3.398679e-08 5.170700e-02 9.997400e-01
5.062400e-01 2.961932e-08 5.136400e-02 9.997000e-01
5.023465e-01 4.107421e-08 5.213400e-02 9.996600e-01
5.170411e-01 3.379038e-08 5.369200e-02 9.997000e-01
5.190267e-01 2.839567e-08 5.539300e-02 9.997100e-01
5.108194e-01 2.965773e-08 5.503900e-02 9.997200e-01
5.142431e-01 2.616795e-08 5.518500e-02 9.997000e-01
5.067162e-01 2.691489e-08 5.466800e-02 9.996500e-01
5.124462e-01 4.413419e-08 5.519400e-02 9.997300e-01
5.010719e-01 3.676053e-08 5.510500e-02 9.996600e-01
4.913109e-01 3.324267e-08 5.437700e-02 9.996600e-01
5.023540e-01 3.294606e-08 5.486500e-02 9.997100e-01
5.094428e-01 4.170042e-08 5.408700e-02 9.996400e-01
5.154927e-01 4.202092e-08 4.854300e-02 9.996800e-01
5.118559e-01 5.337907e-08 5.096000e-02 9.997700e-01
5.168113e-01 2.862039e-08 5.471700e-02 9.997300e-01
4.957926e-01 2.767727e-08 5.575200e-02 9.998000e-01
5.089682e-01 4.184370e-08 5.481100e-02 9.997100e-01
4.969696e-01 3.778039e-08 5.503500e-02 9.997500e-01
5.010800e-01 3.322920e-08 5.463200e-02 9.997000e-01
5.026833e-01 4.148749e-08 5.500400e-02 9.996900e-01
5.161115e-01 4.287745e-08 5.409600e-02 9.997600e-01
5.106991e-01 2.845588e-08 4.606800e-02 9.997300e-01
5.033125e-01 2.736291e-08 5.561800e-02 9.997200e-01
5.120130e-01 1.830107e-08 5.469100e-02 9.997400e-01
5.185365e-01 2.722689e-08 5.464900e-02 9.998000e-01
4.960134e-01 3.145376e-08 5.441900e-02 9.997400e-01
5.126414e-01 3.462049e-08 5.360500e-02 9.997000e-01
4.971293e-01 2.967503e-08 5.529100e-02 9.997100e-01
5.067333e-01 2.193256e-08 5.500000e-02 9.998100e-01
5.027809e-01 2.638162e-08 5.490400e-02 9.996600e-01
5.182136e-01 3.366340e-08 5.516500e-02 9.997500e-01
5.160516e-01 2.861741e-08 5.520900e-02 9.997900e-01
5.000695e-01 4.989528e-08 5.269900e-02 9.998100e-01
5.078979e-01 2.596484e-08 5.511000e-02 9.997100e-01
4.996139e-01 2.146681e-08 5.462000e-02 9.997000e-01
5.068540e-01 2.363948e-08 5.444000e-02 9.998300e-01
5.017716e-01 2.518243e-08 5.552800e-02 9.998300e-01
5.167027e-01 2.907351e-08 5.397600e-02 9.998000e-01
5.166706e-01 1.880929e-08 5.447000e-02 9.997200e-01
5.061302e-01 2.734178e-08 5.485500e-02 9.997900e-01
5.075447e-01 3.327991e-08 5.636900e-02 9.996800e-01
5.020187e-01 2.288256e-08 5.454700e-02 9.996400e-01
4.993964e-01 1.988781e-08 5.484000e-02 9.998100e-01
4.993517e-01 2.947358e-08 5.572100e-02 9.998400e-01
5.060309e-01 2.315402e-08 5.484200e-02 9.997100e-01
5.078970e-01 2.584414e-08 5.676900e-02 9.996700e-01
5.004047e-01 2.602258e-08 5.825200e-02 9.997100e-01
4.921531e-01 2.713773e-08 5.775700e-02 9.997300e-01
5.040856e-01 2.466595e-08 5.572200e-02 9.997100e-01
5.050031e-01 2.923437e-08 5.487600e-02 9.997500e-01
5.050258e-01 2.291743e-08 5.457400e-02 9.996900e-01
5.023809e-01 3.424010e-08 5.444000e-02 9.997500e-01
5.039446e-01 2.406454e-08 5.335700e-02 9.996000e-01
5.039170e-01 2.588818e-08 5.513900e-02 9.997400e-01
5.036513e-01 3.016747e-08 5.405900e-02 9.997700e-01
5.087680e-01 1.904960e-08 5.398700e-02 9.997700e-01
5.059469e-01 2.356726e-08 5.446100e-02 9.996700e-01
5.107614e-01 2.390645e-08 5.482200e-02 9.997900e-01
4.996627e-01 2.121276e-08 5.116900e-02 9.998500e-01
5.059022e-01 2.249538e-08 5.431200e-02 9.997900e-01
5.042639e-01 2.734441e-08 5.490000e-02 9.996800e-01
5.096093e-01 2.587276e-08 5.475100e-02 9.997400e-01
5.053056e-01 2.677589e-08 5.484900e-02 9.996600e-01
5.022177e-01 2.557665e-08 5.437800e-02 9.997100e-01
5.046628e-01 2.457074e-08 5.444800e-02 9.997600e-01
5.043032e-01 2.453566e-08 5.448400e-02 9.997200e-01
5.072553e-01 2.612155e-08 5.500900e-02 9.997100e-01
5.104907e-01 2.099761e-08 5.480200e-02 9.996200e-01
5.039349e-01 2.332297e-08 5.478700e-02 9.998200e-01
4.935080e-01 3.019851e-08 5.526700e-02 9.996800e-01
4.994811e-01 2.062067e-08 5.446700e-02 9.997900e-01
5.079859e-01 2.012528e-08 5.474900e-02 9.996600e-01
5.067271e-01 2.082077e-08 5.418200e-02 9.998100e-01
5.106743e-01 2.071020e-08 5.445900e-02 9.996800e-01
5.164774e-01 1.874002e-08 5.466300e-02 9.997200e-01
5.059249e-01 3.262066e-08 5.471100e-02 9.997500e-01
4.986963e-01 2.108560e-08 5.461400e-02 9.997300e-01
5.084137e-01 2.913364e-08 5.485800e-02 9.996900e-01
5.111570e-01 2.210066e-08 5.416100e-02 9.997400e-01
5.038664e-01 1.840137e-08 5.476300e-02 9.997600e-01
5.008635e-01 2.063295e-08 5.522500e-02 9.997100e-01
5.163938e-01 1.936940e-08 5.685300e-02 9.996800e-01
4.901455e-01 2.151040e-08 5.773000e-02 9.997200e-01
5.169248e-01 2.005719e-08 5.656500e-02 9.997400e-01
4.939561e-01 1.893788e-08 5.505000e-02 9.998100e-01
5.085308e-01 1.721917e-08 5.446900e-02 9.997600e-01
5.093669e-01 1.848143e-08 5.459200e-02 9.996700e-01
5.139671e-01 1.637892e-08 5.364000e-02 9.997500e-01
5.046437e-01 1.944202e-08 5.453300e-02 9.997400e-01
5.046600e-01 2.023109e-08 5.430900e-02 9.997700e-01
5.024356e-01 1.268488e-08 5.389400e-02 9.997200e-01
5.058755e-01 2.651020e-08 5.441100e-02 9.998000e-01
5.063202e-01 2.207584e-08 5.519300e-02 9.996800e-01
5.042636e-01 2.180881e-08 5.545100e-02 9.997600e-01
4.972699e-01 1.759449e-08 5.430000e-02 9.997500e-01
4.982632e-01 2.256024e-08 5.491900e-02 9.998400e-01
4.990751e-01 2.003973e-08 5.495200e-02 9.997500e-01
4.981607e-01 2.001985e-08 5.503600e-02 9.997200e-01
5.093850e-01 2.073072e-08 5.419700e-02 9.997100e-01
4.991247e-01 2.090721e-08 5.428100e-02 9.997500e-01
4.999202e-01 2.016226e-08 5.508600e-02 9.997800e-01
5.050390e-01 1.613527e-08 5.402500e-02 9.997700e-01
5.039183e-01 1.959821e-08 5.455700e-02 9.997600e-01
5.002916e-01 2.416545e-08 5.468800e-02 9.997400e-01
5.060158e-01 2.240029e-08 5.517200e-02 9.997300e-01
5.065353e-01 1.880691e-08 5.448600e-02 9.997100e-01
5.045102e-01 1.336204e-08 5.481300e-02 9.997800e-01
4.995273e-01 1.556071e-08 5.389800e-02 9.996600e-01
5.058919e-01 2.419845e-08 5.534500e-02 9.997500e-01
5.092271e-01 1.555808e-08 5.449900e-02 9.996600e-01
4.857528e-01 2.447677e-08 5.220000e-02 9.996800e-01
5.030603e-01 1.247631e-08 5.329700e-02 9.997800e-01
5.138856e-01 2.031860e-08 5.546600e-02 9.996700e-01
5.029342e-01 1.273839e-08 5.416700e-02 9.997800e-01
5.014829e-01 1.967268e-08 5.474800e-02 9.998200e-01
5.055732e-01 1.845822e-08 5.472500e-02 9.997300e-01
5.097789e-01 1.840128e-08 5.457700e-02 9.997100e-01
5.093571e-01 1.892212e-08 5.485800e-02 9.997000e-01
5.045783e-01 1.283753e-08 5.537400e-02 9.996800e-01
5.091513e-01 1.424308e-08 5.466400e-02 9.997800e-01
4.940568e-01 1.371530e-08 5.505700e-02 9.996200e-01
5.064244e-01 1.419088e-08 5.455300e-02 9.997700e-01
5.085499e-01 1.257440e-08 5.465900e-02 9.996800e-01
5.031959e-01 1.165769e-08 5.416500e-02 9.997800e-01
5.025628e-01 1.376249e-08 5.429400e-02 9.997400e-01
4.997424e-01 1.409077e-08 5.462700e-02 9.996600e-01
5.054714e-01 1.933525e-08 5.451000e-02 9.998000e-01
5.006779e-01 1.811394e-08 5.454400e-02 9.996900e-01
5.091689e-01 2.780110e-08 5.435800e-02 9.997800e-01
5.012394e-01 1.477460e-08 5.479300e-02 9.997900e-01
5.007729e-01 1.590727e-08 5.507100e-02 9.996700e-01
5.056437e-01 1.458675e-08 5.483100e-02 9.997800e-01
5.002364e-01 1.675863e-08 5.494100e-02 9.997400e-01
5.039074e-01 1.179442e-08 5.465200e-02 9.997200e-01
5.035836e-01 1.444305e-08 5.582900e-02 9.997900e-01
5.019609e-01 2.036061e-08 5.508000e-02 9.996800e-01
5.149361e-01 1.756861e-08 5.525100e-02 9.996600e-01
5.061210e-01 1.865083e-08 5.498700e-02 9.997900e-01
5.002323e-01 9.981812e-09 5.481700e-02 9.996900e-01
4.932643e-01 1.823114e-08 5.450300e-02 9.996700e-01
5.098198e-01 1.943853e-08 5.479800e-02 9.997300e-01
5.003385e-01 1.423626e-08 5.431200e-02 9.998400e-01
5.014492e-01 1.695538e-08 5.538500e-02 9.998000e-01
5.181168e-01 1.240625e-08 5.573300e-02 9.997300e-01
4.965337e-01 1.686169e-08 5.636600e-02 9.997700e-01
5.053025e-01 1.649363e-08 5.848000e-02 9.996500e-01
4.959288e-01 1.355296e-08 5.730700e-02 9.996800e-01
4.997942e-01 1.313843e-08 5.668800e-02 9.997300e-01
5.072251e-01 1.406820e-08 5.463500e-02 9.997700e-01
5.006312e-01 2.074773e-08 5.460700e-02 9.997100e-01
4.989584e-01 1.248085e-08 5.465200e-02 9.996300e-01
4.977894e-01 1.706003e-08 5.452700e-02 9.997700e-01
5.007554e-01 1.328580e-08 5.499100e-02 9.997500e-01
5.003010e-01 1.598406e-08 5.396000e-02 9.997000e-01
5.059571e-01 1.805018e-08 5.539600e-02 9.996600e-01
5.031473e-01 1.389375e-08 5.509500e-02 9.996600e-01
5.049804e-01 1.339183e-08 5.461000e-02 9.998200e-01
5.029131e-01 1.677342e-08 5.426300e-02 9.997400e-01
5.017805e-01 1.186308e-08 5.450500e-02 9.997300e-01
4.992409e-01 1.061111e-08 5.490800e-02 9.997800e-01
5.011226e-01 1.269157e-08 5.530400e-02 9.997100e-01
5.030754e-01 9.762690e-09 5.043500e-02 9.997500e-01
4.971156e-01 1.009031e-08 5.240600e-02 9.996300e-01
4.984639e-01 1.155227e-08 5.476200e-02 9.997900e-01
5.036963e-01 1.325538e-08 5.445400e-02 9.996700e-01
4.987709e-01 9.990272e-09 5.491100e-02 9.997200e-01
5.020142e-01 1.234940e-08 5.481600e-02 9.997500e-01
5.090117e-01 8.812717e-09 5.438000e-02 9.996900e-01
5.004611e-01 1.149620e-08 5.426300e-02 9.997900e-01
5.040748e-01 1.631926e-08 5.539600e-02 9.996600e-01
4.938183e-01 1.220434e-08 5.152600e-02 9.997500e-01
5.060995e-01 1.926790e-08 5.315700e-02 9.997400e-01
5.008326e-01 1.367911e-08 5.400300e-02 9.997800e-01
4.985869e-01 9.818904e-09 5.461600e-02 9.996500e-01
5.025857e-01 1.546697e-08 5.443900e-02 9.997500e-01
4.966308e-01 1.069376e-08 5.423700e-02 9.996900e-01
5.052428e-01 1.162313e-08 5.439800e-02 9.997400e-01
5.019945e-01 1.278970e-08 5.474300e-02 9.998000e-01
4.926405e-01 1.133659e-08 5.343100e-02 9.997000e-01
5.043269e-01 1.261069e-08 5.077700e-02 9.997500e-01
5.043323e-01 1.329095e-08 4.677600e-02 9.997900e-01
5.023329e-01 1.453456e-08 4.810400e-02 9.997500e-01
5.079766e-01 1.236922e-08 3.806800e-02 9.997500e-01
5.095673e-01 9.976176e-09 4.139100e-02 9.997200e-01
4.945080e-01 1.703506e-08 4.460000e-02 9.998300e-01
5.035198e-01 1.247603e-08 4.554400e-02 9.997400e-01
5.014116e-01 1.140819e-08 4.440600e-02 9.997800e-01
5.071050e-01 1.327594e-08 4.214000e-02 9.997500e-01
5.060398e-01 1.102210e-08 4.659500e-02 9.997300e-01
4.989339e-01 5.468303e-09 4.040100e-02 9.996800e-01
5.083070e-01 1.057642e-08 4.728100e-02 9.997900e-01
5.054085e-01 1.477682e-08 3.741500e-02 9.996700e-01
5.046343e-01 8.584122e-09 5.194500e-02 9.998200e-01
5.160344e-01 1.294249e-08 4.071900e-02 9.996700e-01
5.023280e-01 8.299413e-09 4.631700e-02 9.996800e-01
5.062801e-01 1.062601e-08 4.250600e-02 9.997700e-01
4.957348e-01 9.873295e-09 4.509100e-02 9.996900e-01
5.013589e-01 7.845834e-09 4.738000e-02 9.997100e-01
5.031900e-01 8.846313e-09 3.730200e-02 9.997000e-01
5.003130e-01 1.454763e-08 4.359000e-02 9.997400e-01
5.076832e-01 9.876486e-09 4.998100e-02 9.997100e-01
5.022579e-01 1.156910e-08 4.481500e-02 9.997300e-01
4.953265e-01 1.117340e-08 4.318100e-02 9.997100e-01
4.982192e-01 1.099208e-08 3.917000e-02 9.997500e-01
5.088169e-01 8.270183e-09 5.502700e-02 9.997700e-01
5.019281e-01 1.001044e-08 4.349000e-02 9.996200e-01
4.932412e-01 9.108152e-09 5.129200e-02 9.997100e-01
4.950568e-01 1.174936e-08 4.503000e-02 9.996400e-01
4.951414e-01 8.398833e-09 4.979300e-02 9.996600e-01
5.110067e-01 1.209369e-08 5.139400e-02 9.997900e-01
4.981582e-01 9.149433e-09 4.953700e-02 9.996400e-01
5.095862e-01 9.568279e-09 4.264400e-02 9.997900e-01
5.016680e-01 1.004321e-08 4.684500e-02 9.997500e-01
5.018316e-01 7.546882e-09 5.588100e-02 9.997700e-01
4.987979e-01 1.001953e-08 5.519700e-02 9.997400e-01
5.099837e-01 9.563857e-09 5.227000e-02 9.997400e-01
5.026172e-01 8.715643e-09 5.003400e-02 9.997100e-01
5.021847e-01 9.480506e-09 4.873100e-02 9.997700e-01
5.115756e-01 1.025267e-08 4.874900e-02 9.997100e-01
4.990415e-01 9.057756e-09 4.895300e-02 9.998100e-01
5.056011e-01 7.649609e-09 4.705200e-02 9.997600e-01
5.016657e-01 5.457864e-09 4.727100e-02 9.997400e-01
4.978928e-01 1.099859e-08 4.612100e-02 9.998200e-01
5.044659e-01 1.021175e-08 4.340800e-02 9.996900e-01
4.967856e-01 9.584077e-09 3.816400e-02 9.997600e-01
4.986813e-01 9.043948e-09 4.540200e-02 9.997400e-01
5.017203e-01 1.044497e-08 4.759300e-02 9.996800e-01
4.967059e-01 9.673217e-09 4.673200e-02 9.997600e-01
5.011420e-01 1.035405e-08 4.931900e-02 9.996600e-01
5.102005e-01 1.047585e-08 5.144900e-02 9.997600e-01
5.066536e-01 7.445056e-09 5.275700e-02 9.996900e-01
4.970807e-01 8.116698e-09 5.028200e-02 9.997100e-01
4.972660e-01 8.103205e-09 5.071200e-02 9.997200e-01
5.001004e-01 9.313888e-09 4.872800e-02 9.997900e-01
4.979974e-01 1.044396e-08 4.705000e-02 9.997200e-01
5.010392e-01 8.277353e-09 5.212700e-02 9.997800e-01
5.053625e-01 8.604439e-09 4.265200e-02 9.997100e-01
4.956538e-01 8.203800e-09 5.496300e-02 9.997500e-01
4.994026e-01 8.359226e-09 4.675500e-02 9.997300e-01
4.993493e-01 1.016561e-08 4.820000e-02 9.996700e-01
5.006066e-01 7.457125e-09 4.474200e-02 9.997200e-01
4.981078e-01 8.385187e-09 5.183700e-02 9.998000e-01
4.922931e-01 9.764357e-09 4.495200e-02 9.997300e-01
4.996723e-01 5.836414e-09 5.258100e-02 9.997100e-01
5.004096e-01 6.210474e-09 4.635300e-02 9.996700e-01
5.056895e-01 8.412048e-09 4.734400e-02 9.997600e-01
5.027904e-01 6.399784e-09 5.293900e-02 9.997700e-01
4.982840e-01 6.967371e-09 4.540700e-02 9.997700e-01
4.931731e-01 8.846437e-09 5.177500e-02 9.997100e-01
5.031652e-01 6.759066e-09 4.931700e-02 9.998100e-01
5.069285e-01 6.112793e-09 4.274400e-02 9.998000e-01
5.035790e-01 1.049400e-08 4.528500e-02 9.997200e-01
5.002091e-01 1.040912e-08 4.788600e-02 9.997800e-01
5.026739e-01 8.077377e-09 4.772800e-02 9.997400e-01
5.000595e-01 9.399061e-09 4.347500e-02 9.997800e-01
4.978377e-01 4.731730e-09 4.225500e-02 9.996700e-01
4.996869e-01 8.188057e-09 5.131000e-02 9.997100e-01
5.064483e-01 7.616185e-09 5.602700e-02 9.997000e-01
5.091130e-01 8.731315e-09 4.572100e-02 9.997500e-01
5.015012e-01 8.725376e-09 4.842000e-02 9.997800e-01
4.986497e-01 8.672976e-09 4.447300e-02 9.997900e-01
5.026804e-01 6.376550e-09 4.971500e-02 9.996400e-01
4.900223e-01 8.059847e-09 4.626000e-02 9.997100e-01
5.027085e-01 4.535026e-09 5.103900e-02 9.997600e-01
5.055619e-01 7.476127e-09 4.133200e-02 9.997000e-01
5.020657e-01 5.458068e-09 4.827800e-02 9.997100e-01
5.025676e-01 6.448624e-09 3.925700e-02 9.997000e-01
5.017078e-01 6.098536e-09 4.614000e-02 9.997900e-01
5.009514e-01 6.453569e-09 4.909100e-02 9.997000e-01
5.023664e-01 6.194933e-09 4.667600e-02 9.996200e-01
5.013094e-01 7.375223e-09 3.546100e-02 9.997800e-01
4.994275e-01 5.486053e-09 4.806300e-02 9.998300e-01
5.041346e-01 6.632230e-09 4.209100e-02 9.996900e-01
5.007026e-01 8.100911e-09 4.294900e-02 9.996600e-01
5.055269e-01 7.565999e-09 4.792300e-02 9.996800e-01
4.987955e-01 1.141872e-08 4.109500e-02 9.998500e-01
5.004121e-01 7.839243e-09 4.373100e-02 9.997000e-01
4.926347e-01 5.226572e-09 4.844600e-02 9.997900e-01
5.036764e-01 5.340255e-09 4.767200e-02 9.997100e-01
5.052829e-01 5.214999e-09 4.005100e-02 9.997300e-01
4.968060e-01 5.534380e-09 4.724700e-02 9.996800e-01
5.002754e-01 7.144668e-09 4.211700e-02 9.997100e-01
5.032223e-01 5.410476e-09 4.113500e-02 9.996900e-01
4.975929e-01 5.969839e-09 4.876300e-02 9.997200e-01
4.968577e-01 3.587144e-09 4.395400e-02 9.997400e-01
5.076318e-01 6.543267e-09 5.432300e-02 9.997600e-01
5.019846e-01 8.905172e-09 4.791000e-02 9.996700e-01
4.990844e-01 6.852498e-09 4.986600e-02 9.997600e-01
4.994736e-01 8.364691e-09 4.059800e-02 9.997100e-01
5.070794e-01 8.418850e-09 4.811500e-02 9.996900e-01
4.922012e-01 6.872363e-09 4.519400e-02 9.996800e-01
4.981540e-01 7.506860e-09 4.529900e-02 9.997700e-01
4.997955e-01 4.813374e-09 5.228600e-02 9.996800e-01
5.023633e-01 7.298115e-09 4.874800e-02 9.997500e-01
4.988766e-01 7.108787e-09 4.440800e-02 9.997700e-01
5.034410e-01 6.696507e-09 5.083200e-02 9.997100e-01
4.983890e-01 3.329703e-09 4.627000e-02 9.997200e-01
5.005276e-01 5.777422e-09 4.398800e-02 9.998100e-01
4.996684e-01 5.384479e-09 4.646400e-02 9.997600e-01
4.930988e-01 5.681604e-09 4.696100e-02 9.996200e-01
4.994028e-01 1.036339e-08 4.740900e-02 9.997400e-01
4.954365e-01 5.458293e-09 4.678600e-02 9.997200e-01
5.039406e-01 6.025759e-09 4.868900e-02 9.997400e-01
5.011701e-01 4.469847e-09 4.656700e-02 9.997000e-01
4.994940e-01 5.110043e-09 4.157400e-02 9.997900e-01
5.022176e-01 7.961629e-09 4.646500e-02 9.997600e-01
5.055210e-01 5.451713e-09 4.260900e-02 9.997100e-01
5.014694e-01 4.726471e-09 4.894700e-02 9.997600e-01
4.992195e-01 5.172393e-09 4.705600e-02 9.997600e-01
5.032324e-01 5.229430e-09 4.395100e-02 9.996800e-01
5.006936e-01 4.988621e-09 4.172300e-02 9.998200e-01
5.113647e-01 8.119416e-09 4.630000e-02 9.998000e-01
4.935959e-01 4.928640e-09 4.977800e-02 9.997400e-01
5.004953e-01 5.926770e-09 4.674600e-02 9.996600e-01
5.014023e-01 5.827965e-09 4.864800e-02 9.997500e-01
5.052035e-01 4.119923e-09 4.718200e-02 9.998000e-01
5.025642e-01 4.706216e-09 4.480600e-02 9.998500e-01
5.025245e-01 5.014467e-09 5.196900e-02 9.997400e-01
5.017238e-01 7.154517e-09 4.868200e-02 9.998000e-01
4.958543e-01 5.532994e-09 4.743400e-02 9.997400e-01
4.998385e-01 3.621149e-09 4.208200e-02 9.997600e-01
4.988383e-01 4.253668e-09 4.338500e-02 9.997500e-01
5.005321e-01 5.372039e-09 4.731600e-02 9.996800e-01
4.977791e-01 5.934199e-09 4.254300e-02 9.997600e-01
5.007609e-01 4.392827e-09 4.354500e-02 9.996900e-01
5.000347e-01 6.358326e-09 4.567000e-02 9.996100e-01
5.003283e-01 5.761060e-09 4.767900e-02 9.998200e-01
5.043577e-01 4.896534e-09 4.863500e-02 9.997500e-01
5.016224e-01 3.569263e-09 4.489600e-02 9.998100e-01
5.043439e-01 4.549217e-09 3.596700e-02 9.996900e-01
5.022938e-01 5.299981e-09 4.417700e-02 9.997600e-01
5.002109e-01 4.544143e-09 5.215200e-02 9.997300e-01
5.004834e-01 5.683465e-09 4.979900e-02 9.997600e-01
5.033074e-01 5.100019e-09 4.871800e-02 9.997100e-01
4.963220e-01 4.625937e-09 4.326600e-02 9.997100e-01
5.062728e-01 5.723094e-09 4.299000e-02 9.996700e-01
5.004635e-01 4.996845e-09 3.849200e-02 9.996700e-01
4.965404e-01 3.419986e-09 4.629700e-02 9.996200e-01
5.068632e-01 4.898114e-09 4.738100e-02 9.996700e-01
4.995437e-01 4.371903e-09 5.077200e-02 9.998200e-01
5.012461e-01 4.026736e-09 4.340500e-02 9.997400e-01
5.011305e-01 3.133834e-09 4.670300e-02 9.997100e-01
5.009759e-01 3.890350e-09 4.755000e-02 9.996700e-01
4.971161e-01 4.852437e-09 3.340100e-02 9.996100e-01
5.032587e-01 4.152854e-09 3.931100e-02 9.997700e-01
5.021264e-01 4.340443e-09 4.640700e-02 9.997400e-01
5.018253e-01 3.912328e-09 3.526600e-02 9.997000e-01
5.005518e-01 5.346556e-09 3.857800e-02 9.997100e-01
5.000643e-01 4.081968e-09 5.315900e-02 9.996900e-01
5.078878e-01 3.408119e-09 4.872600e-02 9.997400e-01
5.041221e-01 3.453432e-09 4.626600e-02 9.997900e-01
4.990682e-01 3.991715e-09 4.336500e-02 9.997700e-01
5.008591e-01 4.218946e-09 4.360200e-02 9.996600e-01
5.029901e-01 5.675538e-09 4.660800e-02 9.997000e-01
4.968916e-01 3.873430e-09 4.515200e-02 9.996700e-01
5.006219e-01 4.108613e-09 4.185800e-02 9.997400e-01
4.981323e-01 4.236494e-09 3.483700e-02 9.998100e-01
5.030834e-01 3.518391e-09 4.235800e-02 9.997400e-01
4.990137e-01 3.905690e-09 3.913800e-02 9.997300e-01
5.001083e-01 5.424880e-09 3.808200e-02 9.997000e-01
5.039052e-01 2.583330e-09 3.882200e-02 9.996700e-01
4.978488e-01 3.590046e-09 3.879800e-02 9.997100e-01
5.004108e-01 3.553056e-09 4.416700e-02 9.997200e-01
4.992498e-01 4.102810e-09 3.456600e-02 9.996900e-01
5.032582e-01 3.551830e-09 4.604500e-02 9.997900e-01
4.980115e-01 5.048117e-09 3.744800e-02 9.998200e-01
5.040565e-01 4.089687e-09 4.603400e-02 9.997300e-01
5.028207e-01 5.826458e-09 4.151100e-02 9.996200e-01
5.055918e-01 4.007881e-09 3.817600e-02 9.996800e-01
5.018429e-01 3.093191e-09 4.233000e-02 9.997500e-01
5.002220e-01 3.509402e-09 4.436900e-02 9.995600e-01
5.003727e-01 2.851364e-09 4.144200e-02 9.997900e-01
5.053462e-01 3.825764e-09 4.812100e-02 9.997600e-01
5.004495e-01 3.584661e-09 3.656400e-02 9.996900e-01
5.001678e-01 3.335075e-09 4.222600e-02 9.997600e-01
5.006278e-01 2.826347e-09 4.293700e-02 9.997900e-01
5.085780e-01 3.980056e-09 4.406100e-02 9.996700e-01
5.023062e-01 2.752676e-09 4.995500e-02 9.997300e-01
4.973221e-01 4.197108e-09 3.348000e-02 9.997400e-01
5.010370e-01 2.467684e-09 4.361900e-02 9.998600e-01
4.982125e-01 4.366305e-09 4.884500e-02 9.996700e-01
5.015486e-01 5.705681e-09 3.428200e-02 9.998100e-01
5.028824e-01 4.109948e-09 5.015500e-02 9.997300e-01
5.016467e-01 4.139746e-09 3.619900e-02 9.997700e-01
4.971651e-01 2.794926e-09 5.352800e-02 9.997300e-01
4.992341e-01 3.434532e-09 5.425000e-02 9.997300e-01
4.986900e-01 3.400278e-09 3.758600e-02 9.998400e-01
4.963452e-01 3.011999e-09 5.057600e-02 9.996600e-01
5.010108e-01 4.172743e-09 4.778900e-02 9.997500e-01
5.028764e-01 4.953357e-09 5.185200e-02 9.997700e-01
5.028841e-01 2.468188e-09 5.368200e-02 9.997300e-01
4.991527e-01 3.243401e-09 4.555000e-02 9.997400e-01
4.996790e-01 3.149920e-09 4.440100e-02 9.997900e-01
5.014762e-01 2.871953e-09 4.161900e-02 9.997900e-01
5.003774e-01 2.764780e-09 4.113700e-02 9.997300e-01
5.042278e-01 3.364686e-09 4.428300e-02 9.997500e-01
5.015811e-01 3.278890e-09 5.398500e-02 9.997600e-01
4.977807e-01 3.045406e-09 4.226800e-02 9.996600e-01
4.977130e-01 3.713550e-09 5.424600e-02 9.997500e-01
5.010267e-01 3.012093e-09 3.923900e-02 9.997200e-01
4.989712e-01 2.717984e-09 4.229000e-02 9.996400e-01
5.020698e-01 3.532256e-09 4.721100e-02 9.997300e-01
4.994104e-01 2.897931e-09 4.089200e-02 9.998100e-01
4.993650e-01 2.379533e-09 4.465600e-02 9.997000e-01
5.002779e-01 2.790037e-09 4.542400e-02 9.997700e-01
5.027844e-01 2.319304e-09 4.551900e-02 9.997300e-01
5.014485e-01 2.617288e-09 4.810000e-02 9.997000e-01
4.991979e-01 2.013874e-09 4.240400e-02 9.997400e-01
5.026636e-01 2.843431e-09 4.222200e-02 9.997400e-01
4.983898e-01 2.699768e-09 3.961300e-02 9.999100e-01
5.040069e-01 2.968766e-09 4.641300e-02 9.997700e-01
5.027337e-01 3.115013e-09 4.541800e-02 9.997400e-01
4.987620e-01 2.938260e-09 5.014900e-02 9.995800e-01
4.996254e-01 2.631503e-09 4.557700e-02 9.997800e-01
5.017845e-01 2.132031e-09 4.423800e-02 9.997300e-01
5.025965e-01 1.878928e-09 3.926900e-02 9.996800e-01
4.990266e-01 3.171427e-09 4.747300e-02 9.998600e-01
4.987758e-01 2.016735e-09 4.519600e-02 9.997000e-01
5.046775e-01 3.373273e-09 4.367200e-02 9.996800e-01
4.995449e-01 2.914658e-09 4.960600e-02 9.996800e-01
4.994190e-01 2.713838e-09 4.566100e-02 9.996900e-01
5.055019e-01 3.185660e-09 4.302500e-02 9.997800e-01
4.986417e-01 2.195258e-09 4.723600e-02 9.997200e-01
5.000035e-01 2.961754e-09 4.191900e-02 9.997100e-01
5.044669e-01 2.640790e-09 4.398800e-02 9.997100e-01
5.030364e-01 1.999868e-09 5.283000e-02 9.997100e-01
5.001233e-01 1.724673e-09 4.682500e-02 9.997800e-01
5.008420e-01 2.003944e-09 4.689300e-02 9.998600e-01
5.038703e-01 2.206588e-09 4.839600e-02 9.997500e-01
5.029378e-01 3.078338e-09 5.283400e-02 9.997400e-01
5.050938e-01 2.179277e-09 4.501100e-02 9.997600e-01
5.017192e-01 4.005662e-09 4.377300e-02 9.997500e-01
5.028975e-01 2.457336e-09 5.248000e-02 9.997200e-01
5.020746e-01 3.022682e-09 5.546700e-02 9.996200e-01
4.991587e-01 2.243011e-09 5.600200e-02 9.997600e-01
5.029025e-01 1.972304e-09 5.350300e-02 9.998100e-01
4.996316e-01 2.600535e-09 4.880800e-02 9.997600e-01
5.002629e-01 2.843168e-09 5.167900e-02 9.996400e-01
4.977945e-01 2.900550e-09 4.965500e-02 9.997200e-01
4.988534e-01 2.753322e-09 4.383400e-02 9.997400e-01
4.978640e-01 3.209021e-09 4.625700e-02 9.998000e-01
5.018046e-01 2.699810e-09 4.516300e-02 9.996900e-01
5.001305e-01 1.886507e-09 5.003700e-02 9.998300e-01
4.961861e-01 2.240549e-09 4.658500e-02 9.997800e-01
4.942175e-01 2.691569e-09 4.546400e-02 9.997300e-01
4.997182e-01 2.839358e-09 4.583900e-02 9.997900e-01
5.047437e-01 2.556517e-09 5.028800e-02 9.997700e-01
5.024735e-01 2.456579e-09 5.358800e-02 9.996900e-01
5.008473e-01 2.363671e-09 5.251800e-02 9.997000e-01
4.985697e-01 2.300251e-09 4.890000e-02 9.997600e-01
5.011818e-01 2.341752e-09 4.612200e-02 9.996800e-01
5.003922e-01 2.109713e-09 4.888400e-02 9.997200e-01
5.014226e-01 2.897876e-09 5.107400e-02 9.997400e-01
5.031106e-01 1.839363e-09 4.795800e-02 9.997100e-01
4.993618e-01 2.392148e-09 4.957900e-02 9.997700e-01
5.028728e-01 1.605014e-09 5.014200e-02 9.998500e-01
5.012849e-01 1.843180e-09 4.631900e-02 9.996400e-01
5.004043e-01 2.167559e-09 4.387200e-02 9.996800e-01
5.002795e-01 2.292065e-09 5.516800e-02 9.997600e-01
5.033317e-01 2.301337e-09 5.438300e-02 9.998000e-01
5.025463e-01 2.235185e-09 4.335800e-02 9.997500e-01
4.978902e-01 2.219617e-09 5.098000e-02 9.997900e-01
5.013282e-01 2.384128e-09 4.830700e-02 9.997100e-01
4.983156e-01 1.936931e-09 4.982400e-02 9.997400e-01
5.014067e-01 2.110792e-09 5.314800e-02 9.996400e-01
4.984137e-01 2.596261e-09 4.386500e-02 9.997400e-01
5.017148e-01 2.035916e-09 4.102600e-02 9.998100e-01
4.986983e-01 1.730632e-09 5.075100e-02 9.997400e-01
4.998577e-01 2.754574e-09 3.303200e-02 9.998100e-01
5.002648e-01 1.812374e-09 4.476900e-02 9.997000e-01
4.968530e-01 2.511470e-09 4.180000e-02 9.997400e-01
5.000313e-01 1.948683e-09 4.503300e-02 9.998600e-01
5.007482e-01 1.986257e-09 5.166100e-02 9.997100e-01
5.027513e-01 2.018184e-09 3.137900e-02 9.997500e-01
5.020492e-01 1.735342e-09 5.196400e-02 9.997800e-01
5.015005e-01 2.077954e-09 4.945600e-02 9.997700e-01
4.997227e-01 2.815385e-09 5.015000e-02 9.997100e-01
4.976699e-01 2.195688e-09 4.587100e-02 9.998200e-01
4.976397e-01 2.143356e-09 4.084000e-02 9.996800e-01
4.995029e-01 1.713165e-09 4.155300e-02 9.997100e-01
4.999485e-01 2.164582e-09 4.698700e-02 9.997400e-01
4.993661e-01 2.113779e-09 4.653400e-02 9.997200e-01
4.972229e-01 1.987380e-09 3.906200e-02 9.996900e-01
5.007329e-01 2.221570e-09 4.205700e-02 9.996900e-01
5.004184e-01 2.006231e-09 4.420600e-02 9.996900e-01
4.978152e-01 1.764223e-09 4.482300e-02 9.996500e-01
5.007518e-01 2.262073e-09 4.858300e-02 9.996200e-01
5.004183e-01 2.079750e-09 4.949100e-02 9.997400e-01
5.019137e-01 2.413849e-09 4.368000e-02 9.997400e-01
4.969610e-01 2.050342e-09 4.376500e-02 9.996600e-01
4.997708e-01 1.904671e-09 4.742500e-02 9.997300e-01
5.015618e-01 2.282904e-09 4.712500e-02 9.997200e-01
4.981198e-01 1.305406e-09 4.563400e-02 9.997400e-01
4.996929e-01 1.207734e-09 4.304400e-02 9.997000e-01
5.018914e-01 2.009725e-09 4.028600e-02 9.997400e-01
5.003748e-01 1.779553e-09 5.343600e-02 9.997000e-01
4.990921e-01 1.652934e-09 4.943700e-02 9.997500e-01
4.975587e-01 1.759322e-09 5.014300e-02 9.997000e-01
4.983473e-01 1.875230e-09 4.366400e-02 9.997400e-01
4.984554e-01 1.822582e-09 3.865100e-02 9.997700e-01
5.002940e-01 1.812900e-09 4.030400e-02 9.997600e-01
5.002650e-01 1.347552e-09 4.229000e-02 9.996600e-01
4.993377e-01 1.553152e-09 3.890200e-02 9.997600e-01
4.979541e-01 1.103533e-09 4.907100e-02 9.997400e-01
4.983922e-01 1.903400e-09 4.875700e-02 9.997600e-01
4.994591e-01 1.586139e-09 3.825300e-02 9.997300e-01
4.980876e-01 1.949821e-09 5.155300e-02 9.996600e-01
4.992246e-01 1.593780e-09 4.773700e-02 9.997700e-01
4.997934e-01 1.668860e-09 4.758200e-02 9.997300e-01
4.992612e-01 1.617150e-09 4.441300e-02 9.998000e-01
5.011327e-01 1.581695e-09 4.473300e-02 9.997600e-01
4.992727e-01 1.252981e-09 4.414500e-02 9.996700e-01
5.027488e-01 1.686942e-09 4.411700e-02 9.997800e-01
4.957504e-01 1.079528e-09 4.207100e-02 9.997200e-01
5.045140e-01 1.665872e-09 4.306200e-02 9.997200e-01
5.039107e-01 1.695761e-09 4.052700e-02 9.997200e-01
5.006399e-01 1.764663e-09 4.674700e-02 9.997800e-01
5.011419e-01 1.197918e-09 4.215500e-02 9.997900e-01
4.994518e-01 1.527619e-09 4.641100e-02 9.997200e-01
4.987333e-01 1.642730e-09 4.997100e-02 9.997000e-01
4.999809e-01 2.541119e-09 4.122000e-02 9.996900e-01
5.007156e-01 1.395771e-09 4.223800e-02 9.997300e-01
4.992084e-01 1.805803e-09 4.276000e-02 9.998100e-01
4.997182e-01 1.446762e-09 3.678000e-02 9.998100e-01
5.009679e-01 1.483230e-09 4.874200e-02 9.997000e-01
5.003421e-01 2.165711e-09 4.605400e-02 9.997700e-01
5.023426e-01 1.193418e-09 4.171200e-02 9.998100e-01
4.970668e-01 1.127708e-09 4.384100e-02 9.998400e-01
5.022710e-01 1.592111e-09 4.603400e-02 9.997200e-01
4.971179e-01 1.784280e-09 4.447400e-02 9.997000e-01
5.008518e-01 1.144327e-09 4.463000e-02 9.997400e-01
4.986165e-01 1.752749e-09 4.762900e-02 9.996200e-01
5.005372e-01 1.371622e-09 4.821200e-02 9.998400e-01
5.014770e-01 1.281089e-09 4.185600e-02 9.997400e-01
4.986776e-01 1.294251e-09 4.359000e-02 9.997500e-01
4.989305e-01 1.404903e-09 5.058800e-02 9.998000e-01
4.992415e-01 1.310109e-09 4.393300e-02 9.996900e-01
5.052537e-01 1.556535e-09 3.916500e-02 9.998300e-01
4.994935e-01 1.381133e-09 4.151300e-02 9.996900e-01
4.970497e-01 1.205894e-09 4.837100e-02 9.997700e-01
4.974103e-01 1.103324e-09 5.365300e-02 9.997100e-01
4.999345e-01 1.174152e-09 4.468700e-02 9.997100e-01
5.000604e-01 9.183839e-10 4.958900e-02 9.997100e-01
5.003747e-01 1.724806e-09 4.359400e-02 9.998200e-01
4.998891e-01 1.061059e-09 4.456200e-02 9.997400e-01
4.995733e-01 1.754491e-09 5.427400e-02 9.997800e-01
4.974545e-01 1.504640e-09 4.799900e-02 9.997900e-01
5.015282e-01 1.215518e-09 4.436600e-02 9.996900e-01
4.993210e-01 1.890897e-09 4.765900e-02 9.997000e-01
5.015413e-01 1.223304e-09 4.955900e-02 9.996500e-01
4.987157e-01 1.901828e-09 3.954500e-02 9.997400e-01
5.013135e-01 1.179205e-09 4.964000e-02 9.997400e-01
5.026661e-01 1.006957e-09 3.925200e-02 9.997100e-01
5.012811e-01 1.320354e-09 4.803500e-02 9.997600e-01
5.037537e-01 1.094589e-09 4.698000e-02 9.996300e-01
4.994725e-01 1.107816e-09 4.321900e-02 9.997400e-01
5.014064e-01 9.667479e-10 4.267800e-02 9.997600e-01
4.992709e-01 1.813993e-09 5.243500e-02 9.996300e-01
4.992944e-01 1.242455e-09 4.019200e-02 9.997900e-01
5.002593e-01 1.425305e-09 4.422600e-02 9.996700e-01
5.023976e-01 9.650795e-10 4.126500e-02 9.997000e-01
4.985288e-01 1.364094e-09 4.700200e-02 9.998100e-01
5.002339e-01 1.251340e-09 4.474800e-02 9.997300e-01
4.967470e-01 1.349070e-09 5.070900e-02 9.996000e-01
4.972658e-01 1.029130e-09 4.930200e-02 9.997500e-01
5.014796e-01 1.225705e-09 4.986100e-02 9.997100e-01
4.977734e-01 1.159874e-09 4.126800e-02 9.997200e-01
5.020886e-01 1.260240e-09 4.629800e-02 9.997400e-01
4.980263e-01 1.452863e-09 4.342800e-02 9.997600e-01
5.029556e-01 1.450757e-09 4.728800e-02 9.998100e-01
4.994782e-01 1.232361e-09 4.953100e-02 9.996600e-01
4.990123e-01 9.639827e-10 4.822000e-02 9.996700e-01
4.997883e-01 1.239710e-09 4.622400e-02 9.997000e-01
5.018312e-01 1.749382e-09 4.693700e-02 9.997000e-01
4.998954e-01 1.346105e-09 5.329700e-02 9.996700e-01
5.007508e-01 1.038916e-09 3.489500e-02 9.997100e-01
4.991953e-01 1.221567e-09 4.583400e-02 9.997400e-01
5.024171e-01 1.631135e-09 4.770700e-02 9.996800e-01
5.004362e-01 1.017882e-09 5.310200e-02 9.997600e-01
4.997917e-01 1.138807e-09 5.389300e-02 9.996800e-01
5.001083e-01 1.361697e-09 4.924400e-02 9.997400e-01
4.998356e-01 1.223499e-09 4.021800e-02 9.997800e-01
4.997315e-01 1.160693e-09 3.892300e-02 9.997100e-01
4.998911e-01 8.513151e-10 4.198800e-02 9.996800e-01
4.999685e-01 1.469709e-09 3.407000e-02 9.997200e-01
5.004091e-01 1.264548e-09 3.893600e-02 9.997600e-01
5.009276e-01 1.552680e-09 4.979300e-02 9.996800e-01
4.989936e-01 1.260339e-09 5.119600e-02 9.997200e-01
4.991406e-01 1.121066e-09 3.681800e-02 9.997500e-01
5.003138e-01 1.124845e-09 4.248300e-02 9.997600e-01
5.017032e-01 1.045081e-09 3.832000e-02 9.997900e-01
5.004379e-01 9.350513e-10 4.223100e-02 9.997000e-01
4.998081e-01 8.023794e-10 4.831700e-02 9.997900e-01
5.009115e-01 1.179996e-09 4.141400e-02 9.997100e-01
4.999882e-01 1.061194e-09 4.801400e-02 9.997900e-01
5.011434e-01 1.065886e-09 3.104200e-02 9.997200e-01
4.990281e-01 6.717543e-10 5.369200e-02 9.997100e-01
5.003357e-01 1.161341e-09 5.455600e-02 9.997700e-01
5.015201e-01 7.555163e-10 5.053400e-02 9.997000e-01
5.005636e-01 1.034326e-09 3.750600e-02 9.997000e-01
4.988072e-01 7.631700e-10 4.667300e-02 9.997700e-01
4.993677e-01 6.829596e-10 4.360000e-02 9.998000e-01
4.990442e-01 7.011536e-10 4.625500e-02 9.997500e-01
5.010594e-01 1.020743e-09 4.652400e-02 9.997800e-01
5.021882e-01 8.477593e-10 4.864500e-02 9.998900e-01
5.009961e-01 9.854642e-10 4.288500e-02 9.997000e-01
5.000474e-01 9.968423e-10 5.089600e-02 9.998100e-01
4.991200e-01 9.144772e-10 3.725000e-02 9.997300e-01
4.995822e-01 1.138415e-09 4.676300e-02 9.996900e-01
5.014648e-01 9.237715e-10 5.289800e-02 9.997700e-01
5.004319e-01 8.865044e-10 4.853300e-02 9.997400e-01
5.005601e-01 1.262564e-09 4.833300e-02 9.997000e-01
4.993898e-01 9.142684e-10 4.182100e-02 9.997600e-01
5.028039e-01 7.915487e-10 3.804400e-02 9.998000e-01
4.997637e-01 1.013942e-09 5.046100e-02 9.996900e-01
5.005252e-01 1.045730e-09 4.766900e-02 9.997200e-01
5.014040e-01 8.755507e-10 3.798200e-02 9.997700e-01
4.987929e-01 5.569761e-10 5.380400e-02 9.997400e-01
4.997200e-01 1.010826e-09 4.385800e-02 9.997000e-01
5.004070e-01 9.343189e-10 5.075400e-02 9.997400e-01
5.008499e-01 9.857795e-10 4.990600e-02 9.997300e-01
5.006572e-01 8.141558e-10 3.792800e-02 9.997600e-01
4.978524e-01 7.863575e-10 4.718700e-02 9.997000e-01
5.007618e-01 9.517901e-10 4.998600e-02 9.997400e-01
5.018016e-01 7.759275e-10 4.647600e-02 9.997400e-01
4.997359e-01 9.681315e-10 5.035900e-02 9.996600e-01
5.014396e-01 7.621365e-10 5.305900e-02 9.997000e-01
5.019432e-01 6.506806e-10 4.845800e-02 9.997500e-01
5.010822e-01 9.006822e-10 4.263600e-02 9.996700e-01
5.002402e-01 6.758956e-10 4.909500e-02 9.996800e-01
5.000078e-01 1.291132e-09 4.592200e-02 9.997300e-01
5.005405e-01 7.094075e-10 5.284800e-02 9.997200e-01
5.001200e-01 1.048916e-09 3.222500e-02 9.997800e-01
5.020865e-01 7.650787e-10 4.796600e-02 9.996500e-01
5.008784e-01 9.403706e-10 5.152800e-02 9.996500e-01
5.003478e-01 8.480234e-10 4.542900e-02 9.997500e-01
4.995331e-01 7.713703e-10 3.734400e-02 9.997500e-01
4.994054e-01 5.953213e-10 5.357600e-02 9.997800e-01
4.999318e-01 6.874926e-10 3.397700e-02 9.997500e-01
5.000080e-01 6.502904e-10 3.771700e-02 9.996400e-01
5.007617e-01 6.802559e-10 4.753200e-02 9.998100e-01
4.989281e-01 9.249898e-10 4.896100e-02 9.998100e-01
5.010704e-01 6.324470e-10 4.287000e-02 9.997700e-01
5.003281e-01 6.343091e-10 5.095300e-02 9.997900e-01
5.008523e-01 8.447497e-10 4.892500e-02 9.998100e-01
5.003955e-01 1.125779e-09 4.554000e-02 9.996400e-01
4.981237e-01 9.266895e-10 4.868400e-02 9.997700e-01
5.004277e-01 6.156568e-10 5.369500e-02 9.997600e-01
5.003873e-01 8.731141e-10 4.071600e-02 9.997400e-01
5.000265e-01 7.654370e-10 4.818600e-02 9.997500e-01
4.996801e-01 7.694846e-10 4.202900e-02 9.998600e-01
4.988532e-01 8.185001e-10 4.662200e-02 9.997400e-01
5.012977e-01 6.701421e-10 5.419200e-02 9.997900e-01
4.988899e-01 8.742600e-10 4.560900e-02 9.997600e-01
4.992179e-01 9.235964e-10 4.330000e-02 9.996800e-01
5.014473e-01 8.548099e-10 4.262100e-02 9.997300e-01
4.999943e-01 6.594865e-10 5.368300e-02 9.997300e-01
5.003446e-01 6.725821e-10 3.961200e-02 9.997600e-01
4.993265e-01 7.822125e-10 4.305400e-02 9.997700e-01
5.016616e-01 6.336991e-10 4.377200e-02 9.997100e-01
4.988305e-01 7.801581e-10 3.646900e-02 9.996700e-01
5.000577e-01 7.150067e-10 4.172600e-02 9.997300e-01
5.003197e-01 4.654665e-10 5.166700e-02 9.996900e-01
5.007527e-01 6.485150e-10 5.360100e-02 9.997900e-01
5.002730e-01 7.027743e-10 4.409200e-02 9.997600e-01
4.994168e-01 6.327382e-10 4.366500e-02 9.996200e-01
4.991086e-01 7.749537e-10 4.649500e-02 9.997500e-01
5.000092e-01 6.336057e-10 4.619200e-02 9.996800e-01
5.012248e-01 1.048818e-09 3.764300e-02 9.997300e-01
5.009124e-01 5.465798e-10 4.673500e-02 9.996600e-01
5.005396e-01 9.086376e-10 4.656000e-02 9.997300e-01
4.988424e-01 8.792828e-10 5.355700e-02 9.997800e-01
4.989717e-01 5.111926e-10 4.856400e-02 9.996700e-01
5.021067e-01 5.743763e-10 3.975300e-02 9.996900e-01
5.001734e-01 6.382190e-10 5.226700e-02 9.998000e-01
5.000806e-01 7.710606e-10 4.879900e-02 9.998100e-01
4.973815e-01 7.336229e-10 4.228400e-02 9.997100e-01
5.003929e-01 8.928419e-10 3.917900e-02 9.998300e-01
5.009027e-01 7.554121e-10 4.689800e-02 9.997100e-01
4.997606e-01 6.694703e-10 4.631000e-02 9.997900e-01
5.020143e-01 5.236461e-10 4.927100e-02 9.996700e-01
5.004813e-01 5.764480e-10 5.134000e-02 9.997300e-01
4.988347e-01 6.593542e-10 3.973900e-02 9.996200e-01
4.990666e-01 5.007493e-10 4.523000e-02 9.997000e-01
5.001425e-01 5.657621e-10 4.083400e-02 9.997100e-01
5.016512e-01 6.690257e-10 3.924700e-02 9.997500e-01
4.996083e-01 5.655832e-10 4.426700e-02 9.997300e-01
4.999487e-01 7.807488e-10 4.751500e-02 9.996900e-01
5.002316e-01 6.411549e-10 4.654600e-02 9.997000e-01
5.000451e-01 6.406605e-10 4.626000e-02 9.997900e-01
4.995884e-01 4.233605e-10 4.297200e-02 9.996800e-01
5.012315e-01 6.597548e-10 4.767600e-02 9.997400e-01
5.015299e-01 5.770397e-10 4.064500e-02 9.996700e-01
5.012743e-01 5.655474e-10 4.973600e-02 9.998200e-01
4.997681e-01 5.479866e-10 4.169400e-02 9.997500e-01
4.993404e-01 5.652177e-10 4.281500e-02 9.997400e-01
5.008349e-01 6.158548e-10 4.329000e-02 9.997000e-01
5.010596e-01 5.031216e-10 4.545200e-02 9.997900e-01
5.000878e-01 4.874061e-10 5.053500e-02 9.997100e-01
4.985201e-01 6.157847e-10 4.122700e-02 9.997100e-01
5.000898e-01 6.823989e-10 4.304800e-02 9.997800e-01
5.014479e-01 4.499948e-10 4.635600e-02 9.998000e-01
4.995574e-01 6.657960e-10 3.732000e-02 9.997000e-01
5.012719e-01 6.222223e-10 4.280600e-02 9.997900e-01
4.988209e-01 6.918130e-10 4.151800e-02 9.997800e-01
5.018536e-01 5.712814e-10 5.364600e-02 9.996700e-01
4.992978e-01 4.752884e-10 3.918900e-02 9.997700e-01
4.997569e-01 7.199729e-10 4.568000e-02 9.997300e-01
5.002147e-01 4.442317e-10 5.023700e-02 9.997200e-01
4.999780e-01 4.642317e-10 4.995100e-02 9.998000e-01
4.992608e-01 5.030464e-10 4.111600e-02 9.997000e-01
5.010222e-01 6.854716e-10 4.432400e-02 9.997600e-01
5.009422e-01 6.033857e-10 5.184500e-02 9.996200e-01
5.004596e-01 4.439145e-10 4.844200e-02 9.998100e-01
5.002301e-01 3.426724e-10 5.106900e-02 9.996800e-01
5.000482e-01 5.138104e-10 3.193500e-02 9.997800e-01
4.986446e-01 3.903023e-10 4.856600e-02 9.998000e-01
5.002142e-01 6.569195e-10 4.002200e-02 9.997200e-01
5.010012e-01 5.127444e-10 5.175800e-02 9.997300e-01
5.002408e-01 4.304099e-10 4.484700e-02 9.996500e-01
4.996888e-01 6.432524e-10 4.006500e-02 9.996000e-01
4.993309e-01 5.779133e-10 5.208200e-02 9.997500e-01
5.009219e-01 4.106533e-10 5.158300e-02 9.997300e-01
4.999864e-01 4.553397e-10 4.861300e-02 9.996600e-01
4.976031e-01 3.997625e-10 4.915100e-02 9.998000e-01
4.989479e-01 3.795851e-10 4.685400e-02 9.997500e-01
5.009134e-01 5.920831e-10 4.521100e-02 9.997300e-01
4.994458e-01 6.206952e-10 4.646400e-02 9.997800e-01
5.002375e-01 5.304829e-10 4.562700e-02 9.997000e-01
5.004936e-01 4.345312e-10 3.624800e-02 9.997800e-01
4.995118e-01 4.781899e-10 4.683600e-02 9.996300e-01
4.988603e-01 4.116332e-10 4.643800e-02 9.997400e-01
5.000844e-01 4.116848e-10 4.873900e-02 9.997600e-01
4.992104e-01 4.841056e-10 3.429000e-02 9.997000e-01
5.007676e-01 5.142089e-10 4.116600e-02 9.997700e-01
4.980892e-01 3.889378e-10 4.626300e-02 9.997100e-01
5.002578e-01 5.411843e-10 5.447400e-02 9.996700e-01
4.996109e-01 4.729615e-10 5.029500e-02 9.997800e-01
4.990206e-01 3.592724e-10 4.560500e-02 9.997300e-01
4.997738e-01 4.853015e-10 4.522300e-02 9.996900e-01
5.011019e-01 4.299846e-10 4.947500e-02 9.997600e-01
4.993744e-01 5.582114e-10 4.910100e-02 9.997700e-01
5.012482e-01 5.617756e-10 4.604800e-02 9.997500e-01
5.001004e-01 4.422958e-10 4.016200e-02 9.997900e-01
5.000565e-01 4.212078e-10 5.013300e-02 9.996400e-01
5.003671e-01 4.692768e-10 3.443400e-02 9.997400e-01
5.009441e-01 4.650291e-10 3.920500e-02 9.997000e-01
4.989081e-01 3.869546e-10 4.232200e-02 9.996400e-01
4.996928e-01 4.427629e-10 4.913500e-02 9.997700e-01
4.986252e-01 3.595314e-10 4.344700e-02 9.997900e-01
5.004840e-01 4.702363e-10 5.220200e-02 9.998300e-01
5.013032e-01 3.934608e-10 4.616400e-02 9.996500e-01
5.010816e-01 3.708478e-10 3.736200e-02 9.997200e-01
5.000306e-01 3.528940e-10 4.345400e-02 9.996600e-01
4.996650e-01 3.927645e-10 3.998200e-02 9.997200e-01
4.997006e-01 4.591351e-10 4.835500e-02 9.996600e-01
5.010452e-01 4.357955e-10 5.124000e-02 9.997800e-01
5.003965e-01 4.136809e-10 4.054000e-02 9.997200e-01
5.005038e-01 6.881712e-10 4.787100e-02 9.997400e-01
5.000092e-01 4.144762e-10 4.373600e-02 9.997700e-01
5.004591e-01 4.493464e-10 5.059500e-02 9.996900e-01
5.008239e-01 4.461511e-10 5.548300e-02 9.997900e-01
5.005625e-01 4.030437e-10 5.490400e-02 9.997100e-01
5.001128e-01 3.487749e-10 5.723400e-02 9.996900e-01
5.010039e-01 4.165125e-10 5.120500e-02 9.997000e-01
4.999517e-01 4.622713e-10 4.868000e-02 9.997600e-01
4.994042e-01 4.252216e-10 5.023600e-02 9.997600e-01
4.997993e-01 3.887867e-10 4.972100e-02 9.996600e-01
4.989061e-01 4.429094e-10 4.219400e-02 9.997500e-01
4.989869e-01 4.038991e-10 4.483000e-02 9.997200e-01
4.989964e-01 3.731338e-10 5.207400e-02 9.996300e-01
4.992664e-01 3.228593e-10 4.202700e-02 9.997300e-01
5.012323e-01 3.089529e-10 4.521400e-02 9.997600e-01
4.998234e-01 5.239677e-10 4.069700e-02 9.996800e-01
5.000264e-01 4.527552e-10 5.257600e-02 9.997000e-01
4.995937e-01 3.376118e-10 4.776200e-02 9.996700e-01
4.992576e-01 3.482445e-10 4.401300e-02 9.997800e-01
4.993555e-01 4.110517e-10 4.693400e-02 9.997300e-01
4.986422e-01 4.317209e-10 4.956000e-02 9.996500e-01
4.999673e-01 4.292623e-10 4.056800e-02 9.996100e-01
5.005801e-01 3.202244e-10 5.132800e-02 9.997100e-01
4.989364e-01 5.297128e-10 5.461400e-02 9.997800e-01
5.008139e-01 3.423810e-10 5.225000e-02 9.996700e-01
5.004813e-01 4.586312e-10 4.920200e-02 9.996900e-01
4.989915e-01 4.231062e-10 4.712800e-02 9.998300e-01
4.995248e-01 3.630592e-10 5.545700e-02 9.997000e-01
5.002232e-01 3.928875e-10 5.180100e-02 9.997600e-01
5.012560e-01 2.927553e-10 4.823900e-02 9.996900e-01
4.995552e-01 3.239612e-10 5.389400e-02 9.996600e-01
4.991486e-01 3.832681e-10 5.578800e-02 9.997100e-01
4.995354e-01 3.567181e-10 3.711900e-02 9.997300e-01
5.007390e-01 4.110732e-10 4.851600e-02 9.996800e-01
4.999367e-01 3.879248e-10 4.951500e-02 9.998300e-01
4.990197e-01 3.071798e-10 4.599700e-02 9.996800e-01
4.997685e-01 3.430598e-10 5.601500e-02 9.997800e-01
4.991153e-01 3.674053e-10 4.344300e-02 9.997200e-01
5.007123e-01 3.443505e-10 5.501500e-02 9.997800e-01
5.002325e-01 3.918379e-10 4.972000e-02 9.997300e-01
4.991568e-01 4.081765e-10 5.410400e-02 9.997200e-01
5.002088e-01 3.957157e-10 5.267000e-02 9.996900e-01
4.999233e-01 3.081002e-10 5.109200e-02 9.996600e-01
4.990871e-01 3.934289e-10 4.832400e-02 9.997400e-01
5.007807e-01 3.418142e-10 4.533600e-02 9.997500e-01
5.001321e-01 3.611055e-10 4.002700e-02 9.997200e-01
4.986998e-01 2.983555e-10 5.042300e-02 9.996800e-01
4.990943e-01 3.510438e-10 5.032300e-02 9.997900e-01
4.990257e-01 2.996868e-10 5.034200e-02 9.997600e-01
4.988066e-01 2.808814e-10 4.247300e-02 9.997500e-01
4.999739e-01 3.744220e-10 4.384500e-02 9.997500e-01
4.997823e-01 3.480844e-10 4.289500e-02 9.996700e-01
5.002084e-01 2.811187e-10 5.157300e-02 9.997700e-01
5.003773e-01 3.236904e-10 4.663800e-02 9.997400e-01
5.000014e-01 3.384135e-10 4.241200e-02 9.996700e-01
4.993563e-01 2.841715e-10 5.251200e-02 9.997200e-01
5.001628e-01 2.983705e-10 4.471900e-02 9.997200e-01
4.992876e-01 3.462990e-10 4.074300e-02 9.997600e-01
5.001943e-01 3.435815e-10 4.559400e-02 9.998400e-01
4.999066e-01 2.637114e-10 4.652800e-02 9.997400e-01
4.991702e-01 4.361554e-10 4.076400e-02 9.997800e-01
4.988881e-01 3.543528e-10 4.632900e-02 9.997500e-01
4.998775e-01 3.641970e-10 4.443100e-02 9.997700e-01
4.996985e-01 2.981094e-10 4.305000e-02 9.997300e-01
5.011041e-01 3.375153e-10 4.578000e-02 9.997600e-01
5.005460e-01 3.856503e-10 5.046500e-02 9.998100e-01
5.007413e-01 3.347983e-10 4.370900e-02 9.997200e-01
4.990978e-01 2.784124e-10 4.863900e-02 9.995900e-01
5.011486e-01 3.346438e-10 4.499700e-02 9.997900e-01
5.000594e-01 2.523236e-10 4.485700e-02 9.998700e-01
5.011454e-01 3.579123e-10 3.962500e-02 9.997200e-01
4.992858e-01 2.964815e-10 4.476800e-02 9.997800e-01
5.003374e-01 2.603437e-10 4.473100e-02 9.996800e-01
4.994014e-01 2.554068e-10 5.332100e-02 9.997000e-01
4.998624e-01 3.455751e-10 4.127600e-02 9.998300e-01
5.003798e-01 3.038803e-10 4.660300e-02 9.998200e-01
4.999258e-01 3.177721e-10 4.791500e-02 9.997100e-01
4.998653e-01 3.925210e-10 4.872900e-02 9.997900e-01
5.011017e-01 3.431437e-10 4.650400e-02 9.997000e-01
4.996487e-01 3.194218e-10 4.393900e-02 9.997000e-01
4.994524e-01 2.565251e-10 4.979100e-02 9.997400e-01
4.997415e-01 2.782893e-10 5.234300e-02 9.996800e-01
5.002268e-01 3.964468e-10 4.567200e-02 9.998100e-01
4.998627e-01 2.692363e-10 4.260100e-02 9.997300e-01
4.979314e-01 3.518919e-10 4.864300e-02 9.997100e-01
5.007130e-01 3.051019e-10 4.610900e-02 9.997200e-01
4.995340e-01 2.862285e-10 4.254900e-02 9.997900e-01
5.001732e-01 3.423323e-10 4.491400e-02 9.996400e-01
5.002343e-01 2.962136e-10 4.790400e-02 9.997600e-01
5.002170e-01 2.702067e-10 4.668800e-02 9.996900e-01
5.004111e-01 3.445660e-10 4.911100e-02 9.997200e-01
5.004265e-01 2.666965e-10 4.378500e-02 9.997400e-01
5.005721e-01 3.202972e-10 4.311800e-02 9.997500e-01
4.999230e-01 3.230161e-10 4.111000e-02 9.996600e-01
4.994527e-01 2.646150e-10 4.933600e-02 9.998000e-01
4.991636e-01 3.150671e-10 4.773000e-02 9.997300e-01
5.010720e-01 2.249356e-10 4.948700e-02 9.997600e-01
4.995836e-01 2.635181e-10 4.186600e-02 9.997000e-01
5.000884e-01 2.527338e-10 4.548600e-02 9.997900e-01
5.001029e-01 2.947502e-10 4.516500e-02 9.997500e-01
4.999961e-01 2.874798e-10 4.469300e-02 9.997300e-01
4.992477e-01 2.501984e-10 4.618100e-02 9.998500e-01
4.996586e-01 2.115261e-10 4.260100e-02 9.996900e-01
4.997675e-01 2.540771e-10 4.051300e-02 9.996300e-01
4.999236e-01 2.633302e-10 4.815100e-02 9.996800e-01
4.998402e-01 2.715187e-10 4.418900e-02 9.997800e-01
5.005784e-01 2.439681e-10 4.396100e-02 9.997100e-01
5.002892e-01 2.659619e-10 4.925900e-02 9.997600e-01
4.991092e-01 2.206160e-10 4.161200e-02 9.997100e-01
4.993972e-01 2.918511e-10 4.911200e-02 9.997800e-01
4.992878e-01 2.183399e-10 5.178100e-02 9.997800e-01
4.998238e-01 2.314656e-10 4.684800e-02 9.997400e-01
5.003492e-01 2.451215e-10 4.490800e-02 9.996900e-01
4.992014e-01 2.324278e-10 4.618200e-02 9.997100e-01
4.991673e-01 3.040446e-10 4.453700e-02 9.997400e-01
4.999790e-01 2.375484e-10 4.122800e-02 9.997600e-01
4.995255e-01 2.577840e-10 4.202600e-02 9.997500e-01
5.003861e-01 2.440486e-10 4.946900e-02 9.997300e-01
4.990564e-01 2.816248e-10 4.730700e-02 9.997100e-01
4.999435e-01 2.503590e-10 4.907300e-02 9.997200e-01
5.007465e-01 2.474162e-10 4.750700e-02 9.998000e-01
4.998928e-01 2.201048e-10 4.926800e-02 9.998000e-01
5.001164e-01 2.602861e-10 4.612700e-02 9.997200e-01
4.998683e-01 2.610283e-10 4.416500e-02 9.997000e-01
5.009154e-01 2.541777e-10 4.695900e-02 9.997400e-01
4.998862e-01 2.704240e-10 4.386200e-02 9.997900e-01
4.998256e-01 2.450172e-10 4.748400e-02 9.997700e-01
5.000450e-01 2.648724e-10 3.481900e-02 9.997000e-01
4.994175e-01 1.827805e-10 4.576900e-02 9.997800e-01
4.996084e-01 2.342260e-10 4.289500e-02 9.998000e-01
4.997734e-01 2.166094e-10 4.388200e-02 9.998000e-01
4.997986e-01 2.385877e-10 4.736500e-02 9.997400e-01
4.997858e-01 2.597820e-10 4.404700e-02 9.997100e-01
5.000545e-01 2.279979e-10 3.828000e-02 9.997100e-01
5.007272e-01 2.492662e-10 5.134800e-02 9.996600e-01
4.989469e-01 2.620648e-10 4.686400e-02 9.996400e-01
5.002444e-01 2.596748e-10 4.363500e-02 9.996900e-01
4.990921e-01 2.841258e-10 5.025300e-02 9.998000e-01
5.000977e-01 2.523684e-10 3.878600e-02 9.997300e-01
4.998282e-01 2.514549e-10 4.608300e-02 9.998300e-01
4.997083e-01 2.246468e-10 4.010400e-02 9.997600e-01
4.996919e-01 2.022675e-10 4.700300e-02 9.997100e-01
4.998329e-01 2.272157e-10 5.480200e-02 9.997400e-01
4.993197e-01 2.296921e-10 4.092400e-02 9.997500e-01
5.000221e-01 2.628655e-10 4.838200e-02 9.997700e-01
4.996869e-01 2.182725e-10 5.104400e-02 9.997200e-01
4.999132e-01 2.232391e-10 4.936100e-02 9.997300e-01
5.004850e-01 2.341425e-10 5.386000e-02 9.997300e-01
4.998332e-01 2.576619e-10 4.491300e-02 9.996500e-01
5.002617e-01 2.227545e-10 4.912600e-02 9.998200e-01
5.001465e-01 2.084267e-10 5.349800e-02 9.997800e-01
5.002520e-01 2.586692e-10 4.864300e-02 9.997100e-01
5.005838e-01 2.213115e-10 4.998100e-02 9.997500e-01
5.005386e-01 2.133463e-10 4.729200e-02 9.997600e-01
5.005720e-01 2.302104e-10 3.702900e-02 9.997300e-01
5.001359e-01 2.414015e-10 3.579100e-02 9.997400e-01
5.003642e-01 2.968021e-10 4.245500e-02 9.998800e-01
5.000768e-01 2.134487e-10 4.176000e-02 9.998000e-01
5.001149e-01 2.389496e-10 4.542300e-02 9.996900e-01
5.001466e-01 2.293816e-10 4.431800e-02 9.996700e-01
5.001533e-01 1.941303e-10 4.756400e-02 9.997100e-01
5.006690e-01 2.154890e-10 4.747700e-02 9.997200e-01
4.992764e-01 2.129128e-10 5.324000e-02 9.997800e-01
5.002047e-01 2.620713e-10 4.645600e-02 9.997000e-01
4.999409e-01 2.314550e-10 4.293400e-02 9.997300e-01
5.008067e-01 2.209466e-10 4.177900e-02 9.998000e-01
5.002783e-01 2.622356e-10 4.628600e-02 9.998700e-01
5.005119e-01 2.411173e-10 3.993700e-02 9.998200e-01
5.000688e-01 2.173068e-10 4.651300e-02 9.997500e-01
4.995569e-01 1.929511e-10 4.388000e-02 9.997400e-01
4.993042e-01 2.061997e-10 4.469100e-02 9.996900e-01
5.000416e-01 2.028691e-10 4.189200e-02 9.997600e-01
4.997198e-01 2.302516e-10 4.799300e-02 9.997200e-01
4.997572e-01 2.314963e-10 4.151300e-02 9.997200e-01
4.994927e-01 2.070805e-10 4.744500e-02 9.998000e-01
4.998589e-01 2.074187e-10 4.451000e-02 9.997600e-01
5.005198e-01 2.052970e-10 4.370000e-02 9.997200e-01
4.997855e-01 1.999508e-10 4.007100e-02 9.997700e-01
4.998525e-01 2.136684e-10 5.093100e-02 9.996400e-01
5.002847e-01 2.098785e-10 4.745800e-02 9.998300e-01
4.999561e-01 1.824309e-10 3.991100e-02 9.997400e-01
4.997744e-01 1.800455e-10 4.020800e-02 9.997500e-01
4.994810e-01 1.901136e-10 4.513000e-02 9.996800e-01
5.004402e-01 1.865809e-10 4.169700e-02 9.997600e-01
5.001254e-01 1.913101e-10 4.094000e-02 9.997200e-01
4.997442e-01 1.981849e-10 5.071600e-02 9.996800e-01
4.995516e-01 1.797638e-10 5.279200e-02 9.996900e-01
5.000312e-01 2.817173e-10 3.451500e-02 9.997600e-01
4.997059e-01 1.906544e-10 5.025100e-02 9.997600e-01
5.001933e-01 1.930962e-10 3.870500e-02 9.996600e-01
5.006097e-01 1.667986e-10 5.011700e-02 9.996800e-01
4.996323e-01 2.240732e-10 4.476500e-02 9.996900e-01
5.003612e-01 2.461835e-10 5.116900e-02 9.996300e-01
5.007190e-01 2.051714e-10 5.461500e-02 9.998000e-01
4.996710e-01 2.300605e-10 5.449200e-02 9.996600e-01
5.002152e-01 1.792147e-10 5.324600e-02 9.998400e-01
5.002376e-01 1.819146e-10 5.181600e-02 9.997100e-01
5.001781e-01 2.072106e-10 5.361100e-02 9.997900e-01
4.998867e-01 2.024884e-10 4.707000e-02 9.997000e-01
4.999809e-01 2.076728e-10 4.545300e-02 9.996500e-01
5.001384e-01 2.194424e-10 4.402600e-02 9.997400e-01
5.004562e-01 1.713727e-10 4.405800e-02 9.997900e-01
4.991125e-01 1.867485e-10 4.763900e-02 9.997600e-01
5.001415e-01 1.975815e-10 4.369600e-02 9.997200e-01
4.996122e-01 1.660962e-10 4.272700e-02 9.996200e-01
5.003611e-01 2.060288e-10 4.848700e-02 9.998000e-01
4.993477e-01 1.841026e-10 4.344500e-02 9.996400e-01
5.005014e-01 2.001473e-10 4.454300e-02 9.997700e-01
4.994091e-01 1.634774e-10 5.408900e-02 9.997300e-01
4.996001e-01 1.836421e-10 4.209900e-02 9.997100e-01
5.001809e-01 1.890857e-10 4.522800e-02 9.997600e-01
5.005061e-01 2.052960e-10 4.481200e-02 9.997500e-01
5.006372e-01 1.637673e-10 4.445400e-02 9.997100e-01
4.999718e-01 1.917468e-10 5.237400e-02 9.997000e-01
4.995606e-01 2.048750e-10 4.721800e-02 9.997000e-01
4.999348e-01 1.894731e-10 5.348400e-02 9.997100e-01
4.994004e-01 1.754254e-10 4.495200e-02 9.997500e-01
5.004557e-01 1.544193e-10 4.170700e-02 9.997000e-01
5.000779e-01 1.720232e-10 4.085500e-02 9.997500e-01
5.002373e-01 1.962770e-10 4.303700e-02 9.996900e-01
4.994969e-01 1.934222e-10 4.153700e-02 9.997500e-01
4.998667e-01 1.573843e-10 4.823000e-02 9.996200e-01
4.994054e-01 1.705303e-10 5.427700e-02 9.997700e-01
5.003965e-01 1.619260e-10 5.162800e-02 9.997500e-01
5.008633e-01 1.771402e-10 4.703800e-02 9.997000e-01
5.002051e-01 1.961565e-10 4.039000e-02 9.997900e-01
4.994809e-01 1.650515e-10 5.049700e-02 9.997200e-01
4.995315e-01 1.883603e-10 3.758800e-02 9.997000e-01
4.995149e-01 1.704630e-10 4.679100e-02 9.997200e-01
4.997808e-01 1.736890e-10 4.547200e-02 9.996800e-01
5.006340e-01 1.931888e-10 4.225600e-02 9.998500e-01
4.991978e-01 1.829305e-10 4.616700e-02 9.996900e-01
4.998408e-01 2.134997e-10 4.253800e-02 9.997500e-01
4.999903e-01 1.679821e-10 4.617800e-02 9.996900e-01
4.999688e-01 1.654957e-10 4.860800e-02 9.996700e-01
4.998592e-01 1.696258e-10 4.433700e-02 9.997600e-01
4.993403e-01 1.745907e-10 5.027800e-02 9.996600e-01
4.998149e-01 1.779625e-10 4.316300e-02 9.997300e-01
5.001968e-01 1.836014e-10 4.792600e-02 9.998300e-01
4.999880e-01 1.691648e-10 4.754100e-02 9.997600e-01
4.995710e-01 1.769392e-10 4.627100e-02 9.997000e-01
5.002440e-01 1.698012e-10 4.019000e-02 9.997800e-01
4.999247e-01 1.766411e-10 4.414700e-02 9.997400e-01
4.998379e-01 1.946061e-10 4.421400e-02 9.998700e-01
4.996228e-01 1.595724e-10 4.156200e-02 9.996600e-01
4.999551e-01 1.747281e-10 4.913700e-02 9.997000e-01
4.994062e-01 1.473326e-10 4.859300e-02 9.997900e-01
4.997335e-01 2.087840e-10 4.781900e-02 9.997000e-01
4.993300e-01 1.837324e-10 4.311700e-02 9.996900e-01
5.008056e-01 1.586102e-10 5.224500e-02 9.997300e-01
4.995138e-01 1.684367e-10 4.286100e-02 9.996600e-01
5.004248e-01 1.526325e-10 4.864000e-02 9.997500e-01
5.001512e-01 1.740807e-10 4.610900e-02 9.997700e-01
4.997005e-01 1.571853e-10 4.791500e-02 9.997600e-01
4.998568e-01 1.435369e-10 4.772100e-02 9.997800e-01
5.000115e-01 1.768650e-10 4.371700e-02 9.996600e-01
4.997395e-01 1.575126e-10 4.079100e-02 9.998100e-01
4.994568e-01 1.645273e-10 4.850700e-02 9.997500e-01
5.005332e-01 1.660670e-10 3.496100e-02 9.996500e-01
5.001846e-01 1.588778e-10 5.145500e-02 9.996700e-01
5.003502e-01 1.579038e-10 4.421600e-02 9.996600e-01
5.006317e-01 1.778756e-10 4.607200e-02 9.997400e-01
5.001883e-01 1.513108e-10 3.913800e-02 9.996800e-01
4.990015e-01 1.683639e-10 4.718400e-02 9.998200e-01
5.000400e-01 1.597104e-10 4.271800e-02 9.997100e-01
4.997816e-01 1.472905e-10 4.074600e-02 9.997500e-01
5.002499e-01 1.706714e-10 4.278800e-02 9.997700e-01
5.001380e-01 1.736321e-10 4.814000e-02 9.997600e-01
4.997700e-01 1.496613e-10 4.344600e-02 9.997300e-01
5.003066e-01 1.536955e-10 4.898000e-02 9.997200e-01
4.992619e-01 1.531263e-10 4.527900e-02 9.997200e-01
5.001970e-01 1.668008e-10 4.164200e-02 9.997900e-01
4.999065e-01 1.618162e-10 4.254100e-02 9.997300e-01
5.001965e-01 1.539930e-10 4.481900e-02 9.998000e-01
4.997108e-01 1.573951e-10 3.855900e-02 9.997700e-01
5.005247e-01 1.553211e-10 4.540600e-02 9.997300e-01
5.000954e-01 1.499758e-10 3.797500e-02 9.997400e-01
4.998485e-01 1.556203e-10 4.684100e-02 9.997300e-01
4.999375e-01 1.461267e-10 3.941100e-02 9.997400e-01
4.996345e-01 1.632525e-10 4.919700e-02 9.996600e-01
4.997788e-01 1.683941e-10 5.224700e-02 9.996700e-01
4.997461e-01 1.610812e-10 4.057900e-02 9.997000e-01
4.992121e-01 1.695822e-10 4.073000e-02 9.998100e-01
5.002087e-01 1.528338e-10 4.177800e-02 9.997600e-01
4.993727e-01 1.668760e-10 4.642400e-02 9.997800e-01
5.000409e-01 1.658657e-10 4.220100e-02 9.997300e-01
4.997414e-01 1.532269e-10 4.987300e-02 9.997400e-01
4.999900e-01 1.725563e-10 4.484000e-02 9.998000e-01
4.999453e-01 1.545846e-10 3.658200e-02 9.997300e-01
4.994344e-01 1.483075e-10 4.515500e-02 9.997000e-01
4.999376e-01 1.649750e-10 4.964000e-02 9.996800e-01
4.992739e-01 1.428153e-10 4.322100e-02 9.997500e-01
4.995344e-01 1.549534e-10 3.896100e-02 9.997300e-01
5.000416e-01 1.606510e-10 3.649800e-02 9.998500e-01
5.003758e-01 1.511583e-10 4.567500e-02 9.996400e-01
5.002460e-01 1.497816e-10 4.755200e-02 9.995800e-01
4.998008e-01 1.450006e-10 4.159800e-02 9.997600e-01
5.000631e-01 1.590900e-10 4.517800e-02 9.997700e-01
5.000453e-01 1.556786e-10 4.907200e-02 9.998100e-01
5.001873e-01 1.355409e-10 5.164200e-02 9.996500e-01
4.996703e-01 1.425480e-10 4.641800e-02 9.997700e-01
4.999908e-01 1.495480e-10 4.155900e-02 9.997600e-01
4.998057e-01 1.397792e-10 4.637100e-02 9.997200e-01
5.001397e-01 1.398157e-10 4.132100e-02 9.998500e-01
5.000942e-01 1.512223e-10 4.590100e-02 9.997500e-01
4.997430e-01 1.719638e-10 4.962800e-02 9.997900e-01
4.997727e-01 1.647489e-10 4.711000e-02 9.997400e-01
4.998510e-01 1.478792e-10 4.358200e-02 9.997300e-01
5.001660e-01 1.374146e-10 4.386200e-02 9.997500e-01
4.996509e-01 1.373422e-10 4.295200e-02 9.997000e-01
5.003555e-01 1.333963e-10 4.678800e-02 9.997100e-01
5.002453e-01 1.456351e-10 4.438900e-02 9.997000e-01
4.997707e-01 1.394831e-10 4.818000e-02 9.996600e-01
4.999184e-01 1.643753e-10 4.494300e-02 9.997300e-01
4.999532e-01 2.152554e-10 4.406000e-02 9.997300e-01
4.999266e-01 1.822984e-10 4.814000e-02 9.998600e-01
4.997392e-01 1.426189e-10 4.797000e-02 9.997200e-01
4.999630e-01 1.347123e-10 4.224700e-02 9.997500e-01
4.993542e-01 1.521457e-10 4.679500e-02 9.997600e-01
4.997531e-01 1.489042e-10 4.435900e-02 9.997400e-01
4.996727e-01 1.547234e-10 4.319700e-02 9.997400e-01
5.003196e-01 1.511550e-10 4.224400e-02 9.997400e-01
4.998027e-01 1.654941e-10 3.867100e-02 9.997100e-01
4.995788e-01 1.572925e-10 4.430900e-02 9.997400e-01
4.997082e-01 1.360547e-10 4.870500e-02 9.998100e-01
4.997548e-01 1.331607e-10 4.860900e-02 9.996800e-01
5.002300e-01 1.279777e-10 4.093200e-02 9.997500e-01
5.001332e-01 1.513993e-10 4.989600e-02 9.997000e-01
4.999537e-01 1.466385e-10 4.434900e-02 9.998600e-01
5.002903e-01 1.360728e-10 4.628100e-02 9.997900e-01
4.995981e-01 1.440139e-10 4.509900e-02 9.997400e-01
4.995429e-01 1.473992e-10 4.788100e-02 9.996600e-01
5.002296e-01 1.402321e-10 4.681400e-02 9.997500e-01
5.002559e-01 1.405415e-10 4.566400e-02 9.997200e-01
4.998018e-01 1.384343e-10 4.201300e-02 9.998300e-01
5.000552e-01 1.401153e-10 5.350100e-02 9.997000e-01
4.999063e-01 1.400688e-10 3.147500e-02 9.997300e-01
5.001729e-01 1.527143e-10 4.413700e-02 9.998100e-01
4.997575e-01 1.424248e-10 4.206000e-02 9.997700e-01
4.995388e-01 1.369372e-10 4.304400e-02 9.997600e-01
5.000198e-01 1.436877e-10 5.028400e-02 9.997600e-01
5.002221e-01 1.374753e-10 3.890500e-02 9.997700e-01
5.001198e-01 1.354228e-10 4.307100e-02 9.997000e-01
4.994264e-01 1.457623e-10 4.523500e-02 9.997600e-01
4.996240e-01 1.498338e-10 4.676300e-02 9.997100e-01
5.003552e-01 1.269217e-10 4.052400e-02 9.998800e-01
5.001634e-01 1.345892e-10 4.088000e-02 9.997700e-01
5.005481e-01 1.473817e-10 3.982500e-02 9.996800e-01
4.999772e-01 1.344005e-10 4.019500e-02 9.995900e-01
4.997674e-01 1.303955e-10 4.980200e-02 9.997800e-01
5.004541e-01 1.470298e-10 4.162500e-02 9.996300e-01
5.000469e-01 1.333769e-10 4.672400e-02 9.996200e-01
5.000131e-01 1.303757e-10 4.033000e-02 9.997600e-01
4.993733e-01 1.329870e-10 5.260800e-02 9.996500e-01
4.999890e-01 1.418245e-10 5.513700e-02 9.997900e-01
4.997890e-01 1.281568e-10 5.446300e-02 9.996600e-01
4.999714e-01 1.443018e-10 5.483400e-02 9.997100e-01
5.000704e-01 1.368471e-10 5.099700e-02 9.997100e-01
4.999111e-01 1.364938e-10 4.111600e-02 9.997000e-01
4.999848e-01 1.366023e-10 5.377700e-02 9.997200e-01
4.999421e-01 1.411643e-10 4.462600e-02 9.996800e-01
4.994891e-01 1.435229e-10 5.082900e-02 9.997300e-01
4.998134e-01 1.299706e-10 3.965800e-02 9.997900e-01
5.002099e-01 1.385689e-10 4.445200e-02 9.997800e-01
4.998776e-01 1.445713e-10 4.979100e-02 9.997400e-01
4.998215e-01 1.349154e-10 4.656200e-02 9.996900e-01
5.002391e-01 1.376526e-10 4.949500e-02 9.997700e-01
5.000292e-01 1.273750e-10 4.342500e-02 9.997300e-01
5.004628e-01 1.345360e-10 4.791000e-02 9.997800e-01
4.999984e-01 1.420850e-10 3.702400e-02 9.996500e-01
4.999055e-01 1.262055e-10 5.169600e-02 9.997300e-01
5.000771e-01 1.314969e-10 5.268600e-02 9.997700e-01
5.005213e-01 1.224057e-10 4.285000e-02 9.997800e-01
4.995149e-01 1.325831e-10 4.484600e-02 9.997800e-01
5.001087e-01 1.457595e-10 4.341600e-02 9.997700e-01
4.999044e-01 1.298258e-10 4.731100e-02 9.998200e-01
4.999179e-01 1.272866e-10 3.516600e-02 9.997200e-01
5.000791e-01 1.254591e-10 4.306100e-02 9.998400e-01
4.999709e-01 1.338810e-10 4.836000e-02 9.997900e-01
4.997322e-01 1.357488e-10 4.406700e-02 9.996900e-01
4.994573e-01 1.242841e-10 4.346300e-02 9.997400e-01
4.994942e-01 1.374888e-10 4.832000e-02 9.997700e-01
4.997016e-01 1.366332e-10 4.842600e-02 9.997100e-01
5.000136e-01 1.391216e-10 4.516700e-02 9.997200e-01
5.000391e-01 1.553724e-10 4.314400e-02 9.997400e-01
4.998774e-01 1.457950e-10 5.062300e-02 9.998500e-01
4.992300e-01 1.242451e-10 5.081000e-02 9.996800e-01
4.995433e-01 1.237023e-10 5.026400e-02 9.997300e-01
4.998173e-01 1.242931e-10 4.195700e-02 9.998000e-01
4.994860e-01 1.243071e-10 4.422300e-02 9.998300e-01
5.002617e-01 1.441080e-10 4.836900e-02 9.996800e-01
4.996924e-01 1.309492e-10 4.062500e-02 9.997000e-01
4.996303e-01 1.259119e-10 4.335200e-02 9.997100e-01
4.996062e-01 1.322891e-10 4.323400e-02 9.997300e-01
4.995844e-01 1.302796e-10 4.805700e-02 9.996600e-01
4.998131e-01 1.283462e-10 4.761300e-02 9.996400e-01
4.996331e-01 1.316596e-10 4.096700e-02 9.996400e-01
5.000773e-01 1.344267e-10 3.879200e-02 9.997500e-01
4.999967e-01 1.392459e-10 4.655200e-02 9.997400e-01
4.996280e-01 1.333914e-10 5.217500e-02 9.997900e-01
4.995315e-01 1.223826e-10 4.077700e-02 9.996500e-01
4.998671e-01 1.331831e-10 5.417000e-02 9.996800e-01
4.998907e-01 1.307771e-10 4.908900e-02 9.997600e-01
5.000302e-01 1.204104e-10 4.358000e-02 9.996800e-01
5.002191e-01 1.285197e-10 5.045200e-02 9.997500e-01
4.998389e-01 1.316741e-10 4.934100e-02 9.997600e-01
4.998783e-01 1.256956e-10 4.689900e-02 9.997800e-01
4.996603e-01 1.279934e-10 4.052400e-02 9.998300e-01
5.001231e-01 1.274934e-10 4.090500e-02 9.997200e-01
5.000592e-01 1.388501e-10 4.163500e-02 9.996500e-01
4.996939e-01 1.339549e-10 4.381500e-02 9.997700e-01
5.001929e-01 1.301619e-10 4.020300e-02 9.997900e-01
4.998718e-01 1.277821e-10 4.547200e-02 9.996900e-01
4.994917e-01 1.188985e-10 5.023900e-02 9.996900e-01
5.001166e-01 1.269782e-10 4.890400e-02 9.997200e-01
4.999120e-01 1.251803e-10 4.529100e-02 9.997100e-01
5.002923e-01 1.300290e-10 5.262100e-02 9.997400e-01
4.996691e-01 1.194056e-10 5.080800e-02 9.998100e-01
5.000426e-01 1.296821e-10 4.254900e-02 9.997200e-01
4.997536e-01 1.227582e-10 4.791700e-02 9.997900e-01
4.999804e-01 1.329073e-10 3.853500e-02 9.997000e-01
4.998020e-01 1.271966e-10 4.700400e-02 9.997700e-01
5.001784e-01 1.303879e-10 5.126700e-02 9.997100e-01
4.996844e-01 1.221838e-10 5.465700e-02 9.997400e-01
5.001432e-01 1.233929e-10 5.431200e-02 9.998100e-01
4.998753e-01 1.312684e-10 5.493600e-02 9.997300e-01
4.998943e-01 1.261945e-10 5.428300e-02 9.997900e-01
5.000952e-01 1.341839e-10 5.135200e-02 9.997500e-01
5.000248e-01 1.225154e-10 4.882100e-02 9.998300e-01
4.999978e-01 1.284903e-10 4.791300e-02 9.997800e-01
4.999222e-01 1.268095e-10 5.056100e-02 9.996400e-01
4.999823e-01 1.243222e-10 5.588000e-02 9.997700e-01
4.999126e-01 1.245632e-10 5.483500e-02 9.997600e-01
4.997303e-01 1.223449e-10 5.466200e-02 9.997500e-01
4.999781e-01 1.320571e-10 5.423000e-02 9.997400e-01
5.000583e-01 1.227510e-10 5.493000e-02 9.997500e-01
4.998555e-01 1.235902e-10 4.614600e-02 9.996900e-01
4.997729e-01 1.278569e-10 5.384100e-02 9.997400e-01
4.996108e-01 1.168781e-10 5.246400e-02 9.996600e-01
4.997760e-01 1.169227e-10 5.169800e-02 9.997400e-01
5.000297e-01 1.166885e-10 4.783400e-02 9.996900e-01
4.999073e-01 1.332084e-10 5.070000e-02 9.997400e-01
4.996361e-01 1.155498e-10 4.832300e-02 9.997100e-01
4.999799e-01 1.297159e-10 4.177000e-02 9.997700e-01
4.996792e-01 1.168089e-10 4.900100e-02 9.997800e-01
5.003741e-01 1.259768e-10 4.681800e-02 9.997800e-01
4.996067e-01 1.208567e-10 5.344000e-02 9.997300e-01
4.998720e-01 1.169039e-10 4.945800e-02 9.996800e-01
4.999626e-01 1.148848e-10 4.906000e-02 9.997800e-01
4.999664e-01 1.211498e-10 4.168500e-02 9.996800e-01
4.993082e-01 1.231852e-10 3.904100e-02 9.997300e-01
4.997598e-01 1.157900e-10 5.059700e-02 9.997200e-01
4.999759e-01 1.226431e-10 4.304400e-02 9.996700e-01
4.996431e-01 1.233638e-10 4.020400e-02 9.997200e-01
5.000944e-01 1.195349e-10 5.077800e-02 9.997300e-01
4.997500e-01 1.263860e-10 4.907400e-02 9.997700e-01
5.002222e-01 1.245409e-10 4.912200e-02 9.996900e-01
5.002313e-01 1.157934e-10 4.654200e-02 9.996400e-01
4.997271e-01 1.168019e-10 4.823500e-02 9.997400e-01
4.996226e-01 1.196819e-10 4.133900e-02 9.998100e-01
4.998277e-01 1.148537e-10 4.156200e-02 9.997100e-01
4.996507e-01 1.215680e-10 4.135800e-02 9.996800e-01
4.998994e-01 1.286313e-10 4.960600e-02 9.997400e-01
4.997229e-01 1.161373e-10 4.366300e-02 9.997200e-01
5.000622e-01 1.193111e-10 5.145300e-02 9.997800e-01
4.997459e-01 1.175164e-10 4.759400e-02 9.998200e-01
5.000106e-01 1.161157e-10 5.313300e-02 9.997100e-01
4.997388e-01 1.178912e-10 4.649800e-02 9.997000e-01
5.000167e-01 1.188371e-10 4.889600e-02 9.996900e-01
4.997935e-01 1.230650e-10 3.968100e-02 9.998400e-01
5.000716e-01 1.232407e-10 4.926700e-02 9.997300e-01
4.999681e-01 1.199897e-10 4.455000e-02 9.997800e-01
4.998933e-01 1.214632e-10 4.775300e-02 9.997200e-01
4.996657e-01 1.149380e-10 4.597300e-02 9.997300e-01
5.001392e-01 1.193900e-10 4.963700e-02 9.997000e-01
4.994192e-01 1.182846e-10 4.497400e-02 9.996800e-01
4.996770e-01 1.155973e-10 4.924500e-02 9.997900e-01
5.002572e-01 1.164800e-10 4.921100e-02 9.997500e-01
5.002518e-01 1.155297e-10 4.082500e-02 9.997000e-01
5.001515e-01 1.190288e-10 5.276700e-02 9.996900e-01
4.997721e-01 1.208655e-10 3.979500e-02 9.998100e-01
5.000806e-01 1.206599e-10 4.375600e-02 9.997300e-01
5.000827e-01 1.162972e-10 4.122400e-02 9.997900e-01
4.997424e-01 1.143454e-10 4.656700e-02 9.995900e-01
4.998828e-01 1.147939e-10 3.914800e-02 9.997800e-01
4.996754e-01 1.225866e-10 4.291500e-02 9.996500e-01
4.998615e-01 1.147773e-10 5.433600e-02 9.997100e-01
4.999089e-01 1.192055e-10 4.520100e-02 9.996500e-01
4.998934e-01 1.211720e-10 4.863300e-02 9.997800e-01
4.998205e-01 1.174587e-10 4.409300e-02 9.997600e-01
4.997004e-01 1.106930e-10 5.174200e-02 9.996900e-01
5.002321e-01 1.251959e-10 4.455000e-02 9.996800e-01
5.000506e-01 1.166299e-10 3.813700e-02 9.996900e-01
4.998152e-01 1.119491e-10 5.342400e-02 9.998100e-01
4.997892e-01 1.123591e-10 4.586900e-02 9.997100e-01
4.999730e-01 1.147814e-10 4.299700e-02 9.996800e-01
5.001580e-01 1.158518e-10 4.925000e-02 9.996800e-01
4.996341e-01 1.131961e-10 3.835300e-02 9.997400e-01
4.997842e-01 1.166011e-10 4.249200e-02 9.997800e-01
4.998622e-01 1.120617e-10 4.260400e-02 9.996600e-01
5.000418e-01 1.175702e-10 4.433500e-02 9.997400e-01
5.002342e-01 1.142953e-10 4.539000e-02 9.995800e-01
4.998402e-01 1.154446e-10 4.719700e-02 9.997600e-01
4.999209e-01 1.134113e-10 5.128500e-02 9.996900e-01
5.000639e-01 1.116454e-10 5.431600e-02 9.997800e-01
4.997154e-01 1.127501e-10 4.835700e-02 9.997600e-01
5.000095e-01 1.175994e-10 4.166300e-02 9.997800e-01
4.998800e-01 1.122279e-10 4.940300e-02 9.997700e-01
5.000577e-01 1.136328e-10 4.457700e-02 9.997300e-01
4.999286e-01 1.118357e-10 4.743300e-02 9.997300e-01
4.997345e-01 1.113994e-10 5.248900e-02 9.997200e-01
5.001788e-01 1.247387e-10 4.172800e-02 9.997700e-01
5.002298e-01 1.186066e-10 4.757000e-02 9.997100e-01
4.997946e-01 1.141184e-10 4.323600e-02 9.996200e-01
4.995022e-01 1.114291e-10 3.770700e-02 9.997100e-01
4.999680e-01 1.172970e-10 4.770000e-02 9.997100e-01
4.996778e-01 1.135328e-10 4.096000e-02 9.996600e-01
4.998192e-01 1.105873e-10 5.010300e-02 9.997200e-01
4.996215e-01 1.104117e-10 4.288600e-02 9.997600e-01
5.001887e-01 1.117003e-10 4.723000e-02 9.997700e-01
4.996860e-01 1.098074e-10 3.471200e-02 9.997600e-01
5.001078e-01 1.124655e-10 4.701600e-02 9.997600e-01
4.998436e-01 1.138964e-10 4.257400e-02 9.996200e-01
4.999071e-01 1.185577e-10 4.255300e-02 9.997900e-01
5.000384e-01 1.087532e-10 4.240000e-02 9.998400e-01
4.997897e-01 1.088497e-10 4.686000e-02 9.996300e-01
4.997880e-01 1.112964e-10 4.362200e-02 9.996700e-01
5.000802e-01 1.176845e-10 4.931500e-02 9.997400e-01
4.998590e-01 1.141882e-10 4.406400e-02 9.997500e-01
4.999251e-01 1.106339e-10 4.218100e-02 9.997400e-01
4.996203e-01 1.115039e-10 4.566300e-02 9.997500e-01
5.002206e-01 1.137497e-10 4.098200e-02 9.998400e-01
4.999165e-01 1.099053e-10 4.484800e-02 9.997600e-01
5.000315e-01 1.164345e-10 3.670700e-02 9.996300e-01
4.997424e-01 1.119351e-10 4.705500e-02 9.996600e-01
4.995535e-01 1.109445e-10 3.215800e-02 9.997300e-01
4.998121e-01 1.100259e-10 4.354100e-02 9.997700e-01
4.999158e-01 1.103093e-10 4.477000e-02 9.997800e-01
4.999039e-01 1.125381e-10 4.455600e-02 9.996400e-01
4.998365e-01 1.156983e-10 4.635400e-02 9.997500e-01
5.001492e-01 1.190027e-10 4.415600e-02 9.996500e-01
4.998247e-01 1.108240e-10 3.931800e-02 9.997000e-01
5.001595e-01 1.143073e-10 4.253200e-02 9.996900e-01
4.999214e-01 1.096820e-10 4.246600e-02 9.997400e-01
4.999380e-01 1.131323e-10 4.140400e-02 9.998000e-01
5.000872e-01 1.123560e-10 5.170600e-02 9.997000e-01
4.999412e-01 1.125052e-10 4.334500e-02 9.997400e-01
4.999448e-01 1.096323e-10 4.295100e-02 9.997000e-01
4.999000e-01 1.144175e-10 3.927400e-02 9.996800e-01
4.996339e-01 1.129306e-10 5.177900e-02 9.997500e-01
4.997584e-01 1.092088e-10 4.330600e-02 9.997700e-01
4.998704e-01 1.070058e-10 5.064200e-02 9.996800e-01
4.999698e-01 1.098875e-10 4.044800e-02 9.997100e-01
4.998113e-01 1.125166e-10 4.767200e-02 9.997700e-01
4.998783e-01 1.102334e-10 4.793700e-02 9.998300e-01
4.997597e-01 1.086172e-10 4.426200e-02 9.997000e-01
4.997586e-01 1.073014e-10 4.588100e-02 9.996900e-01
