# dim  N   mc   dt  Impsamp 
# 1    1 1049576 0.001
#
# Theoretical Energy = 5.000000e-01
# Energy     Variance     CPU time     Acceptance
4.848048e-01 2.607648e-09 7.591090e-01 9.997418e-01
4.845091e-01 2.141863e-09 8.096230e-01 9.997256e-01
4.824061e-01 1.894454e-09 7.289050e-01 9.997332e-01
4.819209e-01 1.502132e-09 6.469270e-01 9.997485e-01
4.824299e-01 1.567809e-09 6.495070e-01 9.997675e-01
4.812872e-01 1.362990e-09 6.719440e-01 9.997561e-01
4.790342e-01 1.077147e-09 6.901090e-01 9.997609e-01
4.787985e-01 9.525406e-10 6.639710e-01 9.997380e-01
4.781479e-01 9.130053e-10 7.049490e-01 9.997704e-01
4.755196e-01 6.602038e-10 7.417330e-01 9.997590e-01
4.755719e-01 6.150462e-10 7.003280e-01 9.997285e-01
4.742647e-01 5.387945e-10 7.684900e-01 9.997523e-01
4.748599e-01 5.159901e-10 7.946110e-01 9.997475e-01
4.733707e-01 3.890056e-10 7.354460e-01 9.997408e-01
4.728223e-01 3.669197e-10 7.602720e-01 9.997247e-01
4.732127e-01 3.848235e-10 7.834820e-01 9.997475e-01
4.729899e-01 3.367206e-10 8.255890e-01 9.997513e-01
4.747263e-01 3.805761e-10 8.646730e-01 9.997780e-01
4.729070e-01 3.243846e-10 7.543700e-01 9.997790e-01
4.726675e-01 2.669534e-10 7.495620e-01 9.997437e-01
4.733787e-01 2.775836e-10 7.550110e-01 9.997456e-01
4.721666e-01 2.182175e-10 7.191080e-01 9.997428e-01
4.721961e-01 2.140376e-10 7.985720e-01 9.997732e-01
4.713558e-01 1.996546e-10 8.983190e-01 9.997628e-01
4.732675e-01 2.718362e-10 8.932740e-01 9.997637e-01
4.729317e-01 2.469417e-10 7.869610e-01 9.997437e-01
4.720350e-01 2.087156e-10 8.267430e-01 9.997504e-01
4.718828e-01 1.947825e-10 7.386630e-01 9.997504e-01
4.716770e-01 1.800847e-10 7.632690e-01 9.997685e-01
4.726688e-01 2.342745e-10 7.218790e-01 9.997456e-01
4.725276e-01 2.233574e-10 7.260000e-01 9.997437e-01
4.718637e-01 2.077668e-10 6.717790e-01 9.997456e-01
4.714011e-01 1.813044e-10 6.594030e-01 9.997666e-01
4.720330e-01 1.965646e-10 7.349250e-01 9.997713e-01
4.716606e-01 1.925973e-10 6.820640e-01 9.997275e-01
4.725502e-01 2.533220e-10 7.031550e-01 9.997513e-01
4.725269e-01 2.442431e-10 8.322250e-01 9.997532e-01
4.722448e-01 2.213738e-10 9.394170e-01 9.997418e-01
4.714852e-01 1.654433e-10 9.795280e-01 9.997389e-01
4.719848e-01 2.019244e-10 9.701180e-01 9.997828e-01
4.713237e-01 1.653756e-10 8.016550e-01 9.997685e-01
4.720291e-01 2.027616e-10 7.455250e-01 9.997485e-01
4.719494e-01 2.120895e-10 7.239880e-01 9.997513e-01
4.714558e-01 1.910831e-10 7.457190e-01 9.997380e-01
4.718803e-01 1.915011e-10 7.442690e-01 9.997504e-01
4.711171e-01 1.724028e-10 7.156240e-01 9.997361e-01
4.723590e-01 2.228205e-10 7.494190e-01 9.997494e-01
4.717497e-01 1.893527e-10 7.480070e-01 9.997875e-01
4.723225e-01 2.112277e-10 7.706930e-01 9.997351e-01
4.718000e-01 1.890502e-10 7.428560e-01 9.997180e-01
4.718812e-01 1.778772e-10 7.791490e-01 9.997447e-01
4.709287e-01 1.435084e-10 7.524380e-01 9.997494e-01
4.717024e-01 1.940076e-10 7.483520e-01 9.997485e-01
4.726263e-01 2.100443e-10 9.129570e-01 9.997637e-01
4.718183e-01 1.919319e-10 8.101940e-01 9.997618e-01
4.719246e-01 1.951787e-10 7.506800e-01 9.997466e-01
4.718033e-01 2.044824e-10 7.322240e-01 9.997513e-01
4.720899e-01 1.812745e-10 7.838420e-01 9.996989e-01
4.722515e-01 1.877120e-10 9.208630e-01 9.997628e-01
4.719170e-01 1.872849e-10 8.133890e-01 9.997580e-01
4.730940e-01 2.559720e-10 7.482630e-01 9.997551e-01
4.725939e-01 2.090323e-10 7.723190e-01 9.997637e-01
4.718091e-01 1.574143e-10 7.579080e-01 9.997485e-01
4.720580e-01 1.690038e-10 7.441530e-01 9.997170e-01
4.721566e-01 1.780878e-10 7.234490e-01 9.997570e-01
4.729734e-01 2.117246e-10 7.528840e-01 9.997532e-01
4.726068e-01 2.097336e-10 7.382360e-01 9.997142e-01
4.728065e-01 2.027746e-10 7.422050e-01 9.997466e-01
4.714687e-01 1.603652e-10 7.344190e-01 9.997609e-01
4.728721e-01 2.081499e-10 7.385640e-01 9.997532e-01
4.717655e-01 1.671490e-10 8.143350e-01 9.997485e-01
4.725837e-01 1.919092e-10 9.323430e-01 9.997456e-01
4.724709e-01 1.973338e-10 8.276970e-01 9.997628e-01
4.729803e-01 2.118272e-10 7.404010e-01 9.997170e-01
4.723432e-01 1.879799e-10 7.669460e-01 9.997237e-01
4.724244e-01 1.996228e-10 7.460890e-01 9.997799e-01
4.731464e-01 2.053492e-10 7.101290e-01 9.997456e-01
4.721483e-01 1.731466e-10 7.797340e-01 9.997609e-01
4.740907e-01 2.517914e-10 7.388400e-01 9.997542e-01
4.731382e-01 2.207511e-10 7.633630e-01 9.997647e-01
4.722055e-01 1.702618e-10 7.500930e-01 9.997590e-01
4.728035e-01 1.832786e-10 8.182850e-01 9.997771e-01
4.730587e-01 2.118310e-10 9.111350e-01 9.997437e-01
4.720210e-01 1.407732e-10 7.741230e-01 9.997618e-01
4.731095e-01 2.008764e-10 7.100510e-01 9.997523e-01
4.728569e-01 2.007285e-10 7.465720e-01 9.997723e-01
4.730528e-01 1.940030e-10 7.780090e-01 9.997685e-01
4.722836e-01 1.606881e-10 7.881280e-01 9.997732e-01
4.725068e-01 1.711521e-10 7.761720e-01 9.997123e-01
4.720134e-01 1.562972e-10 6.937180e-01 9.997313e-01
4.732261e-01 2.040785e-10 7.243950e-01 9.997532e-01
4.733193e-01 2.041830e-10 7.559260e-01 9.997771e-01
4.725384e-01 1.919564e-10 7.404580e-01 9.997266e-01
4.732031e-01 1.734463e-10 7.076040e-01 9.997609e-01
4.730108e-01 1.842398e-10 7.225110e-01 9.997561e-01
4.733074e-01 2.093133e-10 7.948250e-01 9.997475e-01
4.727332e-01 1.720274e-10 8.224550e-01 9.997428e-01
4.728906e-01 1.904009e-10 7.885970e-01 9.997609e-01
4.729669e-01 1.821258e-10 8.149890e-01 9.997561e-01
4.719780e-01 1.382389e-10 8.521120e-01 9.997237e-01
4.734389e-01 2.184949e-10 8.301460e-01 9.997590e-01
4.734493e-01 2.168722e-10 7.766110e-01 9.997656e-01
4.724912e-01 1.625779e-10 8.098070e-01 9.997656e-01
4.725827e-01 1.610216e-10 7.561080e-01 9.997580e-01
4.731458e-01 1.693148e-10 7.872530e-01 9.997466e-01
4.732801e-01 1.959268e-10 7.762020e-01 9.997694e-01
4.727954e-01 1.676929e-10 7.812920e-01 9.997570e-01
4.730587e-01 1.725421e-10 8.051690e-01 9.997361e-01
4.732874e-01 1.774314e-10 7.464350e-01 9.997399e-01
4.741873e-01 2.195263e-10 7.933290e-01 9.997523e-01
4.729875e-01 1.795645e-10 7.495830e-01 9.997513e-01
4.729849e-01 1.624264e-10 7.684890e-01 9.997618e-01
4.728751e-01 1.548623e-10 7.905400e-01 9.997323e-01
4.730506e-01 1.692203e-10 7.623610e-01 9.997542e-01
4.736483e-01 1.762538e-10 7.674320e-01 9.997570e-01
4.736717e-01 1.903954e-10 7.614340e-01 9.997599e-01
4.728487e-01 1.418227e-10 7.608500e-01 9.997618e-01
4.738015e-01 1.819525e-10 7.404290e-01 9.997799e-01
4.744343e-01 2.174156e-10 7.540350e-01 9.997628e-01
4.735010e-01 1.684734e-10 7.491380e-01 9.997561e-01
4.730242e-01 1.635992e-10 7.625050e-01 9.997408e-01
4.744916e-01 2.182199e-10 7.542030e-01 9.997475e-01
4.735648e-01 1.914632e-10 7.638830e-01 9.997609e-01
4.733974e-01 1.542162e-10 7.489000e-01 9.997466e-01
4.739952e-01 1.818938e-10 7.962430e-01 9.997847e-01
4.730129e-01 1.492778e-10 7.530900e-01 9.997570e-01
4.726518e-01 1.299743e-10 7.721300e-01 9.997418e-01
4.734015e-01 1.728517e-10 7.695140e-01 9.997399e-01
4.736539e-01 1.906341e-10 7.827990e-01 9.997570e-01
4.737946e-01 1.703852e-10 8.275810e-01 9.997732e-01
4.742636e-01 2.065757e-10 7.719010e-01 9.997580e-01
4.734378e-01 1.831616e-10 7.761130e-01 9.997456e-01
4.735230e-01 1.498204e-10 7.545830e-01 9.997923e-01
4.741308e-01 1.715841e-10 7.615610e-01 9.997513e-01
4.734034e-01 1.545831e-10 7.764910e-01 9.997504e-01
4.737635e-01 1.637679e-10 7.611880e-01 9.997475e-01
4.737023e-01 1.581957e-10 7.455520e-01 9.997532e-01
4.734049e-01 1.530769e-10 7.732270e-01 9.997370e-01
4.738685e-01 1.652228e-10 7.890670e-01 9.997494e-01
4.736917e-01 1.634857e-10 7.696630e-01 9.997532e-01
4.739337e-01 1.655786e-10 7.932810e-01 9.997408e-01
4.744910e-01 2.071092e-10 7.601220e-01 9.997351e-01
4.738112e-01 1.793111e-10 7.980020e-01 9.997647e-01
4.744201e-01 1.784889e-10 7.412700e-01 9.997837e-01
4.741051e-01 1.759933e-10 7.749580e-01 9.997590e-01
4.740364e-01 1.624488e-10 7.746850e-01 9.997809e-01
4.741436e-01 1.693881e-10 7.799730e-01 9.997428e-01
4.738766e-01 1.704566e-10 7.854490e-01 9.997380e-01
4.736804e-01 1.415148e-10 7.837670e-01 9.997675e-01
4.738346e-01 1.481535e-10 7.629380e-01 9.997504e-01
4.743858e-01 1.710662e-10 7.232830e-01 9.997466e-01
4.738543e-01 1.446108e-10 7.653560e-01 9.997628e-01
4.741905e-01 1.879388e-10 7.624390e-01 9.997370e-01
4.742330e-01 1.749997e-10 7.479810e-01 9.997542e-01
4.739074e-01 1.502939e-10 7.596920e-01 9.997618e-01
4.734925e-01 1.506359e-10 7.636870e-01 9.997809e-01
4.732794e-01 1.253553e-10 7.762870e-01 9.997570e-01
4.746268e-01 1.788466e-10 8.012860e-01 9.997570e-01
4.747560e-01 1.839229e-10 8.250070e-01 9.997647e-01
4.743453e-01 1.812079e-10 7.868430e-01 9.997551e-01
4.741395e-01 1.605257e-10 8.007520e-01 9.997447e-01
4.743831e-01 1.625103e-10 7.917660e-01 9.997628e-01
4.743629e-01 1.526649e-10 7.858400e-01 9.997618e-01
4.744823e-01 1.545909e-10 7.690460e-01 9.997580e-01
4.741091e-01 1.562673e-10 7.587560e-01 9.997809e-01
4.748591e-01 1.719545e-10 7.595410e-01 9.997647e-01
4.744282e-01 1.542810e-10 7.519410e-01 9.997389e-01
4.749090e-01 1.824767e-10 7.733810e-01 9.997247e-01
4.740572e-01 1.388200e-10 7.597050e-01 9.997428e-01
4.739618e-01 1.510927e-10 7.305920e-01 9.997408e-01
4.747383e-01 1.764143e-10 7.722780e-01 9.997370e-01
4.743352e-01 1.488112e-10 7.330990e-01 9.997828e-01
4.750634e-01 1.759380e-10 7.193570e-01 9.997656e-01
4.747763e-01 1.604231e-10 7.312640e-01 9.997694e-01
4.749849e-01 1.749472e-10 7.310790e-01 9.997361e-01
4.743331e-01 1.533319e-10 7.458920e-01 9.997542e-01
4.750876e-01 1.714673e-10 7.472110e-01 9.997618e-01
4.750151e-01 1.700658e-10 7.426390e-01 9.997580e-01
4.751136e-01 1.601921e-10 7.336670e-01 9.997618e-01
4.741262e-01 1.391876e-10 7.582840e-01 9.997370e-01
4.741965e-01 1.443187e-10 7.522280e-01 9.997323e-01
4.743684e-01 1.480245e-10 7.473200e-01 9.997437e-01
4.745014e-01 1.338744e-10 7.758240e-01 9.997285e-01
4.747691e-01 1.588965e-10 7.611420e-01 9.997523e-01
4.747130e-01 1.665536e-10 7.629800e-01 9.997437e-01
4.746827e-01 1.445311e-10 7.392490e-01 9.997513e-01
4.743898e-01 1.471420e-10 7.203910e-01 9.997342e-01
4.744055e-01 1.485441e-10 7.623080e-01 9.997437e-01
4.744985e-01 1.411620e-10 7.721330e-01 9.997628e-01
4.748732e-01 1.664988e-10 7.376240e-01 9.997656e-01
4.741776e-01 1.293479e-10 7.880090e-01 9.997351e-01
4.743809e-01 1.258171e-10 7.614680e-01 9.997428e-01
4.747684e-01 1.602727e-10 7.795830e-01 9.997551e-01
4.748420e-01 1.497120e-10 7.603780e-01 9.997323e-01
4.742287e-01 1.288000e-10 7.700030e-01 9.997532e-01
4.738791e-01 1.173678e-10 7.968880e-01 9.997523e-01
4.743885e-01 1.326157e-10 7.919640e-01 9.997609e-01
4.750740e-01 1.605948e-10 7.972070e-01 9.997475e-01
4.757836e-01 1.797139e-10 7.760880e-01 9.997428e-01
4.753256e-01 1.700361e-10 7.987130e-01 9.997447e-01
4.749919e-01 1.440665e-10 7.660940e-01 9.997580e-01
4.745938e-01 1.367874e-10 7.482480e-01 9.997399e-01
4.753865e-01 1.642661e-10 7.880980e-01 9.997504e-01
4.753360e-01 1.612039e-10 7.954060e-01 9.997837e-01
4.760513e-01 1.958128e-10 7.937520e-01 9.997380e-01
4.753119e-01 1.584334e-10 7.569730e-01 9.997771e-01
4.749004e-01 1.329006e-10 7.909100e-01 9.997094e-01
4.757834e-01 1.737437e-10 7.555830e-01 9.997675e-01
4.748382e-01 1.438460e-10 7.561270e-01 9.997494e-01
4.757147e-01 1.486936e-10 7.766490e-01 9.997342e-01
4.753371e-01 1.569925e-10 7.811780e-01 9.997275e-01
4.750944e-01 1.386679e-10 8.284420e-01 9.997351e-01
4.761810e-01 1.793400e-10 7.501010e-01 9.997609e-01
4.757218e-01 1.700915e-10 7.552620e-01 9.997885e-01
4.756090e-01 1.643001e-10 7.466600e-01 9.997647e-01
4.752061e-01 1.411492e-10 7.583570e-01 9.997323e-01
4.754298e-01 1.312692e-10 7.558550e-01 9.997666e-01
4.756013e-01 1.567026e-10 7.737980e-01 9.997380e-01
4.751021e-01 1.294376e-10 7.580290e-01 9.997761e-01
4.757967e-01 1.612830e-10 7.445240e-01 9.997380e-01
4.746477e-01 1.210960e-10 7.276570e-01 9.997370e-01
4.757205e-01 1.587501e-10 7.589310e-01 9.997418e-01
4.755529e-01 1.538127e-10 7.769330e-01 9.997447e-01
4.756142e-01 1.446928e-10 7.929600e-01 9.997713e-01
4.754198e-01 1.357483e-10 7.896530e-01 9.997418e-01
4.752014e-01 1.333541e-10 7.652780e-01 9.997247e-01
4.750917e-01 1.267242e-10 7.410880e-01 9.997389e-01
4.762126e-01 1.632896e-10 7.735210e-01 9.997380e-01
4.759978e-01 1.601719e-10 7.725990e-01 9.997361e-01
4.757556e-01 1.565537e-10 7.871950e-01 9.997504e-01
4.760679e-01 1.476989e-10 7.673850e-01 9.997456e-01
4.752603e-01 1.497834e-10 7.406960e-01 9.997685e-01
4.763433e-01 1.728275e-10 7.621400e-01 9.997313e-01
4.755119e-01 1.413296e-10 7.507840e-01 9.997418e-01
4.755398e-01 1.498771e-10 7.648410e-01 9.997456e-01
4.755277e-01 1.335408e-10 7.497240e-01 9.997742e-01
4.761066e-01 1.426281e-10 7.580070e-01 9.997475e-01
4.759808e-01 1.437721e-10 7.627220e-01 9.997694e-01
4.761614e-01 1.509300e-10 7.688910e-01 9.997713e-01
4.753364e-01 1.152082e-10 7.955450e-01 9.997428e-01
4.756988e-01 1.617260e-10 7.528660e-01 9.997532e-01
4.760494e-01 1.523827e-10 7.511880e-01 9.997561e-01
4.758107e-01 1.327234e-10 8.015260e-01 9.997704e-01
4.758975e-01 1.415206e-10 7.541900e-01 9.997590e-01
4.761892e-01 1.417093e-10 7.824350e-01 9.997685e-01
4.755602e-01 1.403261e-10 8.037580e-01 9.997570e-01
4.761915e-01 1.458089e-10 7.706370e-01 9.997466e-01
4.762109e-01 1.442466e-10 7.869140e-01 9.997227e-01
4.762168e-01 1.575391e-10 7.666020e-01 9.997180e-01
4.764504e-01 1.675332e-10 7.643530e-01 9.997713e-01
4.752798e-01 1.167250e-10 7.731190e-01 9.997704e-01
4.758538e-01 1.274795e-10 7.889630e-01 9.997647e-01
4.754461e-01 1.295686e-10 7.914010e-01 9.997704e-01
4.760386e-01 1.386928e-10 7.726810e-01 9.997580e-01
4.758744e-01 1.406513e-10 8.070590e-01 9.997285e-01
4.765143e-01 1.769653e-10 7.790840e-01 9.997351e-01
4.765146e-01 1.661871e-10 7.500180e-01 9.997523e-01
4.764591e-01 1.336512e-10 7.539700e-01 9.997389e-01
4.759405e-01 1.406803e-10 7.562810e-01 9.997380e-01
4.763243e-01 1.566371e-10 7.787650e-01 9.997780e-01
4.767062e-01 1.518249e-10 7.925840e-01 9.997408e-01
4.762537e-01 1.329288e-10 7.900630e-01 9.997332e-01
4.761724e-01 1.434811e-10 7.661640e-01 9.997656e-01
4.761092e-01 1.290343e-10 7.569450e-01 9.997675e-01
4.759688e-01 1.270511e-10 7.595980e-01 9.997599e-01
4.765849e-01 1.469603e-10 7.340610e-01 9.997494e-01
4.757615e-01 1.246373e-10 8.013270e-01 9.997418e-01
4.757774e-01 1.244464e-10 8.075660e-01 9.997351e-01
4.762069e-01 1.343350e-10 7.870060e-01 9.997494e-01
4.762391e-01 1.287123e-10 7.956210e-01 9.997704e-01
4.765244e-01 1.431736e-10 7.623550e-01 9.997247e-01
4.761821e-01 1.367178e-10 7.710840e-01 9.997542e-01
4.766730e-01 1.586782e-10 7.780210e-01 9.997542e-01
4.766625e-01 1.480772e-10 7.336200e-01 9.997513e-01
4.763078e-01 1.497873e-10 7.885300e-01 9.997704e-01
4.758590e-01 1.199011e-10 8.136220e-01 9.997704e-01
4.764507e-01 1.328261e-10 7.495160e-01 9.997408e-01
4.756971e-01 1.222709e-10 7.653760e-01 9.997447e-01
4.765556e-01 1.493392e-10 7.748340e-01 9.997532e-01
4.773570e-01 1.643071e-10 7.555990e-01 9.997532e-01
4.771383e-01 1.574680e-10 7.591040e-01 9.997437e-01
4.764279e-01 1.360639e-10 8.048300e-01 9.997551e-01
4.764522e-01 1.375736e-10 7.899730e-01 9.997904e-01
4.761619e-01 1.252565e-10 7.946160e-01 9.997551e-01
4.758613e-01 1.136155e-10 7.564890e-01 9.997628e-01
4.768601e-01 1.436262e-10 7.484770e-01 9.997285e-01
4.764284e-01 1.254679e-10 7.891840e-01 9.997313e-01
4.770739e-01 1.503530e-10 7.804260e-01 9.997723e-01
4.769614e-01 1.341269e-10 7.640480e-01 9.997456e-01
4.771375e-01 1.535756e-10 7.921540e-01 9.997513e-01
4.761590e-01 1.182645e-10 7.494380e-01 9.997361e-01
4.762824e-01 1.104653e-10 7.746730e-01 9.997666e-01
4.770527e-01 1.385698e-10 7.402380e-01 9.997761e-01
4.760516e-01 1.154717e-10 7.664910e-01 9.997351e-01
4.761447e-01 1.126336e-10 7.730420e-01 9.997218e-01
4.764348e-01 1.213613e-10 7.486560e-01 9.997399e-01
4.763749e-01 1.210485e-10 7.504280e-01 9.997266e-01
4.763403e-01 1.168652e-10 7.756630e-01 9.997599e-01
4.768321e-01 1.190687e-10 7.723350e-01 9.997694e-01
4.767796e-01 1.386242e-10 7.488560e-01 9.997285e-01
4.771152e-01 1.444265e-10 7.613750e-01 9.997504e-01
4.770318e-01 1.442582e-10 7.702980e-01 9.997656e-01
4.761814e-01 1.170636e-10 7.547200e-01 9.997370e-01
4.768481e-01 1.319398e-10 7.631780e-01 9.997475e-01
4.767709e-01 1.299774e-10 7.817880e-01 9.997132e-01
4.769213e-01 1.323123e-10 7.727540e-01 9.997666e-01
4.770152e-01 1.240379e-10 7.558230e-01 9.997456e-01
4.760304e-01 1.006055e-10 7.645960e-01 9.997285e-01
4.765655e-01 1.192836e-10 7.584040e-01 9.997580e-01
4.771122e-01 1.253263e-10 7.595870e-01 9.997599e-01
4.770712e-01 1.297253e-10 7.800660e-01 9.997456e-01
4.771247e-01 1.202160e-10 7.464690e-01 9.997275e-01
4.767175e-01 1.100670e-10 7.567410e-01 9.997189e-01
4.773121e-01 1.369404e-10 7.554800e-01 9.997656e-01
4.763774e-01 1.071052e-10 7.760260e-01 9.997494e-01
4.762689e-01 1.093331e-10 7.721560e-01 9.997285e-01
4.768280e-01 1.223092e-10 7.605190e-01 9.997609e-01
4.768172e-01 1.088935e-10 7.570960e-01 9.997561e-01
4.768880e-01 1.189983e-10 7.752590e-01 9.997628e-01
4.766173e-01 1.164351e-10 7.501030e-01 9.997389e-01
4.773247e-01 1.497967e-10 7.537470e-01 9.997637e-01
4.771090e-01 1.293953e-10 7.516080e-01 9.997342e-01
4.770631e-01 1.296806e-10 7.788640e-01 9.997447e-01
4.774533e-01 1.375343e-10 7.464760e-01 9.997609e-01
4.768217e-01 1.152354e-10 7.814480e-01 9.997494e-01
4.770382e-01 1.254932e-10 7.940690e-01 9.997656e-01
4.765885e-01 1.044252e-10 7.688050e-01 9.997418e-01
4.771175e-01 1.140002e-10 7.486350e-01 9.997599e-01
4.772203e-01 1.338396e-10 7.810380e-01 9.997580e-01
4.773154e-01 1.296058e-10 7.575680e-01 9.997580e-01
4.772500e-01 1.398080e-10 7.832310e-01 9.997313e-01
4.774146e-01 1.459592e-10 7.761960e-01 9.997437e-01
4.780546e-01 1.597393e-10 7.950710e-01 9.997466e-01
4.768351e-01 1.083945e-10 7.803530e-01 9.997475e-01
4.776032e-01 1.367653e-10 7.657400e-01 9.997466e-01
4.765191e-01 1.053968e-10 7.474270e-01 9.997513e-01
4.773664e-01 1.335074e-10 7.694130e-01 9.997570e-01
4.774086e-01 1.364006e-10 7.906370e-01 9.997275e-01
4.770364e-01 1.066488e-10 7.607640e-01 9.997399e-01
4.768444e-01 1.123657e-10 7.918260e-01 9.997551e-01
4.779500e-01 1.421542e-10 7.614130e-01 9.997399e-01
4.769010e-01 1.136561e-10 7.776130e-01 9.997609e-01
4.768740e-01 1.066287e-10 8.090090e-01 9.997504e-01
4.776716e-01 1.329592e-10 7.698550e-01 9.997313e-01
4.774427e-01 1.242583e-10 7.803900e-01 9.997647e-01
4.775915e-01 1.376768e-10 7.881700e-01 9.997304e-01
4.780475e-01 1.522284e-10 7.864060e-01 9.997618e-01
4.769532e-01 1.060070e-10 7.455040e-01 9.997504e-01
4.775829e-01 1.319247e-10 7.529940e-01 9.997370e-01
4.768665e-01 1.046761e-10 7.845340e-01 9.997447e-01
4.776845e-01 1.233743e-10 7.795170e-01 9.997285e-01
4.777949e-01 1.275440e-10 7.601550e-01 9.997580e-01
4.774741e-01 1.257766e-10 7.800340e-01 9.997332e-01
4.770289e-01 1.001619e-10 7.742350e-01 9.997599e-01
4.776908e-01 1.358265e-10 7.607640e-01 9.997475e-01
4.774845e-01 1.194098e-10 8.214140e-01 9.997561e-01
4.771072e-01 1.024418e-10 7.386520e-01 9.997485e-01
4.778935e-01 1.249602e-10 7.738990e-01 9.997323e-01
4.778254e-01 1.297066e-10 7.423130e-01 9.997713e-01
4.770190e-01 1.051961e-10 7.643220e-01 9.997123e-01
4.776687e-01 1.192197e-10 7.750110e-01 9.997828e-01
4.785645e-01 1.405990e-10 7.766840e-01 9.997618e-01
4.782390e-01 1.423522e-10 7.461840e-01 9.997523e-01
4.771058e-01 1.069253e-10 8.092260e-01 9.997723e-01
4.769871e-01 1.008043e-10 7.074870e-01 9.997466e-01
4.771047e-01 9.196331e-11 7.207300e-01 9.997761e-01
4.778379e-01 1.232838e-10 7.449860e-01 9.997370e-01
4.777407e-01 1.240311e-10 7.030550e-01 9.997542e-01
4.774027e-01 1.095605e-10 6.853460e-01 9.997380e-01
4.778999e-01 1.305036e-10 6.916570e-01 9.997294e-01
4.773172e-01 1.026992e-10 6.663280e-01 9.997580e-01
4.777571e-01 1.106504e-10 6.686420e-01 9.997475e-01
4.773522e-01 1.095951e-10 6.582160e-01 9.997618e-01
4.780498e-01 1.304420e-10 6.870280e-01 9.997580e-01
4.777537e-01 1.275983e-10 6.717180e-01 9.997675e-01
4.777266e-01 1.127670e-10 6.692340e-01 9.997580e-01
4.779440e-01 1.155516e-10 7.037520e-01 9.997380e-01
4.775966e-01 1.107713e-10 7.863650e-01 9.997323e-01
4.784609e-01 1.394453e-10 7.505330e-01 9.997456e-01
4.781346e-01 1.230342e-10 7.171450e-01 9.997675e-01
4.776225e-01 1.094623e-10 7.276930e-01 9.997628e-01
4.773486e-01 1.036255e-10 7.301210e-01 9.997532e-01
4.773922e-01 1.082180e-10 7.311210e-01 9.997313e-01
4.775832e-01 1.130780e-10 7.727440e-01 9.997561e-01
4.777083e-01 1.174441e-10 8.302820e-01 9.997504e-01
4.782047e-01 1.226916e-10 8.868750e-01 9.997351e-01
4.779567e-01 1.135527e-10 8.634590e-01 9.997247e-01
4.781150e-01 1.261284e-10 8.325870e-01 9.997151e-01
4.779159e-01 1.221656e-10 7.542580e-01 9.997532e-01
4.779013e-01 1.152024e-10 7.604320e-01 9.997304e-01
4.781291e-01 1.216983e-10 7.546100e-01 9.997513e-01
4.779215e-01 1.063739e-10 7.323810e-01 9.997504e-01
4.780966e-01 1.248022e-10 7.431820e-01 9.997780e-01
4.777875e-01 1.076056e-10 7.204950e-01 9.997389e-01
4.780663e-01 1.101946e-10 7.137670e-01 9.997542e-01
4.777000e-01 1.122589e-10 7.276950e-01 9.997561e-01
4.779962e-01 1.120605e-10 7.103630e-01 9.997694e-01
4.782636e-01 1.325643e-10 7.599770e-01 9.997208e-01
4.776313e-01 9.585889e-11 7.597080e-01 9.997570e-01
4.775388e-01 9.846066e-11 7.825920e-01 9.997275e-01
4.778778e-01 1.058663e-10 7.481790e-01 9.997685e-01
4.783182e-01 1.143481e-10 7.332440e-01 9.997523e-01
4.780125e-01 1.217149e-10 7.708610e-01 9.997647e-01
4.781247e-01 1.189424e-10 7.756150e-01 9.997751e-01
4.780162e-01 1.078309e-10 7.784410e-01 9.997656e-01
4.777885e-01 1.018223e-10 8.326170e-01 9.997618e-01
4.778491e-01 1.069136e-10 8.890560e-01 9.997618e-01
4.780614e-01 1.185018e-10 7.897520e-01 9.997532e-01
4.782685e-01 1.246308e-10 8.005950e-01 9.997523e-01
4.779507e-01 1.033481e-10 8.095230e-01 9.997456e-01
4.781165e-01 1.160337e-10 7.652930e-01 9.997085e-01
4.783775e-01 1.223021e-10 7.303490e-01 9.997561e-01
4.779662e-01 1.085361e-10 7.419350e-01 9.997428e-01
4.782602e-01 1.116816e-10 7.423300e-01 9.997637e-01
4.781534e-01 1.220486e-10 7.529820e-01 9.997532e-01
4.779098e-01 1.092889e-10 7.367760e-01 9.997780e-01
4.777496e-01 9.934367e-11 7.464810e-01 9.997771e-01
4.784485e-01 1.147943e-10 7.478220e-01 9.997485e-01
4.789139e-01 1.433264e-10 7.453000e-01 9.997342e-01
4.779265e-01 1.083362e-10 7.364030e-01 9.997523e-01
4.782615e-01 1.139093e-10 7.511830e-01 9.997799e-01
4.781617e-01 1.071728e-10 8.098680e-01 9.997513e-01
4.784923e-01 1.222559e-10 7.819270e-01 9.997513e-01
4.786541e-01 1.225575e-10 7.453650e-01 9.997428e-01
4.784136e-01 1.042622e-10 8.139390e-01 9.997532e-01
4.786360e-01 1.123523e-10 9.073320e-01 9.997532e-01
4.778609e-01 1.014957e-10 7.635440e-01 9.997313e-01
4.787141e-01 1.127488e-10 7.563710e-01 9.997732e-01
4.779573e-01 9.355411e-11 7.159380e-01 9.997370e-01
4.782094e-01 9.947394e-11 7.391520e-01 9.997342e-01
4.787249e-01 1.295051e-10 7.726010e-01 9.997599e-01
4.786723e-01 1.210566e-10 7.430810e-01 9.997408e-01
4.784075e-01 1.075052e-10 7.159980e-01 9.997351e-01
4.786154e-01 1.267503e-10 7.380920e-01 9.997694e-01
4.781807e-01 1.005526e-10 7.868760e-01 9.997256e-01
4.789427e-01 1.231197e-10 7.383280e-01 9.997618e-01
4.782406e-01 1.028889e-10 7.289150e-01 9.997742e-01
4.782783e-01 1.036875e-10 7.382480e-01 9.997475e-01
4.789416e-01 1.192670e-10 7.391530e-01 9.997323e-01
4.785184e-01 1.102554e-10 7.435290e-01 9.997456e-01
4.789764e-01 1.110951e-10 8.380470e-01 9.997361e-01
4.786289e-01 1.090983e-10 7.424260e-01 9.997247e-01
4.787173e-01 1.045113e-10 7.446230e-01 9.997428e-01
4.787146e-01 1.160783e-10 7.194230e-01 9.997675e-01
4.786709e-01 9.727369e-11 7.183660e-01 9.997380e-01
4.784821e-01 1.011995e-10 7.233810e-01 9.997809e-01
4.789027e-01 1.069267e-10 7.545740e-01 9.997580e-01
4.787944e-01 1.098286e-10 7.356720e-01 9.997342e-01
4.786076e-01 1.118578e-10 7.284110e-01 9.997713e-01
4.783830e-01 1.029490e-10 7.241840e-01 9.997370e-01
4.787202e-01 1.013896e-10 7.432280e-01 9.997389e-01
4.784010e-01 1.001967e-10 7.686280e-01 9.997418e-01
4.787099e-01 1.113381e-10 7.846700e-01 9.997447e-01
4.789568e-01 1.101430e-10 7.235970e-01 9.997485e-01
4.788252e-01 1.113133e-10 7.559760e-01 9.997418e-01
4.792474e-01 1.333472e-10 7.961210e-01 9.997456e-01
4.785967e-01 1.108367e-10 8.109150e-01 9.997494e-01
4.782655e-01 9.796070e-11 7.694190e-01 9.997342e-01
4.791848e-01 1.226397e-10 7.034650e-01 9.997532e-01
4.786278e-01 1.078219e-10 7.203650e-01 9.997304e-01
4.788055e-01 1.056635e-10 7.026270e-01 9.997342e-01
4.791901e-01 1.052873e-10 7.264730e-01 9.997380e-01
4.784050e-01 9.354153e-11 7.241650e-01 9.997494e-01
4.784530e-01 9.647561e-11 7.302270e-01 9.997656e-01
4.795234e-01 1.322621e-10 7.715320e-01 9.997609e-01
4.790223e-01 1.128954e-10 7.313510e-01 9.997675e-01
4.789538e-01 1.104076e-10 7.517490e-01 9.997523e-01
4.793487e-01 1.216952e-10 7.063070e-01 9.997370e-01
4.789818e-01 1.098319e-10 7.014470e-01 9.997380e-01
4.790029e-01 1.113920e-10 7.119260e-01 9.997237e-01
4.789581e-01 1.057637e-10 8.159130e-01 9.997780e-01
4.797367e-01 1.320600e-10 9.476910e-01 9.997323e-01
4.792037e-01 1.215352e-10 8.549580e-01 9.997389e-01
4.788168e-01 9.754899e-11 8.083320e-01 9.997532e-01
4.785253e-01 9.599517e-11 7.351980e-01 9.997408e-01
4.788042e-01 1.109060e-10 7.123220e-01 9.997771e-01
4.787346e-01 9.455000e-11 6.751660e-01 9.997408e-01
4.791635e-01 1.126368e-10 6.707220e-01 9.997475e-01
4.789170e-01 9.626255e-11 6.626080e-01 9.997380e-01
4.792645e-01 1.138032e-10 7.352270e-01 9.997370e-01
4.785106e-01 8.406353e-11 6.682720e-01 9.997570e-01
4.786865e-01 9.813022e-11 6.722570e-01 9.997713e-01
4.789428e-01 9.928551e-11 6.503260e-01 9.997447e-01
4.791899e-01 9.542707e-11 6.644060e-01 9.997685e-01
4.795748e-01 1.154650e-10 6.911930e-01 9.997532e-01
4.793233e-01 1.063819e-10 6.500240e-01 9.997399e-01
4.796780e-01 1.204924e-10 6.594100e-01 9.997523e-01
4.794799e-01 1.217716e-10 6.459640e-01 9.997294e-01
4.787778e-01 1.051250e-10 7.120980e-01 9.997389e-01
4.780929e-01 7.347516e-11 7.017740e-01 9.997570e-01
4.788597e-01 1.034304e-10 6.623910e-01 9.997523e-01
4.793778e-01 1.175720e-10 6.428060e-01 9.997370e-01
4.791037e-01 1.012200e-10 6.569610e-01 9.997370e-01
4.792248e-01 1.041009e-10 6.501100e-01 9.997370e-01
4.790641e-01 9.676887e-11 6.674940e-01 9.997351e-01
4.792548e-01 1.100252e-10 6.461610e-01 9.997551e-01
4.794959e-01 1.040020e-10 6.405530e-01 9.997713e-01
4.793598e-01 1.028295e-10 6.596490e-01 9.997523e-01
4.788298e-01 8.601418e-11 6.612040e-01 9.997666e-01
4.789621e-01 9.567506e-11 6.677090e-01 9.997437e-01
4.796183e-01 1.082918e-10 6.426950e-01 9.997351e-01
4.798675e-01 1.228239e-10 6.510180e-01 9.997532e-01
4.791320e-01 1.031352e-10 6.370350e-01 9.997599e-01
4.795358e-01 9.927158e-11 6.522370e-01 9.997704e-01
4.790130e-01 9.950689e-11 6.368650e-01 9.997437e-01
4.792084e-01 9.369586e-11 6.344540e-01 9.997342e-01
4.793563e-01 9.936497e-11 6.610450e-01 9.997618e-01
4.788812e-01 8.834477e-11 6.383900e-01 9.997389e-01
4.792912e-01 1.049582e-10 6.577060e-01 9.997685e-01
4.792626e-01 1.034256e-10 6.873620e-01 9.997504e-01
4.788901e-01 8.612909e-11 6.574970e-01 9.997323e-01
4.791063e-01 9.823532e-11 6.881750e-01 9.997275e-01
4.790025e-01 9.018185e-11 6.603330e-01 9.997437e-01
4.790975e-01 9.070281e-11 6.840710e-01 9.997285e-01
4.796845e-01 1.218134e-10 6.948950e-01 9.997532e-01
4.789419e-01 1.015941e-10 6.545060e-01 9.997437e-01
4.797667e-01 1.062008e-10 6.655150e-01 9.997437e-01
4.798909e-01 1.104693e-10 6.362950e-01 9.997790e-01
4.799608e-01 1.139160e-10 6.496850e-01 9.997180e-01
4.791846e-01 8.728455e-11 6.556880e-01 9.997342e-01
4.792905e-01 9.176623e-11 6.317360e-01 9.997647e-01
4.790743e-01 9.305167e-11 6.586040e-01 9.997570e-01
4.790806e-01 8.421685e-11 6.595420e-01 9.997523e-01
4.791773e-01 9.014061e-11 6.455210e-01 9.997580e-01
4.795912e-01 9.747414e-11 6.674990e-01 9.997570e-01
4.792710e-01 9.003222e-11 6.502840e-01 9.997351e-01
4.796073e-01 9.129632e-11 6.445080e-01 9.997532e-01
4.792580e-01 9.847820e-11 6.307220e-01 9.997504e-01
4.795860e-01 1.034430e-10 6.342340e-01 9.997599e-01
4.800170e-01 1.118319e-10 6.352530e-01 9.997561e-01
4.799520e-01 1.030509e-10 6.361480e-01 9.997580e-01
4.798029e-01 9.562683e-11 6.280980e-01 9.997685e-01
4.796019e-01 9.642708e-11 6.273150e-01 9.997637e-01
4.797965e-01 1.016757e-10 6.273470e-01 9.997380e-01
4.796889e-01 9.645766e-11 6.342080e-01 9.997647e-01
4.799601e-01 1.077452e-10 6.340260e-01 9.997590e-01
4.797683e-01 1.030714e-10 6.550660e-01 9.997523e-01
4.800359e-01 1.049945e-10 7.179380e-01 9.997094e-01
4.791042e-01 8.356205e-11 6.536510e-01 9.997599e-01
4.798609e-01 1.035632e-10 6.399150e-01 9.997666e-01
4.795095e-01 9.466654e-11 6.277590e-01 9.997275e-01
4.801983e-01 1.177241e-10 6.281220e-01 9.997713e-01
4.800102e-01 9.851251e-11 6.449000e-01 9.997475e-01
4.797473e-01 9.941811e-11 6.420520e-01 9.997551e-01
4.799988e-01 1.083250e-10 6.514920e-01 9.997561e-01
4.799424e-01 1.117236e-10 6.344600e-01 9.997342e-01
4.797296e-01 9.396208e-11 6.500010e-01 9.997351e-01
4.796097e-01 9.287773e-11 6.283560e-01 9.997637e-01
4.798918e-01 1.017693e-10 6.299040e-01 9.997551e-01
4.795190e-01 9.051691e-11 6.333380e-01 9.997742e-01
4.792719e-01 8.834812e-11 6.281450e-01 9.997266e-01
4.799243e-01 1.028086e-10 6.306400e-01 9.997408e-01
4.797458e-01 9.247222e-11 6.273890e-01 9.997037e-01
4.796124e-01 9.200661e-11 6.304070e-01 9.997418e-01
4.795326e-01 8.282687e-11 6.360710e-01 9.997361e-01
4.798675e-01 9.649568e-11 6.395360e-01 9.997418e-01
4.796161e-01 9.962699e-11 6.301430e-01 9.997494e-01
4.802088e-01 1.035750e-10 6.342860e-01 9.997570e-01
4.795880e-01 9.291317e-11 6.340540e-01 9.997542e-01
4.797898e-01 8.792652e-11 6.345300e-01 9.997732e-01
4.795061e-01 7.550408e-11 6.393010e-01 9.997227e-01
4.795712e-01 8.676985e-11 6.349450e-01 9.997180e-01
4.800130e-01 9.966134e-11 6.394250e-01 9.997637e-01
4.798514e-01 9.937066e-11 7.579470e-01 9.997361e-01
4.796336e-01 8.644501e-11 7.312670e-01 9.997532e-01
4.796132e-01 8.937833e-11 6.930570e-01 9.997628e-01
4.802639e-01 1.009681e-10 8.272370e-01 9.997485e-01
4.796814e-01 9.136979e-11 7.758610e-01 9.997504e-01
4.799940e-01 9.379792e-11 7.414060e-01 9.997904e-01
4.800710e-01 1.049722e-10 7.698130e-01 9.997485e-01
4.798555e-01 1.050197e-10 6.900220e-01 9.997618e-01
4.803306e-01 9.860303e-11 7.202210e-01 9.997561e-01
4.798510e-01 9.386266e-11 6.585360e-01 9.997570e-01
4.803053e-01 1.030420e-10 6.949250e-01 9.997256e-01
4.799137e-01 8.629745e-11 7.404840e-01 9.997694e-01
4.800380e-01 9.895830e-11 7.879530e-01 9.997580e-01
4.799875e-01 9.680592e-11 7.229160e-01 9.997256e-01
4.798224e-01 9.010943e-11 7.475090e-01 9.997599e-01
4.804168e-01 9.943662e-11 7.503300e-01 9.997247e-01
4.812372e-01 1.302368e-10 7.888510e-01 9.997542e-01
4.798392e-01 9.645219e-11 8.212690e-01 9.997732e-01
4.804146e-01 9.779390e-11 7.368180e-01 9.997494e-01
4.800975e-01 9.124335e-11 6.921890e-01 9.997609e-01
4.808839e-01 1.179552e-10 7.777760e-01 9.997323e-01
4.802398e-01 9.492407e-11 6.880190e-01 9.997599e-01
4.799065e-01 8.949588e-11 7.211790e-01 9.997723e-01
4.797982e-01 8.658558e-11 7.729230e-01 9.997542e-01
4.798275e-01 8.576083e-11 7.398730e-01 9.997475e-01
4.803345e-01 9.588596e-11 6.378440e-01 9.997637e-01
4.800546e-01 8.627927e-11 6.413280e-01 9.997580e-01
4.802664e-01 9.203132e-11 6.418410e-01 9.997370e-01
4.803085e-01 9.660363e-11 6.343610e-01 9.997342e-01
4.798988e-01 8.669588e-11 6.351580e-01 9.997542e-01
4.799725e-01 7.800343e-11 6.439380e-01 9.997361e-01
4.805358e-01 9.917561e-11 6.548490e-01 9.997285e-01
4.802050e-01 9.407551e-11 6.594000e-01 9.997456e-01
4.797974e-01 7.628906e-11 6.694240e-01 9.997418e-01
4.800704e-01 9.122862e-11 6.558550e-01 9.997237e-01
4.801702e-01 9.615556e-11 6.434290e-01 9.997532e-01
4.803558e-01 9.123911e-11 6.494050e-01 9.997504e-01
4.800586e-01 8.894796e-11 6.328100e-01 9.997637e-01
4.805198e-01 9.718869e-11 6.342320e-01 9.997370e-01
4.797998e-01 7.583053e-11 6.508360e-01 9.997247e-01
4.805118e-01 1.004834e-10 6.328320e-01 9.997294e-01
4.802845e-01 8.695588e-11 6.744150e-01 9.997551e-01
4.807817e-01 1.025005e-10 7.109010e-01 9.997313e-01
4.796194e-01 7.545809e-11 6.966870e-01 9.997151e-01
4.807816e-01 1.032343e-10 7.756730e-01 9.997447e-01
4.799259e-01 8.248660e-11 7.163090e-01 9.997570e-01
4.805340e-01 9.703443e-11 7.116210e-01 9.997313e-01
4.798229e-01 8.140498e-11 7.180880e-01 9.997485e-01
4.802861e-01 9.593034e-11 6.611820e-01 9.997180e-01
4.800053e-01 7.649051e-11 6.558330e-01 9.997247e-01
4.807822e-01 9.574841e-11 6.458960e-01 9.997351e-01
4.802771e-01 9.094283e-11 6.317780e-01 9.997570e-01
4.802458e-01 8.476094e-11 6.305120e-01 9.997456e-01
4.800384e-01 7.970080e-11 6.402290e-01 9.997370e-01
4.801486e-01 8.338147e-11 6.397800e-01 9.997256e-01
4.806236e-01 1.042505e-10 6.510020e-01 9.997351e-01
4.802170e-01 8.329901e-11 6.641560e-01 9.997380e-01
4.807580e-01 9.531186e-11 6.539420e-01 9.997456e-01
4.805093e-01 8.688764e-11 6.341480e-01 9.997456e-01
4.802760e-01 8.998293e-11 6.395860e-01 9.997342e-01
4.799476e-01 7.594781e-11 6.477980e-01 9.997227e-01
4.807417e-01 9.519830e-11 6.432950e-01 9.997313e-01
4.805043e-01 8.695094e-11 6.432130e-01 9.997151e-01
4.805239e-01 8.778719e-11 6.309720e-01 9.997542e-01
4.802394e-01 8.109679e-11 6.374950e-01 9.997361e-01
4.809175e-01 1.016491e-10 6.372960e-01 9.997647e-01
4.813430e-01 1.073978e-10 6.427680e-01 9.997113e-01
4.804256e-01 8.099548e-11 6.416110e-01 9.997551e-01
4.802012e-01 7.939856e-11 6.736890e-01 9.997694e-01
4.805935e-01 9.290474e-11 6.359860e-01 9.997418e-01
4.802706e-01 7.541531e-11 6.382010e-01 9.997609e-01
4.802497e-01 8.184090e-11 7.083490e-01 9.997551e-01
4.805003e-01 9.106567e-11 6.419070e-01 9.997189e-01
4.808255e-01 9.678773e-11 6.811320e-01 9.997694e-01
4.805437e-01 8.799162e-11 6.702220e-01 9.997666e-01
4.805257e-01 9.431624e-11 6.633900e-01 9.997418e-01
4.809718e-01 1.045862e-10 7.300130e-01 9.997313e-01
4.806774e-01 8.900190e-11 7.198240e-01 9.997447e-01
4.804235e-01 8.566621e-11 7.329330e-01 9.997647e-01
4.802220e-01 8.062843e-11 6.941620e-01 9.997418e-01
4.804263e-01 8.088575e-11 7.458660e-01 9.997694e-01
4.808103e-01 8.920852e-11 8.578160e-01 9.997313e-01
4.804906e-01 8.018372e-11 8.471560e-01 9.997580e-01
4.811131e-01 1.050282e-10 7.565510e-01 9.997494e-01
4.809686e-01 9.663225e-11 6.992710e-01 9.997418e-01
4.805892e-01 8.539080e-11 8.006410e-01 9.997361e-01
4.803700e-01 7.864437e-11 7.018080e-01 9.997466e-01
4.805622e-01 8.357408e-11 6.655450e-01 9.997170e-01
4.804476e-01 8.044737e-11 7.364180e-01 9.997304e-01
4.801079e-01 6.630563e-11 6.937180e-01 9.997447e-01
4.806737e-01 8.745920e-11 6.641180e-01 9.997389e-01
4.800651e-01 7.222488e-11 6.664530e-01 9.997504e-01
4.806005e-01 8.467662e-11 6.801680e-01 9.997532e-01
4.799042e-01 6.935383e-11 7.274100e-01 9.997561e-01
4.806864e-01 8.491478e-11 6.989530e-01 9.997399e-01
4.808669e-01 8.745092e-11 6.939250e-01 9.997656e-01
4.814879e-01 1.038051e-10 6.815170e-01 9.997285e-01
4.808227e-01 9.540925e-11 6.946230e-01 9.997561e-01
4.809681e-01 9.910902e-11 6.760150e-01 9.997580e-01
4.806995e-01 7.608358e-11 7.466730e-01 9.997590e-01
4.811163e-01 9.515003e-11 7.035680e-01 9.997085e-01
4.807589e-01 8.703402e-11 6.892460e-01 9.997399e-01
4.805843e-01 7.430982e-11 6.903120e-01 9.997485e-01
4.808352e-01 8.270583e-11 7.173270e-01 9.997361e-01
4.809727e-01 9.270161e-11 6.829920e-01 9.997713e-01
4.807810e-01 8.551742e-11 7.133560e-01 9.997551e-01
4.807479e-01 8.182505e-11 6.838060e-01 9.997561e-01
4.807442e-01 7.803030e-11 6.664540e-01 9.997618e-01
4.814874e-01 1.051891e-10 6.843850e-01 9.997208e-01
4.806470e-01 8.196305e-11 6.628270e-01 9.997475e-01
4.809752e-01 8.605477e-11 6.716410e-01 9.997247e-01
4.806204e-01 8.561397e-11 6.852950e-01 9.997590e-01
4.805129e-01 7.456851e-11 6.601400e-01 9.997513e-01
4.810952e-01 9.287182e-11 6.495960e-01 9.997380e-01
4.803002e-01 7.264209e-11 6.588010e-01 9.997628e-01
4.807956e-01 7.608234e-11 6.550710e-01 9.997189e-01
4.803098e-01 7.217456e-11 6.620920e-01 9.997447e-01
4.810999e-01 9.576063e-11 6.685540e-01 9.997447e-01
4.814757e-01 9.314375e-11 6.789780e-01 9.997351e-01
4.812462e-01 8.888074e-11 6.430690e-01 9.997408e-01
4.813010e-01 8.943123e-11 6.410170e-01 9.997523e-01
4.816315e-01 1.083660e-10 6.931740e-01 9.997389e-01
4.809400e-01 8.273933e-11 6.521860e-01 9.997332e-01
4.810366e-01 8.978985e-11 6.668140e-01 9.997742e-01
4.808985e-01 8.263660e-11 6.489210e-01 9.997151e-01
4.808440e-01 7.779396e-11 6.758810e-01 9.997418e-01
4.806027e-01 7.105104e-11 6.361000e-01 9.997247e-01
4.809857e-01 8.152296e-11 6.530670e-01 9.997523e-01
4.809676e-01 9.339976e-11 6.453260e-01 9.997713e-01
4.811745e-01 8.251930e-11 6.580070e-01 9.997666e-01
4.808611e-01 8.607244e-11 6.507190e-01 9.997313e-01
4.811909e-01 1.010183e-10 6.401650e-01 9.997408e-01
4.806793e-01 7.814888e-11 6.427940e-01 9.997266e-01
4.810064e-01 8.878881e-11 6.629790e-01 9.997208e-01
4.816847e-01 9.969492e-11 6.792760e-01 9.997266e-01
4.811488e-01 7.584891e-11 6.565460e-01 9.997351e-01
4.811846e-01 7.920533e-11 6.488830e-01 9.997142e-01
4.815635e-01 9.563857e-11 6.556290e-01 9.997494e-01
4.811885e-01 8.458885e-11 6.657570e-01 9.997456e-01
4.814990e-01 9.718943e-11 6.532550e-01 9.997504e-01
4.809713e-01 7.327727e-11 6.532490e-01 9.997180e-01
4.813046e-01 8.651465e-11 6.558810e-01 9.997399e-01
4.812656e-01 9.060138e-11 6.537560e-01 9.997332e-01
4.817717e-01 1.030090e-10 6.696100e-01 9.997227e-01
4.807331e-01 7.215185e-11 6.597960e-01 9.997751e-01
4.812712e-01 8.344900e-11 6.458380e-01 9.997647e-01
4.815223e-01 8.857176e-11 6.694510e-01 9.997561e-01
4.812307e-01 7.656026e-11 6.540180e-01 9.997351e-01
4.815541e-01 9.480430e-11 6.820230e-01 9.997485e-01
4.809008e-01 7.504591e-11 6.621390e-01 9.997370e-01
4.812367e-01 8.227974e-11 6.516600e-01 9.997256e-01
4.807775e-01 6.450996e-11 6.661030e-01 9.997599e-01
4.811042e-01 7.991300e-11 6.616390e-01 9.997713e-01
4.814754e-01 8.131121e-11 6.496020e-01 9.997428e-01
4.816660e-01 8.835387e-11 6.546260e-01 9.997494e-01
4.812551e-01 7.936427e-11 6.697190e-01 9.997332e-01
4.811802e-01 8.661362e-11 6.570490e-01 9.997732e-01
4.811342e-01 8.655285e-11 6.729480e-01 9.997437e-01
4.813249e-01 7.958180e-11 6.774350e-01 9.997466e-01
4.813799e-01 8.619451e-11 6.921220e-01 9.997218e-01
4.814339e-01 8.655188e-11 6.504200e-01 9.997447e-01
4.813713e-01 8.677519e-11 6.910490e-01 9.997332e-01
4.812740e-01 7.531980e-11 6.380340e-01 9.997704e-01
4.815212e-01 9.049565e-11 6.285530e-01 9.997456e-01
4.814887e-01 7.851333e-11 6.433720e-01 9.997408e-01
4.805315e-01 6.625743e-11 6.446320e-01 9.997628e-01
4.812711e-01 7.889158e-11 6.379040e-01 9.997475e-01
4.813066e-01 8.765311e-11 6.303680e-01 9.997504e-01
4.816989e-01 9.260924e-11 6.372580e-01 9.997570e-01
4.813651e-01 8.675730e-11 6.402130e-01 9.997609e-01
4.814172e-01 7.997378e-11 6.438420e-01 9.997227e-01
4.814303e-01 8.036114e-11 6.434560e-01 9.997399e-01
4.814712e-01 8.116531e-11 6.276410e-01 9.997447e-01
4.817180e-01 8.286908e-11 6.392300e-01 9.997046e-01
4.814846e-01 7.650706e-11 6.448850e-01 9.997447e-01
4.814444e-01 7.667674e-11 6.567310e-01 9.997218e-01
4.816097e-01 8.223836e-11 6.982550e-01 9.997313e-01
4.810153e-01 6.759195e-11 6.984290e-01 9.997332e-01
4.818891e-01 8.301166e-11 7.089300e-01 9.997466e-01
4.814906e-01 7.481020e-11 6.912790e-01 9.997351e-01
4.818132e-01 8.857016e-11 6.802300e-01 9.997532e-01
4.818236e-01 9.315846e-11 6.720410e-01 9.997342e-01
4.813878e-01 8.238261e-11 6.644340e-01 9.997304e-01
4.815458e-01 8.464757e-11 6.912240e-01 9.997485e-01
4.812541e-01 7.013205e-11 7.190630e-01 9.997418e-01
4.815713e-01 8.289490e-11 7.115140e-01 9.997628e-01
4.815546e-01 7.934918e-11 6.840640e-01 9.997923e-01
4.814927e-01 8.064530e-11 6.566680e-01 9.997218e-01
4.814868e-01 7.965721e-11 6.328050e-01 9.997590e-01
4.815203e-01 7.246149e-11 6.486910e-01 9.997799e-01
4.815589e-01 7.930491e-11 6.453380e-01 9.997523e-01
4.819296e-01 8.515836e-11 6.551090e-01 9.997123e-01
4.815570e-01 7.865764e-11 6.288220e-01 9.997580e-01
4.817397e-01 7.650419e-11 6.405790e-01 9.997256e-01
4.813547e-01 7.682464e-11 6.348610e-01 9.997599e-01
4.811537e-01 6.310099e-11 6.277830e-01 9.997266e-01
4.817739e-01 8.482796e-11 6.391210e-01 9.997532e-01
4.816147e-01 7.852724e-11 6.328600e-01 9.997447e-01
4.817625e-01 8.555944e-11 6.700150e-01 9.997408e-01
4.814739e-01 8.254372e-11 6.612380e-01 9.997532e-01
4.820753e-01 8.795233e-11 6.567330e-01 9.997113e-01
4.814966e-01 6.952830e-11 6.468320e-01 9.997551e-01
4.815068e-01 7.675304e-11 6.302490e-01 9.997408e-01
4.816858e-01 8.442055e-11 6.745490e-01 9.997332e-01
4.815190e-01 8.092294e-11 6.979600e-01 9.997761e-01
4.818794e-01 8.019681e-11 6.878530e-01 9.997666e-01
4.817276e-01 7.709587e-11 6.699390e-01 9.997447e-01
4.817599e-01 7.306008e-11 7.072960e-01 9.997532e-01
4.817200e-01 7.054396e-11 6.758010e-01 9.997304e-01
4.816426e-01 7.800348e-11 6.682520e-01 9.997428e-01
4.815200e-01 7.305969e-11 6.743250e-01 9.997523e-01
4.817817e-01 8.712285e-11 6.709880e-01 9.997285e-01
4.819174e-01 7.640260e-11 7.049150e-01 9.997466e-01
4.819977e-01 8.228434e-11 7.037350e-01 9.997475e-01
4.820072e-01 9.097334e-11 6.956610e-01 9.997199e-01
4.819097e-01 8.748962e-11 7.755430e-01 9.997742e-01
4.823785e-01 9.508888e-11 7.385010e-01 9.997399e-01
4.811222e-01 5.642272e-11 6.908570e-01 9.997342e-01
4.822574e-01 7.810342e-11 6.859500e-01 9.997361e-01
4.819974e-01 8.238324e-11 6.882810e-01 9.997408e-01
4.819933e-01 9.154165e-11 7.669340e-01 9.997266e-01
4.817375e-01 7.578155e-11 7.396970e-01 9.997437e-01
4.818654e-01 7.349703e-11 7.079980e-01 9.997609e-01
4.821588e-01 8.773553e-11 6.882520e-01 9.997466e-01
4.818476e-01 7.717627e-11 7.127250e-01 9.997513e-01
4.818030e-01 6.998892e-11 7.246950e-01 9.997628e-01
4.817480e-01 6.998116e-11 6.773260e-01 9.997332e-01
4.815573e-01 6.675643e-11 7.567170e-01 9.997361e-01
4.814085e-01 6.729425e-11 7.532890e-01 9.997304e-01
4.819153e-01 7.242254e-11 7.620640e-01 9.997104e-01
4.818874e-01 8.005716e-11 7.357780e-01 9.997266e-01
4.821901e-01 8.908169e-11 7.290080e-01 9.997361e-01
4.816099e-01 7.065107e-11 6.954350e-01 9.997713e-01
4.823333e-01 8.486747e-11 6.991510e-01 9.997666e-01
4.820238e-01 8.282670e-11 6.841080e-01 9.997713e-01
4.817358e-01 7.706234e-11 6.916700e-01 9.997342e-01
4.815574e-01 7.548618e-11 7.720890e-01 9.997408e-01
4.821413e-01 8.641040e-11 7.396490e-01 9.997380e-01
4.819749e-01 7.677569e-11 6.946440e-01 9.997761e-01
4.820203e-01 8.652882e-11 7.579970e-01 9.997637e-01
4.818745e-01 7.489277e-11 7.157160e-01 9.997380e-01
4.819655e-01 7.997741e-11 6.588820e-01 9.997704e-01
4.825948e-01 8.996405e-11 7.100270e-01 9.997513e-01
4.814527e-01 6.549372e-11 6.603910e-01 9.997790e-01
4.816315e-01 6.569435e-11 6.535230e-01 9.997551e-01
4.818088e-01 7.530881e-11 6.494580e-01 9.997551e-01
4.819287e-01 7.102733e-11 6.485980e-01 9.997380e-01
4.818317e-01 6.643836e-11 6.379170e-01 9.997532e-01
4.821448e-01 7.403941e-11 6.420940e-01 9.997332e-01
4.820538e-01 7.682919e-11 6.348690e-01 9.997694e-01
4.817779e-01 7.201032e-11 6.982280e-01 9.997609e-01
4.819841e-01 7.382173e-11 7.114470e-01 9.997523e-01
4.819385e-01 6.892721e-11 8.005740e-01 9.997313e-01
4.820565e-01 7.915939e-11 7.586430e-01 9.997046e-01
4.822285e-01 8.100824e-11 7.057340e-01 9.997599e-01
4.818479e-01 6.817909e-11 6.973590e-01 9.997323e-01
4.814003e-01 6.264704e-11 6.645920e-01 9.997704e-01
4.822577e-01 7.979553e-11 6.665130e-01 9.997523e-01
4.821917e-01 7.792274e-11 6.592350e-01 9.997332e-01
4.821975e-01 8.150078e-11 6.590730e-01 9.997609e-01
4.823641e-01 8.072282e-11 6.661350e-01 9.997342e-01
4.820643e-01 7.778551e-11 6.868900e-01 9.997570e-01
4.822005e-01 7.413926e-11 7.094010e-01 9.997389e-01
4.819490e-01 7.810761e-11 7.247590e-01 9.997685e-01
4.820058e-01 6.700689e-11 7.141080e-01 9.997599e-01
4.823057e-01 7.513075e-11 7.286700e-01 9.997323e-01
4.818608e-01 7.877329e-11 7.278470e-01 9.997647e-01
4.824467e-01 7.985451e-11 7.280150e-01 9.997161e-01
4.818989e-01 7.569085e-11 7.097940e-01 9.997532e-01
4.823054e-01 7.393551e-11 7.061970e-01 9.997399e-01
4.821114e-01 7.690777e-11 7.155170e-01 9.997742e-01
4.819196e-01 6.771292e-11 7.057650e-01 9.997285e-01
4.820752e-01 7.074650e-11 7.448870e-01 9.997294e-01
4.823611e-01 7.677494e-11 7.445930e-01 9.997637e-01
4.822652e-01 7.270748e-11 7.065790e-01 9.997361e-01
4.821018e-01 7.532648e-11 6.936290e-01 9.997399e-01
4.814803e-01 6.110246e-11 6.999890e-01 9.997266e-01
4.822724e-01 7.037517e-11 7.097680e-01 9.997590e-01
4.824922e-01 7.097055e-11 7.095180e-01 9.997685e-01
4.820739e-01 6.913387e-11 7.436210e-01 9.997408e-01
4.821010e-01 7.534395e-11 7.390480e-01 9.997361e-01
4.825664e-01 8.007713e-11 7.755790e-01 9.997151e-01
4.823866e-01 7.504659e-11 7.379420e-01 9.997637e-01
4.826107e-01 8.289643e-11 6.938950e-01 9.997361e-01
4.821002e-01 6.730200e-11 7.233290e-01 9.997437e-01
4.821524e-01 7.279759e-11 7.511880e-01 9.997685e-01
4.822826e-01 7.766359e-11 7.505880e-01 9.997551e-01
4.821415e-01 6.643190e-11 7.446150e-01 9.997389e-01
4.823674e-01 7.664020e-11 7.078920e-01 9.997380e-01
4.818308e-01 6.397366e-11 7.031580e-01 9.997199e-01
4.823012e-01 7.497195e-11 7.224730e-01 9.997647e-01
4.821192e-01 6.654756e-11 6.715190e-01 9.997694e-01
4.820680e-01 6.634020e-11 6.924410e-01 9.997266e-01
4.821448e-01 6.938228e-11 7.215850e-01 9.997466e-01
4.817086e-01 6.451243e-11 7.853430e-01 9.997370e-01
4.816214e-01 5.396197e-11 6.760730e-01 9.997590e-01
4.822843e-01 7.075682e-11 7.491650e-01 9.997485e-01
4.826210e-01 8.464740e-11 7.050400e-01 9.997809e-01
4.820884e-01 7.438233e-11 7.009680e-01 9.997580e-01
4.825387e-01 8.503997e-11 7.381840e-01 9.997237e-01
4.823360e-01 7.636805e-11 7.081700e-01 9.997713e-01
4.825442e-01 7.536674e-11 6.822830e-01 9.997704e-01
4.826688e-01 8.068640e-11 6.733340e-01 9.997780e-01
4.821189e-01 6.898923e-11 6.542140e-01 9.997332e-01
4.823902e-01 7.492963e-11 7.338600e-01 9.997189e-01
4.826344e-01 7.350977e-11 7.493490e-01 9.997713e-01
4.826306e-01 7.897603e-11 7.000790e-01 9.997389e-01
4.824562e-01 7.506170e-11 6.863220e-01 9.997494e-01
4.824568e-01 7.280796e-11 7.394950e-01 9.997447e-01
4.824538e-01 7.186201e-11 6.982950e-01 9.997428e-01
4.826727e-01 6.797882e-11 6.977100e-01 9.997561e-01
4.825273e-01 7.581756e-11 6.858900e-01 9.997466e-01
4.823731e-01 7.498058e-11 6.538010e-01 9.997399e-01
4.823907e-01 7.070071e-11 6.985790e-01 9.997370e-01
4.825286e-01 7.731398e-11 6.899070e-01 9.997275e-01
4.819683e-01 5.755647e-11 7.284980e-01 9.997256e-01
4.821265e-01 6.198369e-11 7.590950e-01 9.997542e-01
4.822790e-01 7.154514e-11 7.036860e-01 9.997485e-01
4.826732e-01 7.114211e-11 6.884340e-01 9.997399e-01
4.823642e-01 7.027934e-11 8.234850e-01 9.997618e-01
4.821402e-01 6.096548e-11 8.490980e-01 9.997742e-01
4.827766e-01 7.660967e-11 7.673570e-01 9.997294e-01
4.825329e-01 6.768670e-11 7.557600e-01 9.997408e-01
4.824055e-01 6.511254e-11 7.639940e-01 9.997590e-01
4.822839e-01 6.536648e-11 6.813340e-01 9.997466e-01
4.828913e-01 8.902162e-11 7.246990e-01 9.997570e-01
4.826270e-01 7.502507e-11 7.183050e-01 9.997256e-01
4.828362e-01 8.025014e-11 6.982280e-01 9.997370e-01
4.826638e-01 6.926783e-11 6.802450e-01 9.997475e-01
4.828462e-01 7.499618e-11 7.293380e-01 9.997780e-01
4.826747e-01 8.275227e-11 6.785610e-01 9.997732e-01
4.826119e-01 8.558770e-11 6.753960e-01 9.997590e-01
4.822603e-01 6.340938e-11 6.656980e-01 9.997389e-01
4.827218e-01 7.478591e-11 7.007490e-01 9.997647e-01
4.824316e-01 6.535911e-11 6.855860e-01 9.997208e-01
4.827312e-01 6.731146e-11 6.529590e-01 9.997370e-01
4.831221e-01 8.548372e-11 6.702450e-01 9.997647e-01
4.828609e-01 8.113477e-11 6.477540e-01 9.997609e-01
4.824183e-01 6.568612e-11 6.449780e-01 9.997561e-01
4.824847e-01 6.503055e-11 6.887210e-01 9.997513e-01
4.829468e-01 8.269063e-11 6.583410e-01 9.997637e-01
4.823234e-01 6.152988e-11 6.565050e-01 9.997437e-01
4.829052e-01 7.533894e-11 6.590740e-01 9.997609e-01
4.825348e-01 6.755946e-11 7.005960e-01 9.997628e-01
4.824271e-01 6.585500e-11 6.558770e-01 9.997370e-01
4.823434e-01 6.034957e-11 6.449310e-01 9.997161e-01
4.823981e-01 5.957489e-11 6.603380e-01 9.997323e-01
4.830497e-01 7.819929e-11 6.700850e-01 9.997380e-01
4.828851e-01 7.561530e-11 6.859660e-01 9.997447e-01
4.829339e-01 7.772468e-11 6.607800e-01 9.997513e-01
4.827872e-01 7.129511e-11 6.880720e-01 9.997323e-01
4.822719e-01 6.278399e-11 6.633580e-01 9.997437e-01
4.826801e-01 7.053033e-11 6.539660e-01 9.997628e-01
4.826196e-01 7.124492e-11 7.480340e-01 9.997628e-01
4.827296e-01 7.505796e-11 7.060310e-01 9.997456e-01
4.821852e-01 5.533073e-11 7.248940e-01 9.997570e-01
4.826710e-01 6.094055e-11 7.118490e-01 9.997513e-01
4.826375e-01 6.614032e-11 6.979060e-01 9.997342e-01
4.827205e-01 7.349401e-11 7.115510e-01 9.997408e-01
4.826853e-01 6.716275e-11 7.045990e-01 9.997247e-01
4.830939e-01 8.012274e-11 7.279160e-01 9.997447e-01
4.826991e-01 6.841770e-11 6.999440e-01 9.997828e-01
4.826446e-01 6.638990e-11 7.053380e-01 9.997532e-01
4.827264e-01 6.690373e-11 6.936060e-01 9.997247e-01
4.827331e-01 8.055638e-11 7.114460e-01 9.997361e-01
4.827964e-01 7.323518e-11 7.087590e-01 9.997313e-01
4.826989e-01 7.168595e-11 6.958180e-01 9.997275e-01
4.829106e-01 8.054201e-11 6.818200e-01 9.997361e-01
4.828194e-01 6.978413e-11 6.757240e-01 9.997370e-01
4.828958e-01 6.996471e-11 6.569610e-01 9.997266e-01
4.824486e-01 5.924025e-11 6.677130e-01 9.997389e-01
4.826392e-01 6.721438e-11 6.753690e-01 9.997456e-01
4.830387e-01 7.380326e-11 7.052760e-01 9.997447e-01
4.826960e-01 6.291974e-11 6.676740e-01 9.997675e-01
4.827267e-01 6.555346e-11 6.734090e-01 9.997599e-01
4.829072e-01 6.691974e-11 6.470460e-01 9.997532e-01
4.822845e-01 6.100690e-11 6.807810e-01 9.997237e-01
4.827437e-01 6.589547e-11 6.598660e-01 9.997437e-01
4.828803e-01 6.819096e-11 6.350600e-01 9.997342e-01
4.826830e-01 6.327550e-11 6.739430e-01 9.997609e-01
4.825606e-01 6.642679e-11 7.062440e-01 9.997313e-01
4.826369e-01 6.334589e-11 6.861280e-01 9.997456e-01
4.829083e-01 7.197401e-11 6.898310e-01 9.997456e-01
4.829287e-01 6.999117e-11 7.484650e-01 9.997418e-01
4.829875e-01 6.984530e-11 7.015130e-01 9.997466e-01
4.831673e-01 7.454279e-11 6.657330e-01 9.997456e-01
4.829796e-01 6.572356e-11 7.511700e-01 9.997199e-01
4.830387e-01 7.298995e-11 7.097590e-01 9.997380e-01
4.824341e-01 5.316142e-11 7.649510e-01 9.997523e-01
4.827580e-01 6.443455e-11 8.038850e-01 9.997475e-01
4.829898e-01 6.706312e-11 7.222620e-01 9.997218e-01
4.829863e-01 7.079243e-11 7.605900e-01 9.997609e-01
4.827812e-01 6.192276e-11 8.215890e-01 9.997389e-01
4.832762e-01 7.601479e-11 8.480720e-01 9.997647e-01
4.829953e-01 7.026954e-11 9.044080e-01 9.997637e-01
4.828258e-01 6.360680e-11 9.002320e-01 9.997342e-01
4.829764e-01 6.833873e-11 8.999260e-01 9.997370e-01
4.829354e-01 6.264308e-11 8.070690e-01 9.997437e-01
4.828694e-01 6.128558e-11 7.320580e-01 9.997408e-01
4.831828e-01 7.059789e-11 7.637210e-01 9.997180e-01
4.827973e-01 6.303724e-11 8.205690e-01 9.997332e-01
4.832413e-01 7.280555e-11 7.650870e-01 9.997189e-01
4.826522e-01 5.923442e-11 7.024560e-01 9.997485e-01
4.831014e-01 7.153935e-11 7.876070e-01 9.997475e-01
4.832995e-01 7.377334e-11 7.456330e-01 9.997399e-01
4.827185e-01 6.785234e-11 7.219930e-01 9.997456e-01
4.830843e-01 6.826394e-11 7.079740e-01 9.997399e-01
4.833135e-01 7.659801e-11 6.977610e-01 9.997847e-01
4.831185e-01 6.951342e-11 6.883420e-01 9.997247e-01
4.832707e-01 7.376495e-11 6.813190e-01 9.997342e-01
4.834206e-01 7.749321e-11 6.922510e-01 9.997570e-01
4.831159e-01 6.712191e-11 6.748720e-01 9.997675e-01
4.826627e-01 6.066506e-11 7.127600e-01 9.997227e-01
4.825910e-01 5.479110e-11 7.202760e-01 9.997285e-01
4.828600e-01 5.988262e-11 6.958160e-01 9.997399e-01
4.830558e-01 6.222487e-11 6.919140e-01 9.997208e-01
4.829882e-01 6.527150e-11 7.333420e-01 9.997323e-01
4.831080e-01 6.556787e-11 8.022190e-01 9.997380e-01
4.827415e-01 5.981689e-11 8.370220e-01 9.997380e-01
4.834038e-01 8.007647e-11 8.559150e-01 9.997380e-01
4.829086e-01 6.023424e-11 8.141880e-01 9.997513e-01
4.827375e-01 6.073421e-11 8.707700e-01 9.997370e-01
4.832553e-01 7.251960e-11 8.224640e-01 9.997666e-01
4.834966e-01 7.601305e-11 8.416320e-01 9.997437e-01
4.833198e-01 6.895912e-11 7.725610e-01 9.997351e-01
4.832605e-01 6.606242e-11 7.282110e-01 9.997313e-01
4.830652e-01 6.464677e-11 7.397890e-01 9.997466e-01
4.830122e-01 5.889859e-11 7.653940e-01 9.997389e-01
4.825409e-01 5.002661e-11 7.999560e-01 9.997247e-01
4.830467e-01 6.113260e-11 7.436260e-01 9.997151e-01
4.833249e-01 6.745942e-11 7.406400e-01 9.997418e-01
4.834399e-01 6.506803e-11 7.342080e-01 9.997399e-01
4.833178e-01 6.787780e-11 7.135210e-01 9.997380e-01
4.832645e-01 7.158252e-11 7.288470e-01 9.997647e-01
4.827101e-01 5.527807e-11 7.457670e-01 9.997475e-01
4.838239e-01 8.428102e-11 6.934170e-01 9.997370e-01
