# dim  N   mc   rho  Brute 
# 1    1 1049576 1
#
# Theoretical Energy = 5.000000e-01
# Energy     Variance     CPU time     Acceptance
5.059709e-01 5.977625e-09 2.642900e-01 8.604341e-01
5.066078e-01 5.845696e-09 2.175660e-01 8.604103e-01
5.057634e-01 5.700593e-09 2.051540e-01 8.608972e-01
5.067066e-01 5.655162e-09 2.094490e-01 8.597881e-01
5.052840e-01 5.453110e-09 2.345490e-01 8.606266e-01
5.046599e-01 5.430953e-09 2.099080e-01 8.600349e-01
5.049077e-01 5.297286e-09 2.339250e-01 8.599663e-01
5.048312e-01 5.195269e-09 2.131700e-01 8.601321e-01
5.047756e-01 5.059957e-09 1.897240e-01 8.605132e-01
5.044032e-01 4.963408e-09 2.164600e-01 8.607057e-01
5.045989e-01 4.882642e-09 2.055620e-01 8.603036e-01
5.053687e-01 4.791124e-09 2.160050e-01 8.599053e-01
5.044059e-01 4.713291e-09 1.846710e-01 8.596805e-01
5.043605e-01 4.585933e-09 1.780110e-01 8.609315e-01
5.042559e-01 4.525255e-09 1.877910e-01 8.604208e-01
5.046226e-01 4.419497e-09 1.838540e-01 8.605675e-01
5.042834e-01 4.330215e-09 1.892590e-01 8.598834e-01
5.039467e-01 4.234300e-09 1.944640e-01 8.604236e-01
5.046244e-01 4.154965e-09 1.957840e-01 8.601254e-01
5.043226e-01 4.065289e-09 1.856960e-01 8.601702e-01
5.040089e-01 3.964977e-09 1.910850e-01 8.612020e-01
5.039511e-01 3.843324e-09 1.854490e-01 8.608610e-01
5.039926e-01 3.892512e-09 2.380240e-01 8.600330e-01
5.031892e-01 3.767926e-09 2.192700e-01 8.599015e-01
5.032763e-01 3.689226e-09 2.175300e-01 8.607914e-01
5.029133e-01 3.586085e-09 2.029040e-01 8.609010e-01
5.031411e-01 3.543150e-09 1.975310e-01 8.602969e-01
5.035341e-01 3.461174e-09 1.976770e-01 8.603427e-01
5.031847e-01 3.380306e-09 1.938510e-01 8.601130e-01
5.031435e-01 3.331615e-09 1.828790e-01 8.605294e-01
5.035900e-01 3.273874e-09 1.851170e-01 8.604389e-01
5.026958e-01 3.211466e-09 2.052290e-01 8.595204e-01
5.030802e-01 3.134140e-09 2.301120e-01 8.597900e-01
5.029837e-01 3.081510e-09 2.224110e-01 8.601740e-01
5.030135e-01 3.009490e-09 2.140220e-01 8.602102e-01
5.030114e-01 2.920465e-09 2.152570e-01 8.615136e-01
5.025817e-01 2.864611e-09 2.028860e-01 8.610353e-01
5.026822e-01 2.789349e-09 2.142240e-01 8.610420e-01
5.029334e-01 2.777179e-09 2.092190e-01 8.600940e-01
5.026562e-01 2.716896e-09 2.151980e-01 8.601026e-01
5.025656e-01 2.653436e-09 1.984860e-01 8.602788e-01
5.028309e-01 2.598057e-09 2.021830e-01 8.605027e-01
5.024259e-01 2.565650e-09 1.954690e-01 8.606771e-01
5.023575e-01 2.529791e-09 2.131810e-01 8.602169e-01
5.023145e-01 2.438549e-09 2.049420e-01 8.604656e-01
5.027109e-01 2.410236e-09 1.980670e-01 8.607733e-01
5.024118e-01 2.363235e-09 2.238710e-01 8.600244e-01
5.021245e-01 2.321234e-09 2.114380e-01 8.607676e-01
5.023243e-01 2.282348e-09 2.319320e-01 8.603274e-01
5.022333e-01 2.224909e-09 2.105440e-01 8.601931e-01
5.022004e-01 2.184505e-09 2.160060e-01 8.607095e-01
5.022042e-01 2.136902e-09 2.003030e-01 8.607323e-01
5.015184e-01 2.095464e-09 2.037200e-01 8.605837e-01
5.019309e-01 2.067136e-09 1.964250e-01 8.598910e-01
5.019486e-01 2.028579e-09 2.161640e-01 8.602626e-01
5.018146e-01 1.971359e-09 2.016750e-01 8.604436e-01
5.017501e-01 1.932336e-09 2.154780e-01 8.599301e-01
5.017225e-01 1.910487e-09 2.221350e-01 8.598787e-01
5.023039e-01 1.833924e-09 2.107150e-01 8.604103e-01
5.015580e-01 1.814923e-09 2.226670e-01 8.607180e-01
5.015846e-01 1.783655e-09 1.996040e-01 8.607809e-01
5.014527e-01 1.767967e-09 2.106950e-01 8.602436e-01
5.015466e-01 1.716390e-09 2.125470e-01 8.601302e-01
5.018524e-01 1.689722e-09 2.002990e-01 8.597958e-01
5.017471e-01 1.638868e-09 2.123440e-01 8.611230e-01
5.014200e-01 1.614760e-09 1.985610e-01 8.606266e-01
5.013506e-01 1.556841e-09 2.183840e-01 8.610086e-01
5.011749e-01 1.564238e-09 2.082440e-01 8.601978e-01
5.020698e-01 1.520357e-09 2.087090e-01 8.600416e-01
5.019045e-01 1.480950e-09 1.964460e-01 8.609000e-01
5.017859e-01 1.465532e-09 2.067580e-01 8.599025e-01
5.011990e-01 1.423498e-09 2.023680e-01 8.611144e-01
5.014723e-01 1.386702e-09 1.976410e-01 8.607562e-01
5.015740e-01 1.373553e-09 2.071820e-01 8.601940e-01
5.015305e-01 1.339943e-09 2.101090e-01 8.599673e-01
5.013582e-01 1.319848e-09 2.069360e-01 8.609848e-01
5.013105e-01 1.293500e-09 2.121210e-01 8.598777e-01
5.017409e-01 1.264749e-09 2.141020e-01 8.606447e-01
5.012259e-01 1.247168e-09 2.142320e-01 8.600092e-01
5.012275e-01 1.215599e-09 2.081830e-01 8.601607e-01
5.012054e-01 1.188715e-09 2.048570e-01 8.605799e-01
5.011052e-01 1.180120e-09 2.129210e-01 8.606428e-01
5.010859e-01 1.146655e-09 2.057800e-01 8.601483e-01
5.014639e-01 1.129275e-09 1.835890e-01 8.605465e-01
5.010199e-01 1.098543e-09 2.026060e-01 8.603217e-01
5.009037e-01 1.079691e-09 1.989130e-01 8.605284e-01
5.011537e-01 1.069590e-09 1.887710e-01 8.605885e-01
5.007698e-01 1.037365e-09 2.095220e-01 8.603579e-01
5.010906e-01 1.019531e-09 2.015230e-01 8.602817e-01
5.011510e-01 9.963740e-10 1.978010e-01 8.599549e-01
5.004857e-01 9.675468e-10 2.049820e-01 8.613459e-01
5.011229e-01 9.546252e-10 2.049450e-01 8.601893e-01
5.011130e-01 9.357959e-10 1.987200e-01 8.610753e-01
5.009840e-01 9.170395e-10 2.044620e-01 8.606761e-01
5.005433e-01 9.075605e-10 2.153900e-01 8.601635e-01
5.008917e-01 8.959729e-10 2.088750e-01 8.603341e-01
5.008734e-01 8.639778e-10 2.070690e-01 8.603398e-01
5.009076e-01 8.522406e-10 1.987460e-01 8.601531e-01
5.009791e-01 8.323910e-10 2.095820e-01 8.599939e-01
5.007538e-01 8.183458e-10 2.136030e-01 8.602912e-01
5.010029e-01 8.054807e-10 2.122730e-01 8.602007e-01
5.006250e-01 7.814133e-10 2.093940e-01 8.602855e-01
5.006118e-01 7.703322e-10 2.026270e-01 8.603226e-01
5.005374e-01 7.519998e-10 2.032420e-01 8.604818e-01
5.007151e-01 7.297854e-10 2.056260e-01 8.607895e-01
5.005272e-01 7.246261e-10 2.007110e-01 8.602045e-01
5.006020e-01 7.152800e-10 2.185970e-01 8.599920e-01
5.005592e-01 6.925047e-10 2.161910e-01 8.607257e-01
5.006934e-01 6.825361e-10 2.179930e-01 8.605951e-01
5.005907e-01 6.701809e-10 2.096000e-01 8.597691e-01
5.006712e-01 6.543079e-10 2.116890e-01 8.607247e-01
5.006358e-01 6.446864e-10 1.979820e-01 8.598625e-01
5.008392e-01 6.251625e-10 2.178540e-01 8.598282e-01
5.005255e-01 6.163383e-10 2.095210e-01 8.607781e-01
5.005507e-01 6.018855e-10 2.181930e-01 8.606752e-01
5.004834e-01 5.984519e-10 2.327810e-01 8.599520e-01
5.007365e-01 5.767921e-10 2.194570e-01 8.604665e-01
5.005110e-01 5.690848e-10 2.100930e-01 8.604341e-01
5.007324e-01 5.585231e-10 1.962070e-01 8.604532e-01
5.002921e-01 5.443131e-10 2.310960e-01 8.604741e-01
5.006246e-01 5.320582e-10 2.245940e-01 8.607981e-01
5.006521e-01 5.205753e-10 2.044310e-01 8.610763e-01
5.006325e-01 5.106431e-10 2.053710e-01 8.611201e-01
5.004886e-01 5.023909e-10 2.242570e-01 8.600997e-01
5.005132e-01 4.911777e-10 2.034740e-01 8.604713e-01
5.004449e-01 4.856069e-10 2.127740e-01 8.597024e-01
5.008069e-01 4.747133e-10 1.922240e-01 8.602236e-01
5.005206e-01 4.600525e-10 1.891840e-01 8.609277e-01
5.005319e-01 4.573975e-10 1.916100e-01 8.601607e-01
5.004270e-01 4.458840e-10 2.266310e-01 8.605894e-01
5.004065e-01 4.354284e-10 2.158000e-01 8.605056e-01
5.004489e-01 4.290152e-10 2.207760e-01 8.603331e-01
5.004122e-01 4.249495e-10 1.901560e-01 8.599482e-01
5.004251e-01 4.087354e-10 2.014330e-01 8.602636e-01
5.002305e-01 4.004606e-10 2.048080e-01 8.607438e-01
5.005729e-01 3.947503e-10 1.916310e-01 8.605465e-01
5.005396e-01 3.866040e-10 1.890240e-01 8.604494e-01
5.002696e-01 3.795286e-10 2.428000e-01 8.603350e-01
5.004956e-01 3.700906e-10 1.953500e-01 8.601959e-01
5.004166e-01 3.663638e-10 2.142570e-01 8.600654e-01
5.002500e-01 3.574429e-10 2.064690e-01 8.607971e-01
5.002818e-01 3.502977e-10 2.203380e-01 8.602903e-01
5.002579e-01 3.461671e-10 2.166240e-01 8.600816e-01
5.004020e-01 3.398294e-10 2.067290e-01 8.602750e-01
5.003877e-01 3.346864e-10 2.111490e-01 8.597748e-01
5.003745e-01 3.246128e-10 2.144670e-01 8.610572e-01
5.003855e-01 3.160022e-10 1.978280e-01 8.602531e-01
5.004188e-01 3.094287e-10 2.243580e-01 8.607228e-01
5.001966e-01 3.059693e-10 2.305570e-01 8.596243e-01
5.003009e-01 3.012546e-10 2.026990e-01 8.602245e-01
5.003513e-01 2.894742e-10 2.190780e-01 8.610544e-01
5.003504e-01 2.901405e-10 2.118590e-01 8.598844e-01
5.003220e-01 2.806548e-10 2.205770e-01 8.602893e-01
5.003238e-01 2.734373e-10 1.964730e-01 8.607800e-01
5.002705e-01 2.724820e-10 2.154920e-01 8.603608e-01
5.003432e-01 2.629034e-10 1.997930e-01 8.602093e-01
5.003715e-01 2.581162e-10 2.079880e-01 8.599272e-01
5.001754e-01 2.544268e-10 2.156360e-01 8.598463e-01
5.002780e-01 2.502679e-10 2.063830e-01 8.599549e-01
5.001958e-01 2.424922e-10 2.125990e-01 8.608562e-01
5.003629e-01 2.389938e-10 2.166390e-01 8.607266e-01
5.002093e-01 2.379478e-10 2.111410e-01 8.599587e-01
5.001143e-01 2.322243e-10 1.925340e-01 8.598558e-01
5.001836e-01 2.271455e-10 2.071920e-01 8.598815e-01
5.001806e-01 2.221521e-10 2.070840e-01 8.603960e-01
5.000905e-01 2.162820e-10 1.952730e-01 8.605056e-01
5.001500e-01 2.141366e-10 1.966430e-01 8.599149e-01
5.002944e-01 2.062027e-10 1.877190e-01 8.607723e-01
5.002372e-01 2.046030e-10 2.160810e-01 8.598606e-01
5.003501e-01 1.972210e-10 1.886520e-01 8.610239e-01
5.001814e-01 1.958763e-10 2.147020e-01 8.603274e-01
5.002319e-01 1.926498e-10 2.054180e-01 8.605370e-01
5.002487e-01 1.866844e-10 2.220610e-01 8.608476e-01
5.001224e-01 1.844316e-10 2.043210e-01 8.600987e-01
5.001794e-01 1.801514e-10 2.156870e-01 8.604999e-01
5.001453e-01 1.777469e-10 2.115520e-01 8.599463e-01
5.003199e-01 1.721548e-10 1.979470e-01 8.602312e-01
5.001719e-01 1.714982e-10 2.141510e-01 8.601245e-01
5.001105e-01 1.679012e-10 2.163360e-01 8.602883e-01
5.001022e-01 1.641542e-10 2.125070e-01 8.611782e-01
5.001774e-01 1.600028e-10 2.207660e-01 8.603064e-01
5.003286e-01 1.558280e-10 2.081290e-01 8.603198e-01
5.001533e-01 1.529620e-10 1.842570e-01 8.609829e-01
5.001464e-01 1.508937e-10 2.018790e-01 8.602540e-01
5.000916e-01 1.488677e-10 1.985580e-01 8.600521e-01
5.000938e-01 1.439915e-10 2.129880e-01 8.607933e-01
5.001801e-01 1.417002e-10 2.043800e-01 8.603484e-01
5.001723e-01 1.379348e-10 2.286230e-01 8.608514e-01
5.000448e-01 1.358542e-10 2.300240e-01 8.599835e-01
5.002113e-01 1.336413e-10 1.956060e-01 8.605999e-01
5.001667e-01 1.298944e-10 2.184700e-01 8.607523e-01
5.001330e-01 1.281491e-10 1.977660e-01 8.605446e-01
5.001627e-01 1.254973e-10 2.220040e-01 8.604141e-01
5.001017e-01 1.238134e-10 2.090180e-01 8.600149e-01
5.000372e-01 1.207327e-10 2.039840e-01 8.606533e-01
5.001556e-01 1.193952e-10 2.088400e-01 8.605323e-01
5.001822e-01 1.163245e-10 1.843550e-01 8.602645e-01
5.001265e-01 1.138986e-10 2.080870e-01 8.600768e-01
5.001793e-01 1.103660e-10 2.016220e-01 8.617918e-01
5.000359e-01 1.096726e-10 1.942110e-01 8.603760e-01
5.002168e-01 1.077118e-10 2.182060e-01 8.600654e-01
5.001403e-01 1.051345e-10 2.030760e-01 8.597710e-01
5.001394e-01 1.031673e-10 2.073420e-01 8.603608e-01
5.000604e-01 1.008710e-10 2.088770e-01 8.599596e-01
5.000609e-01 9.915578e-11 2.077060e-01 8.601330e-01
5.000590e-01 9.632435e-11 2.141510e-01 8.611592e-01
5.000901e-01 9.545607e-11 1.953930e-01 8.599577e-01
5.000974e-01 9.285646e-11 1.990660e-01 8.600816e-01
5.001511e-01 9.153379e-11 2.259740e-01 8.596548e-01
5.001190e-01 8.895234e-11 2.021360e-01 8.601835e-01
5.000765e-01 8.812105e-11 2.213490e-01 8.603931e-01
5.000891e-01 8.595386e-11 1.982040e-01 8.603608e-01
5.000669e-01 8.367338e-11 2.019810e-01 8.606666e-01
4.999659e-01 8.278255e-11 2.060740e-01 8.606399e-01
5.000339e-01 8.115324e-11 2.082470e-01 8.605827e-01
5.001101e-01 7.960903e-11 2.014800e-01 8.605075e-01
5.000405e-01 7.646320e-11 2.173530e-01 8.607809e-01
5.000505e-01 7.599210e-11 1.939790e-01 8.605427e-01
5.000826e-01 7.408115e-11 2.109900e-01 8.599692e-01
5.001432e-01 7.315708e-11 2.020590e-01 8.606132e-01
5.001600e-01 7.108168e-11 2.035610e-01 8.605675e-01
5.000804e-01 7.034753e-11 2.122860e-01 8.605589e-01
5.001187e-01 6.938756e-11 2.026670e-01 8.600511e-01
5.001098e-01 6.772113e-11 2.163630e-01 8.605523e-01
5.000367e-01 6.584404e-11 2.146380e-01 8.610458e-01
5.000990e-01 6.445144e-11 1.974110e-01 8.605551e-01
5.001164e-01 6.366731e-11 1.998630e-01 8.604665e-01
5.000711e-01 6.181791e-11 2.130620e-01 8.606228e-01
4.999973e-01 6.099391e-11 2.096660e-01 8.607533e-01
4.999456e-01 5.964789e-11 2.052960e-01 8.603884e-01
5.000123e-01 5.917043e-11 2.176560e-01 8.601635e-01
5.000262e-01 5.816205e-11 1.829320e-01 8.602626e-01
5.000912e-01 5.608684e-11 2.137500e-01 8.602998e-01
5.000461e-01 5.543401e-11 2.220420e-01 8.598920e-01
4.999706e-01 5.348256e-11 2.027060e-01 8.612764e-01
4.999891e-01 5.318942e-11 2.164600e-01 8.603817e-01
5.001104e-01 5.264568e-11 1.954830e-01 8.598596e-01
5.000623e-01 5.050059e-11 2.100870e-01 8.608219e-01
5.000163e-01 4.998279e-11 2.123880e-01 8.610963e-01
5.000739e-01 4.892288e-11 2.055270e-01 8.599453e-01
5.000562e-01 4.806200e-11 2.101810e-01 8.603998e-01
5.000635e-01 4.690824e-11 2.039960e-01 8.598701e-01
5.000381e-01 4.618356e-11 2.123500e-01 8.604637e-01
5.000444e-01 4.513923e-11 1.981500e-01 8.604074e-01
5.000921e-01 4.365669e-11 2.046100e-01 8.607971e-01
5.000902e-01 4.339864e-11 2.033180e-01 8.604617e-01
5.000738e-01 4.290523e-11 2.182260e-01 8.603131e-01
5.000750e-01 4.173994e-11 2.019120e-01 8.603979e-01
5.000168e-01 4.064511e-11 2.091660e-01 8.603369e-01
5.000350e-01 3.983759e-11 2.119040e-01 8.599596e-01
5.000536e-01 3.933682e-11 2.201290e-01 8.603436e-01
5.000620e-01 3.856405e-11 2.113400e-01 8.607866e-01
5.000126e-01 3.762578e-11 1.997410e-01 8.608438e-01
5.000754e-01 3.658367e-11 2.020330e-01 8.604113e-01
5.000482e-01 3.632487e-11 2.038150e-01 8.601464e-01
5.000435e-01 3.599267e-11 1.924650e-01 8.603169e-01
5.000519e-01 3.549443e-11 2.117110e-01 8.600768e-01
5.000427e-01 3.439737e-11 2.039330e-01 8.601521e-01
5.000304e-01 3.301630e-11 2.060350e-01 8.604198e-01
5.000253e-01 3.286386e-11 2.077680e-01 8.598815e-01
5.000383e-01 3.206981e-11 2.092230e-01 8.609543e-01
5.000140e-01 3.141267e-11 2.161840e-01 8.603417e-01
5.000037e-01 3.106749e-11 2.091420e-01 8.605694e-01
5.000075e-01 3.038504e-11 2.129380e-01 8.602350e-01
5.000060e-01 2.986338e-11 2.144070e-01 8.606256e-01
5.000402e-01 2.888761e-11 2.108770e-01 8.608400e-01
4.999666e-01 2.846374e-11 2.186130e-01 8.602035e-01
5.000473e-01 2.833477e-11 1.996260e-01 8.599434e-01
5.000417e-01 2.743552e-11 2.192400e-01 8.597367e-01
5.000554e-01 2.712050e-11 2.194710e-01 8.598958e-01
5.000123e-01 2.634577e-11 1.978200e-01 8.597072e-01
4.999846e-01 2.586360e-11 2.227830e-01 8.598615e-01
5.000128e-01 2.545537e-11 1.920350e-01 8.607161e-01
4.999382e-01 2.496114e-11 2.187660e-01 8.598167e-01
5.000424e-01 2.422153e-11 2.347030e-01 8.605475e-01
4.999792e-01 2.384938e-11 1.889520e-01 8.606580e-01
4.999939e-01 2.335410e-11 2.105490e-01 8.599244e-01
4.999998e-01 2.302406e-11 2.102110e-01 8.606228e-01
5.000595e-01 2.262119e-11 1.932400e-01 8.602579e-01
5.000507e-01 2.195059e-11 2.090010e-01 8.605561e-01
5.000103e-01 2.167161e-11 2.231630e-01 8.605027e-01
5.000430e-01 2.123325e-11 2.041710e-01 8.606342e-01
4.999922e-01 2.104929e-11 2.035570e-01 8.604608e-01
5.000525e-01 2.042565e-11 2.115320e-01 8.597434e-01
5.000206e-01 2.013260e-11 1.988930e-01 8.604551e-01
4.999982e-01 1.960783e-11 2.044970e-01 8.607276e-01
5.000286e-01 1.923812e-11 2.134530e-01 8.600025e-01
5.000399e-01 1.899702e-11 2.085490e-01 8.592079e-01
5.000221e-01 1.860120e-11 2.175910e-01 8.602760e-01
5.000348e-01 1.828244e-11 2.150920e-01 8.592489e-01
5.000267e-01 1.773514e-11 2.162230e-01 8.605427e-01
4.999868e-01 1.730311e-11 1.976900e-01 8.605923e-01
4.999822e-01 1.716490e-11 2.162910e-01 8.602378e-01
4.999901e-01 1.676659e-11 2.000880e-01 8.602655e-01
5.000511e-01 1.634839e-11 2.313270e-01 8.603608e-01
5.000327e-01 1.614053e-11 2.163790e-01 8.599682e-01
5.000096e-01 1.573780e-11 2.144560e-01 8.602655e-01
4.999905e-01 1.544083e-11 2.187310e-01 8.599501e-01
4.999816e-01 1.509690e-11 2.092330e-01 8.605084e-01
5.000113e-01 1.480746e-11 2.064610e-01 8.605685e-01
5.000079e-01 1.449475e-11 2.171430e-01 8.603970e-01
5.000359e-01 1.429227e-11 2.111430e-01 8.602359e-01
4.999993e-01 1.390566e-11 1.893840e-01 8.603322e-01
5.000253e-01 1.375457e-11 1.818140e-01 8.607638e-01
5.000061e-01 1.348617e-11 1.970700e-01 8.606371e-01
5.000356e-01 1.322552e-11 1.776210e-01 8.600235e-01
5.000196e-01 1.287647e-11 1.776440e-01 8.606218e-01
5.000024e-01 1.272940e-11 1.927440e-01 8.597824e-01
5.000112e-01 1.251640e-11 1.749940e-01 8.599825e-01
4.999742e-01 1.217600e-11 1.750490e-01 8.603693e-01
5.000106e-01 1.194836e-11 1.813310e-01 8.607847e-01
4.999943e-01 1.176261e-11 1.812020e-01 8.600111e-01
4.999742e-01 1.154204e-11 1.938950e-01 8.603684e-01
4.999784e-01 1.123611e-11 1.889130e-01 8.609162e-01
5.000081e-01 1.110247e-11 1.893860e-01 8.605294e-01
5.000033e-01 1.084966e-11 1.924190e-01 8.600740e-01
5.000047e-01 1.056141e-11 1.745650e-01 8.602531e-01
5.000333e-01 1.036010e-11 1.747660e-01 8.601778e-01
5.000119e-01 1.024670e-11 1.751000e-01 8.599997e-01
5.000172e-01 9.977433e-12 1.742170e-01 8.613421e-01
4.999988e-01 9.850759e-12 1.776990e-01 8.610248e-01
4.999973e-01 9.593987e-12 1.742860e-01 8.604274e-01
4.999882e-01 9.417680e-12 1.745860e-01 8.608419e-01
5.000029e-01 9.299324e-12 1.810540e-01 8.600397e-01
5.000323e-01 9.082540e-12 1.747170e-01 8.609143e-01
5.000006e-01 8.861218e-12 1.742960e-01 8.606876e-01
5.000069e-01 8.796229e-12 1.745210e-01 8.604617e-01
5.000147e-01 8.666909e-12 1.742200e-01 8.598139e-01
4.999904e-01 8.358550e-12 1.742510e-01 8.606685e-01
5.000224e-01 8.190199e-12 1.834870e-01 8.607514e-01
4.999965e-01 8.010046e-12 1.829600e-01 8.609210e-01
5.000209e-01 7.827723e-12 1.749430e-01 8.608867e-01
5.000120e-01 7.742633e-12 1.746780e-01 8.600254e-01
5.000047e-01 7.628094e-12 1.741910e-01 8.602274e-01
4.999909e-01 7.473225e-12 1.743300e-01 8.603226e-01
4.999909e-01 7.284451e-12 1.906520e-01 8.605523e-01
5.000126e-01 7.146927e-12 1.812280e-01 8.605323e-01
4.999986e-01 7.080676e-12 1.835000e-01 8.605818e-01
4.999915e-01 6.901526e-12 1.741250e-01 8.604551e-01
4.999963e-01 6.769550e-12 1.803860e-01 8.610477e-01
5.000209e-01 6.668404e-12 1.751130e-01 8.606113e-01
4.999970e-01 6.466375e-12 1.747000e-01 8.603770e-01
5.000060e-01 6.386453e-12 1.744170e-01 8.603407e-01
4.999999e-01 6.269564e-12 1.813430e-01 8.604932e-01
4.999888e-01 6.150796e-12 1.828830e-01 8.600025e-01
5.000070e-01 6.033914e-12 1.741690e-01 8.598329e-01
5.000155e-01 5.938832e-12 1.809600e-01 8.601311e-01
5.000091e-01 5.823019e-12 1.746450e-01 8.604799e-01
5.000040e-01 5.770398e-12 1.744820e-01 8.602607e-01
4.999896e-01 5.605123e-12 1.744430e-01 8.596243e-01
5.000000e-01 5.528729e-12 1.743190e-01 8.604532e-01
5.000134e-01 5.366464e-12 1.744450e-01 8.604722e-01
5.000319e-01 5.310712e-12 1.745900e-01 8.603017e-01
4.999995e-01 5.204798e-12 1.748440e-01 8.596043e-01
5.000004e-01 5.091137e-12 1.745720e-01 8.595490e-01
4.999848e-01 4.955310e-12 1.743160e-01 8.607762e-01
5.000104e-01 4.919457e-12 1.740960e-01 8.604093e-01
5.000264e-01 4.761275e-12 1.747000e-01 8.608924e-01
5.000032e-01 4.739022e-12 1.748080e-01 8.603531e-01
4.999999e-01 4.546488e-12 1.764430e-01 8.608219e-01
4.999848e-01 4.515766e-12 1.743880e-01 8.609438e-01
4.999989e-01 4.501920e-12 1.745730e-01 8.597577e-01
5.000187e-01 4.396114e-12 1.748030e-01 8.603265e-01
5.000088e-01 4.327001e-12 1.752390e-01 8.600845e-01
5.000176e-01 4.238567e-12 1.751060e-01 8.601407e-01
4.999974e-01 4.113481e-12 1.742110e-01 8.604922e-01
5.000104e-01 4.043983e-12 1.740020e-01 8.596957e-01
4.999909e-01 3.945903e-12 1.740380e-01 8.600968e-01
4.999876e-01 3.897060e-12 1.740190e-01 8.606342e-01
4.999852e-01 3.838156e-12 1.774300e-01 8.601407e-01
5.000040e-01 3.726357e-12 1.822340e-01 8.607562e-01
4.999892e-01 3.685124e-12 1.748260e-01 8.602645e-01
5.000003e-01 3.636923e-12 1.747860e-01 8.600740e-01
4.999999e-01 3.556052e-12 1.741330e-01 8.604151e-01
5.000116e-01 3.522065e-12 1.740610e-01 8.598796e-01
4.999995e-01 3.406618e-12 1.773630e-01 8.602617e-01
4.999907e-01 3.370994e-12 1.745550e-01 8.598720e-01
5.000063e-01 3.309529e-12 1.810220e-01 8.604703e-01
5.000019e-01 3.212164e-12 1.744450e-01 8.610744e-01
5.000029e-01 3.135953e-12 1.740200e-01 8.611630e-01
4.999994e-01 3.095648e-12 1.740040e-01 8.603922e-01
4.999986e-01 3.062601e-12 1.747630e-01 8.604360e-01
5.000105e-01 3.032218e-12 1.740060e-01 8.600625e-01
4.999999e-01 2.929639e-12 2.218710e-01 8.606552e-01
5.000021e-01 2.886947e-12 2.014500e-01 8.599825e-01
5.000003e-01 2.831853e-12 1.888750e-01 8.607361e-01
5.000024e-01 2.779603e-12 1.745640e-01 8.603160e-01
5.000026e-01 2.748550e-12 1.814300e-01 8.605675e-01
4.999887e-01 2.682983e-12 1.768650e-01 8.601569e-01
5.000164e-01 2.627295e-12 1.740910e-01 8.607342e-01
4.999885e-01 2.591281e-12 1.745380e-01 8.608657e-01
5.000110e-01 2.544236e-12 1.775480e-01 8.600282e-01
5.000144e-01 2.503722e-12 1.742410e-01 8.609296e-01
5.000031e-01 2.431381e-12 1.751030e-01 8.602788e-01
5.000018e-01 2.420382e-12 1.741630e-01 8.605256e-01
5.000074e-01 2.404810e-12 1.740490e-01 8.609095e-01
5.000005e-01 2.325550e-12 1.740160e-01 8.602769e-01
5.000122e-01 2.264936e-12 1.742730e-01 8.605932e-01
5.000003e-01 2.246374e-12 1.766720e-01 8.600054e-01
5.000035e-01 2.202080e-12 1.744410e-01 8.608390e-01
5.000017e-01 2.174134e-12 1.748840e-01 8.596157e-01
5.000101e-01 2.109944e-12 1.767600e-01 8.611163e-01
5.000160e-01 2.074956e-12 1.764550e-01 8.614174e-01
4.999951e-01 2.045675e-12 1.747430e-01 8.604722e-01
4.999975e-01 2.014440e-12 1.744360e-01 8.605551e-01
4.999983e-01 1.989431e-12 1.741570e-01 8.606094e-01
5.000019e-01 1.952801e-12 1.811090e-01 8.596776e-01
4.999957e-01 1.907608e-12 1.740930e-01 8.609095e-01
5.000044e-01 1.865242e-12 1.740780e-01 8.606656e-01
5.000119e-01 1.841565e-12 1.746130e-01 8.603017e-01
4.999926e-01 1.844317e-12 1.771310e-01 8.599253e-01
4.999995e-01 1.785519e-12 1.855660e-01 8.605599e-01
5.000015e-01 1.747045e-12 1.740100e-01 8.602112e-01
5.000006e-01 1.740554e-12 1.744140e-01 8.599796e-01
4.999977e-01 1.703766e-12 1.754260e-01 8.600978e-01
4.999945e-01 1.669258e-12 1.743490e-01 8.603941e-01
5.000023e-01 1.636029e-12 1.746770e-01 8.608248e-01
4.999982e-01 1.622424e-12 1.745640e-01 8.606399e-01
5.000037e-01 1.573216e-12 1.747910e-01 8.612230e-01
5.000150e-01 1.563000e-12 1.853880e-01 8.603703e-01
5.000009e-01 1.531679e-12 1.746480e-01 8.599587e-01
4.999976e-01 1.511918e-12 1.740570e-01 8.598558e-01
4.999942e-01 1.482123e-12 1.744230e-01 8.600035e-01
5.000005e-01 1.454788e-12 1.761750e-01 8.602159e-01
5.000028e-01 1.428315e-12 1.741360e-01 8.605532e-01
4.999975e-01 1.415532e-12 1.740100e-01 8.600721e-01
4.999952e-01 1.390435e-12 1.747520e-01 8.602283e-01
5.000017e-01 1.357120e-12 1.811100e-01 8.598539e-01
5.000126e-01 1.344844e-12 1.783450e-01 8.599682e-01
5.000011e-01 1.324183e-12 1.762700e-01 8.603951e-01
4.999991e-01 1.279486e-12 1.743060e-01 8.613974e-01
5.000019e-01 1.274660e-12 1.749590e-01 8.601464e-01
4.999920e-01 1.253800e-12 1.743740e-01 8.615698e-01
5.000112e-01 1.235156e-12 1.745310e-01 8.600216e-01
4.999984e-01 1.215929e-12 1.746330e-01 8.602607e-01
4.999976e-01 1.194209e-12 1.804490e-01 8.602407e-01
4.999968e-01 1.181576e-12 1.747600e-01 8.600864e-01
4.999881e-01 1.157072e-12 1.798950e-01 8.607523e-01
4.999962e-01 1.137191e-12 1.746900e-01 8.608114e-01
4.999969e-01 1.120086e-12 1.746100e-01 8.602274e-01
4.999953e-01 1.115123e-12 1.740970e-01 8.601607e-01
4.999913e-01 1.087434e-12 1.790790e-01 8.611344e-01
5.000033e-01 1.079788e-12 1.745760e-01 8.599730e-01
4.999957e-01 1.057574e-12 1.748310e-01 8.603846e-01
5.000033e-01 1.035313e-12 1.745640e-01 8.603674e-01
5.000017e-01 1.033038e-12 1.747880e-01 8.600406e-01
5.000026e-01 1.013260e-12 1.743070e-01 8.608066e-01
5.000030e-01 9.911152e-13 1.931540e-01 8.602093e-01
4.999948e-01 9.734960e-13 2.020490e-01 8.607790e-01
5.000018e-01 9.595088e-13 1.851760e-01 8.611668e-01
4.999944e-01 9.505257e-13 1.749600e-01 8.600625e-01
5.000042e-01 9.406219e-13 1.808630e-01 8.604227e-01
4.999967e-01 9.215982e-13 1.798890e-01 8.603703e-01
5.000058e-01 9.133967e-13 1.748840e-01 8.597748e-01
4.999947e-01 9.066232e-13 1.770390e-01 8.596710e-01
4.999946e-01 8.787269e-13 1.746620e-01 8.607762e-01
5.000041e-01 8.695186e-13 1.745860e-01 8.608705e-01
4.999991e-01 8.636220e-13 1.744660e-01 8.600892e-01
5.000006e-01 8.460326e-13 1.800550e-01 8.605923e-01
5.000058e-01 8.346441e-13 1.746640e-01 8.609095e-01
5.000002e-01 8.287597e-13 1.740870e-01 8.600139e-01
5.000011e-01 8.108632e-13 1.742680e-01 8.603331e-01
5.000090e-01 8.026660e-13 1.740470e-01 8.601149e-01
5.000030e-01 7.918027e-13 1.743700e-01 8.608800e-01
5.000079e-01 7.761644e-13 1.814850e-01 8.610763e-01
5.000000e-01 7.696498e-13 1.743110e-01 8.602331e-01
5.000008e-01 7.587287e-13 1.795080e-01 8.606428e-01
4.999996e-01 7.475351e-13 1.744050e-01 8.607295e-01
4.999913e-01 7.394510e-13 1.744850e-01 8.598548e-01
5.000023e-01 7.282217e-13 1.803990e-01 8.603750e-01
4.999999e-01 7.233139e-13 1.800430e-01 8.602340e-01
4.999994e-01 7.076127e-13 1.804380e-01 8.604799e-01
5.000015e-01 7.017152e-13 1.837400e-01 8.605932e-01
4.999989e-01 6.910041e-13 1.747040e-01 8.607619e-01
5.000008e-01 6.797398e-13 1.766920e-01 8.606456e-01
4.999949e-01 6.777350e-13 1.918930e-01 8.600940e-01
5.000035e-01 6.648509e-13 1.818420e-01 8.609591e-01
5.000018e-01 6.578865e-13 1.745400e-01 8.599596e-01
5.000010e-01 6.518352e-13 1.745630e-01 8.608781e-01
4.999961e-01 6.369709e-13 1.806230e-01 8.620290e-01
4.999937e-01 6.353638e-13 1.748530e-01 8.604656e-01
4.999946e-01 6.255401e-13 1.769640e-01 8.602598e-01
4.999978e-01 6.174768e-13 1.746020e-01 8.608114e-01
4.999987e-01 6.140738e-13 1.744800e-01 8.603331e-01
5.000012e-01 6.018921e-13 1.740210e-01 8.607600e-01
4.999991e-01 5.976807e-13 1.740170e-01 8.603312e-01
4.999978e-01 5.934127e-13 1.740640e-01 8.598891e-01
5.000002e-01 5.837614e-13 1.740830e-01 8.603255e-01
5.000051e-01 5.785580e-13 1.768710e-01 8.603712e-01
4.999983e-01 5.708400e-13 1.771900e-01 8.604055e-01
4.999990e-01 5.619353e-13 1.739910e-01 8.608819e-01
4.999945e-01 5.593843e-13 1.742610e-01 8.600559e-01
5.000017e-01 5.525792e-13 1.740140e-01 8.605208e-01
5.000015e-01 5.478969e-13 1.742560e-01 8.606247e-01
5.000063e-01 5.413750e-13 1.739630e-01 8.599558e-01
4.999978e-01 5.348357e-13 1.744620e-01 8.602340e-01
5.000025e-01 5.318525e-13 1.747550e-01 8.591822e-01
5.000039e-01 5.209414e-13 1.743390e-01 8.606980e-01
5.000046e-01 5.166218e-13 1.745080e-01 8.600902e-01
5.000036e-01 5.118970e-13 1.771930e-01 8.599854e-01
4.999946e-01 5.066714e-13 1.741310e-01 8.602760e-01
4.999987e-01 5.031448e-13 1.740340e-01 8.597262e-01
5.000002e-01 4.959614e-13 1.740020e-01 8.603331e-01
5.000060e-01 4.932028e-13 1.742360e-01 8.599625e-01
4.999945e-01 4.869315e-13 1.740430e-01 8.605561e-01
4.999984e-01 4.811904e-13 1.748400e-01 8.605580e-01
5.000003e-01 4.774648e-13 1.769530e-01 8.603169e-01
5.000003e-01 4.729791e-13 1.746380e-01 8.601388e-01
4.999987e-01 4.689655e-13 1.741040e-01 8.602359e-01
4.999990e-01 4.641356e-13 1.792260e-01 8.604170e-01
5.000033e-01 4.603639e-13 1.946180e-01 8.602083e-01
4.999978e-01 4.572778e-13 2.050870e-01 8.604513e-01
4.999983e-01 4.518938e-13 1.851440e-01 8.605513e-01
5.000001e-01 4.489559e-13 1.743550e-01 8.599816e-01
4.999963e-01 4.455477e-13 1.741610e-01 8.601912e-01
5.000010e-01 4.401549e-13 1.743560e-01 8.598510e-01
4.999993e-01 4.359350e-13 1.817620e-01 8.603255e-01
5.000028e-01 4.327197e-13 1.809750e-01 8.607914e-01
4.999985e-01 4.280524e-13 1.875020e-01 8.604741e-01
4.999988e-01 4.250420e-13 1.746330e-01 8.601511e-01
4.999990e-01 4.208039e-13 1.746450e-01 8.605913e-01
5.000006e-01 4.174538e-13 1.818750e-01 8.608743e-01
5.000030e-01 4.145412e-13 1.745350e-01 8.606142e-01
4.999982e-01 4.120740e-13 1.745770e-01 8.602950e-01
4.999994e-01 4.077996e-13 1.742700e-01 8.608924e-01
5.000011e-01 4.052725e-13 1.746440e-01 8.604217e-01
5.000039e-01 4.013059e-13 1.745700e-01 8.603655e-01
5.000041e-01 3.991314e-13 1.748490e-01 8.609715e-01
4.999984e-01 3.960235e-13 1.745690e-01 8.604198e-01
5.000015e-01 3.942248e-13 1.742310e-01 8.600197e-01
5.000001e-01 3.912626e-13 1.740350e-01 8.601731e-01
5.000038e-01 3.878306e-13 1.743250e-01 8.610210e-01
4.999987e-01 3.849086e-13 1.802670e-01 8.608362e-01
4.999972e-01 3.814063e-13 1.775720e-01 8.607457e-01
5.000012e-01 3.820774e-13 1.741470e-01 8.601816e-01
4.999946e-01 3.770562e-13 1.740020e-01 8.609057e-01
4.999947e-01 3.739166e-13 1.740690e-01 8.607819e-01
4.999972e-01 3.721760e-13 1.740110e-01 8.603741e-01
4.999987e-01 3.705331e-13 1.846760e-01 8.599339e-01
4.999987e-01 3.675385e-13 1.745620e-01 8.601540e-01
5.000037e-01 3.646514e-13 1.812680e-01 8.601607e-01
4.999994e-01 3.624437e-13 1.746540e-01 8.602693e-01
5.000008e-01 3.609115e-13 1.813040e-01 8.603207e-01
5.000012e-01 3.588603e-13 1.741700e-01 8.600635e-01
4.999985e-01 3.557286e-13 1.744390e-01 8.607390e-01
4.999985e-01 3.537481e-13 1.739510e-01 8.595681e-01
4.999990e-01 3.522607e-13 1.742150e-01 8.606695e-01
4.999977e-01 3.496000e-13 1.741440e-01 8.600549e-01
4.999972e-01 3.465869e-13 1.743480e-01 8.603322e-01
5.000002e-01 3.457593e-13 1.739940e-01 8.604055e-01
5.000017e-01 3.444295e-13 1.742020e-01 8.602093e-01
5.000014e-01 3.413809e-13 1.742840e-01 8.608543e-01
5.000029e-01 3.402481e-13 1.746110e-01 8.604332e-01
4.999988e-01 3.377209e-13 1.746400e-01 8.612640e-01
4.999979e-01 3.358949e-13 1.745100e-01 8.604227e-01
4.999979e-01 3.350727e-13 1.742430e-01 8.598148e-01
4.999977e-01 3.336983e-13 1.746540e-01 8.600835e-01
5.000010e-01 3.311448e-13 1.741600e-01 8.613392e-01
4.999995e-01 3.306908e-13 1.839920e-01 8.598510e-01
5.000000e-01 3.288929e-13 1.745570e-01 8.609277e-01
4.999989e-01 3.270190e-13 1.747110e-01 8.611935e-01
4.999998e-01 3.266813e-13 1.745460e-01 8.606990e-01
4.999998e-01 3.239904e-13 1.743360e-01 8.605808e-01
4.999995e-01 3.226108e-13 1.741340e-01 8.607905e-01
4.999996e-01 3.211763e-13 1.744270e-01 8.607504e-01
4.999999e-01 3.203482e-13 1.742030e-01 8.595376e-01
5.000012e-01 3.186228e-13 1.746950e-01 8.600578e-01
5.000014e-01 3.163436e-13 1.795520e-01 8.604684e-01
4.999986e-01 3.153690e-13 1.752310e-01 8.601759e-01
4.999993e-01 3.136702e-13 1.754520e-01 8.610944e-01
4.999999e-01 3.129716e-13 1.741170e-01 8.602102e-01
4.999988e-01 3.116457e-13 1.743990e-01 8.600301e-01
4.999990e-01 3.105617e-13 1.748140e-01 8.604351e-01
4.999977e-01 3.093899e-13 1.746750e-01 8.606294e-01
5.000026e-01 3.086680e-13 1.740930e-01 8.599739e-01
4.999983e-01 3.072126e-13 1.740380e-01 8.599339e-01
5.000000e-01 3.060900e-13 1.811110e-01 8.603808e-01
4.999975e-01 3.044485e-13 1.742830e-01 8.604179e-01
4.999989e-01 3.032735e-13 2.020160e-01 8.607666e-01
4.999978e-01 3.026173e-13 1.907820e-01 8.598386e-01
5.000008e-01 3.014328e-13 1.865030e-01 8.603817e-01
4.999998e-01 3.005092e-13 1.812460e-01 8.606475e-01
4.999999e-01 3.000457e-13 1.811050e-01 8.600035e-01
4.999993e-01 2.983400e-13 1.749610e-01 8.601121e-01
4.999994e-01 2.970269e-13 1.744010e-01 8.605932e-01
5.000000e-01 2.966530e-13 1.745930e-01 8.608076e-01
4.999986e-01 2.960289e-13 1.745590e-01 8.601007e-01
4.999965e-01 2.948689e-13 1.748210e-01 8.607209e-01
4.999968e-01 2.939996e-13 1.750190e-01 8.607142e-01
4.999995e-01 2.931269e-13 1.810990e-01 8.600978e-01
4.999972e-01 2.922515e-13 1.774870e-01 8.605408e-01
4.999989e-01 2.914484e-13 1.745450e-01 8.604017e-01
4.999997e-01 2.908733e-13 1.745520e-01 8.605046e-01
4.999997e-01 2.902820e-13 1.817210e-01 8.600463e-01
5.000015e-01 2.888902e-13 1.741390e-01 8.604027e-01
5.000000e-01 2.883428e-13 1.749010e-01 8.602893e-01
5.000000e-01 2.874772e-13 1.821680e-01 8.604427e-01
5.000001e-01 2.867782e-13 1.853900e-01 8.598463e-01
4.999995e-01 2.860379e-13 1.957230e-01 8.607038e-01
4.999995e-01 2.851879e-13 1.745860e-01 8.603617e-01
4.999998e-01 2.849708e-13 1.782350e-01 8.599939e-01
4.999992e-01 2.838175e-13 1.746430e-01 8.605580e-01
5.000001e-01 2.830711e-13 1.740800e-01 8.606199e-01
5.000003e-01 2.825819e-13 1.739490e-01 8.600654e-01
5.000018e-01 2.814393e-13 1.740140e-01 8.608133e-01
4.999983e-01 2.813863e-13 1.740810e-01 8.604741e-01
4.999992e-01 2.808466e-13 1.772310e-01 8.601283e-01
4.999990e-01 2.801469e-13 1.802920e-01 8.602102e-01
4.999979e-01 2.793532e-13 1.741860e-01 8.605094e-01
4.999985e-01 2.792528e-13 1.745310e-01 8.596481e-01
5.000007e-01 2.782627e-13 1.804950e-01 8.607809e-01
4.999988e-01 2.779450e-13 1.746870e-01 8.596805e-01
4.999993e-01 2.773421e-13 1.748870e-01 8.596014e-01
4.999994e-01 2.766742e-13 1.747330e-01 8.602131e-01
5.000000e-01 2.761681e-13 1.740670e-01 8.604132e-01
4.999989e-01 2.756113e-13 1.801170e-01 8.607885e-01
5.000000e-01 2.751268e-13 1.792740e-01 8.603331e-01
4.999994e-01 2.745874e-13 1.750120e-01 8.606599e-01
5.000001e-01 2.743187e-13 1.750530e-01 8.598806e-01
4.999999e-01 2.736972e-13 1.745950e-01 8.603760e-01
4.999986e-01 2.732006e-13 1.742430e-01 8.604713e-01
4.999998e-01 2.726566e-13 1.740310e-01 8.609086e-01
5.000009e-01 2.723174e-13 1.741020e-01 8.603093e-01
4.999992e-01 2.718068e-13 1.747740e-01 8.609191e-01
4.999986e-01 2.714296e-13 1.811570e-01 8.606475e-01
5.000008e-01 2.712277e-13 1.775640e-01 8.598739e-01
4.999988e-01 2.705022e-13 1.746070e-01 8.601692e-01
4.999999e-01 2.704467e-13 1.806310e-01 8.597900e-01
4.999988e-01 2.697547e-13 1.744720e-01 8.606456e-01
4.999996e-01 2.693808e-13 1.768460e-01 8.605913e-01
5.000009e-01 2.689798e-13 1.740960e-01 8.603998e-01
4.999986e-01 2.686096e-13 1.746010e-01 8.602617e-01
5.000001e-01 2.683018e-13 1.740660e-01 8.600216e-01
5.000000e-01 2.679574e-13 1.806800e-01 8.597205e-01
4.999998e-01 2.677602e-13 1.745040e-01 8.603903e-01
4.999996e-01 2.670771e-13 1.745700e-01 8.600959e-01
4.999990e-01 2.671152e-13 1.918380e-01 8.604980e-01
4.999987e-01 2.665338e-13 1.989780e-01 8.606018e-01
4.999999e-01 2.663153e-13 1.955730e-01 8.600568e-01
4.999997e-01 2.659534e-13 1.953330e-01 8.605142e-01
4.999994e-01 2.654776e-13 1.747390e-01 8.609134e-01
4.999990e-01 2.652823e-13 1.746490e-01 8.606513e-01
4.999994e-01 2.650224e-13 1.804850e-01 8.604189e-01
4.999990e-01 2.647483e-13 1.742310e-01 8.604751e-01
4.999996e-01 2.644177e-13 1.745070e-01 8.602569e-01
4.999998e-01 2.641093e-13 1.741010e-01 8.601626e-01
5.000005e-01 2.638817e-13 1.746020e-01 8.604456e-01
5.000010e-01 2.636550e-13 1.745180e-01 8.604475e-01
5.000001e-01 2.634328e-13 1.741680e-01 8.599387e-01
4.999997e-01 2.630778e-13 1.745060e-01 8.608152e-01
5.000002e-01 2.628717e-13 1.746030e-01 8.601302e-01
4.999998e-01 2.624833e-13 1.795570e-01 8.605923e-01
4.999989e-01 2.622528e-13 1.752730e-01 8.606790e-01
5.000003e-01 2.620975e-13 1.754520e-01 8.603160e-01
4.999998e-01 2.618572e-13 1.743880e-01 8.602045e-01
4.999997e-01 2.616173e-13 1.748830e-01 8.604980e-01
4.999995e-01 2.613242e-13 1.742050e-01 8.601149e-01
4.999990e-01 2.610821e-13 1.823780e-01 8.607714e-01
4.999994e-01 2.608769e-13 1.743800e-01 8.599025e-01
4.999996e-01 2.605363e-13 1.764720e-01 8.605246e-01
4.999998e-01 2.604945e-13 1.741330e-01 8.602064e-01
4.999991e-01 2.603178e-13 1.741310e-01 8.603931e-01
4.999981e-01 2.600954e-13 1.748560e-01 8.607876e-01
5.000004e-01 2.597954e-13 1.742360e-01 8.612506e-01
4.999989e-01 2.596475e-13 1.740050e-01 8.608390e-01
4.999989e-01 2.595734e-13 1.751470e-01 8.600768e-01
4.999989e-01 2.593487e-13 1.740520e-01 8.602683e-01
4.999995e-01 2.591875e-13 1.741120e-01 8.602302e-01
4.999995e-01 2.589439e-13 1.741400e-01 8.607638e-01
4.999991e-01 2.587863e-13 1.744290e-01 8.607047e-01
4.999985e-01 2.585874e-13 1.740150e-01 8.608543e-01
5.000003e-01 2.584584e-13 1.807860e-01 8.598634e-01
5.000003e-01 2.582807e-13 1.741810e-01 8.595690e-01
4.999996e-01 2.580659e-13 1.744870e-01 8.600568e-01
4.999997e-01 2.579858e-13 1.742970e-01 8.604570e-01
4.999994e-01 2.578363e-13 1.764940e-01 8.604684e-01
4.999997e-01 2.577646e-13 1.741820e-01 8.603360e-01
4.999995e-01 2.575703e-13 1.741720e-01 8.601073e-01
4.999996e-01 2.574057e-13 1.739990e-01 8.598691e-01
4.999995e-01 2.572417e-13 1.740450e-01 8.604122e-01
4.999997e-01 2.570793e-13 1.770450e-01 8.611334e-01
5.000002e-01 2.569619e-13 1.741400e-01 8.601969e-01
4.999997e-01 2.567920e-13 1.794480e-01 8.606856e-01
4.999999e-01 2.567236e-13 1.743880e-01 8.601416e-01
4.999994e-01 2.566094e-13 1.744780e-01 8.600949e-01
4.999990e-01 2.563952e-13 1.745050e-01 8.607838e-01
4.999993e-01 2.563318e-13 1.813080e-01 8.607647e-01
4.999997e-01 2.561667e-13 1.813580e-01 8.598625e-01
5.000001e-01 2.560206e-13 1.744490e-01 8.613192e-01
4.999994e-01 2.559520e-13 1.743130e-01 8.606199e-01
4.999995e-01 2.558505e-13 1.745990e-01 8.601950e-01
4.999991e-01 2.557554e-13 1.748940e-01 8.610763e-01
5.000000e-01 2.556562e-13 1.745890e-01 8.602731e-01
5.000001e-01 2.555544e-13 1.765080e-01 8.602388e-01
4.999994e-01 2.554353e-13 1.744100e-01 8.603064e-01
4.999991e-01 2.552911e-13 1.742440e-01 8.606409e-01
4.999997e-01 2.551655e-13 1.746870e-01 8.604894e-01
4.999995e-01 2.550761e-13 1.752220e-01 8.609286e-01
4.999996e-01 2.549754e-13 1.767300e-01 8.600378e-01
4.999992e-01 2.549204e-13 1.743450e-01 8.606075e-01
4.999991e-01 2.547850e-13 1.740040e-01 8.607590e-01
4.999998e-01 2.546715e-13 1.745110e-01 8.614717e-01
4.999998e-01 2.546475e-13 1.744740e-01 8.600340e-01
4.999998e-01 2.545270e-13 1.884630e-01 8.601026e-01
4.999995e-01 2.544486e-13 1.741980e-01 8.605437e-01
4.999995e-01 2.543804e-13 1.744250e-01 8.599796e-01
4.999996e-01 2.542942e-13 1.745360e-01 8.607266e-01
4.999998e-01 2.541743e-13 1.748580e-01 8.613916e-01
4.999993e-01 2.540979e-13 1.745810e-01 8.608591e-01
4.999997e-01 2.540265e-13 1.747980e-01 8.605208e-01
4.999997e-01 2.540485e-13 1.743640e-01 8.598453e-01
4.999994e-01 2.538564e-13 1.746050e-01 8.608209e-01
4.999995e-01 2.538499e-13 1.754280e-01 8.601207e-01
4.999999e-01 2.537406e-13 1.744230e-01 8.596910e-01
4.999994e-01 2.536615e-13 1.771380e-01 8.608905e-01
4.999994e-01 2.536225e-13 1.741430e-01 8.600825e-01
4.999995e-01 2.535618e-13 1.742370e-01 8.606628e-01
4.999996e-01 2.534452e-13 1.805020e-01 8.605666e-01
4.999993e-01 2.534235e-13 1.744990e-01 8.604332e-01
4.999993e-01 2.533318e-13 1.745980e-01 8.609362e-01
4.999996e-01 2.533025e-13 1.747490e-01 8.603407e-01
4.999995e-01 2.532129e-13 1.740870e-01 8.606876e-01
4.999997e-01 2.531662e-13 1.739570e-01 8.602712e-01
4.999990e-01 2.531116e-13 1.916690e-01 8.607228e-01
4.999995e-01 2.530463e-13 1.975610e-01 8.609486e-01
4.999996e-01 2.529806e-13 1.903960e-01 8.610305e-01
4.999996e-01 2.529292e-13 1.742490e-01 8.603055e-01
4.999997e-01 2.529066e-13 1.742450e-01 8.597681e-01
4.999995e-01 2.528550e-13 1.743340e-01 8.603703e-01
4.999997e-01 2.528057e-13 1.746830e-01 8.594185e-01
4.999998e-01 2.527461e-13 1.744970e-01 8.609515e-01
4.999996e-01 2.526480e-13 1.828540e-01 8.606237e-01
4.999986e-01 2.526582e-13 1.740230e-01 8.602245e-01
4.999996e-01 2.525786e-13 1.743200e-01 8.603112e-01
4.999992e-01 2.525247e-13 1.742070e-01 8.601502e-01
4.999992e-01 2.524826e-13 1.739660e-01 8.605970e-01
4.999993e-01 2.524332e-13 1.812200e-01 8.606876e-01
4.999997e-01 2.523844e-13 1.748300e-01 8.610010e-01
4.999996e-01 2.523320e-13 1.809030e-01 8.611582e-01
4.999994e-01 2.522919e-13 1.765230e-01 8.609372e-01
4.999994e-01 2.522665e-13 1.741150e-01 8.599177e-01
4.999992e-01 2.522275e-13 1.750550e-01 8.606361e-01
4.999993e-01 2.521890e-13 1.761750e-01 8.604789e-01
4.999996e-01 2.521589e-13 1.744880e-01 8.601054e-01
4.999995e-01 2.521191e-13 1.745930e-01 8.605389e-01
4.999995e-01 2.520566e-13 1.746410e-01 8.605265e-01
4.999996e-01 2.520251e-13 1.746150e-01 8.606190e-01
4.999997e-01 2.520215e-13 1.740000e-01 8.598377e-01
4.999996e-01 2.519808e-13 1.742840e-01 8.605037e-01
4.999998e-01 2.519392e-13 1.740150e-01 8.606761e-01
4.999999e-01 2.518873e-13 1.740290e-01 8.608476e-01
4.999996e-01 2.518636e-13 1.822720e-01 8.608667e-01
4.999992e-01 2.518274e-13 1.751880e-01 8.609324e-01
4.999998e-01 2.518125e-13 1.745290e-01 8.597729e-01
4.999998e-01 2.517602e-13 1.748820e-01 8.608943e-01
4.999995e-01 2.517346e-13 1.768240e-01 8.600711e-01
4.999993e-01 2.516969e-13 1.745240e-01 8.604732e-01
4.999997e-01 2.516842e-13 1.773500e-01 8.606399e-01
4.999995e-01 2.516444e-13 1.743170e-01 8.609791e-01
4.999991e-01 2.516380e-13 1.838080e-01 8.601874e-01
4.999998e-01 2.516080e-13 1.751950e-01 8.596004e-01
4.999993e-01 2.515604e-13 1.742940e-01 8.609943e-01
4.999999e-01 2.515423e-13 1.744290e-01 8.604417e-01
4.999991e-01 2.515027e-13 1.768580e-01 8.605151e-01
4.999994e-01 2.514937e-13 1.745100e-01 8.597758e-01
4.999998e-01 2.514689e-13 1.747550e-01 8.599568e-01
4.999997e-01 2.514339e-13 1.768440e-01 8.601826e-01
4.999993e-01 2.514082e-13 1.744440e-01 8.599692e-01
4.999996e-01 2.513831e-13 1.995860e-01 8.597900e-01
4.999995e-01 2.513775e-13 1.810930e-01 8.602493e-01
4.999995e-01 2.513273e-13 1.926700e-01 8.610229e-01
4.999997e-01 2.513200e-13 1.810360e-01 8.606637e-01
4.999994e-01 2.512974e-13 1.744970e-01 8.601616e-01
4.999991e-01 2.512739e-13 1.741160e-01 8.605713e-01
4.999996e-01 2.512529e-13 1.739700e-01 8.602378e-01
4.999998e-01 2.512321e-13 1.892060e-01 8.606104e-01
4.999996e-01 2.512093e-13 1.751830e-01 8.605770e-01
4.999994e-01 2.511953e-13 1.746420e-01 8.596081e-01
4.999997e-01 2.511726e-13 1.740330e-01 8.593499e-01
4.999996e-01 2.511516e-13 1.741460e-01 8.610144e-01
4.999994e-01 2.511333e-13 1.740110e-01 8.606028e-01
4.999995e-01 2.511147e-13 1.747590e-01 8.602035e-01
4.999995e-01 2.510993e-13 1.804760e-01 8.602569e-01
4.999995e-01 2.510816e-13 1.768890e-01 8.605218e-01
4.999996e-01 2.510744e-13 1.743770e-01 8.598882e-01
4.999994e-01 2.510497e-13 1.816060e-01 8.605161e-01
4.999996e-01 2.510278e-13 1.744260e-01 8.606571e-01
4.999995e-01 2.510166e-13 1.744430e-01 8.599530e-01
4.999993e-01 2.510053e-13 1.747170e-01 8.603846e-01
4.999993e-01 2.509710e-13 1.746260e-01 8.611677e-01
4.999996e-01 2.509658e-13 1.747340e-01 8.608047e-01
4.999996e-01 2.509525e-13 1.747440e-01 8.600292e-01
4.999992e-01 2.509394e-13 1.813450e-01 8.603474e-01
4.999995e-01 2.509279e-13 1.878670e-01 8.599387e-01
4.999994e-01 2.509123e-13 1.842720e-01 8.600568e-01
4.999994e-01 2.508957e-13 1.746920e-01 8.600082e-01
4.999995e-01 2.508792e-13 1.922280e-01 8.602350e-01
4.999997e-01 2.508713e-13 1.905180e-01 8.611325e-01
4.999994e-01 2.508607e-13 1.816440e-01 8.601769e-01
4.999995e-01 2.508423e-13 1.759820e-01 8.606285e-01
4.999996e-01 2.508294e-13 1.743160e-01 8.609086e-01
4.999995e-01 2.508173e-13 1.743230e-01 8.608886e-01
4.999994e-01 2.508066e-13 1.745670e-01 8.597634e-01
4.999995e-01 2.507955e-13 1.776130e-01 8.603998e-01
4.999995e-01 2.507822e-13 1.749920e-01 8.605037e-01
4.999994e-01 2.507682e-13 1.744700e-01 8.605827e-01
4.999993e-01 2.507586e-13 1.744470e-01 8.601816e-01
4.999994e-01 2.507479e-13 1.741160e-01 8.604274e-01
4.999997e-01 2.507395e-13 1.774860e-01 8.599806e-01
4.999994e-01 2.507296e-13 1.769880e-01 8.603884e-01
4.999995e-01 2.507201e-13 1.746690e-01 8.603770e-01
4.999995e-01 2.507122e-13 1.755540e-01 8.598853e-01
4.999994e-01 2.506975e-13 1.747540e-01 8.603112e-01
4.999996e-01 2.506879e-13 1.744350e-01 8.600044e-01
4.999997e-01 2.506788e-13 1.793550e-01 8.604179e-01
4.999994e-01 2.506706e-13 1.747010e-01 8.597100e-01
4.999994e-01 2.506584e-13 1.814470e-01 8.607104e-01
4.999994e-01 2.506528e-13 1.746880e-01 8.601026e-01
4.999994e-01 2.506403e-13 1.745410e-01 8.603903e-01
4.999996e-01 2.506332e-13 1.743300e-01 8.603236e-01
4.999996e-01 2.506268e-13 1.765540e-01 8.601826e-01
4.999995e-01 2.506188e-13 1.792690e-01 8.601931e-01
4.999995e-01 2.506044e-13 1.739450e-01 8.610105e-01
4.999994e-01 2.506016e-13 1.741130e-01 8.602903e-01
4.999996e-01 2.505916e-13 1.740940e-01 8.610325e-01
4.999995e-01 2.505864e-13 1.741080e-01 8.605980e-01
4.999994e-01 2.505764e-13 1.741680e-01 8.605446e-01
4.999996e-01 2.505763e-13 1.844040e-01 8.602274e-01
4.999995e-01 2.505640e-13 1.796390e-01 8.604579e-01
4.999996e-01 2.505556e-13 1.742220e-01 8.604465e-01
4.999994e-01 2.505496e-13 1.740350e-01 8.600606e-01
4.999995e-01 2.505418e-13 1.745360e-01 8.601168e-01
4.999994e-01 2.505386e-13 1.744800e-01 8.601473e-01
4.999995e-01 2.505321e-13 1.807760e-01 8.606466e-01
4.999996e-01 2.505242e-13 1.746180e-01 8.602683e-01
4.999996e-01 2.505187e-13 1.746050e-01 8.604284e-01
4.999995e-01 2.505112e-13 1.745730e-01 8.612240e-01
4.999997e-01 2.505075e-13 1.746290e-01 8.600597e-01
4.999996e-01 2.504983e-13 1.768590e-01 8.609848e-01
4.999995e-01 2.504948e-13 1.804610e-01 8.608533e-01
4.999994e-01 2.504898e-13 1.808810e-01 8.601835e-01
4.999994e-01 2.504826e-13 1.741180e-01 8.605437e-01
4.999994e-01 2.504757e-13 1.744960e-01 8.607400e-01
4.999995e-01 2.504722e-13 1.879690e-01 8.609400e-01
4.999994e-01 2.504642e-13 1.814690e-01 8.610763e-01
4.999994e-01 2.504595e-13 1.814240e-01 8.608695e-01
4.999993e-01 2.504576e-13 1.740570e-01 8.602217e-01
4.999996e-01 2.504527e-13 1.740640e-01 8.600387e-01
4.999995e-01 2.504469e-13 1.835170e-01 8.602664e-01
4.999995e-01 2.504426e-13 1.739990e-01 8.610934e-01
4.999995e-01 2.504374e-13 1.750510e-01 8.603560e-01
4.999993e-01 2.504334e-13 1.771840e-01 8.597710e-01
4.999996e-01 2.504294e-13 1.740070e-01 8.602283e-01
4.999997e-01 2.504252e-13 1.797290e-01 8.601216e-01
4.999995e-01 2.504199e-13 1.744530e-01 8.603970e-01
4.999995e-01 2.504170e-13 1.806560e-01 8.601445e-01
4.999995e-01 2.504112e-13 1.742030e-01 8.601045e-01
4.999996e-01 2.504058e-13 1.740470e-01 8.610410e-01
4.999996e-01 2.504050e-13 1.747160e-01 8.606771e-01
4.999995e-01 2.503989e-13 1.740600e-01 8.610210e-01
4.999996e-01 2.503952e-13 1.741240e-01 8.614717e-01
4.999995e-01 2.503927e-13 1.812990e-01 8.600644e-01
4.999995e-01 2.503907e-13 1.749110e-01 8.604151e-01
4.999995e-01 2.503849e-13 1.747890e-01 8.610715e-01
4.999995e-01 2.503821e-13 1.741280e-01 8.602664e-01
4.999994e-01 2.503794e-13 1.739910e-01 8.604103e-01
4.999996e-01 2.503759e-13 1.739970e-01 8.606018e-01
4.999995e-01 2.503719e-13 1.749980e-01 8.611487e-01
4.999995e-01 2.503683e-13 1.745550e-01 8.609572e-01
4.999994e-01 2.503669e-13 1.826100e-01 8.608781e-01
4.999995e-01 2.503617e-13 1.745890e-01 8.605427e-01
4.999995e-01 2.503595e-13 1.746230e-01 8.600930e-01
4.999996e-01 2.503579e-13 1.742880e-01 8.605504e-01
4.999995e-01 2.503531e-13 1.869350e-01 8.610134e-01
4.999994e-01 2.503506e-13 1.743500e-01 8.605418e-01
4.999994e-01 2.503500e-13 1.742090e-01 8.599206e-01
4.999995e-01 2.503469e-13 1.741800e-01 8.606323e-01
4.999996e-01 2.503433e-13 1.838260e-01 8.607838e-01
4.999995e-01 2.503398e-13 1.983770e-01 8.601207e-01
4.999995e-01 2.503383e-13 1.863760e-01 8.599568e-01
4.999996e-01 2.503361e-13 1.769920e-01 8.595814e-01
4.999995e-01 2.503324e-13 1.747670e-01 8.603141e-01
4.999995e-01 2.503298e-13 1.744580e-01 8.604103e-01
4.999995e-01 2.503284e-13 1.767660e-01 8.609057e-01
4.999995e-01 2.503244e-13 1.785290e-01 8.608028e-01
4.999995e-01 2.503231e-13 1.740440e-01 8.606180e-01
4.999995e-01 2.503216e-13 1.828580e-01 8.606971e-01
4.999995e-01 2.503191e-13 1.739950e-01 8.607133e-01
4.999994e-01 2.503166e-13 1.741160e-01 8.600397e-01
4.999995e-01 2.503142e-13 1.742880e-01 8.603627e-01
4.999995e-01 2.503136e-13 1.742180e-01 8.606037e-01
4.999994e-01 2.503110e-13 1.746080e-01 8.596243e-01
4.999996e-01 2.503085e-13 1.741760e-01 8.606399e-01
4.999996e-01 2.503065e-13 1.743820e-01 8.610868e-01
4.999995e-01 2.503054e-13 1.743970e-01 8.605618e-01
4.999995e-01 2.503030e-13 1.781360e-01 8.598082e-01
4.999995e-01 2.503011e-13 1.742320e-01 8.605275e-01
4.999995e-01 2.502996e-13 1.748460e-01 8.604999e-01
4.999995e-01 2.502973e-13 1.741950e-01 8.605618e-01
4.999995e-01 2.502965e-13 1.742560e-01 8.601559e-01
4.999996e-01 2.502946e-13 1.740090e-01 8.610153e-01
4.999995e-01 2.502918e-13 1.745180e-01 8.605561e-01
4.999995e-01 2.502915e-13 1.741010e-01 8.596471e-01
4.999995e-01 2.502896e-13 1.742220e-01 8.609905e-01
4.999996e-01 2.502884e-13 1.743530e-01 8.605208e-01
4.999995e-01 2.502869e-13 1.769220e-01 8.602502e-01
4.999995e-01 2.502853e-13 1.810640e-01 8.605570e-01
4.999995e-01 2.502840e-13 1.740690e-01 8.596843e-01
4.999995e-01 2.502823e-13 1.805080e-01 8.603207e-01
4.999994e-01 2.502803e-13 1.743280e-01 8.609029e-01
4.999995e-01 2.502802e-13 1.814630e-01 8.595538e-01
4.999994e-01 2.502778e-13 1.748310e-01 8.606771e-01
4.999995e-01 2.502770e-13 1.802910e-01 8.603503e-01
4.999995e-01 2.502755e-13 1.744090e-01 8.607933e-01
4.999995e-01 2.502741e-13 1.746420e-01 8.603160e-01
4.999996e-01 2.502728e-13 1.741440e-01 8.609038e-01
4.999996e-01 2.502716e-13 1.750000e-01 8.612154e-01
4.999995e-01 2.502711e-13 1.814060e-01 8.600825e-01
4.999995e-01 2.502697e-13 1.746950e-01 8.601273e-01
4.999994e-01 2.502683e-13 1.748330e-01 8.601273e-01
4.999995e-01 2.502673e-13 1.741880e-01 8.602436e-01
4.999995e-01 2.502664e-13 1.769170e-01 8.602159e-01
4.999995e-01 2.502647e-13 1.747370e-01 8.608886e-01
4.999994e-01 2.502637e-13 1.741860e-01 8.605713e-01
4.999995e-01 2.502630e-13 1.742520e-01 8.603617e-01
4.999995e-01 2.502622e-13 1.739530e-01 8.602607e-01
4.999995e-01 2.502611e-13 1.740600e-01 8.598396e-01
4.999995e-01 2.502598e-13 1.741910e-01 8.600454e-01
4.999995e-01 2.502586e-13 1.747280e-01 8.602931e-01
4.999996e-01 2.502586e-13 1.745890e-01 8.602417e-01
4.999996e-01 2.502568e-13 1.745290e-01 8.610029e-01
4.999995e-01 2.502558e-13 1.745380e-01 8.603931e-01
4.999995e-01 2.502555e-13 1.746550e-01 8.603236e-01
4.999995e-01 2.502544e-13 1.813330e-01 8.607018e-01
4.999995e-01 2.502538e-13 1.813430e-01 8.608133e-01
4.999995e-01 2.502527e-13 1.774290e-01 8.598253e-01
4.999995e-01 2.502523e-13 1.748550e-01 8.593432e-01
4.999995e-01 2.502508e-13 2.048870e-01 8.609639e-01
4.999995e-01 2.502506e-13 1.815440e-01 8.604713e-01
4.999995e-01 2.502498e-13 1.746450e-01 8.606695e-01
4.999995e-01 2.502493e-13 1.808270e-01 8.599692e-01
4.999995e-01 2.502485e-13 1.741220e-01 8.604951e-01
4.999995e-01 2.502472e-13 1.740070e-01 8.608876e-01
4.999995e-01 2.502469e-13 1.744060e-01 8.602807e-01
4.999995e-01 2.502460e-13 1.796790e-01 8.599730e-01
4.999996e-01 2.502455e-13 1.743650e-01 8.602369e-01
4.999995e-01 2.502448e-13 1.869160e-01 8.604360e-01
4.999995e-01 2.502438e-13 1.740240e-01 8.605570e-01
4.999995e-01 2.502434e-13 1.741450e-01 8.608162e-01
4.999995e-01 2.502426e-13 1.840500e-01 8.606123e-01
4.999995e-01 2.502422e-13 1.889350e-01 8.599234e-01
4.999995e-01 2.502414e-13 1.883970e-01 8.616051e-01
4.999996e-01 2.502410e-13 1.818780e-01 8.603236e-01
4.999995e-01 2.502404e-13 1.745520e-01 8.609753e-01
4.999995e-01 2.502397e-13 1.745800e-01 8.604322e-01
4.999995e-01 2.502391e-13 1.743010e-01 8.608362e-01
4.999995e-01 2.502386e-13 1.741600e-01 8.603684e-01
4.999995e-01 2.502382e-13 1.772740e-01 8.609229e-01
4.999995e-01 2.502378e-13 1.746270e-01 8.611792e-01
4.999994e-01 2.502370e-13 1.766710e-01 8.604675e-01
4.999995e-01 2.502365e-13 1.743420e-01 8.609381e-01
4.999995e-01 2.502362e-13 1.742920e-01 8.608114e-01
4.999995e-01 2.502356e-13 1.741750e-01 8.600721e-01
4.999995e-01 2.502354e-13 1.785440e-01 8.601997e-01
4.999995e-01 2.502346e-13 1.740170e-01 8.603770e-01
4.999995e-01 2.502346e-13 1.809790e-01 8.598082e-01
4.999994e-01 2.502340e-13 1.744700e-01 8.600378e-01
4.999995e-01 2.502334e-13 1.741230e-01 8.600930e-01
4.999994e-01 2.502326e-13 1.745630e-01 8.610096e-01
4.999995e-01 2.502329e-13 1.746670e-01 8.590478e-01
4.999995e-01 2.502320e-13 1.740230e-01 8.607190e-01
4.999995e-01 2.502318e-13 1.745680e-01 8.602016e-01
4.999995e-01 2.502313e-13 1.753480e-01 8.605980e-01
4.999995e-01 2.502309e-13 1.744870e-01 8.604856e-01
4.999995e-01 2.502307e-13 1.809230e-01 8.603893e-01
4.999995e-01 2.502302e-13 1.742290e-01 8.606190e-01
4.999995e-01 2.502300e-13 1.776210e-01 8.598320e-01
4.999995e-01 2.502295e-13 1.776480e-01 8.603903e-01
4.999995e-01 2.502292e-13 1.742280e-01 8.609153e-01
4.999994e-01 2.502286e-13 1.774940e-01 8.609267e-01
4.999995e-01 2.502287e-13 1.802900e-01 8.595014e-01
4.999995e-01 2.502283e-13 1.819950e-01 8.601635e-01
4.999995e-01 2.502277e-13 1.771060e-01 8.608467e-01
4.999995e-01 2.502274e-13 1.741550e-01 8.606876e-01
4.999995e-01 2.502271e-13 1.743170e-01 8.612059e-01
4.999995e-01 2.502270e-13 1.742240e-01 8.604532e-01
4.999995e-01 2.502266e-13 1.749590e-01 8.606209e-01
4.999995e-01 2.502263e-13 1.743330e-01 8.606904e-01
4.999995e-01 2.502260e-13 1.746670e-01 8.601159e-01
4.999995e-01 2.502257e-13 1.742710e-01 8.603284e-01
4.999995e-01 2.502253e-13 1.739390e-01 8.608295e-01
4.999995e-01 2.502252e-13 1.811830e-01 8.601816e-01
4.999995e-01 2.502248e-13 1.746140e-01 8.604379e-01
4.999995e-01 2.502248e-13 1.808310e-01 8.599654e-01
4.999995e-01 2.502244e-13 1.811110e-01 8.604732e-01
4.999995e-01 2.502243e-13 1.808320e-01 8.597777e-01
4.999995e-01 2.502238e-13 1.802710e-01 8.599511e-01
4.999995e-01 2.502237e-13 1.748050e-01 8.607323e-01
4.999995e-01 2.502235e-13 1.764850e-01 8.603960e-01
