# dim  N   mc   dt  Impsamp 
# 1    1 1049576 0.1
#
# Theoretical Energy = 5.000000e-01
# Energy     Variance     CPU time     Acceptance
5.058406e-01 1.684590e-09 2.420630e-01 9.720535e-01
5.056704e-01 1.633915e-09 2.174870e-01 9.718810e-01
5.059297e-01 1.580186e-09 2.151630e-01 9.719287e-01
5.056415e-01 1.544366e-09 2.170880e-01 9.719696e-01
5.050987e-01 1.494615e-09 2.184350e-01 9.719372e-01
5.052846e-01 1.466110e-09 2.225200e-01 9.720058e-01
5.047886e-01 1.418124e-09 2.172170e-01 9.717095e-01
5.050720e-01 1.384057e-09 2.165730e-01 9.721907e-01
5.047356e-01 1.342992e-09 2.163650e-01 9.722212e-01
5.047150e-01 1.297555e-09 2.153290e-01 9.716409e-01
5.044506e-01 1.268563e-09 2.150860e-01 9.717038e-01
5.045736e-01 1.227929e-09 2.151490e-01 9.718239e-01
5.043725e-01 1.191923e-09 2.229430e-01 9.719553e-01
5.041765e-01 1.159769e-09 2.149750e-01 9.720382e-01
5.037979e-01 1.131855e-09 2.148770e-01 9.721411e-01
5.039714e-01 1.100942e-09 2.181910e-01 9.721002e-01
5.039766e-01 1.066382e-09 2.575270e-01 9.719515e-01
5.036341e-01 1.037561e-09 2.263080e-01 9.719715e-01
5.035067e-01 1.015145e-09 2.155110e-01 9.718267e-01
5.035694e-01 9.825284e-10 2.149880e-01 9.722097e-01
5.034425e-01 9.520871e-10 2.154800e-01 9.721392e-01
5.030025e-01 9.246191e-10 2.153260e-01 9.720363e-01
5.031833e-01 8.993601e-10 2.223680e-01 9.719572e-01
5.030396e-01 8.780844e-10 2.149560e-01 9.720830e-01
5.028917e-01 8.522692e-10 2.152980e-01 9.721345e-01
5.028525e-01 8.288370e-10 2.218020e-01 9.716390e-01
5.027188e-01 8.036602e-10 2.273020e-01 9.719658e-01
5.028360e-01 7.800568e-10 2.156230e-01 9.718115e-01
5.028029e-01 7.647144e-10 2.151320e-01 9.720544e-01
5.026858e-01 7.396799e-10 2.152930e-01 9.717400e-01
5.024599e-01 7.151738e-10 2.153450e-01 9.721164e-01
5.025825e-01 6.912079e-10 2.148730e-01 9.718096e-01
5.023668e-01 6.727315e-10 2.159190e-01 9.719534e-01
5.023858e-01 6.614448e-10 2.152090e-01 9.719563e-01
5.021263e-01 6.323186e-10 2.151170e-01 9.720535e-01
5.021964e-01 6.222896e-10 2.354680e-01 9.720420e-01
5.020495e-01 6.059401e-10 2.153690e-01 9.721754e-01
5.021826e-01 5.867511e-10 2.154720e-01 9.721935e-01
5.020335e-01 5.745782e-10 2.170810e-01 9.721735e-01
5.019842e-01 5.544371e-10 2.152930e-01 9.720201e-01
5.019105e-01 5.396682e-10 2.150790e-01 9.720249e-01
5.018974e-01 5.270070e-10 2.219360e-01 9.720201e-01
5.017052e-01 5.112179e-10 2.159640e-01 9.721449e-01
5.016982e-01 4.950065e-10 2.175810e-01 9.719220e-01
5.016207e-01 4.852649e-10 2.159110e-01 9.719801e-01
5.016159e-01 4.661943e-10 2.219160e-01 9.717534e-01
5.015568e-01 4.547103e-10 2.150800e-01 9.718315e-01
5.015345e-01 4.450967e-10 2.149110e-01 9.716809e-01
5.014747e-01 4.326133e-10 2.148540e-01 9.721583e-01
5.015424e-01 4.212461e-10 2.150130e-01 9.719039e-01
5.013565e-01 4.064973e-10 2.148730e-01 9.717505e-01
5.013714e-01 3.938361e-10 2.202650e-01 9.719601e-01
5.014065e-01 3.859993e-10 2.150670e-01 9.720811e-01
5.012887e-01 3.737614e-10 2.150450e-01 9.721125e-01
5.012962e-01 3.620517e-10 2.149950e-01 9.720935e-01
5.012847e-01 3.504208e-10 2.151970e-01 9.716552e-01
5.011746e-01 3.423594e-10 2.150820e-01 9.720163e-01
5.011173e-01 3.345605e-10 2.151040e-01 9.718772e-01
5.012012e-01 3.231835e-10 2.178120e-01 9.719992e-01
5.010659e-01 3.148355e-10 2.149120e-01 9.719487e-01
5.010089e-01 3.071313e-10 2.218520e-01 9.721650e-01
5.010032e-01 2.959670e-10 2.149940e-01 9.722669e-01
5.008952e-01 2.900232e-10 2.152140e-01 9.720096e-01
5.009959e-01 2.815599e-10 2.224850e-01 9.719477e-01
5.009462e-01 2.715536e-10 2.149640e-01 9.720268e-01
5.009172e-01 2.655179e-10 2.148670e-01 9.720125e-01
5.009235e-01 2.581100e-10 2.154970e-01 9.721125e-01
5.009838e-01 2.498306e-10 2.232680e-01 9.716552e-01
5.008720e-01 2.450716e-10 2.174640e-01 9.717838e-01
5.006758e-01 2.351249e-10 2.219210e-01 9.716609e-01
5.007609e-01 2.300257e-10 2.149060e-01 9.718505e-01
5.007989e-01 2.223615e-10 2.151630e-01 9.720173e-01
5.006123e-01 2.161253e-10 2.153300e-01 9.718963e-01
5.007683e-01 2.123091e-10 2.427170e-01 9.719592e-01
5.006860e-01 2.046799e-10 2.621520e-01 9.718963e-01
5.007679e-01 2.010554e-10 2.185110e-01 9.719925e-01
5.007022e-01 1.938502e-10 2.151940e-01 9.720497e-01
5.007260e-01 1.882523e-10 2.153200e-01 9.719706e-01
5.006155e-01 1.834717e-10 2.149380e-01 9.721268e-01
5.005886e-01 1.778195e-10 2.209530e-01 9.721592e-01
5.006215e-01 1.752893e-10 2.159920e-01 9.718420e-01
5.006600e-01 1.687247e-10 2.152200e-01 9.720944e-01
5.006508e-01 1.635007e-10 2.148600e-01 9.717696e-01
5.004907e-01 1.592424e-10 2.148060e-01 9.721878e-01
5.004975e-01 1.555694e-10 2.149700e-01 9.720678e-01
5.005993e-01 1.505582e-10 2.178960e-01 9.719754e-01
5.005144e-01 1.462276e-10 2.153620e-01 9.717391e-01
5.004434e-01 1.427025e-10 2.190040e-01 9.718353e-01
5.005270e-01 1.378238e-10 2.155880e-01 9.717133e-01
5.004583e-01 1.347941e-10 2.163520e-01 9.717772e-01
5.004739e-01 1.304104e-10 2.230330e-01 9.718820e-01
5.004159e-01 1.266993e-10 2.150630e-01 9.718200e-01
5.004427e-01 1.242510e-10 2.175300e-01 9.719220e-01
5.004200e-01 1.206331e-10 2.281160e-01 9.719677e-01
5.004227e-01 1.168676e-10 2.151130e-01 9.721392e-01
5.004921e-01 1.137495e-10 2.148980e-01 9.718439e-01
5.004103e-01 1.105612e-10 2.224820e-01 9.720325e-01
5.004230e-01 1.075991e-10 2.153230e-01 9.717915e-01
5.003267e-01 1.036624e-10 2.205510e-01 9.721106e-01
5.003375e-01 1.019504e-10 2.154450e-01 9.719611e-01
5.004275e-01 9.895262e-11 2.154150e-01 9.720001e-01
5.003324e-01 9.598751e-11 2.153000e-01 9.721164e-01
5.003533e-01 9.316837e-11 2.157280e-01 9.723384e-01
5.004230e-01 8.983865e-11 2.154220e-01 9.719592e-01
5.003064e-01 8.822091e-11 2.151940e-01 9.720135e-01
5.003139e-01 8.486481e-11 2.148320e-01 9.718134e-01
5.002778e-01 8.308530e-11 2.148770e-01 9.717648e-01
5.002200e-01 8.038820e-11 2.151980e-01 9.720182e-01
5.003045e-01 7.805620e-11 2.160940e-01 9.719820e-01
5.002885e-01 7.623797e-11 2.153870e-01 9.719849e-01
5.002778e-01 7.385710e-11 2.148830e-01 9.720354e-01
5.002624e-01 7.206852e-11 2.174340e-01 9.718458e-01
5.002531e-01 7.043174e-11 2.219340e-01 9.722688e-01
5.003074e-01 6.805060e-11 2.152760e-01 9.719696e-01
5.002363e-01 6.625134e-11 2.163840e-01 9.720287e-01
5.002317e-01 6.401077e-11 2.175250e-01 9.720735e-01
5.002535e-01 6.256679e-11 2.181110e-01 9.717724e-01
5.002533e-01 6.069956e-11 2.154080e-01 9.719277e-01
5.002351e-01 5.864408e-11 2.149910e-01 9.718315e-01
5.002061e-01 5.744812e-11 2.149060e-01 9.722564e-01
5.001774e-01 5.546354e-11 2.255330e-01 9.719534e-01
5.001883e-01 5.425741e-11 2.235630e-01 9.721945e-01
5.000990e-01 5.236159e-11 2.152060e-01 9.718105e-01
5.001744e-01 5.107339e-11 2.182140e-01 9.717619e-01
5.002085e-01 4.955372e-11 2.205450e-01 9.721440e-01
5.001961e-01 4.813460e-11 2.299440e-01 9.721326e-01
5.001386e-01 4.749417e-11 2.217710e-01 9.720116e-01
5.001426e-01 4.579044e-11 2.235860e-01 9.720030e-01
5.001947e-01 4.430502e-11 2.150990e-01 9.720478e-01
5.001223e-01 4.367259e-11 2.151750e-01 9.720354e-01
5.001305e-01 4.227989e-11 2.474000e-01 9.720354e-01
5.001887e-01 4.098255e-11 2.300220e-01 9.721402e-01
5.000729e-01 3.993089e-11 2.316580e-01 9.720468e-01
5.001351e-01 3.851554e-11 2.158310e-01 9.716543e-01
5.001480e-01 3.771635e-11 2.218400e-01 9.720544e-01
5.001041e-01 3.630507e-11 2.221990e-01 9.722659e-01
5.000500e-01 3.556811e-11 2.150760e-01 9.721992e-01
5.001286e-01 3.444982e-11 2.148260e-01 9.721478e-01
5.000868e-01 3.352244e-11 2.152470e-01 9.719734e-01
5.001312e-01 3.249319e-11 2.164900e-01 9.720678e-01
5.000826e-01 3.177338e-11 2.287430e-01 9.720439e-01
5.000866e-01 3.084901e-11 2.149020e-01 9.721821e-01
5.000949e-01 3.002456e-11 2.223750e-01 9.720983e-01
5.000874e-01 2.919856e-11 2.148460e-01 9.720840e-01
5.001019e-01 2.837791e-11 2.167180e-01 9.720268e-01
5.001148e-01 2.752062e-11 2.222880e-01 9.720116e-01
5.000469e-01 2.692427e-11 2.154030e-01 9.719372e-01
5.000718e-01 2.613079e-11 2.152470e-01 9.719229e-01
5.000945e-01 2.515192e-11 2.205860e-01 9.721316e-01
5.000828e-01 2.463718e-11 2.155690e-01 9.720582e-01
5.000753e-01 2.417538e-11 2.178180e-01 9.718677e-01
5.000974e-01 2.339004e-11 2.148590e-01 9.722326e-01
5.000593e-01 2.263041e-11 2.154140e-01 9.720716e-01
5.000782e-01 2.205042e-11 2.245510e-01 9.719458e-01
5.000589e-01 2.140297e-11 2.187610e-01 9.722259e-01
5.000763e-01 2.079192e-11 2.156240e-01 9.720459e-01
5.000780e-01 2.035063e-11 2.148380e-01 9.721669e-01
5.000813e-01 1.973599e-11 2.149320e-01 9.720821e-01
5.000705e-01 1.926970e-11 2.151830e-01 9.719515e-01
5.000669e-01 1.865912e-11 2.149510e-01 9.722231e-01
5.000322e-01 1.809657e-11 2.148390e-01 9.720897e-01
5.000460e-01 1.763106e-11 2.154490e-01 9.720611e-01
5.000708e-01 1.711391e-11 2.179200e-01 9.720011e-01
5.000825e-01 1.665947e-11 2.155650e-01 9.719572e-01
5.000576e-01 1.622173e-11 2.208930e-01 9.717419e-01
5.000338e-01 1.585955e-11 2.148980e-01 9.717619e-01
5.000840e-01 1.531552e-11 2.148090e-01 9.721497e-01
5.000485e-01 1.503795e-11 2.148690e-01 9.721897e-01
5.000415e-01 1.451108e-11 2.162490e-01 9.718886e-01
5.000777e-01 1.406964e-11 2.149080e-01 9.720239e-01
5.000734e-01 1.365367e-11 2.200330e-01 9.718839e-01
5.000376e-01 1.348079e-11 2.156360e-01 9.718601e-01
5.000272e-01 1.288189e-11 2.208440e-01 9.720840e-01
5.000397e-01 1.260842e-11 2.218360e-01 9.716990e-01
5.000377e-01 1.233145e-11 2.153610e-01 9.720211e-01
5.000433e-01 1.203398e-11 2.149530e-01 9.721097e-01
5.000267e-01 1.173571e-11 2.149840e-01 9.721449e-01
5.000178e-01 1.123518e-11 2.153930e-01 9.719477e-01
5.000560e-01 1.092113e-11 2.225270e-01 9.718658e-01
5.000481e-01 1.061538e-11 2.150340e-01 9.719058e-01
5.000316e-01 1.041192e-11 2.221040e-01 9.719010e-01
5.000193e-01 1.015695e-11 2.159830e-01 9.717553e-01
5.000164e-01 9.812336e-12 2.149230e-01 9.722050e-01
5.000284e-01 9.609368e-12 2.149610e-01 9.721754e-01
5.000312e-01 9.228547e-12 2.148670e-01 9.720725e-01
5.000209e-01 9.104018e-12 2.217200e-01 9.718019e-01
5.000190e-01 8.844974e-12 2.218770e-01 9.717696e-01
5.000259e-01 8.633789e-12 2.301680e-01 9.719144e-01
5.000231e-01 8.363387e-12 2.372010e-01 9.718105e-01
5.000333e-01 8.113020e-12 2.222900e-01 9.722154e-01
5.000170e-01 7.923567e-12 2.156860e-01 9.720230e-01
5.000209e-01 7.693571e-12 2.212990e-01 9.721764e-01
5.000214e-01 7.496517e-12 2.193060e-01 9.719877e-01
5.000320e-01 7.258220e-12 2.219970e-01 9.719896e-01
5.000181e-01 7.088151e-12 2.150680e-01 9.719868e-01
5.000171e-01 6.915575e-12 2.152700e-01 9.719734e-01
5.000296e-01 6.709132e-12 2.157790e-01 9.719468e-01
5.000087e-01 6.511181e-12 2.179150e-01 9.720944e-01
5.000218e-01 6.315689e-12 2.149690e-01 9.719477e-01
5.000135e-01 6.163036e-12 2.148970e-01 9.719687e-01
4.999899e-01 5.969589e-12 2.150710e-01 9.719877e-01
5.000281e-01 5.824216e-12 2.150660e-01 9.721592e-01
5.000231e-01 5.643885e-12 2.217130e-01 9.722135e-01
5.000092e-01 5.528512e-12 2.149650e-01 9.717381e-01
5.000110e-01 5.404113e-12 2.151530e-01 9.720363e-01
5.000091e-01 5.259497e-12 2.148310e-01 9.722412e-01
5.000229e-01 5.098417e-12 2.149020e-01 9.720906e-01
5.000213e-01 4.941610e-12 2.149460e-01 9.718734e-01
5.000218e-01 4.850284e-12 2.176500e-01 9.717953e-01
5.000250e-01 4.689360e-12 2.189210e-01 9.719363e-01
5.000167e-01 4.557308e-12 2.156110e-01 9.722031e-01
5.000104e-01 4.444881e-12 2.173710e-01 9.721878e-01
5.000108e-01 4.334878e-12 2.152140e-01 9.721783e-01
5.000154e-01 4.201186e-12 2.154140e-01 9.718429e-01
5.000226e-01 4.126711e-12 2.157690e-01 9.720030e-01
5.000057e-01 4.008114e-12 2.223270e-01 9.719715e-01
5.000168e-01 3.906550e-12 2.151070e-01 9.719868e-01
4.999992e-01 3.830647e-12 2.201640e-01 9.719106e-01
5.000149e-01 3.696559e-12 2.161760e-01 9.718534e-01
5.000045e-01 3.616411e-12 2.149760e-01 9.720173e-01
5.000234e-01 3.483743e-12 2.152250e-01 9.720325e-01
5.000141e-01 3.423865e-12 2.182250e-01 9.718915e-01
5.000137e-01 3.308876e-12 2.216440e-01 9.720849e-01
5.000037e-01 3.248648e-12 2.220770e-01 9.717829e-01
5.000080e-01 3.154805e-12 2.188580e-01 9.719449e-01
5.000004e-01 3.065391e-12 2.282540e-01 9.722936e-01
5.000066e-01 2.999443e-12 2.151910e-01 9.718191e-01
5.000054e-01 2.913628e-12 2.152340e-01 9.719725e-01
5.000162e-01 2.822715e-12 2.155540e-01 9.721316e-01
4.999973e-01 2.771664e-12 2.148920e-01 9.720249e-01
5.000190e-01 2.711307e-12 2.149740e-01 9.721116e-01
5.000134e-01 2.652555e-12 2.174800e-01 9.720420e-01
5.000148e-01 2.562256e-12 2.150970e-01 9.716781e-01
5.000096e-01 2.492378e-12 2.194450e-01 9.719592e-01
5.000009e-01 2.428653e-12 2.228160e-01 9.717667e-01
5.000133e-01 2.380725e-12 2.232110e-01 9.720087e-01
5.000111e-01 2.322984e-12 2.148640e-01 9.718105e-01
5.000041e-01 2.258245e-12 2.150850e-01 9.720420e-01
5.000181e-01 2.196126e-12 2.152040e-01 9.718582e-01
5.000077e-01 2.138836e-12 2.158670e-01 9.721002e-01
5.000011e-01 2.087802e-12 2.205930e-01 9.720411e-01
5.000173e-01 2.037210e-12 2.155170e-01 9.717410e-01
4.999979e-01 1.985315e-12 2.173430e-01 9.718220e-01
5.000053e-01 1.948983e-12 2.234990e-01 9.723079e-01
5.000065e-01 1.899246e-12 2.218830e-01 9.719544e-01
4.999983e-01 1.848139e-12 2.471170e-01 9.720802e-01
5.000084e-01 1.801314e-12 2.501100e-01 9.719249e-01
5.000081e-01 1.766910e-12 2.151840e-01 9.718172e-01
5.000137e-01 1.719037e-12 2.220850e-01 9.720763e-01
5.000051e-01 1.682433e-12 2.199520e-01 9.718591e-01
5.000082e-01 1.646565e-12 2.151580e-01 9.718886e-01
5.000020e-01 1.605796e-12 2.149520e-01 9.720192e-01
5.000036e-01 1.560315e-12 2.149360e-01 9.720811e-01
5.000089e-01 1.526998e-12 2.149270e-01 9.719039e-01
5.000025e-01 1.486068e-12 2.155810e-01 9.720821e-01
5.000117e-01 1.449728e-12 2.161980e-01 9.721278e-01
5.000063e-01 1.417259e-12 2.154760e-01 9.720449e-01
5.000048e-01 1.388926e-12 2.152350e-01 9.718524e-01
5.000051e-01 1.363033e-12 2.192120e-01 9.720954e-01
5.000055e-01 1.323015e-12 2.153350e-01 9.718200e-01
4.999963e-01 1.300250e-12 2.149390e-01 9.718019e-01
4.999980e-01 1.272793e-12 2.149560e-01 9.718705e-01
5.000110e-01 1.241542e-12 2.151020e-01 9.722402e-01
4.999974e-01 1.202653e-12 2.219000e-01 9.720278e-01
5.000028e-01 1.184624e-12 2.203230e-01 9.719134e-01
5.000005e-01 1.154901e-12 2.217770e-01 9.722650e-01
5.000071e-01 1.133178e-12 2.158070e-01 9.721745e-01
5.000033e-01 1.108635e-12 2.179580e-01 9.719811e-01
4.999993e-01 1.081113e-12 2.236530e-01 9.720087e-01
5.000109e-01 1.054539e-12 2.149900e-01 9.720220e-01
4.999980e-01 1.033569e-12 2.224120e-01 9.720439e-01
5.000040e-01 1.017314e-12 2.168480e-01 9.718058e-01
5.000001e-01 9.925157e-13 2.162060e-01 9.721735e-01
4.999973e-01 9.764815e-13 2.221000e-01 9.718791e-01
5.000056e-01 9.518575e-13 2.162080e-01 9.720582e-01
4.999988e-01 9.306909e-13 2.148460e-01 9.720039e-01
5.000000e-01 9.123656e-13 2.148390e-01 9.721068e-01
5.000045e-01 8.992295e-13 2.152200e-01 9.718620e-01
4.999976e-01 8.801392e-13 2.157970e-01 9.719277e-01
4.999977e-01 8.568998e-13 2.149060e-01 9.716667e-01
5.000032e-01 8.403425e-13 2.151680e-01 9.720973e-01
4.999966e-01 8.257734e-13 2.150780e-01 9.722126e-01
4.999993e-01 8.091166e-13 2.150390e-01 9.721459e-01
5.000016e-01 7.930716e-13 2.210980e-01 9.716428e-01
5.000020e-01 7.757282e-13 2.149230e-01 9.723717e-01
4.999992e-01 7.654104e-13 2.150800e-01 9.721345e-01
4.999985e-01 7.491700e-13 2.164000e-01 9.720592e-01
5.000003e-01 7.353485e-13 2.205240e-01 9.722221e-01
5.000089e-01 7.199195e-13 2.149990e-01 9.718896e-01
5.000031e-01 7.087924e-13 2.151170e-01 9.720297e-01
5.000055e-01 6.958257e-13 2.158260e-01 9.719820e-01
5.000007e-01 6.847185e-13 2.150590e-01 9.718372e-01
4.999989e-01 6.723449e-13 2.297820e-01 9.722793e-01
5.000059e-01 6.564244e-13 2.215100e-01 9.719353e-01
5.000009e-01 6.476851e-13 2.211100e-01 9.719010e-01
5.000003e-01 6.382033e-13 2.169920e-01 9.723746e-01
4.999990e-01 6.269732e-13 2.231260e-01 9.721345e-01
5.000004e-01 6.187399e-13 2.150530e-01 9.718772e-01
4.999995e-01 6.036370e-13 2.152430e-01 9.718543e-01
5.000048e-01 5.969971e-13 2.160520e-01 9.717505e-01
4.999997e-01 5.845257e-13 2.149170e-01 9.720439e-01
5.000004e-01 5.761072e-13 2.164070e-01 9.718753e-01
5.000006e-01 5.670005e-13 2.512530e-01 9.718353e-01
4.999977e-01 5.581655e-13 2.435430e-01 9.718000e-01
5.000001e-01 5.505156e-13 2.153850e-01 9.718915e-01
5.000020e-01 5.418612e-13 2.154000e-01 9.720640e-01
4.999967e-01 5.330232e-13 2.197900e-01 9.719677e-01
4.999987e-01 5.258573e-13 2.148450e-01 9.722507e-01
4.999994e-01 5.160913e-13 2.151490e-01 9.720859e-01
4.999963e-01 5.107023e-13 2.216120e-01 9.718172e-01
5.000025e-01 5.028868e-13 2.151590e-01 9.720363e-01
5.000026e-01 4.959773e-13 2.155490e-01 9.721297e-01
4.999986e-01 4.874310e-13 2.148520e-01 9.720077e-01
5.000003e-01 4.827469e-13 2.150630e-01 9.718124e-01
5.000022e-01 4.742011e-13 2.157840e-01 9.722564e-01
4.999991e-01 4.695912e-13 2.148770e-01 9.719439e-01
5.000006e-01 4.649783e-13 2.152530e-01 9.722497e-01
5.000049e-01 4.566822e-13 2.235330e-01 9.718772e-01
4.999998e-01 4.508404e-13 2.176500e-01 9.720840e-01
4.999987e-01 4.463243e-13 2.223620e-01 9.720697e-01
5.000011e-01 4.415359e-13 2.149430e-01 9.719620e-01
4.999978e-01 4.344264e-13 2.149890e-01 9.721440e-01
4.999996e-01 4.296856e-13 2.148510e-01 9.720916e-01
5.000027e-01 4.240610e-13 2.150090e-01 9.720344e-01
5.000007e-01 4.194655e-13 2.153000e-01 9.719210e-01
4.999985e-01 4.149789e-13 2.161480e-01 9.723279e-01
5.000021e-01 4.106769e-13 2.150940e-01 9.718305e-01
5.000018e-01 4.066300e-13 2.151240e-01 9.722869e-01
5.000023e-01 4.013921e-13 2.223640e-01 9.716848e-01
5.000001e-01 3.966520e-13 2.221400e-01 9.720173e-01
4.999990e-01 3.932312e-13 2.148760e-01 9.720335e-01
5.000020e-01 3.885205e-13 2.150860e-01 9.719096e-01
5.000040e-01 3.854071e-13 2.148430e-01 9.722602e-01
5.000022e-01 3.810339e-13 2.152860e-01 9.720802e-01
5.000003e-01 3.779961e-13 2.200300e-01 9.722602e-01
5.000008e-01 3.753871e-13 2.154060e-01 9.722326e-01
5.000034e-01 3.715837e-13 2.149550e-01 9.721783e-01
4.999997e-01 3.670637e-13 2.150720e-01 9.719773e-01
5.000008e-01 3.632082e-13 2.149000e-01 9.716933e-01
4.999992e-01 3.614577e-13 2.209770e-01 9.720287e-01
5.000008e-01 3.567356e-13 2.178180e-01 9.720192e-01
4.999993e-01 3.551746e-13 2.149420e-01 9.719849e-01
5.000013e-01 3.517843e-13 2.154750e-01 9.719115e-01
4.999984e-01 3.491904e-13 2.148980e-01 9.721211e-01
5.000004e-01 3.467049e-13 2.221500e-01 9.717400e-01
5.000012e-01 3.432098e-13 2.151350e-01 9.717848e-01
4.999981e-01 3.408256e-13 2.154560e-01 9.717724e-01
5.000013e-01 3.376035e-13 2.269010e-01 9.720925e-01
5.000015e-01 3.357305e-13 2.149470e-01 9.717848e-01
5.000009e-01 3.334412e-13 2.154230e-01 9.718382e-01
5.000008e-01 3.311243e-13 2.151680e-01 9.717381e-01
5.000007e-01 3.291154e-13 2.151500e-01 9.717753e-01
5.000010e-01 3.270693e-13 2.155790e-01 9.721049e-01
4.999996e-01 3.235929e-13 2.179520e-01 9.718077e-01
5.000000e-01 3.232285e-13 2.292180e-01 9.720687e-01
4.999975e-01 3.210074e-13 2.150400e-01 9.721440e-01
4.999988e-01 3.182625e-13 2.151900e-01 9.719887e-01
4.999995e-01 3.162432e-13 2.180620e-01 9.720868e-01
4.999982e-01 3.150966e-13 2.202980e-01 9.717172e-01
5.000002e-01 3.120012e-13 2.377820e-01 9.718000e-01
4.999999e-01 3.110925e-13 2.349450e-01 9.718458e-01
5.000001e-01 3.095098e-13 2.543940e-01 9.720582e-01
5.000000e-01 3.078222e-13 2.269260e-01 9.721583e-01
4.999995e-01 3.064978e-13 2.223980e-01 9.718934e-01
5.000004e-01 3.041499e-13 2.151020e-01 9.721192e-01
4.999979e-01 3.031197e-13 2.154030e-01 9.720525e-01
4.999995e-01 3.017594e-13 2.152670e-01 9.719106e-01
4.999991e-01 2.998996e-13 2.178850e-01 9.721383e-01
5.000015e-01 2.988504e-13 2.149730e-01 9.719001e-01
4.999999e-01 2.975071e-13 2.153150e-01 9.720516e-01
4.999987e-01 2.963146e-13 2.160770e-01 9.719125e-01
5.000002e-01 2.947287e-13 2.154840e-01 9.720163e-01
4.999992e-01 2.936284e-13 2.181530e-01 9.720459e-01
4.999992e-01 2.925497e-13 2.151560e-01 9.718744e-01
4.999994e-01 2.909731e-13 2.153210e-01 9.719372e-01
4.999983e-01 2.897642e-13 2.243830e-01 9.718944e-01
5.000004e-01 2.888986e-13 2.148020e-01 9.719468e-01
5.000000e-01 2.880650e-13 2.211290e-01 9.722945e-01
4.999983e-01 2.868271e-13 2.154290e-01 9.719649e-01
5.000010e-01 2.857417e-13 2.241670e-01 9.718991e-01
4.999999e-01 2.847865e-13 2.151780e-01 9.716962e-01
5.000004e-01 2.835832e-13 2.150420e-01 9.718515e-01
4.999992e-01 2.827313e-13 2.235940e-01 9.717048e-01
4.999988e-01 2.819207e-13 2.220790e-01 9.718115e-01
4.999988e-01 2.814146e-13 2.178440e-01 9.717172e-01
4.999994e-01 2.803119e-13 2.224630e-01 9.721897e-01
5.000000e-01 2.792475e-13 2.248940e-01 9.719944e-01
4.999980e-01 2.783468e-13 2.215190e-01 9.719754e-01
4.999984e-01 2.778933e-13 2.151160e-01 9.716771e-01
4.999995e-01 2.772529e-13 2.149420e-01 9.720230e-01
5.000001e-01 2.764789e-13 2.152120e-01 9.722850e-01
4.999997e-01 2.755517e-13 2.148870e-01 9.720659e-01
4.999993e-01 2.750189e-13 2.211590e-01 9.720297e-01
5.000001e-01 2.741279e-13 2.149160e-01 9.721792e-01
5.000007e-01 2.732489e-13 2.170300e-01 9.723736e-01
4.999995e-01 2.728581e-13 2.208420e-01 9.721211e-01
4.999997e-01 2.720771e-13 2.176110e-01 9.716505e-01
4.999997e-01 2.716264e-13 2.152440e-01 9.716419e-01
4.999993e-01 2.710210e-13 2.215470e-01 9.716000e-01
4.999994e-01 2.700824e-13 2.180880e-01 9.719877e-01
4.999992e-01 2.697392e-13 2.229880e-01 9.721106e-01
5.000008e-01 2.692554e-13 2.154080e-01 9.719630e-01
4.999988e-01 2.687358e-13 2.207730e-01 9.718963e-01
4.999992e-01 2.682633e-13 2.154660e-01 9.721059e-01
5.000000e-01 2.677791e-13 2.148810e-01 9.717886e-01
4.999994e-01 2.671556e-13 2.193890e-01 9.721640e-01
4.999998e-01 2.667501e-13 2.162760e-01 9.717657e-01
4.999998e-01 2.662490e-13 2.149700e-01 9.719744e-01
4.999993e-01 2.659123e-13 2.154970e-01 9.718010e-01
4.999995e-01 2.653351e-13 2.149220e-01 9.721307e-01
4.999982e-01 2.648547e-13 2.149690e-01 9.719391e-01
4.999989e-01 2.646347e-13 2.154770e-01 9.721259e-01
4.999996e-01 2.642615e-13 2.152470e-01 9.717696e-01
4.999993e-01 2.637866e-13 2.182500e-01 9.723012e-01
4.999997e-01 2.633594e-13 2.160680e-01 9.720411e-01
4.999989e-01 2.630996e-13 2.151140e-01 9.719849e-01
4.999990e-01 2.625859e-13 2.293270e-01 9.720611e-01
4.999998e-01 2.622526e-13 2.403930e-01 9.719544e-01
5.000003e-01 2.619249e-13 2.277870e-01 9.721992e-01
4.999990e-01 2.616273e-13 2.153130e-01 9.721964e-01
4.999996e-01 2.612585e-13 2.220380e-01 9.721983e-01
5.000002e-01 2.610245e-13 2.152760e-01 9.721173e-01
4.999994e-01 2.607628e-13 2.218970e-01 9.719630e-01
4.999995e-01 2.604052e-13 2.149620e-01 9.717410e-01
5.000004e-01 2.601252e-13 2.152370e-01 9.720401e-01
4.999993e-01 2.598348e-13 2.150560e-01 9.721383e-01
4.999995e-01 2.595594e-13 2.148080e-01 9.723974e-01
4.999998e-01 2.592680e-13 2.157660e-01 9.721125e-01
4.999994e-01 2.590652e-13 2.150320e-01 9.722345e-01
4.999999e-01 2.587846e-13 2.190130e-01 9.719858e-01
4.999995e-01 2.585662e-13 2.163310e-01 9.723269e-01
4.999996e-01 2.583481e-13 2.154910e-01 9.717324e-01
4.999992e-01 2.581532e-13 2.175340e-01 9.721049e-01
4.999997e-01 2.579252e-13 2.170190e-01 9.717905e-01
5.000000e-01 2.576971e-13 2.218560e-01 9.717877e-01
5.000000e-01 2.574180e-13 2.149680e-01 9.721726e-01
4.999995e-01 2.572802e-13 2.222170e-01 9.719001e-01
5.000000e-01 2.570593e-13 2.149250e-01 9.720325e-01
4.999998e-01 2.568926e-13 2.167230e-01 9.721878e-01
4.999998e-01 2.566771e-13 2.179680e-01 9.720802e-01
4.999994e-01 2.565468e-13 2.149640e-01 9.720563e-01
4.999995e-01 2.563126e-13 2.224120e-01 9.720154e-01
4.999995e-01 2.561487e-13 2.149380e-01 9.721087e-01
4.999994e-01 2.559732e-13 2.152260e-01 9.720840e-01
4.999995e-01 2.558282e-13 2.148840e-01 9.723412e-01
4.999996e-01 2.556848e-13 2.156780e-01 9.720744e-01
4.999994e-01 2.555165e-13 2.149130e-01 9.722459e-01
4.999997e-01 2.553934e-13 2.208440e-01 9.720211e-01
5.000000e-01 2.552345e-13 2.149660e-01 9.719563e-01
4.999995e-01 2.550809e-13 2.148770e-01 9.720392e-01
5.000000e-01 2.549286e-13 2.163890e-01 9.717772e-01
4.999993e-01 2.548346e-13 2.155660e-01 9.717772e-01
4.999995e-01 2.546776e-13 2.153310e-01 9.720144e-01
4.999998e-01 2.545876e-13 2.201380e-01 9.719773e-01
4.999995e-01 2.544290e-13 2.149560e-01 9.718058e-01
4.999998e-01 2.542975e-13 2.149080e-01 9.720249e-01
4.999999e-01 2.542263e-13 2.151530e-01 9.719773e-01
4.999996e-01 2.541114e-13 2.216890e-01 9.721573e-01
4.999995e-01 2.539739e-13 2.148890e-01 9.720535e-01
4.999989e-01 2.538791e-13 2.149880e-01 9.718343e-01
4.999996e-01 2.537795e-13 2.154020e-01 9.723403e-01
4.999995e-01 2.537078e-13 2.152620e-01 9.721230e-01
4.999995e-01 2.535809e-13 2.149500e-01 9.721926e-01
4.999992e-01 2.535004e-13 2.149670e-01 9.719391e-01
4.999991e-01 2.533909e-13 2.154660e-01 9.718953e-01
4.999993e-01 2.533037e-13 2.150180e-01 9.719649e-01
4.999993e-01 2.532208e-13 2.164380e-01 9.719696e-01
4.999998e-01 2.531351e-13 2.180750e-01 9.720773e-01
4.999994e-01 2.530539e-13 2.151450e-01 9.718610e-01
4.999997e-01 2.529772e-13 2.160920e-01 9.717686e-01
4.999990e-01 2.529110e-13 2.212840e-01 9.719801e-01
5.000001e-01 2.528147e-13 2.218050e-01 9.717791e-01
4.999998e-01 2.527327e-13 2.150600e-01 9.723126e-01
4.999994e-01 2.526770e-13 2.231230e-01 9.721221e-01
4.999991e-01 2.526198e-13 2.376820e-01 9.722574e-01
4.999994e-01 2.525419e-13 2.393370e-01 9.722250e-01
4.999996e-01 2.524670e-13 2.156090e-01 9.722221e-01
4.999997e-01 2.524009e-13 2.204330e-01 9.719115e-01
4.999994e-01 2.523480e-13 2.215700e-01 9.719839e-01
4.999998e-01 2.522768e-13 2.165890e-01 9.720373e-01
4.999995e-01 2.522241e-13 2.150590e-01 9.720011e-01
4.999994e-01 2.521622e-13 2.150610e-01 9.715590e-01
4.999994e-01 2.521170e-13 2.217110e-01 9.722240e-01
4.999997e-01 2.520620e-13 2.154860e-01 9.717486e-01
4.999995e-01 2.520218e-13 2.154050e-01 9.719830e-01
4.999997e-01 2.519672e-13 2.149110e-01 9.719363e-01
4.999995e-01 2.519120e-13 2.148960e-01 9.718000e-01
4.999999e-01 2.518632e-13 2.153530e-01 9.719201e-01
4.999993e-01 2.518126e-13 2.149510e-01 9.720868e-01
4.999996e-01 2.517770e-13 2.151040e-01 9.719372e-01
4.999994e-01 2.517266e-13 2.152360e-01 9.722297e-01
4.999997e-01 2.516826e-13 2.155900e-01 9.716914e-01
4.999996e-01 2.516645e-13 2.151360e-01 9.720449e-01
4.999993e-01 2.516000e-13 2.251960e-01 9.719515e-01
4.999997e-01 2.515707e-13 2.204730e-01 9.719363e-01
4.999996e-01 2.515300e-13 2.227060e-01 9.720239e-01
4.999996e-01 2.514984e-13 2.179680e-01 9.721106e-01
4.999995e-01 2.514669e-13 2.217230e-01 9.718906e-01
4.999994e-01 2.514150e-13 2.224660e-01 9.723869e-01
4.999998e-01 2.513920e-13 2.321440e-01 9.718810e-01
4.999994e-01 2.513526e-13 2.157070e-01 9.719344e-01
4.999995e-01 2.513246e-13 2.156590e-01 9.719458e-01
4.999996e-01 2.512912e-13 2.221280e-01 9.716571e-01
4.999993e-01 2.512703e-13 2.149930e-01 9.721040e-01
4.999994e-01 2.512285e-13 2.149450e-01 9.718925e-01
4.999994e-01 2.511999e-13 2.148670e-01 9.718553e-01
4.999996e-01 2.511808e-13 2.185220e-01 9.720087e-01
4.999994e-01 2.511401e-13 2.211460e-01 9.721030e-01
4.999998e-01 2.511103e-13 2.149610e-01 9.720516e-01
4.999995e-01 2.510989e-13 2.155790e-01 9.719592e-01
4.999992e-01 2.510727e-13 2.152730e-01 9.719125e-01
4.999994e-01 2.510460e-13 2.150920e-01 9.719506e-01
4.999996e-01 2.510258e-13 2.149490e-01 9.720678e-01
4.999995e-01 2.510114e-13 2.148930e-01 9.719325e-01
4.999994e-01 2.509795e-13 2.166900e-01 9.720525e-01
4.999994e-01 2.509634e-13 2.217900e-01 9.717515e-01
4.999995e-01 2.509380e-13 2.162190e-01 9.717696e-01
4.999995e-01 2.509126e-13 2.155320e-01 9.718048e-01
4.999997e-01 2.509017e-13 2.307180e-01 9.719087e-01
4.999996e-01 2.508837e-13 2.148160e-01 9.719715e-01
4.999996e-01 2.508571e-13 2.154370e-01 9.719887e-01
4.999994e-01 2.508420e-13 2.152350e-01 9.718582e-01
4.999996e-01 2.508294e-13 2.153580e-01 9.718896e-01
4.999995e-01 2.508100e-13 2.149440e-01 9.720201e-01
4.999994e-01 2.507887e-13 2.201260e-01 9.721259e-01
4.999995e-01 2.507782e-13 2.153850e-01 9.723517e-01
4.999995e-01 2.507558e-13 2.218980e-01 9.719029e-01
4.999997e-01 2.507459e-13 2.149970e-01 9.718829e-01
4.999994e-01 2.507263e-13 2.162100e-01 9.721545e-01
4.999996e-01 2.507146e-13 2.149460e-01 9.722564e-01
4.999995e-01 2.506999e-13 2.152840e-01 9.718477e-01
4.999996e-01 2.506862e-13 2.426950e-01 9.721145e-01
4.999997e-01 2.506745e-13 2.413860e-01 9.718324e-01
4.999995e-01 2.506582e-13 2.173240e-01 9.720744e-01
4.999995e-01 2.506471e-13 2.152370e-01 9.721440e-01
4.999995e-01 2.506321e-13 2.152450e-01 9.719706e-01
4.999996e-01 2.506208e-13 2.156000e-01 9.721459e-01
4.999997e-01 2.506126e-13 2.153270e-01 9.719887e-01
4.999994e-01 2.506006e-13 2.176670e-01 9.721554e-01
4.999995e-01 2.505890e-13 2.151790e-01 9.721611e-01
4.999995e-01 2.505790e-13 2.148910e-01 9.720039e-01
4.999995e-01 2.505680e-13 2.234510e-01 9.721116e-01
4.999994e-01 2.505550e-13 2.150730e-01 9.717924e-01
4.999996e-01 2.505501e-13 2.149560e-01 9.719172e-01
4.999996e-01 2.505378e-13 2.217650e-01 9.722717e-01
4.999995e-01 2.505295e-13 2.148800e-01 9.720630e-01
4.999996e-01 2.505196e-13 2.149330e-01 9.722050e-01
4.999995e-01 2.505100e-13 2.270920e-01 9.724279e-01
4.999993e-01 2.505035e-13 2.220700e-01 9.721221e-01
4.999996e-01 2.504948e-13 2.160100e-01 9.721507e-01
4.999995e-01 2.504863e-13 2.163370e-01 9.720449e-01
4.999995e-01 2.504808e-13 2.149480e-01 9.720763e-01
4.999995e-01 2.504727e-13 2.148860e-01 9.719944e-01
4.999996e-01 2.504673e-13 2.154720e-01 9.719391e-01
4.999996e-01 2.504578e-13 2.157380e-01 9.720297e-01
4.999995e-01 2.504509e-13 2.152790e-01 9.720030e-01
4.999993e-01 2.504453e-13 2.149150e-01 9.719725e-01
4.999996e-01 2.504358e-13 2.228700e-01 9.718982e-01
4.999996e-01 2.504323e-13 2.149880e-01 9.719106e-01
4.999994e-01 2.504244e-13 2.148930e-01 9.719706e-01
4.999995e-01 2.504186e-13 2.157220e-01 9.718896e-01
4.999995e-01 2.504137e-13 2.154870e-01 9.720011e-01
4.999996e-01 2.504083e-13 2.153620e-01 9.717934e-01
4.999995e-01 2.504025e-13 2.149870e-01 9.717772e-01
4.999995e-01 2.503976e-13 2.149330e-01 9.716295e-01
4.999995e-01 2.503920e-13 2.157550e-01 9.718429e-01
4.999996e-01 2.503864e-13 2.165880e-01 9.719315e-01
4.999996e-01 2.503813e-13 2.152320e-01 9.721659e-01
4.999995e-01 2.503785e-13 2.148970e-01 9.723622e-01
4.999995e-01 2.503729e-13 2.150360e-01 9.716000e-01
4.999995e-01 2.503668e-13 2.150970e-01 9.722526e-01
4.999995e-01 2.503624e-13 2.208750e-01 9.722955e-01
4.999995e-01 2.503597e-13 2.305510e-01 9.717657e-01
4.999995e-01 2.503554e-13 2.577640e-01 9.717934e-01
4.999995e-01 2.503506e-13 2.423410e-01 9.716933e-01
4.999995e-01 2.503489e-13 2.221750e-01 9.720792e-01
4.999995e-01 2.503434e-13 2.172000e-01 9.717467e-01
4.999995e-01 2.503413e-13 2.205730e-01 9.720392e-01
4.999995e-01 2.503373e-13 2.148960e-01 9.719411e-01
4.999995e-01 2.503327e-13 2.159190e-01 9.718534e-01
4.999995e-01 2.503290e-13 2.210050e-01 9.716676e-01
4.999994e-01 2.503268e-13 2.152140e-01 9.717848e-01
4.999994e-01 2.503231e-13 2.161860e-01 9.719801e-01
4.999995e-01 2.503200e-13 2.150160e-01 9.718648e-01
4.999995e-01 2.503171e-13 2.152400e-01 9.717972e-01
4.999995e-01 2.503141e-13 2.212710e-01 9.719734e-01
4.999995e-01 2.503112e-13 2.149270e-01 9.722221e-01
4.999995e-01 2.503086e-13 2.149440e-01 9.719563e-01
4.999996e-01 2.503057e-13 2.150890e-01 9.720325e-01
4.999995e-01 2.503039e-13 2.153070e-01 9.719868e-01
4.999995e-01 2.503004e-13 2.150870e-01 9.722402e-01
4.999995e-01 2.502979e-13 2.149950e-01 9.721116e-01
4.999995e-01 2.502953e-13 2.157450e-01 9.722002e-01
4.999995e-01 2.502929e-13 2.152640e-01 9.720497e-01
4.999995e-01 2.502911e-13 2.200020e-01 9.721745e-01
4.999995e-01 2.502889e-13 2.149960e-01 9.719363e-01
4.999995e-01 2.502870e-13 2.150100e-01 9.715342e-01
4.999995e-01 2.502843e-13 2.163680e-01 9.720459e-01
4.999995e-01 2.502820e-13 2.241390e-01 9.721707e-01
4.999994e-01 2.502803e-13 2.208650e-01 9.722497e-01
4.999995e-01 2.502787e-13 2.154320e-01 9.721249e-01
4.999995e-01 2.502770e-13 2.176560e-01 9.719668e-01
4.999994e-01 2.502752e-13 2.153770e-01 9.721373e-01
4.999995e-01 2.502730e-13 2.219550e-01 9.719877e-01
4.999995e-01 2.502714e-13 2.173920e-01 9.719239e-01
4.999995e-01 2.502697e-13 2.156880e-01 9.721259e-01
4.999995e-01 2.502683e-13 2.162060e-01 9.720039e-01
4.999995e-01 2.502663e-13 2.154750e-01 9.721754e-01
4.999995e-01 2.502654e-13 2.255920e-01 9.718343e-01
4.999995e-01 2.502636e-13 2.217780e-01 9.722860e-01
4.999995e-01 2.502623e-13 2.152810e-01 9.716895e-01
4.999995e-01 2.502607e-13 2.148230e-01 9.720706e-01
4.999995e-01 2.502588e-13 2.208020e-01 9.721754e-01
4.999995e-01 2.502581e-13 2.207730e-01 9.720744e-01
4.999995e-01 2.502567e-13 2.149020e-01 9.718458e-01
4.999995e-01 2.502556e-13 2.224110e-01 9.722174e-01
4.999995e-01 2.502542e-13 2.149640e-01 9.721268e-01
4.999995e-01 2.502531e-13 2.167980e-01 9.717934e-01
4.999995e-01 2.502520e-13 2.156470e-01 9.720077e-01
4.999995e-01 2.502509e-13 2.162390e-01 9.720144e-01
4.999995e-01 2.502496e-13 2.162020e-01 9.717934e-01
4.999995e-01 2.502485e-13 2.154860e-01 9.718696e-01
4.999995e-01 2.502476e-13 2.260290e-01 9.720735e-01
4.999995e-01 2.502465e-13 2.366380e-01 9.720830e-01
4.999995e-01 2.502454e-13 2.301510e-01 9.720344e-01
4.999995e-01 2.502447e-13 2.227330e-01 9.721049e-01
4.999995e-01 2.502438e-13 2.153340e-01 9.718715e-01
4.999995e-01 2.502427e-13 2.219160e-01 9.718925e-01
4.999995e-01 2.502420e-13 2.153780e-01 9.722945e-01
4.999995e-01 2.502411e-13 2.208440e-01 9.718115e-01
4.999995e-01 2.502402e-13 2.148090e-01 9.721488e-01
4.999995e-01 2.502392e-13 2.209380e-01 9.722259e-01
4.999995e-01 2.502387e-13 2.153270e-01 9.717676e-01
4.999995e-01 2.502380e-13 2.151950e-01 9.720306e-01
4.999995e-01 2.502372e-13 2.150680e-01 9.717067e-01
4.999995e-01 2.502364e-13 2.150490e-01 9.723288e-01
4.999995e-01 2.502360e-13 2.234300e-01 9.719210e-01
4.999995e-01 2.502351e-13 2.149130e-01 9.719191e-01
4.999995e-01 2.502347e-13 2.150870e-01 9.717877e-01
4.999995e-01 2.502339e-13 2.153270e-01 9.721183e-01
4.999995e-01 2.502334e-13 2.204560e-01 9.722964e-01
4.999995e-01 2.502325e-13 2.156110e-01 9.720525e-01
4.999995e-01 2.502322e-13 2.149660e-01 9.720039e-01
4.999995e-01 2.502317e-13 2.224030e-01 9.719382e-01
4.999995e-01 2.502309e-13 2.210440e-01 9.720964e-01
4.999995e-01 2.502306e-13 2.157930e-01 9.718248e-01
4.999995e-01 2.502299e-13 2.149650e-01 9.721783e-01
4.999995e-01 2.502294e-13 2.150010e-01 9.719954e-01
4.999995e-01 2.502290e-13 2.163160e-01 9.718239e-01
4.999995e-01 2.502284e-13 2.153280e-01 9.717553e-01
4.999995e-01 2.502278e-13 2.175910e-01 9.722440e-01
4.999995e-01 2.502276e-13 2.179760e-01 9.719734e-01
4.999995e-01 2.502271e-13 2.156800e-01 9.721773e-01
4.999995e-01 2.502268e-13 2.153260e-01 9.718963e-01
4.999995e-01 2.502261e-13 2.159810e-01 9.719582e-01
4.999995e-01 2.502258e-13 2.149600e-01 9.719582e-01
4.999995e-01 2.502255e-13 2.149820e-01 9.721240e-01
4.999995e-01 2.502252e-13 2.157450e-01 9.717286e-01
4.999995e-01 2.502247e-13 2.244070e-01 9.720258e-01
4.999995e-01 2.502244e-13 2.174710e-01 9.719430e-01
4.999995e-01 2.502240e-13 2.151980e-01 9.718658e-01
4.999995e-01 2.502236e-13 2.272540e-01 9.719125e-01
4.999995e-01 2.502234e-13 2.150660e-01 9.717953e-01
4.999995e-01 2.502231e-13 2.153070e-01 9.719449e-01
4.999995e-01 2.502228e-13 2.269310e-01 9.723479e-01
4.999995e-01 2.502224e-13 2.246340e-01 9.720621e-01
4.999995e-01 2.502222e-13 2.150610e-01 9.721773e-01
4.999995e-01 2.502218e-13 2.201710e-01 9.720144e-01
4.999995e-01 2.502215e-13 2.149460e-01 9.719506e-01
4.999995e-01 2.502213e-13 2.189880e-01 9.721078e-01
4.999995e-01 2.502211e-13 2.207060e-01 9.721516e-01
4.999995e-01 2.502207e-13 2.216740e-01 9.719087e-01
4.999995e-01 2.502205e-13 2.152710e-01 9.721935e-01
4.999995e-01 2.502202e-13 2.186050e-01 9.717991e-01
4.999995e-01 2.502201e-13 2.244850e-01 9.719001e-01
4.999995e-01 2.502198e-13 2.151220e-01 9.719296e-01
4.999995e-01 2.502196e-13 2.193360e-01 9.717734e-01
4.999995e-01 2.502193e-13 2.169010e-01 9.720554e-01
4.999995e-01 2.502191e-13 2.150490e-01 9.719639e-01
4.999995e-01 2.502190e-13 2.359090e-01 9.722650e-01
4.999995e-01 2.502187e-13 2.415790e-01 9.720011e-01
4.999995e-01 2.502186e-13 2.241610e-01 9.720135e-01
4.999995e-01 2.502184e-13 2.158370e-01 9.721831e-01
4.999995e-01 2.502182e-13 2.151100e-01 9.719334e-01
4.999995e-01 2.502180e-13 2.153020e-01 9.717191e-01
4.999995e-01 2.502179e-13 2.155590e-01 9.720211e-01
4.999995e-01 2.502177e-13 2.191930e-01 9.719725e-01
4.999995e-01 2.502175e-13 2.149110e-01 9.719544e-01
4.999995e-01 2.502174e-13 2.202080e-01 9.721764e-01
4.999995e-01 2.502172e-13 2.148850e-01 9.721688e-01
4.999995e-01 2.502171e-13 2.151730e-01 9.717162e-01
4.999995e-01 2.502169e-13 2.218230e-01 9.720763e-01
4.999995e-01 2.502168e-13 2.149540e-01 9.717353e-01
4.999995e-01 2.502167e-13 2.151780e-01 9.721888e-01
4.999995e-01 2.502165e-13 2.221700e-01 9.718019e-01
4.999995e-01 2.502164e-13 2.152430e-01 9.719944e-01
4.999995e-01 2.502162e-13 2.149600e-01 9.717962e-01
4.999995e-01 2.502161e-13 2.205800e-01 9.721354e-01
4.999995e-01 2.502160e-13 2.149950e-01 9.718162e-01
4.999995e-01 2.502159e-13 2.152420e-01 9.720116e-01
4.999995e-01 2.502158e-13 2.148390e-01 9.721068e-01
4.999995e-01 2.502157e-13 2.149410e-01 9.720859e-01
4.999995e-01 2.502155e-13 2.178440e-01 9.718715e-01
4.999995e-01 2.502155e-13 2.149350e-01 9.723441e-01
4.999995e-01 2.502154e-13 2.153910e-01 9.718744e-01
4.999995e-01 2.502153e-13 2.284460e-01 9.719487e-01
4.999995e-01 2.502151e-13 2.161990e-01 9.719639e-01
4.999995e-01 2.502151e-13 2.150920e-01 9.718505e-01
4.999995e-01 2.502150e-13 2.149480e-01 9.720401e-01
4.999995e-01 2.502149e-13 2.172300e-01 9.717715e-01
4.999995e-01 2.502148e-13 2.149240e-01 9.721535e-01
4.999995e-01 2.502147e-13 2.200830e-01 9.720563e-01
4.999995e-01 2.502146e-13 2.150920e-01 9.719363e-01
4.999995e-01 2.502146e-13 2.226560e-01 9.720268e-01
4.999995e-01 2.502145e-13 2.150950e-01 9.718858e-01
4.999995e-01 2.502144e-13 2.217180e-01 9.721183e-01
4.999995e-01 2.502143e-13 2.176530e-01 9.722250e-01
4.999995e-01 2.502143e-13 2.148800e-01 9.720773e-01
4.999995e-01 2.502142e-13 2.151710e-01 9.719382e-01
4.999995e-01 2.502142e-13 2.148360e-01 9.716114e-01
4.999995e-01 2.502141e-13 2.156500e-01 9.718906e-01
4.999995e-01 2.502140e-13 2.208220e-01 9.719992e-01
4.999995e-01 2.502140e-13 2.168160e-01 9.719391e-01
4.999995e-01 2.502139e-13 2.149810e-01 9.720373e-01
4.999995e-01 2.502139e-13 2.148240e-01 9.718067e-01
4.999995e-01 2.502138e-13 2.148950e-01 9.719649e-01
4.999995e-01 2.502137e-13 2.149940e-01 9.721678e-01
4.999995e-01 2.502137e-13 2.153420e-01 9.717181e-01
4.999995e-01 2.502136e-13 2.148360e-01 9.720697e-01
4.999995e-01 2.502136e-13 2.148410e-01 9.720439e-01
4.999995e-01 2.502135e-13 2.149940e-01 9.718772e-01
4.999995e-01 2.502135e-13 2.153920e-01 9.721240e-01
4.999995e-01 2.502134e-13 2.222330e-01 9.717981e-01
4.999995e-01 2.502134e-13 2.154140e-01 9.718563e-01
4.999995e-01 2.502134e-13 2.149010e-01 9.721545e-01
4.999995e-01 2.502133e-13 2.201400e-01 9.715142e-01
4.999995e-01 2.502133e-13 2.154170e-01 9.719915e-01
4.999995e-01 2.502132e-13 2.150250e-01 9.719706e-01
4.999995e-01 2.502132e-13 2.148760e-01 9.719430e-01
4.999995e-01 2.502132e-13 2.148920e-01 9.718953e-01
4.999995e-01 2.502131e-13 2.148490e-01 9.720516e-01
4.999995e-01 2.502131e-13 2.150750e-01 9.720335e-01
4.999995e-01 2.502131e-13 2.177040e-01 9.716628e-01
4.999995e-01 2.502130e-13 2.203170e-01 9.719544e-01
4.999995e-01 2.502130e-13 2.148890e-01 9.718906e-01
4.999995e-01 2.502129e-13 2.150030e-01 9.720687e-01
4.999995e-01 2.502130e-13 2.158480e-01 9.720687e-01
4.999995e-01 2.502129e-13 2.161130e-01 9.720030e-01
4.999995e-01 2.502129e-13 2.152450e-01 9.719839e-01
4.999995e-01 2.502129e-13 2.148770e-01 9.719020e-01
4.999995e-01 2.502128e-13 2.222040e-01 9.719935e-01
4.999995e-01 2.502128e-13 2.154520e-01 9.718353e-01
4.999995e-01 2.502128e-13 2.152340e-01 9.719925e-01
4.999995e-01 2.502128e-13 2.219310e-01 9.719134e-01
4.999995e-01 2.502127e-13 2.148420e-01 9.719858e-01
4.999995e-01 2.502127e-13 2.151150e-01 9.722212e-01
4.999995e-01 2.502127e-13 2.149960e-01 9.720630e-01
4.999995e-01 2.502126e-13 2.181250e-01 9.717953e-01
4.999995e-01 2.502126e-13 2.150210e-01 9.720020e-01
4.999995e-01 2.502126e-13 2.204890e-01 9.724060e-01
4.999995e-01 2.502126e-13 2.148730e-01 9.720011e-01
4.999995e-01 2.502126e-13 2.149590e-01 9.721287e-01
4.999995e-01 2.502125e-13 2.148820e-01 9.718820e-01
4.999995e-01 2.502125e-13 2.148270e-01 9.720887e-01
4.999995e-01 2.502125e-13 2.151310e-01 9.721449e-01
4.999995e-01 2.502125e-13 2.148530e-01 9.721278e-01
4.999995e-01 2.502125e-13 2.149450e-01 9.721821e-01
4.999995e-01 2.502125e-13 2.151960e-01 9.719258e-01
4.999995e-01 2.502124e-13 2.148670e-01 9.719858e-01
4.999995e-01 2.502124e-13 2.206710e-01 9.720592e-01
4.999995e-01 2.502124e-13 2.149090e-01 9.718915e-01
4.999995e-01 2.502124e-13 2.189930e-01 9.719477e-01
4.999995e-01 2.502124e-13 2.157970e-01 9.717962e-01
4.999995e-01 2.502124e-13 2.237030e-01 9.718601e-01
4.999995e-01 2.502124e-13 2.424280e-01 9.720201e-01
4.999995e-01 2.502124e-13 2.215550e-01 9.720468e-01
4.999995e-01 2.502123e-13 2.151540e-01 9.719077e-01
4.999995e-01 2.502123e-13 2.148740e-01 9.721154e-01
4.999995e-01 2.502123e-13 2.166000e-01 9.718077e-01
4.999995e-01 2.502123e-13 2.222920e-01 9.719325e-01
4.999995e-01 2.502123e-13 2.149060e-01 9.719734e-01
4.999995e-01 2.502123e-13 2.156440e-01 9.718782e-01
4.999995e-01 2.502123e-13 2.161000e-01 9.719277e-01
4.999995e-01 2.502122e-13 2.294430e-01 9.717562e-01
4.999995e-01 2.502123e-13 2.345610e-01 9.717724e-01
4.999995e-01 2.502122e-13 2.219000e-01 9.718906e-01
4.999995e-01 2.502122e-13 2.155510e-01 9.719677e-01
4.999995e-01 2.502122e-13 2.156120e-01 9.720611e-01
4.999995e-01 2.502122e-13 2.151410e-01 9.716962e-01
4.999995e-01 2.502122e-13 2.153510e-01 9.720897e-01
4.999995e-01 2.502122e-13 2.161010e-01 9.716981e-01
4.999995e-01 2.502122e-13 2.150600e-01 9.720906e-01
4.999995e-01 2.502122e-13 2.153960e-01 9.719058e-01
4.999995e-01 2.502122e-13 2.150640e-01 9.718810e-01
4.999995e-01 2.502121e-13 2.151310e-01 9.718305e-01
4.999995e-01 2.502121e-13 2.157220e-01 9.718963e-01
4.999995e-01 2.502122e-13 2.154350e-01 9.721497e-01
4.999995e-01 2.502121e-13 2.216760e-01 9.721059e-01
4.999995e-01 2.502121e-13 2.192020e-01 9.720011e-01
4.999995e-01 2.502121e-13 2.151670e-01 9.717391e-01
4.999995e-01 2.502121e-13 2.151940e-01 9.718191e-01
4.999995e-01 2.502121e-13 2.220600e-01 9.721011e-01
4.999995e-01 2.502121e-13 2.149830e-01 9.719001e-01
4.999995e-01 2.502121e-13 2.149190e-01 9.723974e-01
4.999995e-01 2.502121e-13 2.154020e-01 9.718077e-01
4.999995e-01 2.502121e-13 2.156850e-01 9.721478e-01
4.999995e-01 2.502121e-13 2.162460e-01 9.719344e-01
4.999995e-01 2.502120e-13 2.158480e-01 9.719696e-01
4.999995e-01 2.502121e-13 2.179380e-01 9.719039e-01
4.999995e-01 2.502120e-13 2.230260e-01 9.719782e-01
4.999995e-01 2.502121e-13 2.153290e-01 9.720506e-01
4.999995e-01 2.502121e-13 2.216770e-01 9.718906e-01
4.999995e-01 2.502120e-13 2.151720e-01 9.720439e-01
4.999995e-01 2.502121e-13 2.150660e-01 9.721783e-01
4.999995e-01 2.502120e-13 2.151740e-01 9.718601e-01
4.999995e-01 2.502120e-13 2.207220e-01 9.719296e-01
4.999995e-01 2.502120e-13 2.151720e-01 9.720735e-01
4.999995e-01 2.502120e-13 2.151460e-01 9.719734e-01
4.999995e-01 2.502121e-13 2.150640e-01 9.719153e-01
4.999995e-01 2.502120e-13 2.214140e-01 9.718515e-01
4.999995e-01 2.502120e-13 2.154750e-01 9.719887e-01
4.999995e-01 2.502120e-13 2.223450e-01 9.718925e-01
4.999995e-01 2.502120e-13 2.151770e-01 9.722345e-01
4.999995e-01 2.502120e-13 2.148580e-01 9.721364e-01
4.999995e-01 2.502120e-13 2.160030e-01 9.722126e-01
4.999995e-01 2.502120e-13 2.151460e-01 9.719582e-01
4.999995e-01 2.502120e-13 2.173890e-01 9.718353e-01
4.999995e-01 2.502120e-13 2.149890e-01 9.718572e-01
4.999995e-01 2.502120e-13 2.151100e-01 9.719954e-01
4.999995e-01 2.502120e-13 2.158120e-01 9.721354e-01
4.999995e-01 2.502120e-13 2.149390e-01 9.716571e-01
4.999995e-01 2.502120e-13 2.154660e-01 9.720525e-01
4.999995e-01 2.502120e-13 2.149550e-01 9.716981e-01
4.999995e-01 2.502120e-13 2.151280e-01 9.720878e-01
4.999995e-01 2.502120e-13 2.148800e-01 9.723241e-01
4.999995e-01 2.502120e-13 2.207230e-01 9.720916e-01
4.999995e-01 2.502120e-13 2.153420e-01 9.722031e-01
4.999995e-01 2.502120e-13 2.152260e-01 9.719077e-01
4.999995e-01 2.502120e-13 2.217420e-01 9.722231e-01
4.999995e-01 2.502120e-13 2.151330e-01 9.721145e-01
4.999995e-01 2.502119e-13 2.154540e-01 9.724374e-01
4.999995e-01 2.502120e-13 2.152290e-01 9.720601e-01
4.999995e-01 2.502120e-13 2.184000e-01 9.719334e-01
4.999995e-01 2.502119e-13 2.149980e-01 9.716829e-01
4.999995e-01 2.502120e-13 2.149720e-01 9.721316e-01
4.999995e-01 2.502120e-13 2.149580e-01 9.721545e-01
4.999995e-01 2.502120e-13 2.149550e-01 9.718582e-01
4.999995e-01 2.502120e-13 2.152570e-01 9.719106e-01
4.999995e-01 2.502119e-13 2.151540e-01 9.720935e-01
4.999995e-01 2.502119e-13 2.149440e-01 9.718220e-01
4.999995e-01 2.502119e-13 2.220650e-01 9.715285e-01
4.999995e-01 2.502119e-13 2.151010e-01 9.721097e-01
4.999995e-01 2.502119e-13 2.157210e-01 9.718620e-01
4.999995e-01 2.502119e-13 2.161060e-01 9.716743e-01
4.999995e-01 2.502119e-13 2.154420e-01 9.719344e-01
4.999995e-01 2.502119e-13 2.153170e-01 9.718362e-01
4.999995e-01 2.502119e-13 2.154920e-01 9.722755e-01
4.999995e-01 2.502119e-13 2.151560e-01 9.717991e-01
4.999995e-01 2.502119e-13 2.215740e-01 9.718372e-01
4.999995e-01 2.502119e-13 2.218170e-01 9.719439e-01
4.999995e-01 2.502119e-13 2.178690e-01 9.719125e-01
4.999995e-01 2.502119e-13 2.155600e-01 9.723993e-01
4.999995e-01 2.502119e-13 2.148710e-01 9.719010e-01
4.999995e-01 2.502119e-13 2.148810e-01 9.718667e-01
4.999995e-01 2.502119e-13 2.153470e-01 9.718991e-01
4.999995e-01 2.502119e-13 2.149760e-01 9.723908e-01
4.999995e-01 2.502119e-13 2.153070e-01 9.719096e-01
4.999995e-01 2.502119e-13 2.210410e-01 9.720716e-01
4.999995e-01 2.502119e-13 2.151540e-01 9.717810e-01
4.999995e-01 2.502119e-13 2.157440e-01 9.722126e-01
4.999995e-01 2.502119e-13 2.155220e-01 9.719830e-01
4.999995e-01 2.502119e-13 2.152300e-01 9.720716e-01
4.999995e-01 2.502119e-13 2.152870e-01 9.722374e-01
4.999995e-01 2.502119e-13 2.151160e-01 9.722288e-01
4.999995e-01 2.502119e-13 2.151380e-01 9.721307e-01
4.999995e-01 2.502119e-13 2.208450e-01 9.718220e-01
4.999995e-01 2.502119e-13 2.150130e-01 9.720706e-01
4.999995e-01 2.502119e-13 2.253810e-01 9.720049e-01
4.999995e-01 2.502119e-13 2.324930e-01 9.720354e-01
4.999995e-01 2.502119e-13 2.157550e-01 9.720668e-01
4.999995e-01 2.502119e-13 2.151000e-01 9.721583e-01
4.999995e-01 2.502119e-13 2.148610e-01 9.721564e-01
4.999995e-01 2.502119e-13 2.155610e-01 9.719620e-01
4.999995e-01 2.502119e-13 2.151190e-01 9.721792e-01
4.999995e-01 2.502119e-13 2.155480e-01 9.718867e-01
4.999995e-01 2.502119e-13 2.148870e-01 9.721516e-01
4.999995e-01 2.502119e-13 2.163660e-01 9.720697e-01
4.999995e-01 2.502119e-13 2.501240e-01 9.721373e-01
4.999995e-01 2.502119e-13 2.463730e-01 9.720211e-01
4.999995e-01 2.502119e-13 2.152820e-01 9.719048e-01
4.999995e-01 2.502119e-13 2.150360e-01 9.718382e-01
4.999995e-01 2.502119e-13 2.153420e-01 9.721926e-01
4.999995e-01 2.502119e-13 2.148990e-01 9.720249e-01
4.999995e-01 2.502119e-13 2.152710e-01 9.723431e-01
4.999995e-01 2.502119e-13 2.149780e-01 9.719973e-01
4.999995e-01 2.502119e-13 2.151990e-01 9.722802e-01
4.999995e-01 2.502119e-13 2.150220e-01 9.718858e-01
4.999995e-01 2.502119e-13 2.218980e-01 9.716667e-01
4.999995e-01 2.502119e-13 2.155320e-01 9.719639e-01
4.999995e-01 2.502119e-13 2.150870e-01 9.721449e-01
4.999995e-01 2.502119e-13 2.150600e-01 9.723765e-01
4.999995e-01 2.502119e-13 2.189300e-01 9.724155e-01
4.999995e-01 2.502119e-13 2.158570e-01 9.719553e-01
4.999995e-01 2.502119e-13 2.150790e-01 9.722555e-01
4.999995e-01 2.502119e-13 2.158600e-01 9.722078e-01
4.999995e-01 2.502119e-13 2.152160e-01 9.719411e-01
4.999995e-01 2.502119e-13 2.150750e-01 9.722545e-01
4.999995e-01 2.502119e-13 2.209130e-01 9.718829e-01
4.999995e-01 2.502119e-13 2.153710e-01 9.719658e-01
4.999995e-01 2.502119e-13 2.179830e-01 9.717200e-01
4.999995e-01 2.502119e-13 2.151950e-01 9.719268e-01
4.999995e-01 2.502119e-13 2.152310e-01 9.719344e-01
4.999995e-01 2.502119e-13 2.276190e-01 9.719239e-01
4.999995e-01 2.502119e-13 2.150150e-01 9.722040e-01
4.999995e-01 2.502119e-13 2.235870e-01 9.719182e-01
4.999995e-01 2.502119e-13 2.156900e-01 9.720344e-01
4.999995e-01 2.502119e-13 2.155190e-01 9.719325e-01
4.999995e-01 2.502119e-13 2.149600e-01 9.719058e-01
4.999995e-01 2.502119e-13 2.149950e-01 9.722688e-01
4.999995e-01 2.502119e-13 2.221460e-01 9.720840e-01
4.999995e-01 2.502119e-13 2.153570e-01 9.720478e-01
4.999995e-01 2.502119e-13 2.155510e-01 9.716190e-01
4.999995e-01 2.502119e-13 2.151140e-01 9.723565e-01
4.999995e-01 2.502119e-13 2.151070e-01 9.718410e-01
4.999995e-01 2.502119e-13 2.219210e-01 9.722545e-01
4.999995e-01 2.502119e-13 2.150260e-01 9.720525e-01
4.999995e-01 2.502119e-13 2.164370e-01 9.722688e-01
4.999995e-01 2.502119e-13 2.154000e-01 9.719639e-01
4.999995e-01 2.502119e-13 2.150460e-01 9.720840e-01
4.999995e-01 2.502119e-13 2.151680e-01 9.717705e-01
4.999995e-01 2.502119e-13 2.153590e-01 9.720487e-01
4.999995e-01 2.502119e-13 2.151460e-01 9.717553e-01
4.999995e-01 2.502119e-13 2.220690e-01 9.720125e-01
4.999995e-01 2.502119e-13 2.178160e-01 9.723317e-01
4.999995e-01 2.502119e-13 2.183950e-01 9.721411e-01
4.999995e-01 2.502119e-13 2.210130e-01 9.720325e-01
4.999995e-01 2.502119e-13 2.151650e-01 9.718906e-01
4.999995e-01 2.502119e-13 2.228690e-01 9.719954e-01
4.999995e-01 2.502119e-13 2.148940e-01 9.719334e-01
4.999995e-01 2.502119e-13 2.157160e-01 9.718401e-01
4.999995e-01 2.502119e-13 2.218940e-01 9.722469e-01
4.999995e-01 2.502119e-13 2.149040e-01 9.721383e-01
4.999995e-01 2.502119e-13 2.152070e-01 9.720125e-01
4.999995e-01 2.502119e-13 2.151780e-01 9.719372e-01
4.999995e-01 2.502119e-13 2.151410e-01 9.720573e-01
4.999995e-01 2.502119e-13 2.278440e-01 9.720630e-01
4.999995e-01 2.502119e-13 2.245230e-01 9.723079e-01
4.999995e-01 2.502119e-13 2.151390e-01 9.723174e-01
4.999995e-01 2.502119e-13 2.159690e-01 9.720887e-01
4.999995e-01 2.502119e-13 2.207330e-01 9.719715e-01
4.999995e-01 2.502119e-13 2.226220e-01 9.719725e-01
4.999995e-01 2.502119e-13 2.197880e-01 9.720125e-01
4.999995e-01 2.502119e-13 2.215850e-01 9.720535e-01
4.999995e-01 2.502119e-13 2.154190e-01 9.718391e-01
4.999995e-01 2.502119e-13 2.150150e-01 9.718848e-01
4.999995e-01 2.502119e-13 2.324140e-01 9.720887e-01
4.999995e-01 2.502119e-13 2.150380e-01 9.720049e-01
4.999995e-01 2.502119e-13 2.236180e-01 9.719334e-01
4.999995e-01 2.502119e-13 2.151570e-01 9.718810e-01
4.999995e-01 2.502119e-13 2.151680e-01 9.718477e-01
4.999995e-01 2.502119e-13 2.160710e-01 9.722888e-01
4.999995e-01 2.502119e-13 2.155490e-01 9.719144e-01
4.999995e-01 2.502119e-13 2.294150e-01 9.719144e-01
4.999995e-01 2.502119e-13 2.151100e-01 9.720344e-01
4.999995e-01 2.502119e-13 2.163380e-01 9.719001e-01
4.999995e-01 2.502119e-13 2.152770e-01 9.720601e-01
4.999995e-01 2.502119e-13 2.151120e-01 9.721659e-01
4.999995e-01 2.502119e-13 2.155370e-01 9.720363e-01
4.999995e-01 2.502119e-13 2.220630e-01 9.721640e-01
4.999995e-01 2.502119e-13 2.150310e-01 9.718019e-01
4.999995e-01 2.502119e-13 2.251490e-01 9.719944e-01
4.999995e-01 2.502119e-13 2.280790e-01 9.720906e-01
4.999995e-01 2.502119e-13 2.150850e-01 9.720068e-01
4.999995e-01 2.502119e-13 2.203220e-01 9.718839e-01
4.999995e-01 2.502119e-13 2.228900e-01 9.719315e-01
4.999995e-01 2.502119e-13 2.154760e-01 9.721592e-01
4.999995e-01 2.502119e-13 2.155010e-01 9.718991e-01
4.999995e-01 2.502119e-13 2.151540e-01 9.717353e-01
4.999995e-01 2.502119e-13 2.151240e-01 9.720582e-01
4.999995e-01 2.502119e-13 2.157250e-01 9.718782e-01
4.999995e-01 2.502119e-13 2.171120e-01 9.720925e-01
4.999995e-01 2.502119e-13 2.151370e-01 9.718944e-01
4.999995e-01 2.502119e-13 2.203010e-01 9.719439e-01
4.999995e-01 2.502119e-13 2.151110e-01 9.718734e-01
4.999995e-01 2.502119e-13 2.161900e-01 9.720287e-01
4.999995e-01 2.502119e-13 2.153760e-01 9.721116e-01
4.999995e-01 2.502119e-13 2.148410e-01 9.721468e-01
4.999995e-01 2.502119e-13 2.151210e-01 9.721078e-01
4.999995e-01 2.502119e-13 2.152740e-01 9.722154e-01
4.999995e-01 2.502119e-13 2.156350e-01 9.718553e-01
4.999995e-01 2.502119e-13 2.417220e-01 9.720659e-01
4.999995e-01 2.502119e-13 2.318740e-01 9.719058e-01
4.999995e-01 2.502119e-13 2.193390e-01 9.719201e-01
4.999995e-01 2.502119e-13 2.151880e-01 9.717791e-01
4.999995e-01 2.502119e-13 2.219870e-01 9.721040e-01
4.999995e-01 2.502119e-13 2.154010e-01 9.720849e-01
4.999995e-01 2.502119e-13 2.220140e-01 9.718610e-01
4.999995e-01 2.502119e-13 2.156070e-01 9.721002e-01
4.999995e-01 2.502119e-13 2.150300e-01 9.718639e-01
