# dim  N   mc   dt  Impsamp 
# 2    2 262394 0.1
#
# Theoretical Energy = 2.000000e+00
# Energy     Variance     CPU time     Acceptance
3.917659e+00 7.877904e-05 1.148284e+00 9.724174e-01
3.322458e+00 3.991860e-05 1.094457e+00 9.726270e-01
3.291542e+00 4.147366e-05 1.105933e+00 9.723717e-01
3.273938e+00 3.908537e-05 1.074828e+00 9.726918e-01
3.271150e+00 4.061326e-05 1.156262e+00 9.725089e-01
3.262923e+00 3.868322e-05 1.132637e+00 9.726537e-01
3.257129e+00 3.955659e-05 1.165345e+00 9.724641e-01
3.261240e+00 3.896165e-05 1.120099e+00 9.726147e-01
3.260052e+00 3.900447e-05 1.078742e+00 9.725966e-01
3.260974e+00 3.891534e-05 1.036651e+00 9.724889e-01
3.259269e+00 3.890458e-05 1.062367e+00 9.729472e-01
3.259319e+00 3.867665e-05 1.100949e+00 9.724498e-01
3.263010e+00 4.029524e-05 1.182845e+00 9.724336e-01
3.260243e+00 3.902376e-05 1.226410e+00 9.725108e-01
3.264423e+00 3.931430e-05 1.137294e+00 9.725575e-01
3.258567e+00 3.906622e-05 1.061087e+00 9.726671e-01
3.262593e+00 3.949506e-05 1.162191e+00 9.724241e-01
3.260235e+00 3.884864e-05 1.135751e+00 9.724298e-01
3.256793e+00 3.877640e-05 1.164206e+00 9.726509e-01
3.263747e+00 3.902273e-05 1.076500e+00 9.726937e-01
3.260348e+00 3.872563e-05 1.128139e+00 9.727318e-01
3.262255e+00 3.930739e-05 1.091185e+00 9.721259e-01
3.260440e+00 3.869148e-05 1.248649e+00 9.722459e-01
3.257489e+00 3.881227e-05 1.520614e+00 9.729719e-01
3.258165e+00 3.853756e-05 1.834092e+00 9.727052e-01
3.261173e+00 3.914273e-05 1.267189e+00 9.725813e-01
3.261156e+00 3.919663e-05 1.155733e+00 9.724565e-01
3.263283e+00 7.498127e-05 1.124875e+00 9.724365e-01
3.263312e+00 3.909800e-05 1.141574e+00 9.723088e-01
3.258329e+00 3.867598e-05 1.133351e+00 9.725032e-01
3.261378e+00 3.904909e-05 1.053570e+00 9.724641e-01
3.260475e+00 3.884747e-05 1.055258e+00 9.724956e-01
3.259663e+00 3.900370e-05 1.042075e+00 9.723993e-01
3.260246e+00 3.877824e-05 1.114108e+00 9.724717e-01
3.257154e+00 3.864788e-05 1.040532e+00 9.726880e-01
3.258058e+00 3.873645e-05 1.113987e+00 9.723584e-01
3.259956e+00 3.860582e-05 1.080197e+00 9.724898e-01
3.256508e+00 3.897316e-05 1.056744e+00 9.724508e-01
3.260653e+00 3.902547e-05 1.059434e+00 9.726461e-01
3.257656e+00 3.870816e-05 1.084447e+00 9.725003e-01
3.261109e+00 3.898718e-05 1.053176e+00 9.724803e-01
3.260596e+00 3.871188e-05 1.042644e+00 9.728814e-01
3.265311e+00 4.302821e-05 1.068064e+00 9.724565e-01
3.260343e+00 3.894740e-05 1.038450e+00 9.723822e-01
3.256032e+00 3.945167e-05 1.023682e+00 9.728690e-01
3.259051e+00 3.879335e-05 1.013820e+00 9.724956e-01
3.259671e+00 3.912680e-05 1.058069e+00 9.722974e-01
3.255649e+00 3.866136e-05 1.018041e+00 9.725280e-01
3.252814e+00 3.886732e-05 1.029950e+00 9.726356e-01
3.259777e+00 4.030436e-05 1.030280e+00 9.722307e-01
3.258564e+00 4.190335e-05 1.053799e+00 9.724022e-01
3.259914e+00 3.907896e-05 1.074337e+00 9.725337e-01
3.255331e+00 3.860862e-05 1.073787e+00 9.728004e-01
3.259504e+00 3.870966e-05 1.067296e+00 9.724393e-01
3.258380e+00 3.878014e-05 1.107117e+00 9.724374e-01
3.256169e+00 3.918355e-05 1.104181e+00 9.726413e-01
3.259762e+00 3.957956e-05 1.107299e+00 9.723860e-01
3.256266e+00 3.986650e-05 1.077964e+00 9.726061e-01
3.259183e+00 3.867080e-05 1.110900e+00 9.724489e-01
3.256044e+00 3.859072e-05 1.190857e+00 9.724108e-01
3.256995e+00 3.861416e-05 1.062149e+00 9.728205e-01
3.259393e+00 3.882661e-05 1.078250e+00 9.724508e-01
3.257397e+00 3.936191e-05 1.054007e+00 9.725489e-01
3.257210e+00 3.862750e-05 1.122754e+00 9.726089e-01
3.257784e+00 3.899367e-05 1.050799e+00 9.724270e-01
3.254194e+00 3.891028e-05 1.056570e+00 9.726337e-01
3.253163e+00 3.874060e-05 1.126304e+00 9.724946e-01
3.257216e+00 3.897846e-05 1.187655e+00 9.725480e-01
3.254065e+00 3.918138e-05 1.238663e+00 9.725527e-01
3.256784e+00 3.878785e-05 1.124378e+00 9.724803e-01
3.255073e+00 3.851555e-05 1.077440e+00 9.725403e-01
3.251318e+00 3.858939e-05 1.076824e+00 9.725232e-01
3.254357e+00 3.885174e-05 1.167179e+00 9.723364e-01
3.257058e+00 3.902962e-05 1.121841e+00 9.722078e-01
3.255113e+00 3.869019e-05 1.138087e+00 9.724070e-01
3.250036e+00 3.846592e-05 1.067994e+00 9.725632e-01
3.253394e+00 3.889599e-05 1.064033e+00 9.726223e-01
3.246933e+00 3.811191e-05 1.086522e+00 9.727290e-01
3.252396e+00 3.854348e-05 1.072486e+00 9.725318e-01
3.253164e+00 3.916383e-05 1.082685e+00 9.725861e-01
3.253809e+00 3.966932e-05 1.128908e+00 9.726661e-01
3.256035e+00 3.898202e-05 1.167235e+00 9.727852e-01
3.249664e+00 3.952516e-05 1.147642e+00 9.722879e-01
3.250949e+00 3.873475e-05 1.165555e+00 9.726890e-01
3.249869e+00 3.866473e-05 1.153257e+00 9.727185e-01
3.248369e+00 3.854855e-05 1.152700e+00 9.726642e-01
3.250455e+00 3.848744e-05 1.084210e+00 9.728166e-01
3.249959e+00 3.913297e-05 1.162947e+00 9.726356e-01
3.246682e+00 3.887536e-05 1.119682e+00 9.726318e-01
3.252638e+00 3.960440e-05 1.132164e+00 9.727480e-01
3.249103e+00 3.882495e-05 1.231774e+00 9.727214e-01
3.245203e+00 3.832385e-05 1.380977e+00 9.724212e-01
3.243956e+00 3.819669e-05 1.068320e+00 9.727661e-01
3.244667e+00 3.852482e-05 1.055714e+00 9.726537e-01
3.244280e+00 3.833066e-05 1.102278e+00 9.729253e-01
3.250526e+00 3.874855e-05 1.274974e+00 9.725327e-01
3.246563e+00 3.876728e-05 1.099357e+00 9.724174e-01
3.246769e+00 3.928198e-05 1.181525e+00 9.726880e-01
3.244555e+00 3.817940e-05 1.320677e+00 9.726490e-01
3.244096e+00 3.886810e-05 1.256538e+00 9.727118e-01
3.245930e+00 3.834134e-05 1.269920e+00 9.725699e-01
3.245018e+00 3.851664e-05 1.097967e+00 9.725756e-01
3.245279e+00 3.862205e-05 1.180092e+00 9.726566e-01
3.240801e+00 3.807604e-05 1.098666e+00 9.730815e-01
3.241701e+00 3.842985e-05 1.227612e+00 9.726823e-01
3.240722e+00 3.836055e-05 1.170341e+00 9.726413e-01
3.243256e+00 3.846489e-05 1.081020e+00 9.725918e-01
3.240175e+00 3.866016e-05 1.103403e+00 9.723688e-01
3.240738e+00 3.833353e-05 1.144685e+00 9.727814e-01
3.243700e+00 3.878297e-05 1.121396e+00 9.730101e-01
3.240232e+00 3.828671e-05 1.138231e+00 9.726375e-01
3.238738e+00 3.822391e-05 1.086977e+00 9.727023e-01
3.240755e+00 3.848143e-05 1.041991e+00 9.725975e-01
3.238477e+00 3.840689e-05 1.068477e+00 9.725861e-01
3.242929e+00 3.978239e-05 1.045345e+00 9.730081e-01
3.236119e+00 3.792350e-05 1.074465e+00 9.729348e-01
3.238357e+00 3.817412e-05 1.054825e+00 9.729643e-01
3.236780e+00 3.826178e-05 1.045804e+00 9.729272e-01
3.234294e+00 3.818613e-05 1.055990e+00 9.727928e-01
3.234821e+00 3.880900e-05 1.057853e+00 9.725184e-01
3.234611e+00 3.855212e-05 1.046610e+00 9.727156e-01
3.236487e+00 4.134013e-05 1.090906e+00 9.730596e-01
3.239250e+00 3.877886e-05 1.059294e+00 9.730767e-01
3.234869e+00 3.815542e-05 1.095819e+00 9.726147e-01
3.228466e+00 3.798896e-05 1.069322e+00 9.730053e-01
3.229548e+00 3.801033e-05 1.068687e+00 9.726833e-01
3.225487e+00 3.783114e-05 1.051440e+00 9.728814e-01
3.230405e+00 3.806166e-05 1.035432e+00 9.730272e-01
3.226038e+00 3.778613e-05 1.156136e+00 9.728176e-01
3.225915e+00 3.795657e-05 1.118417e+00 9.730386e-01
3.224393e+00 3.796034e-05 1.258486e+00 9.728328e-01
3.225847e+00 3.862468e-05 1.257066e+00 9.726547e-01
3.222989e+00 3.854260e-05 1.205487e+00 9.730424e-01
3.227146e+00 3.865246e-05 1.267819e+00 9.729958e-01
3.223869e+00 3.946739e-05 1.209055e+00 9.729338e-01
3.225625e+00 3.850020e-05 1.230392e+00 9.731816e-01
3.222815e+00 3.829251e-05 1.259136e+00 9.729719e-01
3.218142e+00 3.764057e-05 1.283440e+00 9.729958e-01
3.219767e+00 3.776367e-05 1.181612e+00 9.731272e-01
3.223341e+00 3.804688e-05 1.255421e+00 9.730853e-01
3.221376e+00 3.849158e-05 1.246419e+00 9.730987e-01
3.221467e+00 3.810925e-05 1.230452e+00 9.730663e-01
3.219970e+00 4.193867e-05 1.183935e+00 9.731311e-01
3.213602e+00 3.755754e-05 1.085440e+00 9.733121e-01
3.219661e+00 3.925723e-05 1.143453e+00 9.732921e-01
3.217768e+00 3.781457e-05 1.157410e+00 9.733435e-01
3.213330e+00 3.765999e-05 1.178010e+00 9.730367e-01
3.209872e+00 3.747095e-05 1.058517e+00 9.734721e-01
3.214525e+00 3.870434e-05 1.178601e+00 9.731311e-01
3.210608e+00 3.785491e-05 1.258205e+00 9.730186e-01
3.215892e+00 3.831114e-05 1.182489e+00 9.733940e-01
3.209966e+00 3.744599e-05 1.220413e+00 9.733483e-01
3.212637e+00 3.793232e-05 1.152315e+00 9.733216e-01
3.207605e+00 3.732905e-05 1.122260e+00 9.733835e-01
3.208961e+00 3.780016e-05 1.152389e+00 9.733292e-01
3.202374e+00 3.748568e-05 1.127153e+00 9.730958e-01
3.203805e+00 3.735306e-05 1.109104e+00 9.732930e-01
3.205321e+00 4.142113e-05 1.060782e+00 9.734026e-01
3.201058e+00 3.753256e-05 1.088030e+00 9.735598e-01
3.195607e+00 3.691458e-05 1.115607e+00 9.735350e-01
3.200721e+00 3.726556e-05 1.195768e+00 9.736989e-01
3.199356e+00 3.754690e-05 1.258381e+00 9.735598e-01
3.198491e+00 3.723943e-05 1.269228e+00 9.735103e-01
3.197348e+00 3.746463e-05 1.176730e+00 9.734159e-01
3.192729e+00 3.715629e-05 1.169058e+00 9.735750e-01
3.194070e+00 3.739395e-05 1.079260e+00 9.733349e-01
3.190162e+00 3.687823e-05 1.110130e+00 9.735255e-01
3.193073e+00 3.723976e-05 1.054917e+00 9.736370e-01
3.189819e+00 3.784583e-05 1.050166e+00 9.734960e-01
3.190452e+00 3.720563e-05 1.022861e+00 9.733121e-01
3.191840e+00 3.726503e-05 1.059713e+00 9.735665e-01
3.183829e+00 3.687003e-05 1.073254e+00 9.736436e-01
3.185793e+00 3.691018e-05 1.034676e+00 9.739790e-01
3.185549e+00 3.709144e-05 1.047391e+00 9.734855e-01
3.186333e+00 3.735878e-05 1.057921e+00 9.740086e-01
3.182899e+00 3.695979e-05 1.203588e+00 9.735131e-01
3.181894e+00 3.696619e-05 1.249827e+00 9.736170e-01
3.177153e+00 3.701997e-05 1.203980e+00 9.736617e-01
3.182451e+00 3.741506e-05 1.212769e+00 9.736637e-01
3.179322e+00 3.698608e-05 1.299439e+00 9.737484e-01
3.176270e+00 3.713714e-05 1.334556e+00 9.738866e-01
3.175302e+00 3.678648e-05 1.212376e+00 9.739590e-01
3.177573e+00 3.875469e-05 1.270397e+00 9.737456e-01
3.172720e+00 3.660616e-05 1.296579e+00 9.740181e-01
3.178488e+00 3.703229e-05 1.265059e+00 9.740838e-01
3.170753e+00 3.668895e-05 1.265055e+00 9.740705e-01
3.166943e+00 3.656488e-05 1.310797e+00 9.739733e-01
3.173088e+00 3.698577e-05 1.251505e+00 9.739990e-01
3.165048e+00 3.639023e-05 1.179371e+00 9.739876e-01
3.167762e+00 3.673523e-05 1.145750e+00 9.740409e-01
3.165157e+00 3.643463e-05 1.156411e+00 9.743982e-01
3.166534e+00 3.739943e-05 1.230776e+00 9.740619e-01
3.165617e+00 3.813709e-05 1.317894e+00 9.741172e-01
3.163455e+00 3.670865e-05 1.251760e+00 9.740695e-01
3.155079e+00 3.621833e-05 1.157060e+00 9.741991e-01
3.164727e+00 3.671225e-05 1.194523e+00 9.741210e-01
3.159557e+00 3.631690e-05 1.271244e+00 9.740076e-01
3.158216e+00 3.649636e-05 1.124136e+00 9.744354e-01
3.158803e+00 3.623294e-05 1.252528e+00 9.741553e-01
3.159857e+00 3.676017e-05 1.252822e+00 9.741286e-01
3.156493e+00 4.610098e-05 1.177174e+00 9.741391e-01
3.151507e+00 3.622095e-05 1.193051e+00 9.742067e-01
3.154919e+00 3.665541e-05 1.107296e+00 9.742172e-01
3.153559e+00 3.651587e-05 1.223071e+00 9.743868e-01
3.150627e+00 3.631626e-05 1.122808e+00 9.744506e-01
3.151644e+00 3.661207e-05 1.113969e+00 9.744344e-01
3.144246e+00 3.614230e-05 1.135876e+00 9.744163e-01
3.146373e+00 3.693263e-05 1.170963e+00 9.744030e-01
3.144589e+00 3.627072e-05 1.111767e+00 9.745097e-01
3.144904e+00 3.647637e-05 1.071291e+00 9.745431e-01
3.140781e+00 3.613384e-05 1.051683e+00 9.744764e-01
3.143268e+00 3.658094e-05 1.097877e+00 9.743172e-01
3.138111e+00 3.570897e-05 1.101586e+00 9.748336e-01
3.141974e+00 3.737758e-05 1.158906e+00 9.745545e-01
3.142526e+00 3.642801e-05 1.324602e+00 9.745840e-01
3.138018e+00 3.582651e-05 1.233672e+00 9.747327e-01
3.136068e+00 3.595571e-05 1.158279e+00 9.746803e-01
3.132784e+00 3.578679e-05 1.171002e+00 9.748727e-01
3.136355e+00 3.592188e-05 1.227070e+00 9.746669e-01
3.133281e+00 3.691447e-05 1.105113e+00 9.747670e-01
3.129618e+00 3.608612e-05 1.118667e+00 9.748175e-01
3.131551e+00 3.659043e-05 1.145950e+00 9.746803e-01
3.131753e+00 3.704450e-05 1.066072e+00 9.746193e-01
3.132147e+00 3.571741e-05 1.161540e+00 9.744497e-01
3.129698e+00 3.586043e-05 1.064536e+00 9.746860e-01
3.129492e+00 3.617019e-05 1.042004e+00 9.747012e-01
3.127978e+00 3.580312e-05 1.075440e+00 9.748270e-01
3.124013e+00 3.582680e-05 1.164422e+00 9.747269e-01
3.126121e+00 3.579303e-05 1.076750e+00 9.748727e-01
3.126811e+00 3.595581e-05 1.112665e+00 9.747279e-01
3.127515e+00 3.580191e-05 1.230763e+00 9.748317e-01
3.123951e+00 3.580802e-05 1.403667e+00 9.748594e-01
3.122604e+00 3.611100e-05 1.151723e+00 9.746088e-01
3.121329e+00 3.642888e-05 1.100703e+00 9.747126e-01
3.121108e+00 3.556935e-05 1.060035e+00 9.744907e-01
3.122054e+00 3.591923e-05 1.093979e+00 9.746250e-01
3.121890e+00 3.569150e-05 1.051946e+00 9.747965e-01
3.119441e+00 3.567106e-05 1.085919e+00 9.750204e-01
3.116220e+00 3.543577e-05 1.077376e+00 9.749175e-01
3.118828e+00 3.572664e-05 1.095845e+00 9.752538e-01
3.116017e+00 3.605308e-05 1.168898e+00 9.752205e-01
3.114801e+00 3.567134e-05 1.113509e+00 9.750337e-01
3.114175e+00 3.564472e-05 1.096812e+00 9.747298e-01
3.114086e+00 3.542915e-05 1.103289e+00 9.748479e-01
3.116639e+00 4.204345e-05 1.114606e+00 9.748918e-01
3.114865e+00 3.591175e-05 1.130349e+00 9.752853e-01
3.114017e+00 3.625163e-05 1.157737e+00 9.747832e-01
3.113528e+00 3.576202e-05 1.065029e+00 9.750652e-01
3.110058e+00 3.532361e-05 1.026349e+00 9.747546e-01
3.111529e+00 3.605323e-05 1.100589e+00 9.749270e-01
3.110872e+00 3.559106e-05 1.131770e+00 9.751233e-01
3.108817e+00 3.580878e-05 1.116168e+00 9.751195e-01
3.109989e+00 3.613271e-05 1.084084e+00 9.749947e-01
3.106817e+00 3.584993e-05 1.188724e+00 9.748365e-01
3.110845e+00 3.590648e-05 1.134718e+00 9.752586e-01
3.110407e+00 3.670477e-05 1.143455e+00 9.750347e-01
3.107293e+00 3.532289e-05 1.091782e+00 9.750004e-01
3.107580e+00 3.555427e-05 1.142814e+00 9.751462e-01
3.104401e+00 3.503325e-05 1.123738e+00 9.750204e-01
3.107987e+00 3.571380e-05 1.060139e+00 9.751204e-01
3.104659e+00 3.509151e-05 1.059372e+00 9.750995e-01
3.110154e+00 3.711596e-05 1.136249e+00 9.748146e-01
3.107438e+00 3.554514e-05 1.109039e+00 9.750880e-01
3.104826e+00 3.560599e-05 1.085782e+00 9.750271e-01
3.105519e+00 3.547916e-05 1.111330e+00 9.747279e-01
3.108315e+00 3.549235e-05 1.108032e+00 9.748117e-01
3.098579e+00 3.498904e-05 1.088107e+00 9.750556e-01
3.105501e+00 3.608429e-05 1.042686e+00 9.752995e-01
3.100702e+00 3.492153e-05 1.041152e+00 9.752367e-01
3.104240e+00 3.547121e-05 1.079563e+00 9.752157e-01
3.103066e+00 3.518633e-05 1.080056e+00 9.751881e-01
3.100585e+00 3.554958e-05 1.207281e+00 9.752500e-01
3.103182e+00 3.543083e-05 1.142478e+00 9.752205e-01
3.098184e+00 3.486468e-05 1.057715e+00 9.750928e-01
3.099457e+00 3.525675e-05 1.076347e+00 9.752729e-01
3.099609e+00 3.505448e-05 1.058779e+00 9.751471e-01
3.101484e+00 3.558613e-05 1.132919e+00 9.752424e-01
3.098669e+00 3.497931e-05 1.178729e+00 9.750490e-01
3.098753e+00 3.541147e-05 1.117193e+00 9.753958e-01
3.098452e+00 3.559746e-05 1.199115e+00 9.749537e-01
3.098680e+00 3.529286e-05 1.072852e+00 9.753548e-01
3.098998e+00 3.641020e-05 1.116991e+00 9.752691e-01
3.102300e+00 3.631177e-05 1.117888e+00 9.749308e-01
3.099862e+00 3.564646e-05 1.230346e+00 9.751938e-01
3.099755e+00 3.515165e-05 1.079642e+00 9.749699e-01
3.093737e+00 3.484832e-05 1.088726e+00 9.754234e-01
3.097451e+00 3.521940e-05 1.131116e+00 9.750852e-01
3.102092e+00 3.558063e-05 1.114760e+00 9.754558e-01
3.096194e+00 3.584969e-05 1.194821e+00 9.752062e-01
3.099397e+00 3.541542e-05 1.187005e+00 9.750204e-01
3.097886e+00 3.535461e-05 1.145845e+00 9.751214e-01
3.098431e+00 3.603329e-05 1.200613e+00 9.750718e-01
3.099762e+00 3.514805e-05 1.164380e+00 9.754453e-01
3.101106e+00 3.617786e-05 1.167440e+00 9.751033e-01
3.100666e+00 3.814552e-05 1.177891e+00 9.748679e-01
3.100152e+00 3.518338e-05 1.125323e+00 9.749699e-01
3.097243e+00 3.605589e-05 1.136139e+00 9.749527e-01
3.099542e+00 3.546070e-05 1.068626e+00 9.755396e-01
3.095018e+00 3.497847e-05 1.082860e+00 9.751042e-01
3.095534e+00 3.492449e-05 1.121488e+00 9.751519e-01
3.093425e+00 3.542083e-05 1.073479e+00 9.750004e-01
3.098807e+00 4.258054e-05 1.074498e+00 9.753834e-01
3.094887e+00 3.513208e-05 1.243331e+00 9.749699e-01
3.094586e+00 3.509467e-05 1.133307e+00 9.752357e-01
3.093096e+00 3.494550e-05 1.118647e+00 9.753053e-01
3.093846e+00 3.485928e-05 1.132614e+00 9.750995e-01
3.092991e+00 3.487536e-05 1.157222e+00 9.750718e-01
3.098006e+00 3.511619e-05 1.077543e+00 9.750071e-01
3.099376e+00 3.732201e-05 1.099036e+00 9.753186e-01
3.095638e+00 3.521788e-05 1.095923e+00 9.749070e-01
3.094050e+00 3.545642e-05 1.074631e+00 9.751919e-01
3.098083e+00 3.570886e-05 1.050598e+00 9.754749e-01
3.094880e+00 3.500619e-05 1.121227e+00 9.753853e-01
3.093310e+00 3.528034e-05 1.310215e+00 9.750776e-01
3.095027e+00 3.517089e-05 1.119956e+00 9.753720e-01
3.092562e+00 3.498862e-05 1.140977e+00 9.752271e-01
3.091887e+00 3.525815e-05 1.104623e+00 9.754453e-01
3.095462e+00 3.519493e-05 1.202346e+00 9.751957e-01
3.094069e+00 3.512978e-05 1.088173e+00 9.753319e-01
3.091819e+00 3.492968e-05 1.111334e+00 9.752376e-01
3.089101e+00 3.503054e-05 1.120701e+00 9.752843e-01
3.094399e+00 3.536980e-05 1.171576e+00 9.753377e-01
3.092553e+00 3.504871e-05 1.146735e+00 9.754244e-01
3.094977e+00 3.603380e-05 1.070489e+00 9.749413e-01
3.096263e+00 3.591640e-05 1.064632e+00 9.753367e-01
3.089308e+00 3.465237e-05 1.075875e+00 9.752891e-01
3.094146e+00 3.502976e-05 1.073713e+00 9.751776e-01
3.094357e+00 3.502957e-05 1.048999e+00 9.752919e-01
3.092105e+00 3.521772e-05 1.073684e+00 9.752024e-01
3.091512e+00 3.475302e-05 1.088752e+00 9.751481e-01
3.090646e+00 3.480762e-05 1.066068e+00 9.750995e-01
3.092816e+00 3.495567e-05 1.194417e+00 9.752262e-01
3.095058e+00 3.615752e-05 1.092283e+00 9.752519e-01
3.091821e+00 3.522850e-05 1.117858e+00 9.750604e-01
3.094125e+00 3.593075e-05 1.077773e+00 9.754063e-01
3.094882e+00 3.523259e-05 1.175457e+00 9.754682e-01
3.094644e+00 3.510290e-05 1.226336e+00 9.754920e-01
3.092105e+00 3.493839e-05 1.221883e+00 9.751395e-01
3.096403e+00 3.542493e-05 1.147090e+00 9.750604e-01
3.091879e+00 3.515335e-05 1.262299e+00 9.754329e-01
3.091790e+00 3.505069e-05 1.285020e+00 9.750366e-01
3.093169e+00 3.592726e-05 1.196906e+00 9.747774e-01
3.094879e+00 3.588272e-05 1.096089e+00 9.753767e-01
3.096134e+00 3.524581e-05 1.106754e+00 9.753110e-01
3.094573e+00 3.514669e-05 1.072079e+00 9.755416e-01
3.097643e+00 3.767047e-05 1.104645e+00 9.751824e-01
3.092938e+00 3.490561e-05 1.065710e+00 9.751061e-01
3.091454e+00 3.572993e-05 1.049860e+00 9.751566e-01
3.093232e+00 3.525591e-05 1.216710e+00 9.754606e-01
3.092656e+00 3.513707e-05 1.204335e+00 9.754920e-01
3.090650e+00 3.494252e-05 1.229528e+00 9.754691e-01
3.089270e+00 3.487093e-05 1.139075e+00 9.754663e-01
3.094237e+00 3.507891e-05 1.107829e+00 9.751166e-01
3.094234e+00 3.499644e-05 1.111369e+00 9.754234e-01
3.090136e+00 3.469903e-05 1.190788e+00 9.752233e-01
3.091802e+00 3.535890e-05 1.150734e+00 9.752795e-01
3.094133e+00 3.543499e-05 1.102990e+00 9.754263e-01
3.092943e+00 3.503627e-05 1.198557e+00 9.750661e-01
3.094576e+00 3.527018e-05 1.184772e+00 9.753967e-01
3.093263e+00 3.524543e-05 1.175261e+00 9.753643e-01
3.096862e+00 3.575520e-05 1.174137e+00 9.754682e-01
3.094673e+00 3.499325e-05 1.138624e+00 9.753577e-01
3.096934e+00 3.566024e-05 1.175235e+00 9.751290e-01
3.093029e+00 3.594465e-05 1.208128e+00 9.750318e-01
3.090816e+00 3.507334e-05 1.103987e+00 9.750213e-01
3.091620e+00 3.514691e-05 1.093712e+00 9.754272e-01
3.098244e+00 3.568370e-05 1.163625e+00 9.754225e-01
3.093494e+00 3.570176e-05 1.078868e+00 9.755082e-01
3.095402e+00 3.529597e-05 1.066830e+00 9.750690e-01
3.086178e+00 3.473452e-05 1.085910e+00 9.751566e-01
3.092666e+00 3.504689e-05 1.066489e+00 9.752691e-01
3.089876e+00 3.528693e-05 1.160059e+00 9.750499e-01
3.097936e+00 3.604163e-05 1.215153e+00 9.751138e-01
3.092811e+00 3.505687e-05 1.167135e+00 9.754911e-01
3.091001e+00 3.748578e-05 1.190762e+00 9.751976e-01
3.092645e+00 3.505353e-05 1.113993e+00 9.750337e-01
3.090692e+00 3.477585e-05 1.111707e+00 9.752491e-01
3.094803e+00 3.530987e-05 1.091643e+00 9.751481e-01
3.091192e+00 3.471244e-05 1.166943e+00 9.753901e-01
3.092352e+00 3.543300e-05 1.224343e+00 9.752405e-01
3.088395e+00 3.513954e-05 1.191962e+00 9.754815e-01
3.090850e+00 3.502408e-05 1.128477e+00 9.751223e-01
3.092547e+00 3.540326e-05 1.137800e+00 9.752519e-01
3.092132e+00 3.548996e-05 1.192337e+00 9.751957e-01
3.092490e+00 3.499346e-05 1.181149e+00 9.751338e-01
3.094248e+00 3.511997e-05 1.246709e+00 9.751519e-01
3.091909e+00 3.577015e-05 1.175062e+00 9.751319e-01
3.089867e+00 3.485439e-05 1.185223e+00 9.751566e-01
3.091272e+00 3.494604e-05 1.246840e+00 9.756302e-01
3.090166e+00 3.501491e-05 1.290104e+00 9.751690e-01
3.093649e+00 3.523074e-05 1.342911e+00 9.752424e-01
3.091754e+00 3.570209e-05 1.135153e+00 9.755435e-01
3.094275e+00 3.568644e-05 1.166684e+00 9.753453e-01
3.092238e+00 3.519626e-05 1.252269e+00 9.754329e-01
3.093353e+00 3.509997e-05 1.151091e+00 9.752652e-01
3.090692e+00 3.518604e-05 1.194297e+00 9.751147e-01
3.093197e+00 3.503435e-05 1.215905e+00 9.755511e-01
3.093066e+00 3.605427e-05 1.158496e+00 9.753338e-01
3.092899e+00 3.528170e-05 1.192801e+00 9.750528e-01
3.091585e+00 3.541983e-05 1.117133e+00 9.752310e-01
3.091193e+00 3.517306e-05 1.143610e+00 9.754053e-01
3.089867e+00 3.494750e-05 1.162664e+00 9.752138e-01
3.094357e+00 3.553252e-05 1.238492e+00 9.753338e-01
3.089673e+00 3.484409e-05 1.244003e+00 9.750690e-01
3.093480e+00 3.508217e-05 1.162928e+00 9.754549e-01
3.091593e+00 3.556419e-05 1.189495e+00 9.748613e-01
3.092429e+00 3.512351e-05 1.162232e+00 9.751566e-01
3.090288e+00 3.489176e-05 1.182189e+00 9.750013e-01
3.091092e+00 3.521501e-05 1.183835e+00 9.749575e-01
3.090197e+00 3.481787e-05 1.155934e+00 9.754377e-01
3.090946e+00 3.566506e-05 1.245754e+00 9.753624e-01
3.090557e+00 3.481958e-05 1.223589e+00 9.750995e-01
3.094296e+00 3.498269e-05 1.167878e+00 9.754549e-01
3.092051e+00 3.563252e-05 1.227748e+00 9.755206e-01
3.092150e+00 3.534228e-05 1.180274e+00 9.752529e-01
3.092016e+00 3.502404e-05 1.051975e+00 9.751700e-01
3.095155e+00 3.532243e-05 1.439560e+00 9.750938e-01
3.090783e+00 3.478589e-05 1.136973e+00 9.754139e-01
3.088825e+00 3.492146e-05 1.148378e+00 9.753177e-01
3.091789e+00 3.528720e-05 1.137200e+00 9.753958e-01
3.087698e+00 3.469172e-05 1.100730e+00 9.754196e-01
3.090507e+00 3.496308e-05 1.088926e+00 9.753205e-01
3.092330e+00 3.498357e-05 1.039301e+00 9.750918e-01
3.093847e+00 3.533662e-05 1.033503e+00 9.754024e-01
3.090850e+00 3.498852e-05 1.089570e+00 9.752300e-01
3.089806e+00 3.545379e-05 1.121830e+00 9.752395e-01
3.090103e+00 3.502022e-05 1.117890e+00 9.751986e-01
3.089637e+00 3.510241e-05 1.091742e+00 9.753443e-01
3.089276e+00 3.493282e-05 1.036674e+00 9.752767e-01
3.092289e+00 3.494876e-05 1.044541e+00 9.753796e-01
3.089459e+00 3.477858e-05 1.084520e+00 9.750433e-01
3.092441e+00 3.512575e-05 1.056982e+00 9.752862e-01
3.088318e+00 3.492262e-05 1.126747e+00 9.752624e-01
3.094977e+00 3.556915e-05 1.130215e+00 9.751814e-01
3.091138e+00 3.487688e-05 1.132212e+00 9.752005e-01
3.091831e+00 3.499865e-05 1.203738e+00 9.750985e-01
3.087597e+00 3.471571e-05 1.070593e+00 9.753405e-01
3.094255e+00 3.766739e-05 1.092242e+00 9.750499e-01
3.089246e+00 3.518458e-05 1.130006e+00 9.754625e-01
3.090608e+00 3.497244e-05 1.122499e+00 9.753491e-01
3.093338e+00 3.549818e-05 1.089374e+00 9.754225e-01
3.089726e+00 3.513569e-05 1.133097e+00 9.753319e-01
3.092990e+00 3.537883e-05 1.043404e+00 9.756721e-01
3.090266e+00 3.493570e-05 1.034871e+00 9.751643e-01
3.095345e+00 3.535253e-05 1.092034e+00 9.753243e-01
3.089422e+00 3.472910e-05 1.086287e+00 9.754063e-01
3.092253e+00 3.686595e-05 1.090488e+00 9.753910e-01
3.093630e+00 3.510647e-05 1.129565e+00 9.754901e-01
3.093243e+00 3.523418e-05 1.125503e+00 9.752014e-01
3.088302e+00 3.465659e-05 1.106546e+00 9.752205e-01
3.093363e+00 3.545527e-05 1.059684e+00 9.752405e-01
3.089626e+00 3.557789e-05 1.066327e+00 9.751185e-01
3.088023e+00 3.472577e-05 1.049465e+00 9.751976e-01
3.092694e+00 3.502638e-05 1.070689e+00 9.753691e-01
3.086143e+00 3.459138e-05 1.216278e+00 9.754387e-01
3.095735e+00 3.602886e-05 1.229699e+00 9.751080e-01
3.092289e+00 3.486945e-05 1.220202e+00 9.752995e-01
3.092238e+00 3.539164e-05 1.269013e+00 9.750690e-01
3.090423e+00 3.484336e-05 1.168114e+00 9.751766e-01
3.093067e+00 3.535474e-05 1.182911e+00 9.752386e-01
3.094730e+00 3.504311e-05 1.101460e+00 9.750985e-01
3.091460e+00 3.492458e-05 1.093596e+00 9.751709e-01
3.094232e+00 3.665854e-05 1.059128e+00 9.752500e-01
3.089289e+00 3.490317e-05 1.038219e+00 9.749775e-01
3.091109e+00 3.504236e-05 1.091009e+00 9.754425e-01
3.092162e+00 3.488014e-05 1.046357e+00 9.754720e-01
3.093005e+00 3.534742e-05 1.051830e+00 9.752748e-01
3.090441e+00 3.501170e-05 1.045229e+00 9.751462e-01
3.093356e+00 3.504831e-05 1.079798e+00 9.752967e-01
3.091620e+00 3.553818e-05 1.162526e+00 9.751404e-01
3.090864e+00 3.489458e-05 1.160012e+00 9.753967e-01
3.089700e+00 3.481323e-05 1.168281e+00 9.753510e-01
3.093731e+00 3.544415e-05 1.044423e+00 9.753567e-01
3.088790e+00 3.490349e-05 1.043724e+00 9.751119e-01
3.091452e+00 3.485413e-05 1.125650e+00 9.750671e-01
3.090175e+00 3.505182e-05 1.142741e+00 9.750347e-01
3.091009e+00 3.495772e-05 1.086884e+00 9.751766e-01
3.087066e+00 3.480827e-05 1.202592e+00 9.748946e-01
3.087270e+00 3.485985e-05 1.229348e+00 9.756073e-01
3.094171e+00 3.762516e-05 1.112013e+00 9.753110e-01
3.092071e+00 3.478145e-05 1.250613e+00 9.752976e-01
3.091738e+00 3.509871e-05 1.171855e+00 9.750928e-01
3.091370e+00 3.955348e-05 1.080402e+00 9.751967e-01
3.089666e+00 3.467405e-05 1.077122e+00 9.753462e-01
3.094683e+00 3.599978e-05 1.153946e+00 9.751843e-01
3.095419e+00 3.557133e-05 1.268460e+00 9.752510e-01
3.093853e+00 3.506816e-05 1.188011e+00 9.752195e-01
3.086875e+00 3.448054e-05 1.145567e+00 9.754444e-01
3.094021e+00 3.541237e-05 1.041727e+00 9.750366e-01
3.090071e+00 3.546397e-05 1.130695e+00 9.755768e-01
3.093820e+00 3.522315e-05 1.143131e+00 9.752024e-01
3.091031e+00 3.488326e-05 1.089856e+00 9.751376e-01
3.093522e+00 3.509269e-05 1.178615e+00 9.751662e-01
3.092302e+00 3.490407e-05 1.211076e+00 9.750347e-01
3.089592e+00 3.502806e-05 1.192516e+00 9.753891e-01
3.091141e+00 3.499418e-05 1.215293e+00 9.752348e-01
3.089189e+00 3.493173e-05 1.239294e+00 9.750747e-01
3.088155e+00 3.488046e-05 1.216107e+00 9.753577e-01
3.095204e+00 3.511909e-05 1.185975e+00 9.754358e-01
3.093893e+00 3.507336e-05 1.192302e+00 9.752357e-01
3.091271e+00 3.503867e-05 1.185978e+00 9.750547e-01
3.094315e+00 3.523630e-05 1.223684e+00 9.753167e-01
3.093083e+00 3.551891e-05 1.172367e+00 9.753043e-01
3.088969e+00 3.573476e-05 1.220253e+00 9.752243e-01
3.095469e+00 4.096058e-05 1.188760e+00 9.750880e-01
3.093386e+00 3.506214e-05 1.174931e+00 9.749775e-01
3.093242e+00 3.498893e-05 1.192955e+00 9.751309e-01
3.091166e+00 3.494463e-05 1.227653e+00 9.750909e-01
3.091094e+00 3.490162e-05 1.197626e+00 9.753205e-01
3.093238e+00 3.592216e-05 1.117796e+00 9.752624e-01
3.088446e+00 3.496931e-05 1.056036e+00 9.751223e-01
3.091971e+00 3.513275e-05 1.050472e+00 9.754158e-01
3.089221e+00 3.539439e-05 1.229802e+00 9.752205e-01
3.091814e+00 3.544046e-05 1.223616e+00 9.754663e-01
3.092451e+00 3.522383e-05 1.129037e+00 9.755701e-01
3.093473e+00 3.523634e-05 1.081026e+00 9.750833e-01
3.092077e+00 3.510924e-05 1.068061e+00 9.752433e-01
3.091811e+00 3.527126e-05 1.096075e+00 9.751071e-01
3.094874e+00 3.503583e-05 1.195645e+00 9.749718e-01
3.092515e+00 3.735527e-05 1.209125e+00 9.752776e-01
3.087600e+00 3.470570e-05 1.209977e+00 9.748222e-01
3.093211e+00 3.510096e-05 1.249235e+00 9.751681e-01
3.089982e+00 3.490516e-05 1.282143e+00 9.752128e-01
3.090291e+00 3.481962e-05 1.176667e+00 9.753119e-01
3.093201e+00 3.525733e-05 1.078137e+00 9.753138e-01
3.093690e+00 3.510135e-05 1.164471e+00 9.751462e-01
3.092454e+00 3.514405e-05 1.087940e+00 9.752109e-01
3.093491e+00 3.490382e-05 1.200832e+00 9.753196e-01
3.088672e+00 3.497615e-05 1.179481e+00 9.754653e-01
3.093703e+00 3.503481e-05 1.071451e+00 9.753500e-01
3.092214e+00 3.685013e-05 1.051583e+00 9.755225e-01
3.088254e+00 3.469097e-05 1.031635e+00 9.754596e-01
3.094675e+00 3.546042e-05 1.057655e+00 9.755349e-01
3.091514e+00 3.491482e-05 1.081646e+00 9.753901e-01
3.092908e+00 3.520289e-05 1.052052e+00 9.753043e-01
3.097907e+00 3.657810e-05 1.032960e+00 9.752748e-01
3.088960e+00 3.504485e-05 1.094969e+00 9.752652e-01
3.088889e+00 3.521773e-05 1.181750e+00 9.754301e-01
3.087814e+00 3.477733e-05 1.280721e+00 9.749413e-01
3.090256e+00 3.488332e-05 1.197536e+00 9.752500e-01
3.087616e+00 3.461012e-05 1.129638e+00 9.756235e-01
3.092034e+00 3.509369e-05 1.256985e+00 9.752576e-01
3.088640e+00 3.471267e-05 1.238345e+00 9.752538e-01
3.089544e+00 3.490718e-05 1.219442e+00 9.753253e-01
3.089322e+00 3.503444e-05 1.208044e+00 9.752252e-01
3.091300e+00 3.527650e-05 1.071920e+00 9.752633e-01
3.092891e+00 3.521273e-05 1.141846e+00 9.750252e-01
3.092637e+00 3.496025e-05 1.071538e+00 9.752767e-01
3.093813e+00 3.496443e-05 1.097777e+00 9.752891e-01
3.094467e+00 3.528721e-05 1.042583e+00 9.753253e-01
3.086761e+00 3.506855e-05 1.044701e+00 9.754749e-01
3.094204e+00 3.516176e-05 1.043440e+00 9.755530e-01
3.089946e+00 3.483301e-05 1.040509e+00 9.749251e-01
3.092363e+00 3.577150e-05 1.024401e+00 9.752224e-01
3.092544e+00 3.499910e-05 1.048117e+00 9.754244e-01
3.095916e+00 3.584020e-05 1.056335e+00 9.749699e-01
3.090341e+00 3.488912e-05 1.049091e+00 9.752014e-01
3.085625e+00 3.487256e-05 1.046372e+00 9.753234e-01
3.091879e+00 3.523325e-05 1.085378e+00 9.750737e-01
3.091188e+00 3.520847e-05 1.059004e+00 9.752633e-01
3.094465e+00 3.498112e-05 1.033630e+00 9.751176e-01
3.093844e+00 3.646077e-05 1.035984e+00 9.753091e-01
3.093406e+00 3.543847e-05 1.106431e+00 9.751814e-01
3.091941e+00 3.480365e-05 1.178325e+00 9.751052e-01
3.092156e+00 3.508345e-05 1.085693e+00 9.752081e-01
3.092843e+00 3.529033e-05 1.039770e+00 9.751119e-01
3.090970e+00 3.479526e-05 1.247970e+00 9.753377e-01
3.093555e+00 3.516721e-05 1.158591e+00 9.753205e-01
3.094357e+00 3.504390e-05 1.196214e+00 9.750147e-01
3.093790e+00 3.524899e-05 1.149531e+00 9.751986e-01
3.091487e+00 3.525614e-05 1.223307e+00 9.752862e-01
3.090918e+00 3.523867e-05 1.207313e+00 9.754387e-01
3.091870e+00 3.545935e-05 1.187185e+00 9.754158e-01
3.091514e+00 3.592080e-05 1.140204e+00 9.753872e-01
3.092351e+00 3.559173e-05 1.147665e+00 9.751681e-01
3.088598e+00 3.476855e-05 1.245246e+00 9.751080e-01
3.087358e+00 3.460419e-05 1.230141e+00 9.753710e-01
3.094083e+00 3.514800e-05 1.178987e+00 9.753253e-01
3.093778e+00 3.553527e-05 1.265167e+00 9.754758e-01
3.090650e+00 3.476965e-05 1.241442e+00 9.754644e-01
3.092951e+00 3.511591e-05 1.270198e+00 9.753491e-01
3.093857e+00 3.547536e-05 1.223764e+00 9.752843e-01
3.095406e+00 4.482550e-05 1.166543e+00 9.755044e-01
3.092711e+00 3.489372e-05 1.241605e+00 9.753224e-01
3.087667e+00 3.480783e-05 1.161648e+00 9.753605e-01
3.093263e+00 3.549808e-05 1.105452e+00 9.752910e-01
3.092577e+00 3.512329e-05 1.043476e+00 9.753520e-01
3.090578e+00 3.492983e-05 1.071768e+00 9.753586e-01
3.090388e+00 3.483439e-05 1.053509e+00 9.753015e-01
3.092093e+00 3.519499e-05 1.034968e+00 9.751833e-01
3.085376e+00 3.461391e-05 1.064946e+00 9.755025e-01
3.095906e+00 3.515061e-05 1.162680e+00 9.751843e-01
3.092864e+00 3.556732e-05 1.090902e+00 9.751976e-01
3.088701e+00 3.490129e-05 1.195371e+00 9.754206e-01
3.090340e+00 3.477072e-05 1.091569e+00 9.755044e-01
3.091558e+00 3.494784e-05 1.041342e+00 9.753920e-01
3.088469e+00 3.480432e-05 1.082577e+00 9.754186e-01
3.092211e+00 3.497785e-05 1.042175e+00 9.755015e-01
3.089900e+00 3.497068e-05 1.054935e+00 9.754186e-01
3.091731e+00 3.498232e-05 1.266832e+00 9.753205e-01
3.094671e+00 3.530945e-05 1.193550e+00 9.753281e-01
3.089701e+00 3.490558e-05 1.133995e+00 9.752881e-01
3.089056e+00 3.469422e-05 1.218955e+00 9.751328e-01
3.090391e+00 3.490850e-05 1.194281e+00 9.753453e-01
3.095298e+00 3.589176e-05 1.142072e+00 9.753824e-01
3.096697e+00 3.507117e-05 1.079775e+00 9.756311e-01
3.089872e+00 3.496509e-05 1.249472e+00 9.750013e-01
3.090466e+00 3.513308e-05 1.080337e+00 9.752376e-01
3.093924e+00 3.546790e-05 1.101439e+00 9.751338e-01
3.091742e+00 3.491714e-05 1.071686e+00 9.751319e-01
3.093157e+00 3.510974e-05 1.080761e+00 9.752872e-01
3.091074e+00 3.529361e-05 1.068560e+00 9.752100e-01
3.093111e+00 3.523942e-05 1.032101e+00 9.754186e-01
3.091521e+00 3.496572e-05 1.058986e+00 9.753672e-01
3.094511e+00 3.527605e-05 1.046977e+00 9.749642e-01
3.092416e+00 3.530221e-05 1.081527e+00 9.752681e-01
3.092167e+00 3.496894e-05 1.089493e+00 9.751824e-01
3.091275e+00 3.517083e-05 1.066752e+00 9.750537e-01
3.092601e+00 3.555640e-05 1.087162e+00 9.752395e-01
3.086056e+00 3.461808e-05 1.150055e+00 9.752652e-01
3.090732e+00 3.648364e-05 1.070066e+00 9.754291e-01
3.091866e+00 3.507977e-05 1.125454e+00 9.755949e-01
3.094848e+00 3.522922e-05 1.076002e+00 9.752262e-01
3.095157e+00 3.569465e-05 1.046436e+00 9.752814e-01
3.087587e+00 3.476111e-05 1.056908e+00 9.753148e-01
3.092400e+00 3.533446e-05 1.062284e+00 9.752109e-01
3.093935e+00 3.563574e-05 1.064943e+00 9.752672e-01
3.089315e+00 3.518995e-05 1.051118e+00 9.751595e-01
3.088237e+00 3.497061e-05 1.020862e+00 9.754129e-01
3.089203e+00 3.483570e-05 1.061708e+00 9.750309e-01
3.091925e+00 3.481464e-05 1.044003e+00 9.750661e-01
3.097134e+00 3.608583e-05 1.067870e+00 9.750090e-01
3.094835e+00 3.558025e-05 1.090140e+00 9.750680e-01
3.090953e+00 3.472235e-05 1.178264e+00 9.752510e-01
3.090029e+00 3.488865e-05 1.169741e+00 9.752214e-01
3.093387e+00 3.497260e-05 1.116545e+00 9.752090e-01
3.094422e+00 3.504761e-05 1.093500e+00 9.751995e-01
3.099188e+00 3.580907e-05 1.126731e+00 9.752081e-01
3.087511e+00 3.474417e-05 1.107811e+00 9.752586e-01
3.091951e+00 3.535344e-05 1.134638e+00 9.751119e-01
3.094776e+00 3.559165e-05 1.068793e+00 9.752881e-01
3.089892e+00 3.496021e-05 1.063717e+00 9.752729e-01
3.095477e+00 3.533560e-05 1.117337e+00 9.756044e-01
3.090708e+00 3.487308e-05 1.065153e+00 9.751928e-01
3.091116e+00 3.490754e-05 1.077847e+00 9.751185e-01
3.091393e+00 3.489943e-05 1.125147e+00 9.753986e-01
3.092021e+00 3.499525e-05 1.210272e+00 9.751681e-01
3.100653e+00 3.603879e-05 1.112062e+00 9.750290e-01
3.094814e+00 3.506709e-05 1.114500e+00 9.753786e-01
3.100790e+00 3.640503e-05 1.068707e+00 9.750051e-01
3.092433e+00 3.488350e-05 1.073308e+00 9.754825e-01
3.089651e+00 3.498898e-05 1.129185e+00 9.751109e-01
3.095418e+00 3.520901e-05 1.233971e+00 9.751957e-01
3.093844e+00 3.500050e-05 1.094207e+00 9.757235e-01
3.091488e+00 3.503154e-05 1.054730e+00 9.753643e-01
3.095330e+00 3.625287e-05 1.043127e+00 9.752471e-01
3.093009e+00 3.495496e-05 1.044945e+00 9.752967e-01
3.090016e+00 3.498291e-05 1.037311e+00 9.755520e-01
3.092353e+00 3.502290e-05 1.078231e+00 9.750604e-01
3.097552e+00 3.543972e-05 1.072527e+00 9.753500e-01
3.094057e+00 3.535948e-05 1.075739e+00 9.752100e-01
3.095495e+00 3.521129e-05 1.078072e+00 9.753196e-01
3.092582e+00 3.533287e-05 1.145991e+00 9.752443e-01
3.097344e+00 3.626385e-05 1.186138e+00 9.752691e-01
3.088912e+00 3.480933e-05 1.071154e+00 9.751462e-01
3.090130e+00 3.485898e-05 1.069323e+00 9.753034e-01
3.091483e+00 3.495841e-05 1.106889e+00 9.751547e-01
3.093460e+00 3.480804e-05 1.043150e+00 9.752557e-01
3.092961e+00 3.500975e-05 1.056484e+00 9.751919e-01
3.093783e+00 3.745424e-05 1.050952e+00 9.754720e-01
3.094986e+00 3.513434e-05 1.034683e+00 9.751662e-01
3.092837e+00 3.509004e-05 1.056724e+00 9.754082e-01
3.092977e+00 3.590403e-05 1.033234e+00 9.755682e-01
3.092215e+00 3.602869e-05 1.037890e+00 9.752967e-01
3.088519e+00 3.474905e-05 1.056842e+00 9.752548e-01
3.091234e+00 3.494678e-05 1.062121e+00 9.751395e-01
3.091848e+00 3.486791e-05 1.095754e+00 9.752224e-01
3.092728e+00 3.491271e-05 1.074420e+00 9.752005e-01
3.091678e+00 3.514204e-05 1.258299e+00 9.754930e-01
3.092830e+00 3.534776e-05 1.191998e+00 9.752367e-01
3.096064e+00 3.685963e-05 1.225591e+00 9.749623e-01
3.090656e+00 3.511068e-05 1.122211e+00 9.752081e-01
3.094711e+00 3.525939e-05 1.162414e+00 9.753224e-01
3.091031e+00 3.479905e-05 1.173742e+00 9.749937e-01
3.094671e+00 3.563064e-05 1.116958e+00 9.752205e-01
3.091688e+00 3.499875e-05 1.104815e+00 9.751442e-01
3.096763e+00 3.563854e-05 1.116085e+00 9.754596e-01
3.087932e+00 3.471029e-05 1.085751e+00 9.753481e-01
3.092576e+00 3.517797e-05 1.037642e+00 9.750852e-01
3.092374e+00 3.505212e-05 1.074661e+00 9.754434e-01
3.092026e+00 3.521495e-05 1.046621e+00 9.752938e-01
3.090674e+00 3.489378e-05 1.053047e+00 9.753481e-01
3.090008e+00 3.470741e-05 1.047592e+00 9.751395e-01
3.093185e+00 3.518740e-05 1.053793e+00 9.755625e-01
3.089278e+00 3.496885e-05 1.030731e+00 9.752910e-01
3.091578e+00 3.496987e-05 1.054296e+00 9.750804e-01
3.094688e+00 3.539090e-05 1.061825e+00 9.750614e-01
3.094073e+00 3.498273e-05 1.057664e+00 9.750880e-01
3.093905e+00 3.550573e-05 1.036039e+00 9.751862e-01
3.090091e+00 3.494090e-05 1.067303e+00 9.753186e-01
3.094405e+00 3.566851e-05 1.042718e+00 9.753358e-01
3.091190e+00 3.484750e-05 1.209737e+00 9.752767e-01
3.093837e+00 3.652348e-05 1.150267e+00 9.753662e-01
3.093305e+00 3.536114e-05 1.112802e+00 9.752329e-01
3.096038e+00 3.954626e-05 1.051624e+00 9.752310e-01
3.093275e+00 3.538795e-05 1.052325e+00 9.752329e-01
3.095235e+00 3.590682e-05 1.260461e+00 9.755158e-01
3.091921e+00 3.496810e-05 1.253183e+00 9.753262e-01
3.091350e+00 3.516024e-05 1.162411e+00 9.753119e-01
3.090181e+00 3.476543e-05 1.157867e+00 9.755730e-01
3.092221e+00 3.491859e-05 1.126578e+00 9.751976e-01
3.096310e+00 3.593375e-05 1.187993e+00 9.751662e-01
3.089952e+00 3.511914e-05 1.056247e+00 9.753024e-01
3.089731e+00 3.483111e-05 1.043530e+00 9.754148e-01
3.087112e+00 3.465560e-05 1.046944e+00 9.751014e-01
3.098778e+00 3.676663e-05 1.062347e+00 9.750709e-01
3.094457e+00 3.499480e-05 1.059248e+00 9.754710e-01
3.094585e+00 3.556336e-05 1.057428e+00 9.752605e-01
3.091160e+00 3.491949e-05 1.211679e+00 9.752891e-01
3.091281e+00 3.492263e-05 1.242620e+00 9.750423e-01
3.092316e+00 3.501411e-05 1.160151e+00 9.753243e-01
3.091174e+00 3.475735e-05 1.185031e+00 9.754691e-01
3.088135e+00 3.514412e-05 1.159802e+00 9.751595e-01
3.095926e+00 3.618748e-05 1.195418e+00 9.752329e-01
3.088766e+00 3.467897e-05 1.253833e+00 9.751805e-01
3.092227e+00 3.534509e-05 1.189844e+00 9.752081e-01
3.091130e+00 3.505718e-05 1.173560e+00 9.753129e-01
3.089952e+00 3.714855e-05 1.049673e+00 9.752614e-01
3.090243e+00 3.489563e-05 1.053399e+00 9.751871e-01
3.088863e+00 3.466082e-05 1.076256e+00 9.754348e-01
3.093392e+00 3.611246e-05 1.202480e+00 9.751014e-01
3.092453e+00 3.515267e-05 1.171390e+00 9.753615e-01
3.091862e+00 3.483118e-05 1.176354e+00 9.752290e-01
3.098764e+00 3.579286e-05 1.088091e+00 9.751900e-01
3.088582e+00 3.465124e-05 1.061907e+00 9.755863e-01
3.092691e+00 3.523144e-05 1.084449e+00 9.748489e-01
3.090228e+00 3.661205e-05 1.094815e+00 9.754196e-01
3.092363e+00 3.494467e-05 1.171133e+00 9.749480e-01
3.090693e+00 3.486618e-05 1.093949e+00 9.753272e-01
3.092974e+00 3.776112e-05 1.067634e+00 9.752948e-01
3.097400e+00 3.648967e-05 1.058428e+00 9.751128e-01
3.090565e+00 3.484703e-05 1.232399e+00 9.753148e-01
3.090934e+00 3.563428e-05 1.238519e+00 9.753767e-01
3.093203e+00 3.514406e-05 1.294775e+00 9.749623e-01
3.093537e+00 3.528125e-05 1.151964e+00 9.751004e-01
3.091995e+00 3.533525e-05 1.097575e+00 9.751462e-01
3.094191e+00 3.537617e-05 1.081737e+00 9.750566e-01
3.090396e+00 3.474619e-05 1.057866e+00 9.755034e-01
3.096739e+00 9.268936e-05 1.057640e+00 9.749956e-01
3.092535e+00 3.480721e-05 1.112803e+00 9.750356e-01
3.093068e+00 3.570553e-05 1.068719e+00 9.752710e-01
3.091025e+00 3.476909e-05 1.081404e+00 9.753872e-01
3.095225e+00 3.505117e-05 1.101187e+00 9.752233e-01
3.088772e+00 3.474988e-05 1.110339e+00 9.752500e-01
3.093734e+00 3.515112e-05 1.100820e+00 9.753605e-01
3.093567e+00 3.523010e-05 1.081621e+00 9.754520e-01
3.093456e+00 3.539412e-05 1.077204e+00 9.752167e-01
3.090932e+00 3.504207e-05 1.054934e+00 9.754329e-01
3.091787e+00 3.527010e-05 1.026890e+00 9.749080e-01
3.094314e+00 3.524533e-05 1.021232e+00 9.753929e-01
3.090294e+00 3.517687e-05 1.072373e+00 9.750861e-01
3.091997e+00 3.486782e-05 1.055230e+00 9.752271e-01
3.091140e+00 3.502488e-05 1.037800e+00 9.753015e-01
3.092683e+00 3.504376e-05 1.027598e+00 9.753548e-01
3.089369e+00 3.897248e-05 1.028672e+00 9.751919e-01
3.094929e+00 3.513113e-05 1.056421e+00 9.753348e-01
3.089164e+00 3.521793e-05 1.053820e+00 9.754148e-01
3.093606e+00 3.525099e-05 1.098125e+00 9.750509e-01
3.093831e+00 3.535751e-05 1.099576e+00 9.752681e-01
3.094349e+00 3.540260e-05 1.083535e+00 9.751109e-01
3.093917e+00 3.533048e-05 1.056219e+00 9.749213e-01
3.090896e+00 3.494970e-05 1.063043e+00 9.752500e-01
3.091717e+00 3.616481e-05 1.086973e+00 9.751976e-01
3.096841e+00 3.606507e-05 1.095879e+00 9.753091e-01
3.088730e+00 3.467905e-05 1.068434e+00 9.751643e-01
3.092475e+00 3.522831e-05 1.087054e+00 9.751176e-01
3.095596e+00 3.513671e-05 1.059864e+00 9.753129e-01
3.091401e+00 3.494928e-05 1.070313e+00 9.750842e-01
3.093497e+00 3.606567e-05 1.058686e+00 9.753358e-01
3.093412e+00 3.516763e-05 1.053797e+00 9.752386e-01
3.088115e+00 3.504651e-05 1.048533e+00 9.754491e-01
3.096027e+00 3.595317e-05 1.024915e+00 9.753186e-01
3.087852e+00 3.509635e-05 1.056008e+00 9.753224e-01
3.093288e+00 3.570515e-05 1.116575e+00 9.749975e-01
3.094499e+00 3.518941e-05 1.059268e+00 9.750871e-01
3.093051e+00 3.549967e-05 1.090506e+00 9.752548e-01
3.089812e+00 3.482000e-05 1.045710e+00 9.752252e-01
3.091275e+00 3.491864e-05 1.053454e+00 9.751004e-01
3.091825e+00 3.544188e-05 1.038277e+00 9.752243e-01
3.091975e+00 3.510699e-05 1.034728e+00 9.752290e-01
3.093576e+00 3.518500e-05 1.064719e+00 9.753843e-01
3.089231e+00 3.487161e-05 1.052013e+00 9.749823e-01
3.091480e+00 3.487479e-05 1.054698e+00 9.753186e-01
3.093427e+00 3.530660e-05 1.122775e+00 9.753043e-01
3.094630e+00 3.525932e-05 1.098545e+00 9.752748e-01
3.093593e+00 3.750224e-05 1.136788e+00 9.751852e-01
3.092124e+00 3.513017e-05 1.103770e+00 9.750118e-01
3.091336e+00 3.491957e-05 1.173410e+00 9.749337e-01
3.093172e+00 3.532006e-05 1.145835e+00 9.751176e-01
3.092499e+00 3.512867e-05 1.109067e+00 9.751709e-01
3.090602e+00 3.533211e-05 1.145630e+00 9.750213e-01
3.091627e+00 3.490973e-05 1.107758e+00 9.753310e-01
3.094028e+00 4.065479e-05 1.114311e+00 9.752300e-01
3.093505e+00 3.573684e-05 1.039018e+00 9.751414e-01
3.090188e+00 3.501327e-05 1.098755e+00 9.754234e-01
3.090399e+00 3.503485e-05 1.036538e+00 9.749937e-01
3.091428e+00 3.528818e-05 1.053554e+00 9.752738e-01
3.098248e+00 3.592699e-05 1.034859e+00 9.752643e-01
3.094953e+00 3.510160e-05 1.047581e+00 9.754215e-01
3.091726e+00 3.508270e-05 1.088098e+00 9.751290e-01
3.090062e+00 3.557436e-05 1.084992e+00 9.752071e-01
3.090817e+00 3.470086e-05 1.126455e+00 9.753843e-01
3.091396e+00 3.574789e-05 1.236727e+00 9.751976e-01
3.093752e+00 3.518647e-05 1.231911e+00 9.755168e-01
3.093374e+00 3.505120e-05 1.246106e+00 9.753405e-01
3.090657e+00 3.477030e-05 1.245106e+00 9.750404e-01
3.092698e+00 3.489775e-05 1.168343e+00 9.752043e-01
3.092927e+00 3.491724e-05 1.162010e+00 9.754911e-01
3.089614e+00 3.497081e-05 1.107198e+00 9.751404e-01
3.095689e+00 3.587366e-05 1.218552e+00 9.753805e-01
3.094053e+00 3.505008e-05 1.208993e+00 9.751462e-01
3.094346e+00 3.551277e-05 1.114407e+00 9.752443e-01
3.092403e+00 3.539275e-05 1.057760e+00 9.751633e-01
3.090535e+00 3.471813e-05 1.278815e+00 9.749413e-01
3.092474e+00 3.512089e-05 1.248714e+00 9.750728e-01
3.094116e+00 3.502139e-05 1.231289e+00 9.751614e-01
3.088792e+00 3.494736e-05 1.146960e+00 9.749623e-01
3.094122e+00 3.522181e-05 1.179191e+00 9.753434e-01
3.095015e+00 3.523136e-05 1.225296e+00 9.751785e-01
3.089670e+00 3.511342e-05 1.206739e+00 9.752157e-01
3.092671e+00 3.506103e-05 1.092701e+00 9.753529e-01
3.094947e+00 3.500666e-05 1.041637e+00 9.754434e-01
3.092379e+00 3.553310e-05 1.037446e+00 9.755177e-01
3.091211e+00 3.546254e-05 1.034580e+00 9.753167e-01
3.094564e+00 3.519393e-05 1.042122e+00 9.753567e-01
3.093256e+00 3.516050e-05 1.071785e+00 9.750280e-01
3.090622e+00 3.502766e-05 1.088857e+00 9.752795e-01
3.093689e+00 3.500043e-05 1.066108e+00 9.753348e-01
3.090360e+00 3.495435e-05 1.021023e+00 9.751738e-01
3.089741e+00 3.508979e-05 1.063093e+00 9.754263e-01
3.094654e+00 3.553920e-05 1.048900e+00 9.752824e-01
3.094028e+00 3.513070e-05 1.198692e+00 9.750433e-01
3.090003e+00 3.488958e-05 1.274667e+00 9.751309e-01
3.088542e+00 3.511634e-05 1.294342e+00 9.751119e-01
3.090146e+00 3.512629e-05 1.172135e+00 9.752557e-01
3.092630e+00 3.510929e-05 1.084006e+00 9.750318e-01
3.094670e+00 3.528447e-05 1.047134e+00 9.752900e-01
3.095123e+00 3.523962e-05 1.028946e+00 9.752681e-01
3.092789e+00 3.479085e-05 1.027030e+00 9.752443e-01
3.092608e+00 3.661109e-05 1.046632e+00 9.753138e-01
3.091893e+00 3.539743e-05 1.046296e+00 9.751547e-01
3.087239e+00 3.487027e-05 1.065274e+00 9.751947e-01
3.091630e+00 3.508779e-05 1.028672e+00 9.754263e-01
3.095138e+00 3.508252e-05 1.052765e+00 9.752433e-01
3.094996e+00 3.574581e-05 1.079810e+00 9.751128e-01
3.096362e+00 3.580712e-05 1.101940e+00 9.750623e-01
3.092042e+00 3.480139e-05 1.117849e+00 9.753119e-01
3.093640e+00 3.535596e-05 1.083836e+00 9.750042e-01
3.094805e+00 3.525032e-05 1.070761e+00 9.751967e-01
3.092578e+00 3.499931e-05 1.108267e+00 9.754958e-01
3.094509e+00 3.514604e-05 1.067930e+00 9.754606e-01
3.091219e+00 3.530344e-05 1.097722e+00 9.752881e-01
3.093490e+00 3.523148e-05 1.151755e+00 9.751309e-01
3.092166e+00 3.486417e-05 1.088540e+00 9.750232e-01
3.090100e+00 3.492479e-05 1.090730e+00 9.754558e-01
3.093806e+00 3.541925e-05 1.077400e+00 9.750528e-01
3.092768e+00 3.496493e-05 1.063077e+00 9.754358e-01
3.088946e+00 3.495267e-05 1.052185e+00 9.752310e-01
3.092429e+00 3.520643e-05 1.068387e+00 9.752691e-01
3.089596e+00 3.493828e-05 1.101630e+00 9.754472e-01
3.095347e+00 3.571831e-05 1.042072e+00 9.752500e-01
3.092609e+00 3.548688e-05 1.030581e+00 9.753281e-01
3.092478e+00 3.483270e-05 1.040057e+00 9.752471e-01
3.086467e+00 3.446564e-05 1.038633e+00 9.750718e-01
3.096716e+00 3.569375e-05 1.031962e+00 9.754672e-01
3.091487e+00 3.479605e-05 1.029317e+00 9.751290e-01
3.093919e+00 3.508499e-05 1.063145e+00 9.751576e-01
3.090079e+00 3.495722e-05 1.027247e+00 9.752910e-01
3.094360e+00 3.502088e-05 1.042600e+00 9.754472e-01
3.091290e+00 3.497820e-05 1.058795e+00 9.750909e-01
3.093452e+00 3.527749e-05 1.086805e+00 9.749566e-01
3.095335e+00 3.503628e-05 1.064334e+00 9.753967e-01
3.092013e+00 3.497643e-05 1.067921e+00 9.749794e-01
3.091991e+00 3.539424e-05 1.065171e+00 9.751671e-01
3.093965e+00 3.699156e-05 1.082037e+00 9.753081e-01
3.094733e+00 3.509872e-05 1.248673e+00 9.751947e-01
3.091321e+00 3.593406e-05 1.150866e+00 9.754987e-01
3.094657e+00 3.512957e-05 1.103836e+00 9.751328e-01
3.090912e+00 3.540290e-05 1.053118e+00 9.753367e-01
3.093107e+00 3.538662e-05 1.045091e+00 9.751347e-01
3.093085e+00 3.653608e-05 1.181584e+00 9.755673e-01
3.095355e+00 3.665601e-05 1.191020e+00 9.751967e-01
3.092942e+00 3.478400e-05 1.101207e+00 9.750213e-01
3.093511e+00 3.513324e-05 1.193290e+00 9.752376e-01
3.093288e+00 3.493610e-05 1.211161e+00 9.751928e-01
3.094659e+00 3.542072e-05 1.192533e+00 9.752776e-01
3.092733e+00 3.525763e-05 1.181624e+00 9.753415e-01
3.094689e+00 3.506009e-05 1.171582e+00 9.753253e-01
3.093258e+00 3.499778e-05 1.227445e+00 9.751357e-01
3.090878e+00 3.486059e-05 1.237669e+00 9.752614e-01
3.093962e+00 4.204418e-05 1.210218e+00 9.751909e-01
3.088405e+00 3.452888e-05 1.261977e+00 9.750661e-01
3.095380e+00 3.544593e-05 1.221394e+00 9.750699e-01
3.089508e+00 3.474194e-05 1.154975e+00 9.751738e-01
3.095645e+00 3.519533e-05 1.146370e+00 9.750642e-01
3.091178e+00 3.478521e-05 1.078961e+00 9.752109e-01
3.094088e+00 3.512790e-05 1.070901e+00 9.750080e-01
3.091445e+00 3.487080e-05 1.122245e+00 9.752843e-01
3.090929e+00 3.516248e-05 1.117202e+00 9.752024e-01
3.093286e+00 3.528538e-05 1.204334e+00 9.752881e-01
3.092786e+00 3.502907e-05 1.183363e+00 9.753415e-01
3.092537e+00 3.488667e-05 1.242537e+00 9.752300e-01
3.090648e+00 3.483086e-05 1.201426e+00 9.750699e-01
3.094551e+00 3.556139e-05 1.138844e+00 9.752157e-01
3.097024e+00 3.527906e-05 1.244609e+00 9.751519e-01
3.092402e+00 3.494312e-05 1.233848e+00 9.752300e-01
3.096700e+00 3.588747e-05 1.263453e+00 9.752938e-01
3.097214e+00 3.837278e-05 1.083515e+00 9.751633e-01
3.088911e+00 3.456024e-05 1.068198e+00 9.751195e-01
3.097445e+00 3.594210e-05 1.064985e+00 9.752262e-01
3.091891e+00 3.476775e-05 1.070231e+00 9.752405e-01
3.092195e+00 3.502270e-05 1.243026e+00 9.751671e-01
3.097537e+00 3.518767e-05 1.137515e+00 9.750652e-01
3.090040e+00 3.501626e-05 1.099528e+00 9.749518e-01
3.091549e+00 3.480337e-05 1.064360e+00 9.752529e-01
3.089647e+00 3.496743e-05 1.058327e+00 9.754148e-01
3.093952e+00 3.505736e-05 1.102620e+00 9.750042e-01
3.095772e+00 3.548289e-05 1.062951e+00 9.752834e-01
3.089436e+00 3.488569e-05 1.138204e+00 9.752052e-01
3.093687e+00 3.529094e-05 1.059397e+00 9.752224e-01
3.090113e+00 3.476779e-05 1.041567e+00 9.750785e-01
3.095565e+00 3.519646e-05 1.022689e+00 9.752443e-01
3.095940e+00 3.604620e-05 1.041498e+00 9.752224e-01
3.093007e+00 3.510686e-05 1.032919e+00 9.750318e-01
3.093169e+00 3.532287e-05 1.075706e+00 9.753491e-01
3.090074e+00 3.465561e-05 1.055029e+00 9.753281e-01
3.092473e+00 3.498894e-05 1.060164e+00 9.751252e-01
3.095339e+00 3.505152e-05 1.058700e+00 9.751004e-01
3.090422e+00 3.516898e-05 1.032105e+00 9.753110e-01
3.094023e+00 3.499127e-05 1.027757e+00 9.752109e-01
3.090944e+00 3.493791e-05 1.052498e+00 9.752329e-01
3.092184e+00 3.495201e-05 1.066880e+00 9.752948e-01
3.096007e+00 3.521210e-05 1.077548e+00 9.750814e-01
3.091281e+00 3.514341e-05 1.049629e+00 9.751614e-01
3.094617e+00 3.545515e-05 1.037693e+00 9.752748e-01
3.091412e+00 3.507748e-05 1.063281e+00 9.752128e-01
3.094170e+00 3.521640e-05 1.089077e+00 9.751738e-01
3.091789e+00 3.558756e-05 1.047215e+00 9.750042e-01
3.098649e+00 3.725992e-05 1.061353e+00 9.753138e-01
3.089003e+00 3.492016e-05 1.050240e+00 9.750814e-01
3.091872e+00 3.539314e-05 1.120620e+00 9.752624e-01
3.094697e+00 3.540420e-05 1.041563e+00 9.754044e-01
3.093483e+00 3.515877e-05 1.070167e+00 9.753091e-01
3.091329e+00 3.487816e-05 1.102248e+00 9.751547e-01
3.092717e+00 3.530924e-05 1.148192e+00 9.751242e-01
3.089739e+00 3.476096e-05 1.139812e+00 9.750985e-01
3.095891e+00 3.540458e-05 1.198465e+00 9.753967e-01
3.093381e+00 3.607093e-05 1.206858e+00 9.750747e-01
3.094826e+00 3.538164e-05 1.197832e+00 9.751300e-01
3.091946e+00 3.540825e-05 1.183036e+00 9.752376e-01
3.092644e+00 3.507927e-05 1.141577e+00 9.752824e-01
3.091936e+00 3.507538e-05 1.095886e+00 9.750966e-01
3.093071e+00 3.504675e-05 1.087816e+00 9.751233e-01
3.092512e+00 3.513142e-05 1.036550e+00 9.753015e-01
3.091239e+00 3.501913e-05 1.032672e+00 9.749651e-01
3.095138e+00 3.636070e-05 1.052523e+00 9.751986e-01
3.094217e+00 3.650842e-05 1.051102e+00 9.751947e-01
3.094713e+00 3.543818e-05 1.053984e+00 9.753319e-01
3.096123e+00 3.590187e-05 1.055983e+00 9.751671e-01
3.092689e+00 3.528667e-05 1.054639e+00 9.752738e-01
3.093345e+00 3.531470e-05 1.035253e+00 9.752729e-01
3.091436e+00 3.846702e-05 1.024614e+00 9.751509e-01
3.093788e+00 3.508996e-05 1.041760e+00 9.752433e-01
3.092558e+00 3.485024e-05 1.050748e+00 9.747250e-01
3.098812e+00 8.543912e-05 1.045957e+00 9.751909e-01
3.094572e+00 3.531248e-05 1.042863e+00 9.749918e-01
3.094165e+00 3.505919e-05 1.047533e+00 9.752462e-01
3.093526e+00 3.517811e-05 1.056697e+00 9.754558e-01
3.093019e+00 3.520322e-05 1.062819e+00 9.750213e-01
3.090423e+00 3.472807e-05 1.067217e+00 9.751481e-01
3.096144e+00 3.596537e-05 1.040301e+00 9.753081e-01
3.091480e+00 3.525736e-05 1.044203e+00 9.751290e-01
3.087946e+00 3.467453e-05 1.080216e+00 9.751566e-01
3.093127e+00 3.491495e-05 1.087860e+00 9.753977e-01
3.096440e+00 3.580268e-05 1.053851e+00 9.750671e-01
3.098162e+00 3.618327e-05 1.225932e+00 9.753358e-01
3.091047e+00 3.475832e-05 1.217709e+00 9.752052e-01
3.092132e+00 3.482209e-05 1.064063e+00 9.751643e-01
3.094123e+00 3.511860e-05 1.197222e+00 9.751128e-01
3.100211e+00 3.994996e-05 1.263821e+00 9.752957e-01
3.092657e+00 3.515877e-05 1.120737e+00 9.752729e-01
3.096798e+00 3.505060e-05 1.196010e+00 9.749966e-01
3.091989e+00 3.523353e-05 1.226915e+00 9.751119e-01
3.091937e+00 3.518871e-05 1.241989e+00 9.750556e-01
3.086054e+00 3.482201e-05 1.239861e+00 9.752824e-01
3.093070e+00 3.507837e-05 1.173091e+00 9.749794e-01
3.096186e+00 3.691901e-05 1.177245e+00 9.752738e-01
3.094358e+00 3.514048e-05 1.235051e+00 9.751490e-01
3.091734e+00 3.543452e-05 1.190917e+00 9.750109e-01
