# dim  N   mc   rho  Brute 
# 2    2 262394 1
#
# Theoretical Energy = 2.000000e+00
# Energy     Variance     CPU time     Acceptance
3.348728e+00 7.315223e-05 9.252400e-01 8.617594e-01
3.311376e+00 5.412001e-05 9.228180e-01 8.613469e-01
3.285789e+00 4.837219e-05 9.157180e-01 8.609486e-01
3.277343e+00 1.024590e-04 9.294190e-01 8.610534e-01
3.258993e+00 4.938601e-05 8.946110e-01 8.613821e-01
3.263321e+00 5.008768e-05 9.162230e-01 8.606085e-01
3.257306e+00 5.422886e-05 9.129960e-01 8.606361e-01
3.248618e+00 5.338329e-05 8.973900e-01 8.617375e-01
3.258195e+00 4.980293e-05 9.104430e-01 8.611030e-01
3.243855e+00 4.984856e-05 8.945090e-01 8.607085e-01
3.243723e+00 5.033292e-05 9.203340e-01 8.610496e-01
3.245811e+00 5.068082e-05 9.170900e-01 8.611496e-01
3.232656e+00 4.837614e-05 9.393260e-01 8.608657e-01
3.243884e+00 5.082191e-05 9.088900e-01 8.610944e-01
3.246577e+00 4.869038e-05 9.229960e-01 8.606332e-01
3.234846e+00 6.649098e-05 8.965810e-01 8.607552e-01
3.235185e+00 4.603248e-05 8.966670e-01 8.611382e-01
3.236162e+00 4.778247e-05 9.101130e-01 8.609982e-01
3.240768e+00 4.773294e-05 9.131420e-01 8.612106e-01
3.232659e+00 4.832482e-05 8.885550e-01 8.613831e-01
3.225213e+00 4.565955e-05 9.252160e-01 8.611087e-01
3.247906e+00 4.810764e-05 9.259750e-01 8.605732e-01
3.230500e+00 4.988378e-05 9.224040e-01 8.607647e-01
3.245965e+00 4.794905e-05 8.764700e-01 8.611792e-01
3.245312e+00 4.913706e-05 9.310630e-01 8.619376e-01
3.235605e+00 4.830481e-05 9.416590e-01 8.606675e-01
3.235932e+00 4.900336e-05 9.018130e-01 8.611630e-01
3.236298e+00 4.595037e-05 9.290280e-01 8.614965e-01
3.221379e+00 4.625111e-05 9.390570e-01 8.608343e-01
3.228102e+00 4.744374e-05 9.078990e-01 8.610648e-01
3.233769e+00 4.658804e-05 9.063980e-01 8.612745e-01
3.227795e+00 4.563654e-05 9.059420e-01 8.619328e-01
3.241205e+00 4.866068e-05 9.292800e-01 8.609496e-01
3.235165e+00 5.216340e-05 9.317380e-01 8.613183e-01
3.227873e+00 4.584354e-05 9.482610e-01 8.618804e-01
3.228822e+00 4.650208e-05 8.932220e-01 8.611849e-01
3.225863e+00 4.749724e-05 8.834960e-01 8.608209e-01
3.221780e+00 4.670249e-05 9.230810e-01 8.609648e-01
3.241256e+00 8.359171e-05 8.966670e-01 8.609248e-01
3.220905e+00 4.742243e-05 9.213880e-01 8.613049e-01
3.232364e+00 5.159930e-05 9.053210e-01 8.616927e-01
3.236371e+00 4.659145e-05 9.166950e-01 8.618261e-01
3.229798e+00 4.614293e-05 9.164570e-01 8.616756e-01
3.226096e+00 4.519526e-05 8.880910e-01 8.615946e-01
3.233610e+00 6.703495e-05 9.337980e-01 8.617385e-01
3.225560e+00 4.779225e-05 9.582570e-01 8.619624e-01
3.225259e+00 4.912776e-05 9.192750e-01 8.612773e-01
3.230103e+00 4.993054e-05 9.370340e-01 8.617470e-01
3.238832e+00 6.618257e-05 9.320330e-01 8.616765e-01
3.226836e+00 5.369863e-05 9.216770e-01 8.615631e-01
3.222551e+00 4.705363e-05 9.272170e-01 8.621653e-01
3.218478e+00 4.779074e-05 9.348100e-01 8.611754e-01
3.226065e+00 4.504073e-05 9.029340e-01 8.621310e-01
3.223341e+00 4.619796e-05 9.053980e-01 8.616908e-01
3.219827e+00 4.511955e-05 9.270420e-01 8.614555e-01
3.227727e+00 4.475669e-05 9.172390e-01 8.614174e-01
3.211770e+00 4.967913e-05 9.041290e-01 8.615412e-01
3.216164e+00 4.427845e-05 9.444660e-01 8.616756e-01
3.215773e+00 4.520723e-05 9.340710e-01 8.620700e-01
3.218829e+00 4.480046e-05 8.888140e-01 8.621977e-01
3.211605e+00 4.374157e-05 9.027240e-01 8.614059e-01
3.219369e+00 4.491904e-05 9.321360e-01 8.611982e-01
3.221883e+00 4.814232e-05 9.346390e-01 8.620443e-01
3.203025e+00 4.352139e-05 9.061490e-01 8.618718e-01
3.212029e+00 4.475568e-05 9.006020e-01 8.617318e-01
3.226606e+00 4.982696e-05 9.169460e-01 8.617299e-01
3.216490e+00 4.493898e-05 8.992000e-01 8.625340e-01
3.217752e+00 5.601398e-05 9.203260e-01 8.618166e-01
3.217299e+00 4.973975e-05 9.066680e-01 8.618795e-01
3.233138e+00 5.118392e-05 9.248650e-01 8.625388e-01
3.219049e+00 4.853730e-05 8.919560e-01 8.619090e-01
3.212067e+00 4.388495e-05 9.411600e-01 8.616718e-01
3.219701e+00 4.841776e-05 9.270330e-01 8.627703e-01
3.211508e+00 4.524258e-05 9.276310e-01 8.619014e-01
3.221990e+00 4.462890e-05 9.197370e-01 8.620815e-01
3.222726e+00 4.587547e-05 9.089040e-01 8.625569e-01
3.210384e+00 4.483485e-05 9.032700e-01 8.619928e-01
3.215783e+00 4.888491e-05 8.900680e-01 8.620405e-01
3.215665e+00 1.151529e-04 9.368190e-01 8.616975e-01
3.213439e+00 4.675758e-05 9.218820e-01 8.619738e-01
3.208696e+00 4.345105e-05 9.041590e-01 8.622892e-01
3.214320e+00 4.525327e-05 9.011520e-01 8.623368e-01
3.215928e+00 5.090537e-05 9.111930e-01 8.626360e-01
3.208757e+00 4.525819e-05 9.217390e-01 8.631304e-01
3.213102e+00 4.580915e-05 9.180090e-01 8.625026e-01
3.204042e+00 4.304504e-05 9.171900e-01 8.624225e-01
3.212853e+00 4.440037e-05 8.832790e-01 8.629589e-01
3.214922e+00 4.516489e-05 9.379940e-01 8.626055e-01
3.214423e+00 4.950380e-05 9.067840e-01 8.623816e-01
3.213718e+00 5.201500e-05 9.251770e-01 8.620586e-01
3.216273e+00 4.438537e-05 9.146900e-01 8.627408e-01
3.216496e+00 4.792879e-05 9.001910e-01 8.625626e-01
3.207771e+00 4.458827e-05 8.961430e-01 8.626950e-01
3.205794e+00 4.395648e-05 9.244160e-01 8.625121e-01
3.205015e+00 4.834813e-05 9.032400e-01 8.624730e-01
3.199336e+00 4.317142e-05 9.123150e-01 8.624597e-01
3.203667e+00 4.883569e-05 8.900760e-01 8.622444e-01
3.202940e+00 4.572009e-05 9.064540e-01 8.640137e-01
3.204209e+00 4.504242e-05 9.018070e-01 8.624578e-01
3.196462e+00 4.421392e-05 8.933860e-01 8.631647e-01
3.205851e+00 4.567693e-05 9.274270e-01 8.631943e-01
3.198219e+00 4.422252e-05 9.219710e-01 8.629466e-01
3.202687e+00 4.650837e-05 9.203380e-01 8.632695e-01
3.198373e+00 4.294824e-05 9.441670e-01 8.632000e-01
3.198160e+00 4.448033e-05 9.323320e-01 8.638755e-01
3.208593e+00 4.520589e-05 9.140310e-01 8.629961e-01
3.193337e+00 4.346224e-05 9.276630e-01 8.628360e-01
3.215179e+00 4.479339e-05 9.142650e-01 8.632543e-01
3.203211e+00 4.802687e-05 9.073470e-01 8.633667e-01
3.197845e+00 4.407375e-05 9.125830e-01 8.640746e-01
3.194701e+00 5.039195e-05 9.317450e-01 8.632648e-01
3.196905e+00 4.309169e-05 9.180460e-01 8.632715e-01
3.194356e+00 4.352708e-05 9.121570e-01 8.634439e-01
3.193122e+00 4.357214e-05 9.323910e-01 8.635878e-01
3.197456e+00 4.402021e-05 9.004240e-01 8.644005e-01
3.197392e+00 4.294383e-05 9.189460e-01 8.639098e-01
3.193038e+00 4.632919e-05 9.105550e-01 8.638888e-01
3.203917e+00 5.474797e-05 8.844650e-01 8.639622e-01
3.191228e+00 4.381693e-05 9.015780e-01 8.636202e-01
3.191805e+00 4.328807e-05 9.090580e-01 8.637840e-01
3.192109e+00 4.523389e-05 9.465050e-01 8.643652e-01
3.193214e+00 4.288465e-05 9.147910e-01 8.636392e-01
3.186588e+00 4.349539e-05 9.488820e-01 8.646511e-01
3.182339e+00 4.285800e-05 9.265170e-01 8.640880e-01
3.190486e+00 4.356041e-05 9.200740e-01 8.642480e-01
3.188914e+00 4.781068e-05 9.417870e-01 8.648407e-01
3.186483e+00 4.496148e-05 9.310940e-01 8.648349e-01
3.192860e+00 4.379236e-05 9.011460e-01 8.650274e-01
3.184482e+00 4.271982e-05 9.137900e-01 8.645243e-01
3.174156e+00 4.487115e-05 9.433220e-01 8.639927e-01
3.180504e+00 4.331184e-05 9.337090e-01 8.640985e-01
3.182549e+00 4.285012e-05 8.978650e-01 8.651313e-01
3.182824e+00 4.342131e-05 9.220230e-01 8.646796e-01
3.182387e+00 4.424408e-05 9.385080e-01 8.649540e-01
3.186854e+00 4.453096e-05 9.252550e-01 8.650188e-01
3.181321e+00 4.432905e-05 9.006830e-01 8.650379e-01
3.170202e+00 4.273123e-05 9.219060e-01 8.651560e-01
3.175166e+00 4.349705e-05 9.105110e-01 8.655667e-01
3.181745e+00 4.369763e-05 9.541660e-01 8.651913e-01
3.182246e+00 4.561401e-05 9.298530e-01 8.652875e-01
3.173590e+00 4.382091e-05 8.853180e-01 8.648054e-01
3.179047e+00 5.065228e-05 9.090230e-01 8.651255e-01
3.172247e+00 4.302197e-05 9.045620e-01 8.649397e-01
3.171816e+00 4.368505e-05 9.017400e-01 8.652923e-01
3.181146e+00 4.523368e-05 9.262500e-01 8.662488e-01
3.179605e+00 4.535498e-05 9.000890e-01 8.650160e-01
3.177047e+00 4.242112e-05 9.197110e-01 8.658315e-01
3.169913e+00 4.308702e-05 9.202380e-01 8.657220e-01
3.166503e+00 4.248791e-05 9.008270e-01 8.658315e-01
3.175388e+00 4.605546e-05 9.150440e-01 8.650741e-01
3.170671e+00 4.340105e-05 9.361400e-01 8.666280e-01
3.172750e+00 4.434539e-05 9.435590e-01 8.658554e-01
3.167637e+00 4.981461e-05 9.283530e-01 8.655514e-01
3.174534e+00 4.464651e-05 8.982560e-01 8.659116e-01
3.179214e+00 4.470040e-05 9.276640e-01 8.655057e-01
3.159989e+00 4.338720e-05 8.945180e-01 8.661402e-01
3.165421e+00 4.197935e-05 9.417020e-01 8.660230e-01
3.166283e+00 4.249172e-05 9.272550e-01 8.659344e-01
3.171439e+00 4.432349e-05 8.962890e-01 8.666909e-01
3.159659e+00 4.228750e-05 9.161890e-01 8.662298e-01
3.172734e+00 4.561707e-05 9.032880e-01 8.662917e-01
3.167182e+00 4.356150e-05 9.465290e-01 8.663756e-01
3.168221e+00 4.361523e-05 9.380750e-01 8.662107e-01
3.165237e+00 4.272672e-05 9.232870e-01 8.663355e-01
3.156211e+00 4.317890e-05 9.063540e-01 8.664165e-01
3.174867e+00 4.471624e-05 9.258690e-01 8.673055e-01
3.157797e+00 4.271301e-05 9.322290e-01 8.668929e-01
3.164586e+00 4.630944e-05 9.148670e-01 8.664194e-01
3.165407e+00 4.292272e-05 9.288390e-01 8.665118e-01
3.169551e+00 4.834550e-05 9.285170e-01 8.665394e-01
3.153561e+00 4.169918e-05 9.301720e-01 8.669520e-01
3.161649e+00 5.680841e-05 9.048950e-01 8.667729e-01
3.158110e+00 4.422037e-05 9.409600e-01 8.660783e-01
3.165621e+00 4.414206e-05 9.487640e-01 8.664956e-01
3.161772e+00 4.174167e-05 9.116230e-01 8.668358e-01
3.157178e+00 4.136551e-05 9.293690e-01 8.673493e-01
3.165579e+00 4.553680e-05 8.993500e-01 8.668720e-01
3.158242e+00 4.375331e-05 9.159140e-01 8.672531e-01
3.155404e+00 4.214915e-05 9.258110e-01 8.670511e-01
3.162968e+00 4.303202e-05 9.009380e-01 8.674427e-01
3.155530e+00 4.385485e-05 9.280100e-01 8.675027e-01
3.161102e+00 5.102841e-05 9.160970e-01 8.679381e-01
3.158216e+00 4.332491e-05 9.148320e-01 8.671854e-01
3.160655e+00 4.505522e-05 9.353630e-01 8.672045e-01
3.150344e+00 4.222229e-05 9.131640e-01 8.669739e-01
3.158705e+00 4.228414e-05 9.257180e-01 8.691977e-01
3.159071e+00 4.229778e-05 9.199330e-01 8.674589e-01
3.154212e+00 4.301172e-05 9.220030e-01 8.679724e-01
3.161665e+00 4.617853e-05 9.168540e-01 8.675322e-01
3.153021e+00 4.189755e-05 9.128250e-01 8.677752e-01
3.160596e+00 4.298897e-05 8.958850e-01 8.672435e-01
3.152592e+00 4.249186e-05 9.436480e-01 8.677228e-01
3.149969e+00 4.178163e-05 9.396950e-01 8.685183e-01
3.166311e+00 5.250121e-05 9.270460e-01 8.682115e-01
3.155532e+00 4.497952e-05 9.341010e-01 8.682582e-01
3.150846e+00 4.193541e-05 9.254850e-01 8.681963e-01
3.155137e+00 4.169430e-05 9.333780e-01 8.681944e-01
3.145377e+00 4.210400e-05 9.291480e-01 8.685155e-01
3.153934e+00 4.305130e-05 9.189160e-01 8.683040e-01
3.151853e+00 4.331874e-05 9.167330e-01 8.678524e-01
3.152260e+00 4.234603e-05 9.132070e-01 8.686374e-01
3.144690e+00 4.143045e-05 9.094810e-01 8.684002e-01
3.154423e+00 4.254121e-05 8.936200e-01 8.676542e-01
3.148730e+00 4.195821e-05 8.945700e-01 8.679429e-01
3.145975e+00 4.177603e-05 9.389390e-01 8.677847e-01
3.152051e+00 4.201512e-05 9.179030e-01 8.683526e-01
3.151337e+00 4.190381e-05 9.315340e-01 8.686508e-01
3.136485e+00 4.124330e-05 9.070670e-01 8.679276e-01
3.143808e+00 4.150651e-05 9.257620e-01 8.686412e-01
3.150852e+00 4.314944e-05 9.200170e-01 8.685460e-01
3.151416e+00 4.352972e-05 9.281500e-01 8.680896e-01
3.152978e+00 4.334390e-05 9.151210e-01 8.691233e-01
3.143615e+00 4.190917e-05 9.169300e-01 8.683106e-01
3.147849e+00 4.167704e-05 9.321580e-01 8.684640e-01
3.150428e+00 4.207771e-05 9.165520e-01 8.685193e-01
3.152524e+00 4.289529e-05 9.266580e-01 8.689356e-01
3.148621e+00 4.226308e-05 8.991580e-01 8.683907e-01
3.143263e+00 4.201749e-05 8.976540e-01 8.685650e-01
3.145708e+00 4.239703e-05 9.407240e-01 8.684297e-01
3.149941e+00 4.524059e-05 9.284180e-01 8.678009e-01
3.155915e+00 4.487066e-05 9.183690e-01 8.683478e-01
3.148829e+00 4.679371e-05 9.117960e-01 8.688547e-01
3.159565e+00 4.481033e-05 9.225060e-01 8.691110e-01
3.147682e+00 4.171905e-05 9.178160e-01 8.686069e-01
3.150411e+00 4.153823e-05 9.086020e-01 8.689223e-01
3.138158e+00 4.180935e-05 9.337190e-01 8.685593e-01
3.159684e+00 4.416548e-05 9.515340e-01 8.686031e-01
3.144971e+00 4.175976e-05 9.098200e-01 8.686384e-01
3.144963e+00 4.121244e-05 9.224360e-01 8.685555e-01
3.146908e+00 4.367805e-05 9.006330e-01 8.694273e-01
3.149974e+00 4.244305e-05 9.195640e-01 8.693329e-01
3.146087e+00 4.298344e-05 9.286770e-01 8.690214e-01
3.141761e+00 4.138403e-05 9.238630e-01 8.685145e-01
3.146083e+00 4.212476e-05 9.078870e-01 8.691195e-01
3.133369e+00 4.171329e-05 9.288010e-01 8.686165e-01
3.151894e+00 4.465803e-05 9.064020e-01 8.689566e-01
3.142734e+00 4.298495e-05 9.133210e-01 8.691977e-01
3.142569e+00 4.330635e-05 9.205170e-01 8.681820e-01
3.147124e+00 5.840711e-05 9.171280e-01 8.690871e-01
3.145553e+00 4.777406e-05 9.478450e-01 8.690109e-01
3.151248e+00 5.061432e-05 9.749560e-01 8.686975e-01
3.150316e+00 4.206912e-05 9.427200e-01 8.693034e-01
3.132870e+00 4.098566e-05 9.224950e-01 8.689785e-01
3.139990e+00 4.188614e-05 8.999070e-01 8.688890e-01
3.145055e+00 4.126376e-05 8.926880e-01 8.683345e-01
3.143426e+00 4.212209e-05 9.402950e-01 8.692024e-01
3.139458e+00 4.078141e-05 9.151440e-01 8.697646e-01
3.147922e+00 4.313106e-05 9.201330e-01 8.690204e-01
3.129025e+00 4.018893e-05 8.875270e-01 8.695502e-01
3.150131e+00 4.244649e-05 9.157730e-01 8.689328e-01
3.144499e+00 4.377995e-05 9.256790e-01 8.689099e-01
3.136208e+00 4.062848e-05 9.352290e-01 8.692844e-01
3.148194e+00 4.412331e-05 9.240930e-01 8.694711e-01
3.139819e+00 4.117251e-05 9.269820e-01 8.695683e-01
3.147848e+00 4.305421e-05 8.957220e-01 8.686184e-01
3.150572e+00 4.389267e-05 9.344940e-01 8.686393e-01
3.143135e+00 4.364316e-05 9.188040e-01 8.688537e-01
3.135980e+00 4.243448e-05 9.175870e-01 8.692119e-01
3.136695e+00 4.058769e-05 9.427470e-01 8.689071e-01
3.147786e+00 1.485038e-04 9.057090e-01 8.694025e-01
3.137531e+00 4.217763e-05 9.320480e-01 8.691548e-01
3.149862e+00 4.287542e-05 9.075170e-01 8.690795e-01
3.139032e+00 4.112524e-05 8.940450e-01 8.693949e-01
3.142847e+00 4.331680e-05 9.224210e-01 8.694073e-01
3.147727e+00 4.465763e-05 9.030290e-01 8.698332e-01
3.138590e+00 4.171943e-05 9.329540e-01 8.687756e-01
3.131866e+00 4.280330e-05 9.113140e-01 8.693520e-01
3.140155e+00 4.164646e-05 9.046060e-01 8.694177e-01
3.144806e+00 6.067612e-05 9.252430e-01 8.693996e-01
3.145152e+00 4.166630e-05 9.324510e-01 8.698246e-01
3.150224e+00 4.407595e-05 9.080700e-01 8.690795e-01
3.144214e+00 4.211757e-05 9.041870e-01 8.698884e-01
3.137205e+00 4.270554e-05 9.229180e-01 8.693434e-01
3.138936e+00 4.210210e-05 9.092310e-01 8.684297e-01
3.144078e+00 4.408267e-05 9.042160e-01 8.697255e-01
3.137851e+00 4.211162e-05 9.171340e-01 8.700780e-01
3.138672e+00 4.492905e-05 9.083850e-01 8.690938e-01
3.138468e+00 4.183558e-05 9.279510e-01 8.690700e-01
3.135790e+00 4.311251e-05 9.086240e-01 8.694816e-01
3.141080e+00 4.160978e-05 9.020380e-01 8.692367e-01
3.146136e+00 4.127909e-05 9.279810e-01 8.697369e-01
3.142342e+00 4.250723e-05 9.112510e-01 8.695073e-01
3.143187e+00 5.295816e-05 9.222530e-01 8.695578e-01
3.139062e+00 4.554374e-05 8.987570e-01 8.690586e-01
3.142043e+00 4.191691e-05 9.020630e-01 8.699084e-01
3.147851e+00 4.269965e-05 9.132450e-01 8.704706e-01
3.146002e+00 4.287082e-05 9.238030e-01 8.693377e-01
3.134811e+00 4.113311e-05 9.112950e-01 8.695092e-01
3.149896e+00 5.982452e-05 9.327390e-01 8.702905e-01
3.137746e+00 4.237252e-05 9.151930e-01 8.702209e-01
3.139778e+00 4.548502e-05 9.131100e-01 8.699846e-01
3.138408e+00 4.167127e-05 9.296610e-01 8.698817e-01
3.131970e+00 4.156571e-05 8.928920e-01 8.700752e-01
3.139151e+00 4.954345e-05 9.026840e-01 8.696940e-01
3.139784e+00 4.348253e-05 9.181830e-01 8.701371e-01
3.130348e+00 4.263940e-05 9.004390e-01 8.699761e-01
3.134000e+00 4.242959e-05 8.790770e-01 8.701028e-01
3.135038e+00 4.219099e-05 9.317000e-01 8.698998e-01
3.134191e+00 4.128419e-05 9.075480e-01 8.698522e-01
3.144806e+00 4.279320e-05 9.361350e-01 8.697731e-01
3.139320e+00 4.853935e-05 9.105710e-01 8.701685e-01
3.140488e+00 4.372482e-05 9.180010e-01 8.694244e-01
3.139917e+00 4.136767e-05 9.101900e-01 8.702409e-01
3.139404e+00 4.966411e-05 9.403380e-01 8.697217e-01
3.136815e+00 4.194070e-05 9.339970e-01 8.706278e-01
3.151475e+00 4.661062e-05 9.245960e-01 8.699380e-01
3.138185e+00 4.134378e-05 9.030750e-01 8.709203e-01
3.126000e+00 4.338355e-05 9.131510e-01 8.702133e-01
3.136323e+00 4.178658e-05 8.883910e-01 8.703067e-01
3.146844e+00 4.479293e-05 9.150780e-01 8.705144e-01
3.126170e+00 4.268953e-05 8.981370e-01 8.698732e-01
3.121844e+00 4.073977e-05 9.069670e-01 8.700113e-01
3.132235e+00 4.340176e-05 9.150830e-01 8.698389e-01
3.139573e+00 4.285623e-05 9.118070e-01 8.701962e-01
3.139016e+00 6.353882e-05 8.947250e-01 8.702705e-01
3.134119e+00 4.614883e-05 9.098340e-01 8.700885e-01
3.131643e+00 4.287948e-05 9.066760e-01 8.699446e-01
3.135190e+00 4.334641e-05 9.444480e-01 8.703210e-01
3.130806e+00 4.237411e-05 9.112280e-01 8.698122e-01
3.123307e+00 4.346736e-05 8.950110e-01 8.694397e-01
3.132990e+00 4.301809e-05 8.858170e-01 8.705401e-01
3.128376e+00 4.322155e-05 9.362890e-01 8.702600e-01
3.141895e+00 4.522470e-05 9.317020e-01 8.706335e-01
3.126123e+00 4.070239e-05 9.090250e-01 8.694397e-01
3.134024e+00 4.216293e-05 9.172540e-01 8.705487e-01
3.132705e+00 4.210555e-05 9.199290e-01 8.698493e-01
3.123299e+00 4.121181e-05 9.095080e-01 8.699904e-01
3.131058e+00 4.217222e-05 9.193150e-01 8.701418e-01
3.131812e+00 4.295534e-05 9.323210e-01 8.703372e-01
3.129310e+00 4.136023e-05 8.948970e-01 8.694654e-01
3.136213e+00 4.260485e-05 8.806750e-01 8.706154e-01
3.128813e+00 4.093647e-05 8.874960e-01 8.698903e-01
3.133262e+00 4.251656e-05 9.128210e-01 8.706763e-01
3.131038e+00 4.292899e-05 9.219220e-01 8.710022e-01
3.123377e+00 4.043252e-05 9.243030e-01 8.703476e-01
3.124716e+00 4.084644e-05 9.189200e-01 8.703181e-01
3.127092e+00 4.172775e-05 9.297070e-01 8.701790e-01
3.134228e+00 4.123815e-05 9.157490e-01 8.709184e-01
3.128089e+00 4.257163e-05 9.295150e-01 8.707602e-01
3.129817e+00 4.212184e-05 9.256120e-01 8.699179e-01
3.120875e+00 4.206034e-05 9.033520e-01 8.704782e-01
3.125947e+00 4.063243e-05 9.178640e-01 8.704601e-01
3.132679e+00 4.158893e-05 9.279390e-01 8.704039e-01
3.122676e+00 4.083878e-05 9.295190e-01 8.710165e-01
3.128687e+00 4.240585e-05 9.204480e-01 8.716272e-01
3.125192e+00 4.053044e-05 9.122830e-01 8.700675e-01
3.135052e+00 6.176819e-05 9.169780e-01 8.709374e-01
3.125217e+00 4.160602e-05 8.990350e-01 8.707611e-01
3.131230e+00 4.214228e-05 9.370220e-01 8.710822e-01
3.130164e+00 4.106888e-05 8.816240e-01 8.705735e-01
3.131569e+00 4.198755e-05 9.274560e-01 8.706573e-01
3.118908e+00 4.302072e-05 9.300800e-01 8.706763e-01
3.123711e+00 4.073102e-05 9.029030e-01 8.704343e-01
3.126902e+00 4.218074e-05 9.034110e-01 8.710727e-01
3.121302e+00 4.051775e-05 9.394540e-01 8.708936e-01
3.114367e+00 4.089390e-05 9.273860e-01 8.701828e-01
3.122101e+00 4.374209e-05 9.100340e-01 8.708688e-01
3.117696e+00 4.283185e-05 9.207840e-01 8.712995e-01
3.121992e+00 4.073938e-05 9.048380e-01 8.703819e-01
3.117527e+00 4.227011e-05 9.032260e-01 8.708583e-01
3.124058e+00 4.240386e-05 9.156220e-01 8.711051e-01
3.121522e+00 4.054488e-05 8.989500e-01 8.710670e-01
3.111902e+00 4.022634e-05 9.304700e-01 8.714567e-01
3.116358e+00 4.049514e-05 8.980840e-01 8.715434e-01
3.117479e+00 4.044285e-05 9.008780e-01 8.717263e-01
3.124154e+00 4.212526e-05 8.946540e-01 8.709279e-01
3.125011e+00 4.076660e-05 9.281290e-01 8.716186e-01
3.108069e+00 3.978112e-05 8.906540e-01 8.707659e-01
3.123002e+00 4.115529e-05 9.285350e-01 8.713566e-01
3.116222e+00 4.242292e-05 8.989140e-01 8.716844e-01
3.111671e+00 4.110057e-05 9.203620e-01 8.706287e-01
3.123089e+00 4.160540e-05 9.181250e-01 8.708336e-01
3.113342e+00 4.166808e-05 8.802710e-01 8.718368e-01
3.119907e+00 4.175560e-05 9.114330e-01 8.710794e-01
3.119916e+00 4.262718e-05 8.976710e-01 8.712509e-01
3.120895e+00 4.308605e-05 9.433310e-01 8.718864e-01
3.117536e+00 4.485484e-05 8.939760e-01 8.711318e-01
3.104161e+00 4.189408e-05 9.185310e-01 8.712032e-01
3.110019e+00 4.046626e-05 8.884670e-01 8.714424e-01
3.113717e+00 4.148432e-05 9.286840e-01 8.715805e-01
3.113233e+00 4.068333e-05 9.175390e-01 8.720226e-01
3.118648e+00 4.039595e-05 9.037580e-01 8.718130e-01
3.112322e+00 3.982333e-05 9.220040e-01 8.708869e-01
3.110049e+00 4.016076e-05 9.186930e-01 8.711327e-01
3.131577e+00 1.095169e-04 9.379900e-01 8.716072e-01
3.119710e+00 4.349438e-05 8.977940e-01 8.716234e-01
3.113693e+00 4.006936e-05 9.026550e-01 8.721855e-01
3.106888e+00 4.224936e-05 9.047220e-01 8.717520e-01
3.118943e+00 4.112446e-05 9.435640e-01 8.722294e-01
3.117063e+00 4.953971e-05 9.132970e-01 8.715586e-01
3.110894e+00 4.042271e-05 9.278750e-01 8.722074e-01
3.115002e+00 4.044360e-05 9.121690e-01 8.721188e-01
3.115827e+00 4.230559e-05 8.802390e-01 8.721865e-01
3.105091e+00 4.182058e-05 8.805910e-01 8.721388e-01
3.111046e+00 3.994374e-05 8.956910e-01 8.715948e-01
3.114005e+00 4.178124e-05 9.136560e-01 8.718654e-01
3.109345e+00 4.302114e-05 9.271020e-01 8.719673e-01
3.102536e+00 4.076500e-05 9.066980e-01 8.718463e-01
3.095392e+00 3.985930e-05 9.362550e-01 8.715586e-01
3.107346e+00 3.976567e-05 9.066290e-01 8.720445e-01
3.117366e+00 4.148277e-05 9.276720e-01 8.719511e-01
3.106671e+00 4.757760e-05 9.176880e-01 8.723018e-01
3.106302e+00 4.032572e-05 9.014590e-01 8.725609e-01
3.097842e+00 4.306478e-05 9.139360e-01 8.718321e-01
3.109055e+00 4.083425e-05 9.320660e-01 8.719464e-01
3.111274e+00 4.350895e-05 9.101160e-01 8.726991e-01
3.111904e+00 4.330840e-05 9.306710e-01 8.722065e-01
3.107022e+00 4.211018e-05 9.389910e-01 8.718397e-01
3.106894e+00 3.938671e-05 9.098710e-01 8.718378e-01
3.093084e+00 3.944530e-05 9.035150e-01 8.720521e-01
3.103939e+00 3.994805e-05 9.152790e-01 8.716987e-01
3.097563e+00 4.061441e-05 9.159200e-01 8.720359e-01
3.100502e+00 3.947453e-05 9.208140e-01 8.717349e-01
3.110011e+00 4.102858e-05 9.243220e-01 8.724999e-01
3.105572e+00 4.054140e-05 9.482550e-01 8.724980e-01
3.100687e+00 4.108821e-05 9.262850e-01 8.729735e-01
3.093626e+00 3.999785e-05 8.863780e-01 8.729001e-01
3.108036e+00 4.137419e-05 8.916360e-01 8.719226e-01
3.096438e+00 4.156338e-05 9.261450e-01 8.728201e-01
3.104921e+00 4.006195e-05 9.316200e-01 8.726733e-01
3.093548e+00 4.081446e-05 9.283330e-01 8.725466e-01
3.111340e+00 7.709933e-05 9.190800e-01 8.723923e-01
3.099887e+00 4.385359e-05 8.843320e-01 8.729268e-01
3.102472e+00 4.160959e-05 9.237430e-01 8.719931e-01
3.092425e+00 3.939075e-05 9.314430e-01 8.730783e-01
3.095824e+00 3.936972e-05 9.412500e-01 8.720579e-01
3.096889e+00 3.975890e-05 9.307580e-01 8.731021e-01
3.100574e+00 4.090395e-05 9.046400e-01 8.727038e-01
3.102494e+00 4.155220e-05 9.092600e-01 8.728839e-01
3.098268e+00 4.051507e-05 9.235880e-01 8.732974e-01
3.086749e+00 4.020746e-05 9.222430e-01 8.728048e-01
3.096222e+00 4.117878e-05 9.075720e-01 8.727429e-01
3.095631e+00 4.065775e-05 9.290560e-01 8.726171e-01
3.100618e+00 4.383577e-05 9.382430e-01 8.734136e-01
3.098497e+00 4.241833e-05 9.048800e-01 8.725333e-01
3.096446e+00 3.978423e-05 9.140790e-01 8.731821e-01
3.098278e+00 5.070681e-05 9.001080e-01 8.730678e-01
3.093806e+00 3.991890e-05 9.153960e-01 8.732507e-01
3.100013e+00 4.136570e-05 8.855670e-01 8.732536e-01
3.099940e+00 4.032308e-05 9.245560e-01 8.730268e-01
3.089740e+00 3.994704e-05 9.059450e-01 8.734156e-01
3.088284e+00 4.073819e-05 9.466490e-01 8.726600e-01
3.092477e+00 3.883794e-05 9.014610e-01 8.731412e-01
3.092732e+00 3.970170e-05 9.332540e-01 8.731831e-01
3.095633e+00 4.004433e-05 9.584670e-01 8.734965e-01
3.086803e+00 4.100260e-05 9.147610e-01 8.733003e-01
3.097036e+00 4.056044e-05 9.059650e-01 8.732660e-01
3.083275e+00 3.884501e-05 9.318380e-01 8.732974e-01
3.095462e+00 3.935089e-05 8.986370e-01 8.732031e-01
3.094291e+00 5.453869e-05 9.328120e-01 8.736042e-01
3.095224e+00 4.101174e-05 9.241920e-01 8.737738e-01
3.086044e+00 4.073233e-05 9.246230e-01 8.734803e-01
3.105143e+00 1.453835e-04 9.486550e-01 8.732907e-01
3.079329e+00 3.858691e-05 9.091620e-01 8.734813e-01
3.088367e+00 4.489215e-05 9.170220e-01 8.733670e-01
3.087496e+00 3.968713e-05 9.074160e-01 8.739586e-01
3.089737e+00 3.933931e-05 9.179600e-01 8.739472e-01
3.097628e+00 4.180516e-05 9.468460e-01 8.739053e-01
3.094386e+00 4.121885e-05 9.147750e-01 8.731335e-01
3.082825e+00 3.900222e-05 9.069110e-01 8.740596e-01
3.085891e+00 3.883070e-05 9.060090e-01 8.739691e-01
3.086279e+00 3.933897e-05 9.094230e-01 8.733212e-01
3.083390e+00 4.203002e-05 9.174030e-01 8.741377e-01
3.089923e+00 4.332157e-05 9.449510e-01 8.737700e-01
3.089159e+00 3.981228e-05 9.315880e-01 8.736985e-01
3.088490e+00 4.031709e-05 9.177490e-01 8.733041e-01
3.097213e+00 4.170773e-05 9.065520e-01 8.739272e-01
3.092694e+00 3.994495e-05 9.028100e-01 8.739977e-01
3.083696e+00 4.104114e-05 9.234600e-01 8.731392e-01
3.085635e+00 4.099898e-05 9.034450e-01 8.742749e-01
3.103400e+00 4.196145e-05 9.148850e-01 8.739043e-01
3.093959e+00 3.941503e-05 8.983360e-01 8.738348e-01
3.085009e+00 3.855008e-05 8.898820e-01 8.743102e-01
3.089233e+00 4.054163e-05 8.879450e-01 8.740739e-01
3.085501e+00 3.976749e-05 9.005370e-01 8.741539e-01
3.089572e+00 4.037771e-05 9.432280e-01 8.740177e-01
3.084512e+00 4.031505e-05 9.007550e-01 8.739434e-01
3.083722e+00 3.932482e-05 9.326250e-01 8.740834e-01
3.084299e+00 4.151909e-05 9.157600e-01 8.738090e-01
3.090318e+00 4.224047e-05 9.103760e-01 8.742254e-01
3.078814e+00 3.914339e-05 9.473470e-01 8.744722e-01
3.080654e+00 3.860671e-05 9.189320e-01 8.742445e-01
3.093366e+00 4.220046e-05 9.193480e-01 8.741292e-01
3.083870e+00 4.023710e-05 9.111120e-01 8.742692e-01
3.082628e+00 3.926330e-05 9.264870e-01 8.732831e-01
3.089679e+00 3.936402e-05 9.131440e-01 8.742845e-01
3.084683e+00 4.038126e-05 9.443020e-01 8.739662e-01
3.082986e+00 3.922949e-05 9.394790e-01 8.743121e-01
3.082897e+00 4.028892e-05 9.030460e-01 8.743616e-01
3.082953e+00 3.868749e-05 9.178870e-01 8.734346e-01
3.087334e+00 3.982854e-05 9.054000e-01 8.753449e-01
3.087807e+00 3.997150e-05 9.109960e-01 8.744245e-01
3.082410e+00 4.114782e-05 9.291760e-01 8.744017e-01
3.086497e+00 4.094107e-05 9.418310e-01 8.742788e-01
3.078558e+00 3.984283e-05 9.095220e-01 8.742149e-01
3.082728e+00 3.932018e-05 9.178210e-01 8.745998e-01
3.078187e+00 3.909650e-05 8.983500e-01 8.743674e-01
3.079470e+00 3.906862e-05 9.135090e-01 8.746160e-01
3.087327e+00 3.894527e-05 9.279530e-01 8.742025e-01
3.087210e+00 3.980268e-05 9.133300e-01 8.743845e-01
3.078202e+00 3.866379e-05 8.940400e-01 8.747904e-01
3.089567e+00 3.879389e-05 9.126240e-01 8.747666e-01
3.079823e+00 3.963468e-05 9.334220e-01 8.737805e-01
3.081732e+00 4.247078e-05 9.207040e-01 8.746017e-01
3.081805e+00 3.870279e-05 9.193520e-01 8.739643e-01
3.084712e+00 4.133861e-05 9.064310e-01 8.744617e-01
3.083020e+00 3.929137e-05 8.990100e-01 8.754888e-01
3.074061e+00 3.816853e-05 8.971920e-01 8.748723e-01
3.084483e+00 3.900905e-05 9.098520e-01 8.742340e-01
3.073915e+00 3.870959e-05 9.220330e-01 8.750543e-01
3.077070e+00 3.846830e-05 9.287200e-01 8.756403e-01
3.084886e+00 4.265381e-05 9.406590e-01 8.752992e-01
3.081250e+00 3.917380e-05 9.204730e-01 8.749390e-01
3.086201e+00 4.417855e-05 9.120020e-01 8.745741e-01
3.084279e+00 4.414619e-05 9.111740e-01 8.749295e-01
3.083628e+00 6.231799e-05 9.016260e-01 8.745417e-01
3.082836e+00 3.990430e-05 9.420160e-01 8.742673e-01
3.073144e+00 3.984801e-05 9.179730e-01 8.745960e-01
3.081886e+00 3.984534e-05 9.116260e-01 8.748666e-01
3.082380e+00 4.381702e-05 9.137360e-01 8.751000e-01
3.079782e+00 4.141259e-05 9.206230e-01 8.750867e-01
3.088133e+00 4.137657e-05 9.357770e-01 8.749895e-01
3.081195e+00 3.840117e-05 9.034500e-01 8.747342e-01
3.084902e+00 4.105555e-05 9.107350e-01 8.747475e-01
3.086484e+00 3.949962e-05 9.171840e-01 8.745903e-01
3.077004e+00 3.876839e-05 9.033520e-01 8.749304e-01
3.076781e+00 3.838839e-05 8.936010e-01 8.739624e-01
3.074989e+00 3.857357e-05 9.114870e-01 8.751362e-01
3.077756e+00 4.068559e-05 9.264620e-01 8.746818e-01
3.079568e+00 4.172915e-05 9.129940e-01 8.750534e-01
3.077745e+00 3.834288e-05 9.254210e-01 8.745779e-01
3.083931e+00 4.078182e-05 8.982500e-01 8.749562e-01
3.085846e+00 3.882830e-05 9.097250e-01 8.747913e-01
3.081369e+00 3.872317e-05 9.261500e-01 8.752325e-01
3.090127e+00 4.094725e-05 9.227870e-01 8.743588e-01
3.074789e+00 3.933360e-05 9.037520e-01 8.749428e-01
3.078248e+00 3.837521e-05 8.961310e-01 8.752611e-01
3.076049e+00 3.902329e-05 9.107830e-01 8.749809e-01
3.084025e+00 4.033601e-05 9.415110e-01 8.750438e-01
3.080152e+00 3.985116e-05 9.231010e-01 8.748437e-01
3.079382e+00 4.100665e-05 9.305910e-01 8.751143e-01
3.080896e+00 4.629607e-05 9.136470e-01 8.752296e-01
3.087953e+00 5.645069e-05 9.183130e-01 8.745551e-01
3.086387e+00 3.981706e-05 8.926030e-01 8.750476e-01
3.081061e+00 4.028032e-05 9.278030e-01 8.752420e-01
3.080317e+00 3.894652e-05 9.216440e-01 8.746789e-01
3.078195e+00 3.915951e-05 9.275820e-01 8.749705e-01
3.083777e+00 3.899232e-05 9.112100e-01 8.757717e-01
3.076980e+00 3.906486e-05 9.083900e-01 8.749514e-01
3.074502e+00 3.950280e-05 9.219240e-01 8.754850e-01
3.084889e+00 4.043496e-05 8.908170e-01 8.749381e-01
3.075753e+00 3.898630e-05 9.138870e-01 8.745093e-01
3.076932e+00 3.853630e-05 9.151920e-01 8.745093e-01
3.080256e+00 3.864946e-05 9.157420e-01 8.745827e-01
3.077075e+00 3.852508e-05 9.015560e-01 8.751267e-01
3.078437e+00 3.930693e-05 9.363130e-01 8.752868e-01
3.080849e+00 3.954783e-05 9.027520e-01 8.755840e-01
3.084370e+00 3.963309e-05 9.454460e-01 8.750114e-01
3.080287e+00 3.858265e-05 9.156610e-01 8.755383e-01
3.090617e+00 4.746253e-05 9.281520e-01 8.749371e-01
3.089545e+00 2.020546e-04 8.997770e-01 8.749838e-01
3.082352e+00 4.030735e-05 9.168730e-01 8.757860e-01
3.077845e+00 3.967753e-05 9.111130e-01 8.746418e-01
3.078408e+00 3.885306e-05 9.164070e-01 8.747685e-01
3.086084e+00 4.291838e-05 9.352560e-01 8.745922e-01
3.079711e+00 3.873949e-05 9.020850e-01 8.753220e-01
3.086454e+00 4.148206e-05 9.155000e-01 8.752601e-01
3.093013e+00 3.913744e-05 9.219850e-01 8.751305e-01
3.083610e+00 4.550614e-05 9.141260e-01 8.760023e-01
3.083534e+00 3.833592e-05 9.145760e-01 8.741130e-01
3.076671e+00 3.868831e-05 9.248070e-01 8.756403e-01
3.079535e+00 3.859152e-05 9.089480e-01 8.751896e-01
3.078531e+00 3.855190e-05 9.256600e-01 8.750981e-01
3.087592e+00 4.296497e-05 9.168440e-01 8.748733e-01
3.088353e+00 4.810820e-05 9.061860e-01 8.751963e-01
3.083441e+00 4.190290e-05 9.024140e-01 8.760661e-01
3.079727e+00 3.947364e-05 8.962290e-01 8.756784e-01
3.081461e+00 3.986735e-05 9.113330e-01 8.756993e-01
3.084919e+00 4.399037e-05 9.194330e-01 8.744503e-01
3.075805e+00 4.016010e-05 9.242410e-01 8.752001e-01
3.072817e+00 3.822526e-05 8.961390e-01 8.756212e-01
3.081089e+00 4.495160e-05 8.915300e-01 8.750648e-01
3.078148e+00 3.871010e-05 9.201060e-01 8.753611e-01
3.082139e+00 3.844866e-05 9.117540e-01 8.751848e-01
3.080122e+00 3.933151e-05 9.189890e-01 8.750095e-01
3.078262e+00 3.896947e-05 9.284680e-01 8.752734e-01
3.086424e+00 3.878879e-05 9.044270e-01 8.755755e-01
3.087745e+00 3.955317e-05 9.156570e-01 8.746503e-01
3.071211e+00 4.025338e-05 9.045180e-01 8.742549e-01
3.080410e+00 3.913714e-05 9.170710e-01 8.752325e-01
3.079855e+00 3.990171e-05 9.064490e-01 8.749581e-01
3.083002e+00 3.885954e-05 8.855030e-01 8.750991e-01
3.080673e+00 3.939818e-05 8.944100e-01 8.754907e-01
3.081561e+00 3.887546e-05 9.358170e-01 8.749657e-01
3.079763e+00 3.952399e-05 9.176060e-01 8.755335e-01
3.082170e+00 3.832713e-05 9.590660e-01 8.753763e-01
3.085230e+00 4.038227e-05 9.156760e-01 8.756164e-01
3.079193e+00 3.837404e-05 9.292750e-01 8.755145e-01
3.083871e+00 4.110401e-05 9.090430e-01 8.754564e-01
3.072161e+00 3.944262e-05 9.252590e-01 8.744331e-01
3.080304e+00 3.897432e-05 9.015820e-01 8.752191e-01
3.085556e+00 3.952644e-05 9.518920e-01 8.754287e-01
3.078649e+00 3.857863e-05 9.363370e-01 8.752963e-01
3.088637e+00 4.616471e-05 9.153150e-01 8.751000e-01
3.079546e+00 4.020336e-05 8.870780e-01 8.757155e-01
3.072842e+00 3.911074e-05 9.384940e-01 8.756793e-01
3.078796e+00 3.846592e-05 9.095090e-01 8.751200e-01
3.075861e+00 3.784032e-05 9.101590e-01 8.755898e-01
3.078857e+00 3.927290e-05 9.472280e-01 8.746846e-01
3.071612e+00 3.856948e-05 1.011874e+00 8.754945e-01
3.081887e+00 3.818543e-05 9.292110e-01 8.754173e-01
3.085077e+00 8.084683e-05 9.258100e-01 8.756241e-01
3.082879e+00 3.979800e-05 9.193930e-01 8.750162e-01
3.070446e+00 3.808752e-05 9.336340e-01 8.756593e-01
3.080209e+00 4.148595e-05 9.281830e-01 8.749066e-01
3.079433e+00 3.854347e-05 9.147330e-01 8.749552e-01
3.074893e+00 3.830111e-05 8.949820e-01 8.749686e-01
3.080260e+00 6.821726e-05 9.027490e-01 8.751877e-01
3.078712e+00 3.980971e-05 9.273210e-01 8.762091e-01
3.077130e+00 3.826141e-05 9.286300e-01 8.752191e-01
3.070082e+00 3.825037e-05 9.221020e-01 8.750086e-01
3.079803e+00 3.859823e-05 9.466660e-01 8.750934e-01
3.084382e+00 3.885693e-05 9.022040e-01 8.753678e-01
3.075159e+00 3.874919e-05 9.046220e-01 8.758518e-01
3.082437e+00 3.918748e-05 8.883270e-01 8.758623e-01
3.078301e+00 3.877343e-05 9.099920e-01 8.746389e-01
3.076372e+00 3.878371e-05 9.314910e-01 8.755955e-01
3.080051e+00 3.891971e-05 9.067040e-01 8.754354e-01
3.079290e+00 3.843742e-05 9.025250e-01 8.754087e-01
3.082065e+00 4.066572e-05 9.083760e-01 8.754564e-01
3.071073e+00 3.763310e-05 8.962100e-01 8.755593e-01
3.079386e+00 3.929788e-05 9.044260e-01 8.752849e-01
3.083030e+00 4.352749e-05 9.044360e-01 8.755936e-01
3.079113e+00 3.992206e-05 9.398180e-01 8.755840e-01
3.077230e+00 3.811271e-05 9.141530e-01 8.754726e-01
3.081065e+00 4.075238e-05 9.215080e-01 8.754649e-01
3.069544e+00 3.908728e-05 9.143500e-01 8.753001e-01
3.077127e+00 3.823163e-05 9.196930e-01 8.753649e-01
3.083738e+00 4.274152e-05 9.510150e-01 8.760480e-01
3.077122e+00 3.803345e-05 9.019390e-01 8.754449e-01
3.077226e+00 3.861033e-05 9.295290e-01 8.758384e-01
3.086076e+00 4.054232e-05 9.105610e-01 8.751963e-01
3.081059e+00 3.924994e-05 9.195460e-01 8.754526e-01
3.086773e+00 3.918057e-05 9.219640e-01 8.751677e-01
3.075646e+00 3.789538e-05 9.171000e-01 8.760719e-01
3.079449e+00 4.041412e-05 9.261350e-01 8.754087e-01
3.080618e+00 3.957300e-05 9.242880e-01 8.748228e-01
3.078113e+00 3.805874e-05 9.141120e-01 8.745684e-01
3.079755e+00 3.975190e-05 9.021000e-01 8.752506e-01
3.082287e+00 3.872328e-05 9.070700e-01 8.756974e-01
3.086310e+00 3.899386e-05 8.900870e-01 8.750372e-01
3.084682e+00 5.563311e-05 9.114520e-01 8.760042e-01
3.090782e+00 4.476855e-05 9.163710e-01 8.754897e-01
3.073175e+00 3.847460e-05 9.356990e-01 8.751820e-01
3.079486e+00 3.866487e-05 9.325740e-01 8.751524e-01
3.079358e+00 3.963264e-05 9.285000e-01 8.756098e-01
3.083726e+00 3.889851e-05 9.071490e-01 8.756869e-01
3.081169e+00 3.825824e-05 9.224810e-01 8.754459e-01
3.088536e+00 3.888945e-05 9.132260e-01 8.755583e-01
3.079302e+00 4.251562e-05 9.155760e-01 8.757565e-01
3.077168e+00 3.868139e-05 9.411180e-01 8.752782e-01
3.092124e+00 4.047215e-05 9.438100e-01 8.749495e-01
3.079816e+00 3.898161e-05 9.060770e-01 8.753087e-01
3.073862e+00 3.806393e-05 8.966360e-01 8.756650e-01
3.077497e+00 3.797513e-05 8.956230e-01 8.758823e-01
3.077486e+00 3.889205e-05 9.273670e-01 8.762805e-01
3.077853e+00 4.057092e-05 9.156990e-01 8.750495e-01
3.077565e+00 3.976436e-05 9.201700e-01 8.756822e-01
3.072469e+00 3.916952e-05 9.222740e-01 8.760242e-01
3.078033e+00 3.836605e-05 9.169690e-01 8.752839e-01
3.077280e+00 3.916254e-05 9.259150e-01 8.750448e-01
3.079963e+00 3.981305e-05 9.308820e-01 8.753849e-01
3.081964e+00 4.012015e-05 9.157640e-01 8.748714e-01
3.073999e+00 3.843057e-05 9.042980e-01 8.767941e-01
3.079678e+00 3.930633e-05 8.919690e-01 8.759413e-01
3.080171e+00 3.893480e-05 9.075820e-01 8.755002e-01
3.076935e+00 3.932480e-05 9.239020e-01 8.758299e-01
3.075499e+00 3.997971e-05 9.168570e-01 8.755526e-01
3.084402e+00 3.955258e-05 9.208580e-01 8.753287e-01
3.078656e+00 3.882367e-05 9.088590e-01 8.762262e-01
3.081385e+00 3.883714e-05 9.362490e-01 8.751048e-01
3.075530e+00 3.956452e-05 9.164710e-01 8.756183e-01
3.075352e+00 3.910804e-05 8.990150e-01 8.752525e-01
3.079266e+00 4.107374e-05 9.054860e-01 8.752249e-01
3.081929e+00 3.901044e-05 9.162790e-01 8.754307e-01
3.075053e+00 3.922357e-05 9.099010e-01 8.757270e-01
3.076439e+00 3.802700e-05 8.959850e-01 8.755450e-01
3.078815e+00 4.039191e-05 9.139290e-01 8.754735e-01
3.079860e+00 4.152212e-05 9.275630e-01 8.746884e-01
3.074950e+00 3.813805e-05 9.417850e-01 8.750981e-01
3.071896e+00 3.835704e-05 8.858740e-01 8.753754e-01
3.083259e+00 4.188640e-05 9.170180e-01 8.750981e-01
3.079113e+00 3.872299e-05 9.010300e-01 8.758137e-01
3.087000e+00 3.981021e-05 9.199190e-01 8.755526e-01
3.075399e+00 3.854849e-05 9.213520e-01 8.758775e-01
3.088822e+00 4.106413e-05 9.061430e-01 8.758280e-01
3.076876e+00 3.904193e-05 9.153060e-01 8.755478e-01
3.085211e+00 4.076066e-05 9.415440e-01 8.755202e-01
3.071704e+00 3.778796e-05 9.177740e-01 8.758270e-01
3.084907e+00 4.371072e-05 8.915300e-01 8.757308e-01
3.080074e+00 4.046546e-05 9.374440e-01 8.752868e-01
3.087971e+00 4.257292e-05 9.062820e-01 8.757555e-01
3.075439e+00 3.827124e-05 9.469760e-01 8.759985e-01
3.080373e+00 3.889968e-05 9.159020e-01 8.757803e-01
3.085715e+00 4.131476e-05 9.172920e-01 8.758451e-01
3.077330e+00 4.368734e-05 9.360820e-01 8.761119e-01
3.074038e+00 3.835373e-05 9.112080e-01 8.758003e-01
3.084386e+00 3.982177e-05 9.081060e-01 8.755107e-01
3.073717e+00 3.799776e-05 9.330370e-01 8.753363e-01
3.077493e+00 3.981225e-05 9.057470e-01 8.757050e-01
3.073001e+00 3.771974e-05 9.017340e-01 8.753344e-01
3.077604e+00 3.855793e-05 9.389420e-01 8.755888e-01
3.080754e+00 3.916020e-05 9.097520e-01 8.760052e-01
3.080868e+00 3.908036e-05 9.214640e-01 8.755421e-01
3.085847e+00 4.656882e-05 9.405540e-01 8.755002e-01
3.081610e+00 4.052292e-05 9.146860e-01 8.750924e-01
3.078364e+00 3.956444e-05 9.238350e-01 8.755116e-01
3.072136e+00 3.803003e-05 9.238080e-01 8.755879e-01
3.080029e+00 5.476013e-05 9.394510e-01 8.758403e-01
3.078289e+00 3.872155e-05 9.214770e-01 8.750457e-01
3.076300e+00 3.927575e-05 9.089370e-01 8.760061e-01
3.084909e+00 4.047629e-05 9.067810e-01 8.753687e-01
3.090018e+00 5.471965e-05 9.131750e-01 8.756841e-01
3.079442e+00 3.862030e-05 9.260730e-01 8.759337e-01
3.081399e+00 4.027973e-05 9.289300e-01 8.752915e-01
3.079563e+00 6.995992e-05 9.191780e-01 8.761281e-01
3.078547e+00 3.858124e-05 9.395620e-01 8.754897e-01
3.080952e+00 3.929307e-05 8.951020e-01 8.753220e-01
3.079661e+00 3.833780e-05 9.132670e-01 8.752201e-01
3.083629e+00 4.353257e-05 9.178580e-01 8.757927e-01
3.079266e+00 3.948579e-05 9.094470e-01 8.752029e-01
3.077014e+00 3.796486e-05 9.117010e-01 8.751096e-01
3.082993e+00 4.150122e-05 9.127780e-01 8.743845e-01
3.077904e+00 3.917114e-05 9.099560e-01 8.759718e-01
3.073327e+00 3.829763e-05 8.991720e-01 8.753449e-01
3.086995e+00 4.288345e-05 9.140270e-01 8.751162e-01
3.083992e+00 3.878246e-05 9.245960e-01 8.761662e-01
3.077825e+00 3.894787e-05 9.190310e-01 8.760423e-01
3.073650e+00 3.869930e-05 9.154680e-01 8.754488e-01
3.077294e+00 3.918936e-05 9.157190e-01 8.754106e-01
3.077936e+00 3.872808e-05 9.337520e-01 8.758699e-01
3.079108e+00 3.953535e-05 9.529810e-01 8.758422e-01
3.078469e+00 6.451262e-05 9.042770e-01 8.760156e-01
3.072837e+00 3.812727e-05 9.280400e-01 8.757727e-01
3.076820e+00 3.902492e-05 9.105510e-01 8.760852e-01
3.080672e+00 4.064079e-05 9.429510e-01 8.758956e-01
3.081363e+00 4.127152e-05 9.332920e-01 8.761014e-01
3.081852e+00 3.894892e-05 9.161560e-01 8.760195e-01
3.078025e+00 3.849073e-05 8.819400e-01 8.757212e-01
3.074749e+00 3.787978e-05 8.945780e-01 8.757584e-01
3.081486e+00 3.940413e-05 9.004160e-01 8.760385e-01
3.085527e+00 4.097470e-05 9.063330e-01 8.749771e-01
3.080758e+00 3.966268e-05 9.162110e-01 8.753859e-01
3.077398e+00 3.868495e-05 9.199400e-01 8.764939e-01
3.086711e+00 4.083402e-05 8.934840e-01 8.750857e-01
3.077761e+00 3.845672e-05 9.134500e-01 8.757756e-01
3.079269e+00 4.199695e-05 9.072900e-01 8.753163e-01
3.080558e+00 4.034821e-05 8.827110e-01 8.758375e-01
3.072696e+00 3.853376e-05 9.319670e-01 8.754983e-01
3.084383e+00 4.241541e-05 9.183810e-01 8.760366e-01
3.084885e+00 3.992603e-05 9.077170e-01 8.746627e-01
3.072919e+00 3.790214e-05 9.286940e-01 8.758489e-01
3.076426e+00 3.818060e-05 9.218660e-01 8.756841e-01
3.080275e+00 4.106400e-05 9.018650e-01 8.753811e-01
3.079495e+00 3.919974e-05 9.070810e-01 8.754430e-01
3.083552e+00 3.862137e-05 9.396590e-01 8.760795e-01
3.073899e+00 3.818196e-05 9.259750e-01 8.757222e-01
3.081026e+00 3.846680e-05 9.236370e-01 8.755688e-01
3.075780e+00 3.876252e-05 9.124350e-01 8.753287e-01
3.078750e+00 3.993943e-05 9.112190e-01 8.753030e-01
3.084777e+00 4.813989e-05 9.458850e-01 8.761338e-01
3.077668e+00 3.877552e-05 8.977730e-01 8.752334e-01
3.072376e+00 3.848888e-05 9.135160e-01 8.753439e-01
3.078384e+00 3.901388e-05 9.317140e-01 8.755583e-01
3.078226e+00 3.865401e-05 9.078400e-01 8.756012e-01
3.081515e+00 3.873238e-05 8.961540e-01 8.753935e-01
3.085966e+00 4.161982e-05 9.175540e-01 8.755593e-01
3.076073e+00 4.062319e-05 9.280730e-01 8.753039e-01
3.078340e+00 3.836225e-05 8.946910e-01 8.755974e-01
3.086379e+00 3.953725e-05 9.305150e-01 8.753925e-01
3.079780e+00 4.023465e-05 9.277710e-01 8.759356e-01
3.082590e+00 4.304015e-05 9.220980e-01 8.747904e-01
3.081610e+00 4.005709e-05 9.214440e-01 8.748152e-01
3.081356e+00 3.855924e-05 8.941260e-01 8.749552e-01
3.075772e+00 3.822112e-05 8.880420e-01 8.752325e-01
3.075729e+00 3.873606e-05 9.405890e-01 8.763424e-01
3.078892e+00 3.875708e-05 9.202890e-01 8.754821e-01
3.078128e+00 4.570975e-05 9.145920e-01 8.757917e-01
3.075953e+00 3.869937e-05 9.032820e-01 8.754392e-01
3.086658e+00 3.944335e-05 9.147480e-01 8.754430e-01
3.085159e+00 3.981355e-05 9.157640e-01 8.753382e-01
3.080590e+00 3.953004e-05 9.108740e-01 8.760461e-01
3.075904e+00 3.794512e-05 9.222360e-01 8.757108e-01
3.079127e+00 3.857135e-05 9.042900e-01 8.750191e-01
3.078879e+00 3.881394e-05 9.022390e-01 8.752039e-01
3.076418e+00 4.311197e-05 9.156990e-01 8.763920e-01
3.076458e+00 3.963937e-05 8.753670e-01 8.753087e-01
3.083524e+00 3.926854e-05 9.241370e-01 8.753763e-01
3.071900e+00 3.831333e-05 9.346500e-01 8.756155e-01
3.077647e+00 4.142925e-05 9.268090e-01 8.753725e-01
3.073475e+00 3.820364e-05 9.112600e-01 8.757879e-01
3.076712e+00 3.881458e-05 9.103040e-01 8.756927e-01
3.076201e+00 3.897824e-05 8.952940e-01 8.749076e-01
3.077745e+00 3.821571e-05 9.617300e-01 8.757841e-01
3.085222e+00 4.196307e-05 9.430250e-01 8.755278e-01
3.077415e+00 3.824926e-05 9.159350e-01 8.761043e-01
3.075510e+00 3.833000e-05 9.341480e-01 8.750314e-01
3.086322e+00 4.510353e-05 8.839700e-01 8.758327e-01
3.078934e+00 3.850039e-05 9.039920e-01 8.760585e-01
3.077569e+00 3.955447e-05 9.599630e-01 8.755145e-01
3.083607e+00 4.184263e-05 9.075500e-01 8.746865e-01
3.072935e+00 3.849404e-05 9.082590e-01 8.758384e-01
3.079925e+00 4.130879e-05 9.205880e-01 8.755469e-01
3.077929e+00 3.931158e-05 9.059130e-01 8.759785e-01
3.079462e+00 3.820324e-05 9.594760e-01 8.753001e-01
3.076041e+00 4.205858e-05 9.099330e-01 8.759451e-01
3.075906e+00 3.874065e-05 8.767640e-01 8.759737e-01
3.074534e+00 3.884758e-05 9.092020e-01 8.751382e-01
3.077937e+00 3.971639e-05 9.379700e-01 8.750505e-01
3.073989e+00 3.956102e-05 9.256700e-01 8.766006e-01
3.074752e+00 3.972416e-05 9.464710e-01 8.746570e-01
3.073113e+00 3.846011e-05 9.394950e-01 8.753173e-01
3.073824e+00 3.879396e-05 9.058910e-01 8.759613e-01
3.075277e+00 3.845313e-05 9.030690e-01 8.752458e-01
3.077562e+00 3.900683e-05 9.229460e-01 8.756183e-01
3.072093e+00 3.835756e-05 9.311110e-01 8.757613e-01
3.079370e+00 4.087085e-05 9.096270e-01 8.760557e-01
3.086599e+00 4.111824e-05 9.329890e-01 8.747713e-01
3.080466e+00 3.984266e-05 9.556470e-01 8.753954e-01
3.084025e+00 3.953461e-05 9.176010e-01 8.760137e-01
3.070821e+00 3.895451e-05 9.053440e-01 8.758518e-01
3.070985e+00 3.875464e-05 9.089700e-01 8.759975e-01
3.072263e+00 3.853441e-05 8.997950e-01 8.753487e-01
3.073649e+00 3.882994e-05 9.051360e-01 8.753154e-01
3.073498e+00 3.856336e-05 8.910850e-01 8.751553e-01
3.086533e+00 4.081585e-05 9.137850e-01 8.759842e-01
3.083254e+00 3.878240e-05 8.889050e-01 8.756441e-01
3.076194e+00 4.089773e-05 9.285010e-01 8.764625e-01
3.076480e+00 3.964541e-05 9.534130e-01 8.751886e-01
3.073842e+00 3.809194e-05 9.011760e-01 8.763339e-01
3.074051e+00 3.916939e-05 9.300990e-01 8.751162e-01
3.086488e+00 7.270195e-05 9.206250e-01 8.757308e-01
3.085467e+00 8.053872e-05 9.030930e-01 8.757584e-01
3.075869e+00 3.849137e-05 9.047180e-01 8.761719e-01
3.078216e+00 4.642230e-05 9.121260e-01 8.752106e-01
3.083471e+00 4.511360e-05 8.995030e-01 8.753363e-01
3.077383e+00 3.935411e-05 9.405480e-01 8.758222e-01
3.083827e+00 4.032099e-05 8.752980e-01 8.753211e-01
3.086778e+00 4.360930e-05 9.303430e-01 8.760823e-01
3.086914e+00 3.905857e-05 9.176270e-01 8.754326e-01
3.076188e+00 3.801702e-05 9.274450e-01 8.753840e-01
3.071837e+00 3.860832e-05 9.034500e-01 8.757784e-01
3.074488e+00 3.862152e-05 9.526090e-01 8.760271e-01
3.070276e+00 3.806312e-05 9.165210e-01 8.749752e-01
3.079304e+00 4.106154e-05 8.935310e-01 8.763806e-01
3.075049e+00 4.002617e-05 9.255500e-01 8.757098e-01
3.071272e+00 3.911443e-05 9.217150e-01 8.754859e-01
3.086295e+00 3.861256e-05 9.271620e-01 8.753964e-01
3.077591e+00 3.942827e-05 9.082460e-01 8.757908e-01
3.081851e+00 3.906735e-05 8.964620e-01 8.751524e-01
3.079209e+00 3.838710e-05 9.136460e-01 8.755640e-01
3.078082e+00 3.906939e-05 9.176220e-01 8.755926e-01
3.077055e+00 3.778149e-05 8.912220e-01 8.754688e-01
3.078190e+00 4.104664e-05 9.320450e-01 8.755898e-01
3.072346e+00 3.896864e-05 9.498990e-01 8.752115e-01
3.080934e+00 4.888734e-05 9.253080e-01 8.750305e-01
3.077092e+00 4.020417e-05 8.944580e-01 8.756050e-01
3.078872e+00 3.855531e-05 9.147990e-01 8.749162e-01
3.074656e+00 4.710059e-05 9.118320e-01 8.751648e-01
3.085932e+00 4.187389e-05 9.075050e-01 8.752620e-01
3.085114e+00 6.407735e-05 9.221590e-01 8.760080e-01
3.073476e+00 3.838131e-05 9.287350e-01 8.755698e-01
3.075325e+00 3.767543e-05 8.765200e-01 8.747961e-01
3.077108e+00 3.879098e-05 8.943160e-01 8.758603e-01
3.078983e+00 3.892062e-05 9.213720e-01 8.757565e-01
3.080134e+00 4.284501e-05 9.336870e-01 8.755574e-01
3.074321e+00 3.771662e-05 9.256760e-01 8.753649e-01
3.074566e+00 3.804190e-05 8.831540e-01 8.753640e-01
3.077175e+00 3.857541e-05 9.274180e-01 8.751372e-01
3.084434e+00 3.917509e-05 9.119110e-01 8.747913e-01
3.074413e+00 3.826919e-05 9.220390e-01 8.760938e-01
3.077505e+00 3.963613e-05 9.217460e-01 8.758403e-01
3.077295e+00 3.904973e-05 8.851460e-01 8.757908e-01
3.078901e+00 4.016261e-05 9.397510e-01 8.749514e-01
3.084843e+00 5.277176e-05 9.055200e-01 8.753668e-01
3.072791e+00 3.902819e-05 9.124960e-01 8.756203e-01
3.077133e+00 4.047228e-05 9.181590e-01 8.758594e-01
3.078502e+00 3.824792e-05 9.086610e-01 8.751191e-01
3.085372e+00 4.043402e-05 9.089200e-01 8.754707e-01
3.073128e+00 3.748778e-05 9.218290e-01 8.754173e-01
3.068742e+00 3.767376e-05 9.241780e-01 8.754345e-01
3.078565e+00 4.147155e-05 9.237880e-01 8.754459e-01
3.079383e+00 3.818989e-05 9.113230e-01 8.751181e-01
3.085912e+00 4.206333e-05 9.295270e-01 8.758737e-01
3.082340e+00 4.930773e-05 9.160990e-01 8.753373e-01
3.072669e+00 4.061933e-05 9.287560e-01 8.759099e-01
3.077776e+00 3.835523e-05 9.089910e-01 8.758222e-01
3.080299e+00 4.153799e-05 9.296550e-01 8.756012e-01
3.082228e+00 3.921456e-05 9.110970e-01 8.752506e-01
3.075572e+00 3.902594e-05 9.022120e-01 8.760061e-01
3.081306e+00 3.905729e-05 9.360120e-01 8.756021e-01
3.076170e+00 3.816576e-05 9.401870e-01 8.758813e-01
3.080698e+00 3.978996e-05 9.350750e-01 8.755221e-01
3.079237e+00 4.123012e-05 9.249730e-01 8.754202e-01
3.066564e+00 3.827989e-05 8.885770e-01 8.759890e-01
3.093969e+00 6.094979e-05 8.902210e-01 8.754507e-01
3.073468e+00 3.858596e-05 9.227130e-01 8.760014e-01
3.076736e+00 3.982022e-05 8.920880e-01 8.756765e-01
3.071690e+00 3.779067e-05 9.164280e-01 8.750619e-01
3.086170e+00 4.011775e-05 9.116840e-01 8.758651e-01
3.078755e+00 4.456123e-05 8.960630e-01 8.753230e-01
3.082486e+00 3.916223e-05 9.140070e-01 8.759985e-01
3.078122e+00 4.561108e-05 9.119130e-01 8.754459e-01
3.077919e+00 4.082383e-05 9.164960e-01 8.751239e-01
3.081152e+00 3.896095e-05 9.037520e-01 8.761776e-01
3.084493e+00 4.024895e-05 9.315960e-01 8.756546e-01
3.083017e+00 4.035807e-05 9.108830e-01 8.755517e-01
3.081153e+00 3.900833e-05 9.049840e-01 8.758461e-01
3.075524e+00 3.844811e-05 9.227090e-01 8.759480e-01
3.078137e+00 3.867233e-05 9.002000e-01 8.742206e-01
3.081696e+00 3.899644e-05 9.072690e-01 8.754488e-01
3.077406e+00 3.963553e-05 9.457340e-01 8.753487e-01
3.066200e+00 3.826829e-05 9.255420e-01 8.759280e-01
3.075638e+00 3.782640e-05 8.960330e-01 8.749009e-01
3.083930e+00 4.195925e-05 8.906840e-01 8.749143e-01
3.076139e+00 3.843563e-05 9.230000e-01 8.760633e-01
3.083737e+00 6.667544e-05 9.056110e-01 8.754011e-01
3.069517e+00 3.781053e-05 9.278610e-01 8.755126e-01
3.080927e+00 4.099733e-05 9.079460e-01 8.754183e-01
3.078452e+00 3.886290e-05 9.135150e-01 8.762005e-01
3.077366e+00 3.832218e-05 9.312430e-01 8.754221e-01
3.077186e+00 4.070778e-05 9.218050e-01 8.755212e-01
3.078714e+00 3.869911e-05 9.158890e-01 8.759413e-01
3.089243e+00 4.028175e-05 9.359530e-01 8.754287e-01
3.070530e+00 3.953790e-05 9.172850e-01 8.755069e-01
3.075265e+00 3.806712e-05 9.334860e-01 8.748237e-01
3.080011e+00 4.075017e-05 9.110400e-01 8.755288e-01
3.072209e+00 3.932593e-05 9.190950e-01 8.758527e-01
3.077108e+00 3.897311e-05 8.891810e-01 8.749057e-01
3.079373e+00 4.644367e-05 9.324800e-01 8.753954e-01
3.076864e+00 4.506071e-05 9.182950e-01 8.754669e-01
3.083600e+00 4.403089e-05 9.339430e-01 8.751944e-01
3.083967e+00 3.927029e-05 9.249790e-01 8.756526e-01
3.083561e+00 4.205402e-05 8.970550e-01 8.752487e-01
3.085473e+00 4.313525e-05 9.272950e-01 8.755012e-01
3.088705e+00 4.774543e-05 9.439380e-01 8.751725e-01
3.080921e+00 4.316500e-05 9.186740e-01 8.757813e-01
3.077305e+00 4.110865e-05 9.066820e-01 8.755993e-01
3.075074e+00 3.883054e-05 9.302640e-01 8.751239e-01
3.077543e+00 3.933066e-05 9.166100e-01 8.761185e-01
3.074366e+00 3.883261e-05 9.051070e-01 8.754640e-01
3.070804e+00 3.773607e-05 9.206760e-01 8.752782e-01
3.081204e+00 4.071444e-05 9.122140e-01 8.761004e-01
3.074981e+00 3.896604e-05 9.187510e-01 8.748199e-01
3.082616e+00 4.785523e-05 9.012450e-01 8.755745e-01
3.084621e+00 3.942928e-05 9.249790e-01 8.761033e-01
3.078763e+00 3.839445e-05 8.972400e-01 8.750943e-01
3.078303e+00 3.936467e-05 8.843190e-01 8.754640e-01
3.080578e+00 3.919704e-05 9.118030e-01 8.756412e-01
3.079378e+00 3.945170e-05 9.084730e-01 8.759528e-01
3.082606e+00 4.035199e-05 8.996240e-01 8.749905e-01
3.076886e+00 3.950466e-05 9.162620e-01 8.743893e-01
3.076424e+00 3.919340e-05 9.241250e-01 8.753373e-01
3.078336e+00 3.860688e-05 9.548700e-01 8.752430e-01
3.073041e+00 3.815931e-05 9.097050e-01 8.759461e-01
3.082139e+00 3.883893e-05 9.271460e-01 8.754964e-01
3.080609e+00 3.940922e-05 9.420560e-01 8.754030e-01
3.076546e+00 3.930791e-05 8.961500e-01 8.757470e-01
3.074912e+00 3.849267e-05 9.098710e-01 8.751744e-01
3.075546e+00 3.884144e-05 9.417900e-01 8.751067e-01
3.076650e+00 3.924005e-05 9.140330e-01 8.759547e-01
3.084471e+00 3.998226e-05 9.036580e-01 8.759918e-01
3.080306e+00 3.892551e-05 8.982040e-01 8.748323e-01
3.081256e+00 3.839201e-05 9.130600e-01 8.750991e-01
3.074518e+00 3.902903e-05 9.172030e-01 8.754916e-01
3.082235e+00 4.384683e-05 9.278300e-01 8.757632e-01
3.078490e+00 3.991895e-05 9.077720e-01 8.756041e-01
3.076292e+00 3.987535e-05 9.339910e-01 8.753211e-01
3.076097e+00 4.263337e-05 9.143760e-01 8.757384e-01
3.077548e+00 3.865776e-05 9.424220e-01 8.748199e-01
3.076709e+00 3.845917e-05 9.239840e-01 8.759632e-01
3.076243e+00 3.884055e-05 9.016970e-01 8.748133e-01
3.075173e+00 3.873158e-05 8.927830e-01 8.760014e-01
3.084520e+00 4.175270e-05 9.280270e-01 8.755869e-01
3.077133e+00 3.837508e-05 9.076900e-01 8.754535e-01
3.074584e+00 3.814995e-05 9.013920e-01 8.757127e-01
3.080046e+00 4.015127e-05 8.959830e-01 8.758089e-01
3.073720e+00 3.890056e-05 9.282430e-01 8.755031e-01
3.082034e+00 4.060910e-05 9.110260e-01 8.757956e-01
3.069470e+00 3.865291e-05 9.334210e-01 8.757470e-01
3.078598e+00 3.898826e-05 9.259630e-01 8.757975e-01
3.081068e+00 3.874035e-05 9.135650e-01 8.757594e-01
3.086121e+00 4.703653e-05 8.957080e-01 8.753964e-01
3.080049e+00 3.941178e-05 9.226060e-01 8.749333e-01
3.083632e+00 3.999985e-05 9.248360e-01 8.750314e-01
3.082378e+00 3.931979e-05 8.883540e-01 8.762986e-01
3.084690e+00 8.339463e-05 9.030340e-01 8.762014e-01
3.077308e+00 3.855317e-05 9.218190e-01 8.758318e-01
3.072110e+00 3.811268e-05 9.137550e-01 8.752048e-01
