# dim  N   mc   rho  Brute 
# 2    2 262394 1
#
# Theoretical Energy = 2.000000e+00
# Energy     Variance     CPU time     Acceptance
3.279609e+00 4.667046e-05 1.248607e+00 8.617575e-01
3.269693e+00 5.941145e-05 1.214177e+00 8.617747e-01
3.256054e+00 4.837272e-05 1.235733e+00 8.619519e-01
3.237067e+00 4.560556e-05 1.237241e+00 8.608838e-01
3.250102e+00 4.568331e-05 1.202772e+00 8.624378e-01
3.236687e+00 4.594325e-05 1.227022e+00 8.614288e-01
3.239924e+00 4.541989e-05 1.198312e+00 8.619395e-01
3.227042e+00 4.496663e-05 1.219075e+00 8.622329e-01
3.240189e+00 1.068621e-04 1.212102e+00 8.616213e-01
3.226414e+00 4.453870e-05 1.208706e+00 8.611325e-01
3.234321e+00 4.897255e-05 1.212863e+00 8.615146e-01
3.232504e+00 4.484184e-05 1.214662e+00 8.612630e-01
3.220974e+00 4.479993e-05 1.212511e+00 8.617213e-01
3.218689e+00 4.366716e-05 1.220904e+00 8.613907e-01
3.228501e+00 4.477311e-05 1.246939e+00 8.617013e-01
3.231011e+00 4.519925e-05 1.219833e+00 8.616660e-01
3.225413e+00 4.489239e-05 1.225426e+00 8.618004e-01
3.224438e+00 4.734342e-05 1.198366e+00 8.608409e-01
3.218554e+00 4.385583e-05 1.203586e+00 8.620967e-01
3.227320e+00 4.586040e-05 1.220421e+00 8.615917e-01
3.231316e+00 4.736389e-05 1.241438e+00 8.619976e-01
3.218380e+00 4.692587e-05 1.206175e+00 8.610029e-01
3.235201e+00 4.607020e-05 1.227065e+00 8.619385e-01
3.219420e+00 4.391327e-05 1.225779e+00 8.620062e-01
3.221684e+00 4.709920e-05 1.185262e+00 8.613936e-01
3.220857e+00 4.514533e-05 1.246830e+00 8.620986e-01
3.225251e+00 5.592087e-05 1.241846e+00 8.624778e-01
3.226952e+00 4.453645e-05 1.220331e+00 8.613497e-01
3.223842e+00 4.449708e-05 1.229429e+00 8.614783e-01
3.222607e+00 4.554652e-05 1.219945e+00 8.618861e-01
3.223844e+00 4.790458e-05 1.206063e+00 8.614736e-01
3.226843e+00 4.531114e-05 1.215532e+00 8.614831e-01
3.234141e+00 4.534406e-05 1.193134e+00 8.618128e-01
3.214507e+00 4.510742e-05 1.225225e+00 8.616984e-01
3.231848e+00 4.516597e-05 1.207246e+00 8.617737e-01
3.234563e+00 4.531329e-05 1.226037e+00 8.628227e-01
3.216951e+00 4.704557e-05 1.221983e+00 8.613392e-01
3.226557e+00 4.943817e-05 1.205043e+00 8.621662e-01
3.218409e+00 4.445663e-05 1.227254e+00 8.625359e-01
3.225791e+00 4.806975e-05 1.236205e+00 8.624997e-01
3.219973e+00 4.682365e-05 1.237797e+00 8.622911e-01
3.220027e+00 4.822718e-05 1.239208e+00 8.615508e-01
3.217390e+00 4.500069e-05 1.230370e+00 8.621558e-01
3.215641e+00 5.176700e-05 1.229369e+00 8.617204e-01
3.220478e+00 4.447541e-05 1.205089e+00 8.620862e-01
3.228493e+00 5.474329e-05 1.181452e+00 8.616679e-01
3.221720e+00 4.576341e-05 1.257633e+00 8.622225e-01
3.220224e+00 4.791218e-05 1.198598e+00 8.611411e-01
3.220874e+00 4.593354e-05 1.212058e+00 8.619204e-01
3.220369e+00 4.781084e-05 1.212704e+00 8.622777e-01
3.218107e+00 4.526361e-05 1.221480e+00 8.622606e-01
3.219390e+00 4.523041e-05 1.203274e+00 8.619004e-01
3.215199e+00 5.267104e-05 1.213766e+00 8.614926e-01
3.224081e+00 4.777693e-05 1.208366e+00 8.617604e-01
3.226466e+00 4.469482e-05 1.245168e+00 8.623406e-01
3.224444e+00 4.626306e-05 1.226013e+00 8.621243e-01
3.219370e+00 4.502032e-05 1.209920e+00 8.620071e-01
3.218066e+00 4.587226e-05 1.217688e+00 8.618128e-01
3.226153e+00 4.600366e-05 1.237665e+00 8.626198e-01
3.215765e+00 4.420169e-05 1.191275e+00 8.625350e-01
3.220382e+00 4.506652e-05 1.190840e+00 8.625121e-01
3.212470e+00 4.436081e-05 1.205651e+00 8.622892e-01
3.226766e+00 4.483456e-05 1.232945e+00 8.618213e-01
3.211849e+00 5.790685e-05 1.214137e+00 8.618347e-01
3.220576e+00 4.507263e-05 1.208264e+00 8.618614e-01
3.222348e+00 4.492767e-05 1.226297e+00 8.620157e-01
3.225527e+00 4.615078e-05 1.234738e+00 8.620100e-01
3.220909e+00 4.577649e-05 1.206347e+00 8.625807e-01
3.227046e+00 5.187976e-05 1.218926e+00 8.620891e-01
3.221181e+00 4.595058e-05 1.237900e+00 8.632152e-01
3.211737e+00 4.490758e-05 1.211535e+00 8.623501e-01
3.218767e+00 4.752095e-05 1.258451e+00 8.620348e-01
3.215253e+00 4.657549e-05 1.231573e+00 8.624873e-01
3.208257e+00 4.453288e-05 1.212492e+00 8.623482e-01
3.217189e+00 4.383681e-05 1.182829e+00 8.619281e-01
3.201904e+00 4.336201e-05 1.240744e+00 8.627541e-01
3.214671e+00 4.499926e-05 1.236038e+00 8.633381e-01
3.214510e+00 4.499390e-05 1.215920e+00 8.621805e-01
3.213050e+00 4.647734e-05 1.238691e+00 8.625588e-01
3.217832e+00 4.446668e-05 1.225749e+00 8.626398e-01
3.217269e+00 4.738371e-05 1.203472e+00 8.622815e-01
3.229929e+00 6.205115e-05 1.180363e+00 8.620062e-01
3.208790e+00 4.448759e-05 1.192249e+00 8.629285e-01
3.206910e+00 4.762870e-05 1.197213e+00 8.621100e-01
3.226377e+00 6.455452e-05 1.222383e+00 8.629980e-01
3.213729e+00 4.441911e-05 1.205788e+00 8.627255e-01
3.218950e+00 4.782283e-05 1.209555e+00 8.626160e-01
3.215829e+00 6.617552e-05 1.226443e+00 8.621167e-01
3.221361e+00 5.184097e-05 1.239544e+00 8.623901e-01
3.213916e+00 4.661832e-05 1.196720e+00 8.627589e-01
3.205278e+00 4.404578e-05 1.216001e+00 8.630495e-01
3.212693e+00 4.674761e-05 1.233754e+00 8.631057e-01
3.211395e+00 4.567056e-05 1.219676e+00 8.621424e-01
3.214678e+00 4.564415e-05 1.227630e+00 8.628246e-01
3.222591e+00 4.722664e-05 1.213291e+00 8.628532e-01
3.216138e+00 4.602414e-05 1.193062e+00 8.625559e-01
3.210590e+00 4.921246e-05 1.228642e+00 8.627379e-01
3.212439e+00 4.539220e-05 1.223067e+00 8.631257e-01
3.221243e+00 4.790864e-05 1.223839e+00 8.628665e-01
3.215145e+00 4.561156e-05 1.212116e+00 8.633972e-01
3.210328e+00 4.359082e-05 1.209933e+00 8.636135e-01
3.203636e+00 4.448253e-05 1.211542e+00 8.621339e-01
3.198220e+00 4.398440e-05 1.192224e+00 8.627398e-01
3.211717e+00 4.501762e-05 1.233678e+00 8.631133e-01
3.213911e+00 4.704957e-05 1.203142e+00 8.630218e-01
3.214710e+00 4.759109e-05 1.233167e+00 8.629770e-01
3.210471e+00 4.519402e-05 1.215685e+00 8.635878e-01
3.204751e+00 4.433429e-05 1.209173e+00 8.633381e-01
3.199964e+00 4.584851e-05 1.231974e+00 8.628722e-01
3.204321e+00 4.636463e-05 1.237465e+00 8.630942e-01
3.211634e+00 4.727996e-05 1.208691e+00 8.634944e-01
3.207839e+00 4.506425e-05 1.217705e+00 8.636145e-01
3.196505e+00 4.651705e-05 1.199023e+00 8.628989e-01
3.205625e+00 5.315026e-05 1.243394e+00 8.629370e-01
3.204895e+00 4.568025e-05 1.207253e+00 8.635268e-01
3.208554e+00 4.649956e-05 1.228705e+00 8.631266e-01
3.200334e+00 4.501315e-05 1.220636e+00 8.630418e-01
3.201128e+00 4.515086e-05 1.218914e+00 8.630590e-01
3.205229e+00 4.478673e-05 1.238589e+00 8.632057e-01
3.199166e+00 4.381831e-05 1.253311e+00 8.636002e-01
3.201499e+00 4.558832e-05 1.224892e+00 8.635297e-01
3.204439e+00 4.740743e-05 1.228416e+00 8.636535e-01
3.198811e+00 4.518016e-05 1.269191e+00 8.624788e-01
3.195064e+00 4.781998e-05 1.295412e+00 8.631409e-01
3.206918e+00 5.794085e-05 1.283880e+00 8.634258e-01
3.201502e+00 4.376527e-05 1.231168e+00 8.638669e-01
3.203559e+00 4.825666e-05 1.262290e+00 8.639470e-01
3.203662e+00 4.445628e-05 1.209269e+00 8.636869e-01
3.207362e+00 5.571171e-05 1.184481e+00 8.635687e-01
3.195648e+00 4.489141e-05 1.191682e+00 8.636640e-01
3.190519e+00 4.522161e-05 1.356183e+00 8.637678e-01
3.196353e+00 4.381346e-05 1.196249e+00 8.640156e-01
3.187275e+00 4.347613e-05 1.341808e+00 8.642919e-01
3.190496e+00 4.321108e-05 1.236666e+00 8.645767e-01
3.200706e+00 4.524242e-05 1.174420e+00 8.636497e-01
3.193636e+00 4.522369e-05 1.249834e+00 8.645577e-01
3.200878e+00 4.703976e-05 1.205599e+00 8.640270e-01
3.189427e+00 4.549194e-05 1.154324e+00 8.639765e-01
3.193210e+00 5.043884e-05 1.194232e+00 8.637612e-01
3.192735e+00 4.635332e-05 1.209197e+00 8.635268e-01
3.193422e+00 4.581043e-05 1.243435e+00 8.643938e-01
3.187642e+00 4.510988e-05 1.255348e+00 8.643119e-01
3.196046e+00 4.461737e-05 1.382797e+00 8.648702e-01
3.190996e+00 4.640703e-05 1.259790e+00 8.647549e-01
3.181711e+00 4.348748e-05 1.270967e+00 8.642271e-01
3.187099e+00 4.551218e-05 1.286236e+00 8.647501e-01
3.188416e+00 4.582091e-05 1.295191e+00 8.643214e-01
3.173197e+00 4.736716e-05 1.274553e+00 8.642395e-01
3.181773e+00 4.647911e-05 1.247735e+00 8.642376e-01
3.179933e+00 4.398660e-05 1.278142e+00 8.648635e-01
3.175154e+00 4.338971e-05 1.257329e+00 8.647416e-01
3.185076e+00 4.374476e-05 1.307891e+00 8.647082e-01
3.182883e+00 4.543635e-05 1.292043e+00 8.648931e-01
3.179698e+00 4.413513e-05 1.268917e+00 8.645758e-01
3.169956e+00 4.430830e-05 1.294776e+00 8.645510e-01
3.179721e+00 4.635136e-05 1.338161e+00 8.649540e-01
3.170397e+00 4.454719e-05 1.230341e+00 8.651713e-01
3.173248e+00 4.514846e-05 1.241275e+00 8.651341e-01
3.171771e+00 4.242429e-05 1.312668e+00 8.653523e-01
3.180571e+00 4.386671e-05 1.320803e+00 8.652808e-01
3.181134e+00 4.554422e-05 1.288596e+00 8.654485e-01
3.170536e+00 4.602812e-05 1.252659e+00 8.654190e-01
3.173751e+00 4.458931e-05 1.215062e+00 8.662946e-01
3.171377e+00 4.491806e-05 1.227630e+00 8.655581e-01
3.171682e+00 4.526783e-05 1.204051e+00 8.657429e-01
3.172937e+00 4.437879e-05 1.206242e+00 8.646873e-01
3.165752e+00 4.648206e-05 1.225659e+00 8.660602e-01
3.164535e+00 4.358499e-05 1.180390e+00 8.654152e-01
3.168612e+00 4.328047e-05 1.202722e+00 8.656334e-01
3.165048e+00 4.407864e-05 1.259402e+00 8.659535e-01
3.161172e+00 4.352807e-05 1.264873e+00 8.661383e-01
3.162022e+00 4.284096e-05 1.289523e+00 8.663803e-01
3.156608e+00 4.290139e-05 1.306716e+00 8.659764e-01
3.163669e+00 4.234363e-05 1.290192e+00 8.659592e-01
3.156874e+00 4.388671e-05 1.284793e+00 8.654352e-01
3.164857e+00 4.426936e-05 1.239621e+00 8.663517e-01
3.156016e+00 4.297869e-05 1.191776e+00 8.665718e-01
3.165495e+00 4.617398e-05 1.227140e+00 8.672026e-01
3.159065e+00 4.401342e-05 1.242119e+00 8.669539e-01
3.162582e+00 4.729042e-05 1.229443e+00 8.669005e-01
3.154502e+00 4.338297e-05 1.251381e+00 8.659316e-01
3.154471e+00 4.200626e-05 1.234484e+00 8.666471e-01
3.152347e+00 4.412010e-05 1.246029e+00 8.673712e-01
3.158324e+00 4.218617e-05 1.254700e+00 8.668901e-01
3.171368e+00 2.560035e-04 1.219477e+00 8.662641e-01
3.143953e+00 4.215742e-05 1.246167e+00 8.674179e-01
3.156819e+00 4.366669e-05 1.221492e+00 8.675522e-01
3.157132e+00 4.307213e-05 1.275402e+00 8.666442e-01
3.141498e+00 4.466910e-05 1.248026e+00 8.663975e-01
3.155537e+00 4.431310e-05 1.246469e+00 8.668424e-01
3.143480e+00 4.248830e-05 1.189392e+00 8.672836e-01
3.149745e+00 4.396071e-05 1.144677e+00 8.676132e-01
3.149717e+00 4.184154e-05 1.144870e+00 8.669139e-01
3.144436e+00 4.410076e-05 1.144914e+00 8.667243e-01
3.143804e+00 4.465777e-05 1.151707e+00 8.672331e-01
3.139432e+00 4.110631e-05 1.146939e+00 8.677771e-01
3.146393e+00 4.196849e-05 1.158307e+00 8.675570e-01
3.151473e+00 4.327896e-05 1.151836e+00 8.680115e-01
3.150530e+00 4.878349e-05 1.158337e+00 8.684459e-01
3.154414e+00 4.314730e-05 1.150902e+00 8.674760e-01
3.153917e+00 4.243969e-05 1.151332e+00 8.688537e-01
3.148393e+00 4.472438e-05 1.145238e+00 8.679838e-01
3.139425e+00 4.124120e-05 1.152016e+00 8.681639e-01
3.140115e+00 4.215849e-05 1.171556e+00 8.681125e-01
3.141635e+00 4.269711e-05 1.151832e+00 8.682773e-01
3.144896e+00 4.145168e-05 1.160542e+00 8.680791e-01
3.145401e+00 4.153071e-05 1.151306e+00 8.680400e-01
3.152053e+00 4.303065e-05 1.169245e+00 8.679800e-01
3.140229e+00 4.135081e-05 1.169328e+00 8.686279e-01
3.138332e+00 4.261082e-05 1.177962e+00 8.675484e-01
3.146653e+00 4.271838e-05 1.155775e+00 8.681048e-01
3.140900e+00 4.176897e-05 1.158580e+00 8.686698e-01
3.135795e+00 4.205800e-05 1.151975e+00 8.690681e-01
3.137735e+00 4.271644e-05 1.151103e+00 8.684659e-01
3.144821e+00 4.230891e-05 1.148241e+00 8.688013e-01
3.144668e+00 4.526128e-05 1.151787e+00 8.691195e-01
3.137912e+00 4.236758e-05 1.152153e+00 8.687641e-01
3.136260e+00 4.061093e-05 1.149098e+00 8.685765e-01
3.133043e+00 4.195170e-05 1.175896e+00 8.690271e-01
3.144189e+00 4.221666e-05 1.158828e+00 8.691776e-01
3.133968e+00 4.203035e-05 1.144999e+00 8.689957e-01
3.136631e+00 4.566307e-05 1.150317e+00 8.690138e-01
3.130959e+00 4.207092e-05 1.175335e+00 8.684250e-01
3.125978e+00 4.209604e-05 1.159279e+00 8.691367e-01
3.129736e+00 4.163985e-05 1.153171e+00 8.690195e-01
3.132975e+00 4.138664e-05 1.159041e+00 8.689595e-01
3.132429e+00 4.168451e-05 1.146874e+00 8.690071e-01
3.128001e+00 4.140704e-05 1.150324e+00 8.689585e-01
3.137269e+00 4.433120e-05 1.156749e+00 8.692796e-01
3.129601e+00 4.261467e-05 1.151595e+00 8.691786e-01
3.133446e+00 4.254932e-05 1.158745e+00 8.695711e-01
3.139047e+00 4.181871e-05 1.171846e+00 8.693520e-01
3.116008e+00 4.170462e-05 1.145039e+00 8.690014e-01
3.130852e+00 4.114831e-05 1.151409e+00 8.695387e-01
3.130458e+00 4.138691e-05 1.144773e+00 8.695473e-01
3.130763e+00 4.167081e-05 1.154643e+00 8.697464e-01
3.125674e+00 4.109231e-05 1.147836e+00 8.695416e-01
3.123228e+00 4.100836e-05 1.158672e+00 8.697636e-01
3.128145e+00 4.301501e-05 1.144498e+00 8.704572e-01
3.134181e+00 4.586969e-05 1.144857e+00 8.704658e-01
3.132427e+00 4.167338e-05 1.151892e+00 8.695254e-01
3.114439e+00 4.067252e-05 1.144998e+00 8.696331e-01
3.121774e+00 4.022513e-05 1.144274e+00 8.701104e-01
3.127473e+00 4.861063e-05 1.145192e+00 8.700323e-01
3.120385e+00 4.136143e-05 1.156311e+00 8.701409e-01
3.121065e+00 4.107985e-05 1.160312e+00 8.693996e-01
3.123463e+00 4.654747e-05 1.146798e+00 8.709765e-01
3.121375e+00 4.415967e-05 1.151062e+00 8.702619e-01
3.128051e+00 4.184723e-05 1.144226e+00 8.704410e-01
3.127730e+00 4.389645e-05 1.148345e+00 8.709708e-01
3.129020e+00 4.234397e-05 1.150720e+00 8.706401e-01
3.120507e+00 4.081327e-05 1.144616e+00 8.706763e-01
3.134770e+00 4.551311e-05 1.144425e+00 8.706630e-01
3.121039e+00 4.054738e-05 1.153100e+00 8.703048e-01
3.124598e+00 4.081930e-05 1.172708e+00 8.711518e-01
3.121407e+00 4.305601e-05 1.149825e+00 8.698589e-01
3.118491e+00 4.063612e-05 1.153978e+00 8.702486e-01
3.123676e+00 4.077031e-05 1.151120e+00 8.702981e-01
3.122547e+00 4.379366e-05 1.164946e+00 8.705144e-01
3.119601e+00 4.064024e-05 1.144908e+00 8.705106e-01
3.120284e+00 4.184553e-05 1.144137e+00 8.704629e-01
3.119419e+00 4.225856e-05 1.144141e+00 8.714138e-01
3.124916e+00 4.257095e-05 1.158824e+00 8.709393e-01
3.115212e+00 4.231985e-05 1.150103e+00 8.702848e-01
3.114326e+00 4.285403e-05 1.151260e+00 8.709946e-01
3.123564e+00 4.067320e-05 1.151731e+00 8.715072e-01
3.121224e+00 4.240556e-05 1.146619e+00 8.712013e-01
3.123845e+00 4.164689e-05 1.144359e+00 8.713995e-01
3.123218e+00 4.229508e-05 1.147548e+00 8.710422e-01
3.115012e+00 4.149983e-05 1.145380e+00 8.708564e-01
3.112141e+00 4.048525e-05 1.145590e+00 8.714043e-01
3.125579e+00 6.601580e-05 1.159235e+00 8.712537e-01
3.120105e+00 4.332855e-05 1.154452e+00 8.708898e-01
3.108494e+00 4.072461e-05 1.152659e+00 8.710956e-01
3.118019e+00 4.209281e-05 1.172462e+00 8.709708e-01
3.111769e+00 4.200490e-05 1.151373e+00 8.713700e-01
3.107880e+00 4.397994e-05 1.147105e+00 8.708745e-01
3.119617e+00 5.247131e-05 1.145470e+00 8.715319e-01
3.122420e+00 4.154380e-05 1.159225e+00 8.715005e-01
3.119046e+00 4.125182e-05 1.146284e+00 8.716491e-01
3.112211e+00 3.975181e-05 1.146798e+00 8.712299e-01
3.110439e+00 4.018993e-05 1.150059e+00 8.718902e-01
3.114813e+00 4.525265e-05 1.157830e+00 8.721217e-01
3.126139e+00 1.024029e-04 1.149471e+00 8.716463e-01
3.106430e+00 4.772763e-05 1.146299e+00 8.715634e-01
3.112060e+00 4.285142e-05 1.146708e+00 8.721522e-01
3.109667e+00 4.127255e-05 1.146383e+00 8.710813e-01
3.110567e+00 4.300548e-05 1.157207e+00 8.720007e-01
3.107304e+00 3.973770e-05 1.148453e+00 8.713919e-01
3.124364e+00 1.122139e-04 1.158646e+00 8.726133e-01
3.100639e+00 4.151968e-05 1.147614e+00 8.717520e-01
3.112317e+00 4.273632e-05 1.154344e+00 8.721293e-01
3.110517e+00 4.083943e-05 1.147949e+00 8.715986e-01
3.101744e+00 4.156864e-05 1.145996e+00 8.726543e-01
3.108265e+00 4.041690e-05 1.145705e+00 8.717168e-01
3.107564e+00 1.051274e-04 1.145689e+00 8.715653e-01
3.108456e+00 4.283734e-05 1.155353e+00 8.721198e-01
3.096659e+00 3.948156e-05 1.151590e+00 8.716196e-01
3.103018e+00 4.207604e-05 1.148560e+00 8.718911e-01
3.108303e+00 4.132479e-05 1.152671e+00 8.722560e-01
3.096141e+00 4.015227e-05 1.151107e+00 8.726276e-01
3.103218e+00 4.140523e-05 1.144856e+00 8.728210e-01
3.101154e+00 3.987531e-05 1.144988e+00 8.725628e-01
3.100218e+00 3.926245e-05 1.152116e+00 8.723923e-01
3.112628e+00 4.855008e-05 1.145821e+00 8.725352e-01
3.097850e+00 3.917171e-05 1.158072e+00 8.733041e-01
3.102077e+00 4.193151e-05 1.159649e+00 8.728877e-01
3.100632e+00 4.050329e-05 1.167390e+00 8.723018e-01
3.102104e+00 4.264033e-05 1.145652e+00 8.728582e-01
3.097656e+00 4.061479e-05 1.161136e+00 8.726505e-01
3.099608e+00 4.285843e-05 1.147521e+00 8.728039e-01
3.101902e+00 4.103981e-05 1.148695e+00 8.729496e-01
3.098166e+00 4.098723e-05 1.146512e+00 8.730821e-01
3.097959e+00 4.042962e-05 1.146408e+00 8.732326e-01
3.094342e+00 4.064204e-05 1.151876e+00 8.732183e-01
3.097284e+00 3.971320e-05 1.153541e+00 8.721836e-01
3.099893e+00 4.957582e-05 1.150163e+00 8.727219e-01
3.095531e+00 4.023626e-05 1.150878e+00 8.728334e-01
3.088354e+00 3.946120e-05 1.165623e+00 8.725809e-01
3.093531e+00 4.041184e-05 1.322974e+00 8.734146e-01
3.103384e+00 4.051449e-05 1.188256e+00 8.737557e-01
3.106796e+00 5.774234e-05 1.187370e+00 8.728972e-01
3.093336e+00 3.929705e-05 1.153340e+00 8.735909e-01
3.092592e+00 4.086357e-05 1.155083e+00 8.727600e-01
3.096776e+00 4.065367e-05 1.153176e+00 8.734965e-01
3.092034e+00 3.973366e-05 1.190495e+00 8.731659e-01
3.088952e+00 4.002996e-05 1.175865e+00 8.738491e-01
3.090302e+00 3.915163e-05 1.154653e+00 8.732031e-01
3.094145e+00 3.963537e-05 1.147890e+00 8.736442e-01
3.096920e+00 4.186596e-05 1.148869e+00 8.732279e-01
3.095520e+00 3.994423e-05 1.148308e+00 8.743874e-01
3.086603e+00 3.947659e-05 1.152024e+00 8.739796e-01
3.094042e+00 3.979168e-05 1.158570e+00 8.736299e-01
3.081644e+00 3.851119e-05 1.151928e+00 8.743474e-01
3.093459e+00 3.960310e-05 1.146794e+00 8.738176e-01
3.089817e+00 3.947007e-05 1.159619e+00 8.740549e-01
3.090941e+00 3.964727e-05 1.152677e+00 8.737014e-01
3.091191e+00 4.007650e-05 1.145910e+00 8.742254e-01
3.092930e+00 3.930501e-05 1.146211e+00 8.744598e-01
3.096890e+00 4.069760e-05 1.149471e+00 8.742092e-01
3.091602e+00 4.037335e-05 1.158066e+00 8.740444e-01
3.087441e+00 3.959005e-05 1.154784e+00 8.744140e-01
3.086474e+00 4.178924e-05 1.162539e+00 8.738881e-01
3.087208e+00 4.200800e-05 1.148472e+00 8.743073e-01
3.091464e+00 4.331101e-05 1.166215e+00 8.737338e-01
3.093179e+00 4.137531e-05 1.148763e+00 8.736909e-01
3.083362e+00 3.875017e-05 1.154173e+00 8.738576e-01
3.084709e+00 4.139609e-05 1.152515e+00 8.741654e-01
3.084291e+00 4.002415e-05 1.146473e+00 8.744331e-01
3.086716e+00 3.972859e-05 1.152551e+00 8.740167e-01
3.091959e+00 4.393209e-05 1.152450e+00 8.739748e-01
3.091270e+00 4.126746e-05 1.154690e+00 8.736071e-01
3.092335e+00 4.105464e-05 1.152945e+00 8.747790e-01
3.084501e+00 3.903743e-05 1.151159e+00 8.745455e-01
3.097137e+00 4.076352e-05 1.144225e+00 8.744064e-01
3.095174e+00 4.213695e-05 1.145661e+00 8.743073e-01
3.093586e+00 4.351589e-05 1.145195e+00 8.740587e-01
3.082749e+00 3.924843e-05 1.145929e+00 8.735947e-01
3.087180e+00 4.098651e-05 1.166708e+00 8.739072e-01
3.090033e+00 3.984615e-05 1.157616e+00 8.745131e-01
3.083410e+00 4.035702e-05 1.164093e+00 8.746913e-01
3.095180e+00 4.134793e-05 1.147289e+00 8.739739e-01
3.083472e+00 3.896447e-05 1.146232e+00 8.742025e-01
3.092193e+00 3.934598e-05 1.173287e+00 8.743826e-01
3.077032e+00 3.972619e-05 1.162968e+00 8.746989e-01
3.079006e+00 4.108184e-05 1.148802e+00 8.741930e-01
3.084461e+00 4.024703e-05 1.151415e+00 8.741558e-01
3.090671e+00 3.977156e-05 1.149804e+00 8.742587e-01
3.082843e+00 3.948696e-05 1.158000e+00 8.741892e-01
3.088053e+00 4.025876e-05 1.157379e+00 8.756717e-01
3.085485e+00 4.115750e-05 1.166965e+00 8.743864e-01
3.086990e+00 4.293134e-05 1.152660e+00 8.748323e-01
3.085013e+00 3.936901e-05 1.144714e+00 8.742883e-01
3.090629e+00 4.311145e-05 1.146823e+00 8.749066e-01
3.080471e+00 3.856800e-05 1.165505e+00 8.742807e-01
3.092645e+00 4.236813e-05 1.153439e+00 8.753049e-01
3.093167e+00 4.937712e-05 1.146645e+00 8.749781e-01
3.081590e+00 4.003848e-05 1.157985e+00 8.746094e-01
3.083372e+00 3.989484e-05 1.176202e+00 8.746799e-01
3.080242e+00 4.011173e-05 1.152177e+00 8.756955e-01
3.085137e+00 3.882739e-05 1.146169e+00 8.745512e-01
3.086637e+00 4.335789e-05 1.146219e+00 8.750372e-01
3.079263e+00 3.842987e-05 1.148194e+00 8.746141e-01
3.092547e+00 7.100770e-05 1.147592e+00 8.746313e-01
3.085443e+00 3.890043e-05 1.145834e+00 8.750486e-01
3.089613e+00 4.142628e-05 1.145908e+00 8.750800e-01
3.082207e+00 4.050149e-05 1.145637e+00 8.749657e-01
3.086616e+00 3.913542e-05 1.147925e+00 8.746227e-01
3.087972e+00 3.914697e-05 1.164829e+00 8.751572e-01
3.085053e+00 3.913760e-05 1.146045e+00 8.744426e-01
3.082110e+00 3.993146e-05 1.145054e+00 8.744388e-01
3.088547e+00 4.625904e-05 1.145885e+00 8.754554e-01
3.081445e+00 3.930000e-05 1.151242e+00 8.750181e-01
3.083980e+00 3.887155e-05 1.155710e+00 8.747913e-01
3.080860e+00 3.986794e-05 1.147742e+00 8.754183e-01
3.085036e+00 4.003869e-05 1.146215e+00 8.750286e-01
3.085826e+00 4.150663e-05 1.159212e+00 8.749762e-01
3.087916e+00 3.903615e-05 1.152350e+00 8.753478e-01
3.076712e+00 3.795804e-05 1.145792e+00 8.751753e-01
3.090486e+00 4.823934e-05 1.145563e+00 8.753668e-01
3.078068e+00 3.807940e-05 1.152867e+00 8.756927e-01
3.082862e+00 3.923845e-05 1.144505e+00 8.748780e-01
3.083791e+00 3.916495e-05 1.148685e+00 8.749924e-01
3.078118e+00 3.898734e-05 1.147904e+00 8.755631e-01
3.087593e+00 3.910349e-05 1.152152e+00 8.747971e-01
3.076102e+00 3.998667e-05 1.146080e+00 8.754421e-01
3.077776e+00 3.953503e-05 1.146566e+00 8.749152e-01
3.085679e+00 4.234353e-05 1.145829e+00 8.751591e-01
3.085419e+00 3.964234e-05 1.145748e+00 8.752506e-01
3.076960e+00 3.903882e-05 1.146348e+00 8.751267e-01
3.083479e+00 3.865667e-05 1.176812e+00 8.753268e-01
3.084175e+00 3.912058e-05 1.158783e+00 8.748114e-01
3.080666e+00 3.941132e-05 1.146156e+00 8.755164e-01
3.085953e+00 3.953873e-05 1.149505e+00 8.749400e-01
3.077403e+00 3.960343e-05 1.152240e+00 8.749514e-01
3.078523e+00 3.997677e-05 1.147955e+00 8.753582e-01
3.087740e+00 4.884352e-05 1.145136e+00 8.748618e-01
3.082401e+00 3.864858e-05 1.145643e+00 8.747523e-01
3.084137e+00 3.894266e-05 1.152085e+00 8.753478e-01
3.081930e+00 4.049109e-05 1.171886e+00 8.758661e-01
3.087550e+00 4.079362e-05 1.171124e+00 8.747380e-01
3.076553e+00 3.853456e-05 1.145989e+00 8.753116e-01
3.093152e+00 4.132197e-05 1.146218e+00 8.745941e-01
3.087079e+00 3.963115e-05 1.146277e+00 8.749686e-01
3.081167e+00 4.236903e-05 1.154548e+00 8.753068e-01
3.079631e+00 3.896610e-05 1.154783e+00 8.749285e-01
3.084374e+00 3.852012e-05 1.151595e+00 8.747837e-01
3.079127e+00 3.965712e-05 1.170500e+00 8.754002e-01
3.076266e+00 3.843156e-05 1.148482e+00 8.749181e-01
3.084928e+00 4.095006e-05 1.154635e+00 8.753392e-01
3.082592e+00 3.835870e-05 1.150907e+00 8.745398e-01
3.078509e+00 3.847399e-05 1.154243e+00 8.761071e-01
3.090182e+00 3.911838e-05 1.161038e+00 8.749304e-01
3.091321e+00 4.043160e-05 1.147469e+00 8.754954e-01
3.082186e+00 4.008124e-05 1.172903e+00 8.757108e-01
3.083117e+00 4.808794e-05 1.144554e+00 8.749076e-01
3.083492e+00 4.511743e-05 1.151213e+00 8.753916e-01
3.080184e+00 4.025514e-05 1.159886e+00 8.754240e-01
3.082295e+00 3.866745e-05 1.153618e+00 8.765425e-01
3.076646e+00 3.830473e-05 1.145088e+00 8.753916e-01
3.074476e+00 3.937875e-05 1.144801e+00 8.760700e-01
3.081753e+00 3.899552e-05 1.151545e+00 8.758985e-01
3.086987e+00 3.970785e-05 1.150133e+00 8.750591e-01
3.086437e+00 4.142290e-05 1.150399e+00 8.751944e-01
3.079292e+00 3.917595e-05 1.144410e+00 8.762243e-01
3.081922e+00 3.935136e-05 1.157752e+00 8.755526e-01
3.079454e+00 3.917733e-05 1.152224e+00 8.759413e-01
3.081320e+00 3.897055e-05 1.145167e+00 8.753182e-01
3.080942e+00 4.053123e-05 1.146162e+00 8.754173e-01
3.075829e+00 3.883526e-05 1.144981e+00 8.757536e-01
3.084709e+00 4.030517e-05 1.145033e+00 8.751839e-01
3.080270e+00 4.026926e-05 1.149706e+00 8.754297e-01
3.078467e+00 4.158984e-05 1.155831e+00 8.744264e-01
3.082059e+00 4.808414e-05 1.151596e+00 8.756088e-01
3.081993e+00 3.876534e-05 1.148893e+00 8.758060e-01
3.081138e+00 4.013456e-05 1.144590e+00 8.750495e-01
3.089312e+00 4.263130e-05 1.152687e+00 8.756650e-01
3.080915e+00 4.227130e-05 1.145763e+00 8.757889e-01
3.079864e+00 3.832017e-05 1.152125e+00 8.753706e-01
3.080884e+00 3.817570e-05 1.145501e+00 8.753535e-01
3.084791e+00 4.085427e-05 1.145764e+00 8.751867e-01
3.080847e+00 4.325141e-05 1.151572e+00 8.761052e-01
3.081052e+00 3.846697e-05 1.161783e+00 8.751906e-01
3.084081e+00 4.466769e-05 1.152669e+00 8.759718e-01
3.080050e+00 3.875046e-05 1.154738e+00 8.752630e-01
3.083148e+00 3.912399e-05 1.152404e+00 8.752668e-01
3.081979e+00 3.944821e-05 1.144776e+00 8.752010e-01
3.083613e+00 4.053798e-05 1.144445e+00 8.755307e-01
3.084022e+00 4.027539e-05 1.150362e+00 8.751401e-01
3.088765e+00 9.888343e-05 1.154922e+00 8.748876e-01
3.085345e+00 4.253932e-05 1.151872e+00 8.751734e-01
3.074894e+00 3.794691e-05 1.150243e+00 8.758823e-01
3.082308e+00 3.945931e-05 1.145806e+00 8.756612e-01
3.078752e+00 3.804008e-05 1.163648e+00 8.758813e-01
3.076240e+00 3.856293e-05 1.144861e+00 8.752430e-01
3.078505e+00 3.889746e-05 1.152374e+00 8.754192e-01
3.087081e+00 4.132076e-05 1.148065e+00 8.756698e-01
3.080011e+00 4.631781e-05 1.147768e+00 8.750896e-01
3.075102e+00 4.282417e-05 1.159611e+00 8.754688e-01
3.079529e+00 3.997356e-05 1.155225e+00 8.750524e-01
3.076740e+00 3.884926e-05 1.157158e+00 8.763024e-01
3.088563e+00 4.040945e-05 1.144295e+00 8.760090e-01
3.079732e+00 3.914441e-05 1.159768e+00 8.753973e-01
3.079724e+00 3.806690e-05 1.152526e+00 8.750572e-01
3.087618e+00 3.944443e-05 1.155280e+00 8.756117e-01
3.077046e+00 3.771449e-05 1.151693e+00 8.754392e-01
3.080617e+00 3.943644e-05 1.158564e+00 8.753516e-01
3.082390e+00 4.109614e-05 1.158735e+00 8.749733e-01
3.082077e+00 4.219291e-05 1.151463e+00 8.759328e-01
3.091147e+00 4.075429e-05 1.148175e+00 8.753925e-01
3.076612e+00 3.840910e-05 1.145520e+00 8.755774e-01
3.081898e+00 3.851765e-05 1.145551e+00 8.751496e-01
3.077936e+00 3.869991e-05 1.152315e+00 8.757775e-01
3.083355e+00 3.917175e-05 1.150254e+00 8.755745e-01
3.075223e+00 3.866446e-05 1.145505e+00 8.756555e-01
3.082011e+00 3.852286e-05 1.151882e+00 8.762005e-01
3.084747e+00 4.004622e-05 1.151916e+00 8.753782e-01
3.080386e+00 3.954288e-05 1.157836e+00 8.751572e-01
3.081512e+00 3.862327e-05 1.144939e+00 8.758775e-01
3.072689e+00 3.895450e-05 1.150223e+00 8.752153e-01
3.083667e+00 3.986225e-05 1.151656e+00 8.748580e-01
3.077537e+00 3.870953e-05 1.154622e+00 8.749581e-01
3.090378e+00 4.553218e-05 1.148015e+00 8.757860e-01
3.077769e+00 3.859397e-05 1.144658e+00 8.766902e-01
3.086971e+00 3.947164e-05 1.152573e+00 8.757279e-01
3.080548e+00 3.902168e-05 1.149521e+00 8.753239e-01
3.088475e+00 3.936417e-05 1.145531e+00 8.747732e-01
3.082189e+00 4.135740e-05 1.153893e+00 8.753925e-01
3.080671e+00 4.785332e-05 1.144109e+00 8.755450e-01
3.083554e+00 3.911310e-05 1.144604e+00 8.753849e-01
3.083127e+00 4.454204e-05 1.144233e+00 8.758365e-01
3.078647e+00 3.844342e-05 1.145768e+00 8.751705e-01
3.076959e+00 3.867995e-05 1.146023e+00 8.760938e-01
3.076774e+00 3.841718e-05 1.144925e+00 8.750457e-01
3.085099e+00 4.001585e-05 1.152647e+00 8.754259e-01
3.085979e+00 4.114079e-05 1.158402e+00 8.752601e-01
3.087461e+00 4.651614e-05 1.154713e+00 8.755335e-01
3.073393e+00 3.891315e-05 1.158977e+00 8.754773e-01
3.087966e+00 4.256300e-05 1.151411e+00 8.756145e-01
3.083230e+00 3.960982e-05 1.145715e+00 8.750162e-01
3.079965e+00 3.856818e-05 1.146277e+00 8.757098e-01
3.084819e+00 4.066874e-05 1.145467e+00 8.757031e-01
3.083507e+00 4.200278e-05 1.145679e+00 8.763186e-01
3.087756e+00 3.945375e-05 1.151419e+00 8.759985e-01
3.079664e+00 3.833932e-05 1.146593e+00 8.756260e-01
3.083663e+00 3.984125e-05 1.147164e+00 8.754354e-01
3.084421e+00 4.019630e-05 1.146699e+00 8.757879e-01
3.084508e+00 4.045762e-05 1.146714e+00 8.755145e-01
3.085599e+00 3.914008e-05 1.152671e+00 8.756031e-01
3.080080e+00 4.837520e-05 1.145391e+00 8.758661e-01
3.075824e+00 3.817682e-05 1.154319e+00 8.751029e-01
3.093227e+00 2.059720e-04 1.158552e+00 8.750962e-01
3.078905e+00 3.828923e-05 1.144522e+00 8.754230e-01
3.074900e+00 3.824471e-05 1.145036e+00 8.751915e-01
3.071349e+00 3.844307e-05 1.168041e+00 8.763663e-01
3.090176e+00 5.046556e-05 1.152613e+00 8.758556e-01
3.070421e+00 3.889156e-05 1.146283e+00 8.755974e-01
3.077311e+00 3.920482e-05 1.144918e+00 8.761776e-01
3.080405e+00 4.130055e-05 1.151815e+00 8.758823e-01
3.081475e+00 3.981955e-05 1.153472e+00 8.753802e-01
3.073642e+00 3.769000e-05 1.147929e+00 8.756336e-01
3.072522e+00 4.104264e-05 1.155032e+00 8.761176e-01
3.082215e+00 4.028676e-05 1.147057e+00 8.755259e-01
3.077555e+00 3.870696e-05 1.157939e+00 8.758527e-01
3.080272e+00 3.960351e-05 1.148568e+00 8.761004e-01
3.082896e+00 4.033432e-05 1.154778e+00 8.753316e-01
3.091473e+00 5.783701e-05 1.151368e+00 8.750667e-01
3.087466e+00 3.957617e-05 1.152136e+00 8.749181e-01
3.076602e+00 4.154335e-05 1.151429e+00 8.756241e-01
3.072608e+00 3.827426e-05 1.150234e+00 8.760176e-01
3.085950e+00 4.128964e-05 1.146429e+00 8.755421e-01
3.088468e+00 4.463153e-05 1.148249e+00 8.749000e-01
3.084061e+00 3.943037e-05 1.185189e+00 8.755097e-01
3.078014e+00 4.654982e-05 1.159589e+00 8.753297e-01
3.079226e+00 3.898892e-05 1.152586e+00 8.762643e-01
3.080025e+00 3.931642e-05 1.145652e+00 8.755040e-01
3.084011e+00 3.971072e-05 1.154751e+00 8.753278e-01
3.088110e+00 4.600813e-05 1.165141e+00 8.755497e-01
3.085917e+00 4.002096e-05 1.144725e+00 8.755088e-01
3.076093e+00 4.095936e-05 1.159945e+00 8.748009e-01
3.120642e+00 1.414477e-03 1.152213e+00 8.761300e-01
3.082281e+00 3.967253e-05 1.150899e+00 8.757003e-01
3.078584e+00 3.793708e-05 1.173085e+00 8.755736e-01
3.075879e+00 3.820460e-05 1.158654e+00 8.751810e-01
3.079139e+00 5.921304e-05 1.145689e+00 8.751982e-01
3.084283e+00 4.013206e-05 1.145683e+00 8.758985e-01
3.079196e+00 3.908390e-05 1.172061e+00 8.754840e-01
3.073474e+00 3.849171e-05 1.157410e+00 8.759747e-01
3.077786e+00 3.875403e-05 1.145996e+00 8.756336e-01
3.071829e+00 4.013859e-05 1.168707e+00 8.756250e-01
3.087205e+00 4.007970e-05 1.144613e+00 8.750305e-01
3.073856e+00 3.887697e-05 1.160647e+00 8.756850e-01
3.084427e+00 4.185942e-05 1.145064e+00 8.745551e-01
3.077843e+00 3.845528e-05 1.144350e+00 8.756831e-01
3.082442e+00 3.822777e-05 1.144812e+00 8.755154e-01
3.081300e+00 3.917632e-05 1.153248e+00 8.760423e-01
3.078477e+00 3.807817e-05 1.147923e+00 8.754002e-01
3.081914e+00 3.974723e-05 1.146574e+00 8.755326e-01
3.080822e+00 4.104931e-05 1.151668e+00 8.757146e-01
3.076510e+00 3.851159e-05 1.144207e+00 8.759833e-01
3.081180e+00 3.878041e-05 1.151713e+00 8.746694e-01
3.075055e+00 3.813085e-05 1.167945e+00 8.755888e-01
3.082931e+00 4.138129e-05 1.170392e+00 8.753868e-01
3.076850e+00 3.924961e-05 1.153074e+00 8.760395e-01
3.078507e+00 3.898940e-05 1.146133e+00 8.745732e-01
3.078751e+00 4.447562e-05 1.154918e+00 8.757670e-01
3.077195e+00 3.890331e-05 1.179694e+00 8.758260e-01
3.076576e+00 3.821574e-05 1.157179e+00 8.744960e-01
3.081662e+00 4.011230e-05 1.151646e+00 8.750734e-01
3.086337e+00 3.926840e-05 1.151077e+00 8.762862e-01
3.077575e+00 4.105016e-05 1.151910e+00 8.749838e-01
3.073932e+00 3.844875e-05 1.157414e+00 8.750743e-01
3.085149e+00 4.124806e-05 1.144438e+00 8.752906e-01
3.080647e+00 4.107908e-05 1.151398e+00 8.744569e-01
3.077513e+00 3.787479e-05 1.155153e+00 8.755307e-01
3.077032e+00 3.793896e-05 1.146079e+00 8.752325e-01
3.079742e+00 3.888450e-05 1.145494e+00 8.756174e-01
3.081749e+00 4.192892e-05 1.146338e+00 8.754183e-01
3.081501e+00 4.200655e-05 1.152161e+00 8.759661e-01
3.081074e+00 3.837554e-05 1.148029e+00 8.755631e-01
3.077470e+00 3.847471e-05 1.144442e+00 8.753106e-01
3.083831e+00 3.991166e-05 1.155469e+00 8.762434e-01
3.080239e+00 3.865049e-05 1.144622e+00 8.752277e-01
3.082883e+00 3.977137e-05 1.144725e+00 8.748342e-01
3.077868e+00 3.877748e-05 1.145893e+00 8.757384e-01
3.079725e+00 4.383055e-05 1.158823e+00 8.754821e-01
3.080603e+00 3.875650e-05 1.144655e+00 8.752915e-01
3.074773e+00 3.821310e-05 1.144158e+00 8.753144e-01
3.076460e+00 3.846958e-05 1.144672e+00 8.750610e-01
3.079150e+00 3.951789e-05 1.151917e+00 8.755564e-01
3.083502e+00 3.918260e-05 1.145918e+00 8.761128e-01
3.075161e+00 3.791342e-05 1.151279e+00 8.755888e-01
3.094523e+00 1.680747e-04 1.151304e+00 8.757984e-01
3.087397e+00 3.899391e-05 1.146986e+00 8.755021e-01
3.081192e+00 4.761665e-05 1.145564e+00 8.753077e-01
3.090606e+00 4.170873e-05 1.145379e+00 8.756326e-01
3.090874e+00 9.142683e-05 1.145472e+00 8.755288e-01
3.075423e+00 3.861772e-05 1.147860e+00 8.753649e-01
3.078887e+00 3.997138e-05 1.161814e+00 8.761281e-01
3.082200e+00 3.853508e-05 1.152246e+00 8.752001e-01
3.086435e+00 3.939040e-05 1.145512e+00 8.756403e-01
3.081019e+00 4.618409e-05 1.146002e+00 8.757070e-01
3.073900e+00 3.837736e-05 1.151599e+00 8.759794e-01
3.086387e+00 4.003235e-05 1.144481e+00 8.754935e-01
3.090288e+00 3.967295e-05 1.144754e+00 8.759213e-01
3.077628e+00 3.839946e-05 1.151813e+00 8.756688e-01
3.083081e+00 4.063461e-05 1.152387e+00 8.752944e-01
3.079325e+00 3.796926e-05 1.154211e+00 8.754221e-01
3.078617e+00 3.866012e-05 1.144147e+00 8.754983e-01
3.083080e+00 3.978532e-05 1.144798e+00 8.755879e-01
3.084599e+00 3.988027e-05 1.148297e+00 8.751410e-01
3.075394e+00 5.306423e-05 1.146486e+00 8.763586e-01
3.082431e+00 4.047733e-05 1.155747e+00 8.750381e-01
3.074392e+00 3.860427e-05 1.144257e+00 8.752715e-01
3.080443e+00 3.928031e-05 1.159499e+00 8.753621e-01
3.077186e+00 3.849711e-05 1.155555e+00 8.762338e-01
3.086961e+00 4.271618e-05 1.158947e+00 8.754592e-01
3.086279e+00 4.011171e-05 1.146187e+00 8.756650e-01
3.079518e+00 3.941862e-05 1.162109e+00 8.748228e-01
3.078160e+00 3.798980e-05 1.153179e+00 8.751401e-01
3.091060e+00 1.824722e-04 1.151760e+00 8.756145e-01
3.079203e+00 4.049374e-05 1.146444e+00 8.755602e-01
3.073306e+00 3.835987e-05 1.151679e+00 8.762596e-01
3.079814e+00 3.876992e-05 1.158654e+00 8.760195e-01
3.083493e+00 3.851853e-05 1.144482e+00 8.755183e-01
3.076688e+00 3.878209e-05 1.151883e+00 8.749971e-01
3.081416e+00 4.090397e-05 1.145934e+00 8.759480e-01
3.080982e+00 3.822363e-05 1.147958e+00 8.760280e-01
3.082855e+00 4.092737e-05 1.144942e+00 8.756317e-01
3.081786e+00 3.838661e-05 1.148040e+00 8.754745e-01
3.082969e+00 3.978278e-05 1.146274e+00 8.751877e-01
3.074443e+00 3.934017e-05 1.145585e+00 8.755307e-01
3.076589e+00 3.896659e-05 1.145600e+00 8.751220e-01
3.083307e+00 3.919536e-05 1.153506e+00 8.765149e-01
3.076966e+00 3.983383e-05 1.155511e+00 8.753087e-01
3.078075e+00 3.858027e-05 1.148792e+00 8.758603e-01
3.081956e+00 4.925381e-05 1.152230e+00 8.747123e-01
3.077239e+00 3.875414e-05 1.145884e+00 8.753535e-01
3.077624e+00 3.831908e-05 1.145897e+00 8.757451e-01
3.087859e+00 4.273225e-05 1.163875e+00 8.751915e-01
3.073816e+00 3.794162e-05 1.155230e+00 8.754992e-01
3.083459e+00 4.001576e-05 1.153023e+00 8.756374e-01
3.089998e+00 4.024823e-05 1.151849e+00 8.759490e-01
3.071450e+00 3.790631e-05 1.144490e+00 8.756746e-01
3.074827e+00 4.815562e-05 1.144560e+00 8.764558e-01
3.082686e+00 3.951178e-05 1.151833e+00 8.755640e-01
3.080213e+00 3.857935e-05 1.144617e+00 8.747123e-01
3.074188e+00 3.829621e-05 1.147594e+00 8.752582e-01
3.083339e+00 4.085567e-05 1.148213e+00 8.753954e-01
3.081182e+00 4.162469e-05 1.145898e+00 8.752572e-01
3.081037e+00 3.870866e-05 1.158871e+00 8.758575e-01
3.077026e+00 3.787075e-05 1.162365e+00 8.750877e-01
3.075230e+00 3.803114e-05 1.151910e+00 8.742883e-01
3.080660e+00 3.925385e-05 1.154913e+00 8.754430e-01
3.080229e+00 4.289408e-05 1.152699e+00 8.746541e-01
3.075188e+00 3.865293e-05 1.145560e+00 8.755012e-01
3.077854e+00 3.892421e-05 1.145665e+00 8.759470e-01
3.082239e+00 4.000729e-05 1.152035e+00 8.756241e-01
3.083034e+00 3.796798e-05 1.144773e+00 8.755307e-01
3.078735e+00 4.057785e-05 1.148231e+00 8.755593e-01
3.072621e+00 3.803879e-05 1.151774e+00 8.761881e-01
3.078531e+00 3.916861e-05 1.144295e+00 8.755002e-01
3.080415e+00 4.114158e-05 1.151312e+00 8.751439e-01
3.077790e+00 4.065931e-05 1.163569e+00 8.759394e-01
3.081734e+00 4.001915e-05 1.151864e+00 8.751029e-01
3.072573e+00 3.851696e-05 1.147784e+00 8.765911e-01
3.079973e+00 3.923187e-05 1.147679e+00 8.753506e-01
3.071048e+00 3.931882e-05 1.159375e+00 8.754383e-01
3.078855e+00 3.841409e-05 1.148326e+00 8.762624e-01
3.080413e+00 3.849875e-05 1.145945e+00 8.754468e-01
3.077367e+00 4.087536e-05 1.162002e+00 8.756364e-01
3.079969e+00 4.010281e-05 1.151953e+00 8.755440e-01
3.086198e+00 4.322260e-05 1.148384e+00 8.748742e-01
3.075400e+00 3.787704e-05 1.146235e+00 8.754516e-01
3.081670e+00 3.893284e-05 1.148118e+00 8.759166e-01
3.074392e+00 3.835612e-05 1.167558e+00 8.751305e-01
3.077286e+00 4.417267e-05 1.151214e+00 8.755840e-01
3.082337e+00 4.259160e-05 1.154456e+00 8.761719e-01
3.078326e+00 4.150057e-05 1.149795e+00 8.758222e-01
3.076669e+00 3.859858e-05 1.148101e+00 8.757784e-01
3.086659e+00 4.477700e-05 1.145752e+00 8.750657e-01
3.077690e+00 3.917085e-05 1.153160e+00 8.753611e-01
3.075349e+00 3.904452e-05 1.152361e+00 8.750467e-01
3.086932e+00 4.393622e-05 1.154362e+00 8.758603e-01
3.080664e+00 4.056800e-05 1.147781e+00 8.755116e-01
3.078164e+00 4.004011e-05 1.146205e+00 8.752315e-01
3.078961e+00 3.814388e-05 1.168746e+00 8.750419e-01
3.079771e+00 3.817319e-05 1.144637e+00 8.748457e-01
3.077847e+00 3.967626e-05 1.164347e+00 8.755031e-01
3.093463e+00 4.152990e-05 1.151767e+00 8.759909e-01
3.081768e+00 4.521192e-05 1.150002e+00 8.753382e-01
3.076126e+00 3.870008e-05 1.151737e+00 8.757003e-01
3.077181e+00 4.277193e-05 1.151604e+00 8.759242e-01
3.075671e+00 3.975032e-05 1.145683e+00 8.751086e-01
3.074165e+00 3.881667e-05 1.151299e+00 8.759575e-01
3.081223e+00 3.896646e-05 1.145377e+00 8.755021e-01
3.076649e+00 3.907075e-05 1.145104e+00 8.754459e-01
3.079635e+00 3.975030e-05 1.147545e+00 8.761176e-01
3.081151e+00 3.911778e-05 1.153025e+00 8.760728e-01
3.084336e+00 3.879771e-05 1.144852e+00 8.759080e-01
3.083768e+00 3.962820e-05 1.144772e+00 8.753859e-01
3.076600e+00 3.891175e-05 1.166798e+00 8.763424e-01
3.075607e+00 4.011654e-05 1.159058e+00 8.762662e-01
3.067337e+00 3.768478e-05 1.163430e+00 8.759480e-01
3.082871e+00 5.094238e-05 1.149793e+00 8.753106e-01
3.076502e+00 3.815411e-05 1.152174e+00 8.756326e-01
3.079820e+00 3.913435e-05 1.161585e+00 8.749848e-01
3.081802e+00 4.012407e-05 1.144756e+00 8.758489e-01
3.073625e+00 3.781794e-05 1.151222e+00 8.755012e-01
3.080086e+00 3.848088e-05 1.144628e+00 8.755926e-01
3.074421e+00 3.848942e-05 1.147578e+00 8.752687e-01
3.085090e+00 4.007528e-05 1.158181e+00 8.762900e-01
3.080293e+00 3.862007e-05 1.152992e+00 8.754335e-01
3.085078e+00 3.867632e-05 1.145785e+00 8.754154e-01
3.077886e+00 3.923248e-05 1.147338e+00 8.751077e-01
3.075693e+00 3.992928e-05 1.147562e+00 8.761833e-01
3.088587e+00 4.147128e-05 1.145664e+00 8.751867e-01
3.070761e+00 3.779526e-05 1.144802e+00 8.754811e-01
3.081334e+00 4.059324e-05 1.154266e+00 8.755802e-01
3.084565e+00 4.232282e-05 1.162433e+00 8.752935e-01
3.075684e+00 3.785399e-05 1.147568e+00 8.766026e-01
3.061323e+00 3.733107e-05 1.144553e+00 8.755869e-01
3.082597e+00 5.627641e-05 1.155151e+00 8.757784e-01
3.081947e+00 3.884431e-05 1.159437e+00 8.754268e-01
3.077455e+00 3.866346e-05 1.152604e+00 8.754945e-01
3.082174e+00 4.077299e-05 1.145677e+00 8.751620e-01
3.080070e+00 3.824549e-05 1.145457e+00 8.766712e-01
3.075476e+00 3.924489e-05 1.158623e+00 8.757870e-01
3.083953e+00 4.512051e-05 1.146146e+00 8.751401e-01
3.075600e+00 3.972270e-05 1.145383e+00 8.752592e-01
3.082669e+00 5.181820e-05 1.144717e+00 8.760376e-01
3.084792e+00 3.998754e-05 1.148839e+00 8.757108e-01
3.093040e+00 5.455988e-05 1.151511e+00 8.755469e-01
3.085123e+00 4.735511e-05 1.147666e+00 8.747809e-01
3.085364e+00 4.122984e-05 1.154512e+00 8.761386e-01
3.078271e+00 3.799366e-05 1.144229e+00 8.768503e-01
3.077541e+00 3.898318e-05 1.152246e+00 8.751677e-01
3.078799e+00 5.171222e-05 1.146498e+00 8.762357e-01
3.077907e+00 3.892829e-05 1.150190e+00 8.753220e-01
3.078477e+00 3.829510e-05 1.152560e+00 8.756622e-01
3.070792e+00 3.798805e-05 1.158402e+00 8.753830e-01
3.084605e+00 3.926160e-05 1.152465e+00 8.758079e-01
3.078921e+00 3.909804e-05 1.145477e+00 8.756345e-01
3.075698e+00 3.861136e-05 1.151511e+00 8.762967e-01
3.084233e+00 3.985361e-05 1.152065e+00 8.763253e-01
3.084417e+00 4.133753e-05 1.157135e+00 8.754183e-01
3.082523e+00 4.108544e-05 1.146125e+00 8.761833e-01
3.081495e+00 3.905445e-05 1.146190e+00 8.760166e-01
3.073845e+00 3.851851e-05 1.146267e+00 8.752820e-01
3.071896e+00 3.801759e-05 1.145823e+00 8.759499e-01
3.082602e+00 3.900037e-05 1.148149e+00 8.759871e-01
3.076554e+00 4.038287e-05 1.146640e+00 8.754773e-01
3.083179e+00 3.967423e-05 1.147183e+00 8.750848e-01
3.082927e+00 3.873572e-05 1.155147e+00 8.754992e-01
3.076515e+00 4.001574e-05 1.154380e+00 8.754630e-01
3.077314e+00 4.602530e-05 1.166762e+00 8.758489e-01
3.081061e+00 3.953412e-05 1.145550e+00 8.759442e-01
3.076419e+00 3.797924e-05 1.144620e+00 8.751315e-01
3.077666e+00 3.893339e-05 1.145000e+00 8.751172e-01
3.084217e+00 4.048560e-05 1.153222e+00 8.753811e-01
3.082536e+00 3.887353e-05 1.158864e+00 8.753411e-01
3.079948e+00 4.662560e-05 1.160268e+00 8.759528e-01
3.073913e+00 3.816237e-05 1.153287e+00 8.755107e-01
3.080183e+00 3.901445e-05 1.152660e+00 8.753830e-01
3.080796e+00 3.920408e-05 1.155268e+00 8.753706e-01
3.074202e+00 3.936568e-05 1.144962e+00 8.758518e-01
3.079151e+00 3.915387e-05 1.152160e+00 8.752506e-01
3.091363e+00 5.921025e-05 1.146527e+00 8.762205e-01
3.077291e+00 4.035663e-05 1.146530e+00 8.759042e-01
3.076766e+00 3.863856e-05 1.145641e+00 8.760185e-01
3.074833e+00 4.067666e-05 1.145911e+00 8.754278e-01
3.074423e+00 3.814493e-05 1.155195e+00 8.750696e-01
3.078277e+00 3.878935e-05 1.149082e+00 8.761119e-01
3.079604e+00 3.913948e-05 1.149202e+00 8.763253e-01
3.082021e+00 3.894058e-05 1.151581e+00 8.753516e-01
3.078903e+00 4.033356e-05 1.171717e+00 8.758213e-01
3.085088e+00 4.315305e-05 1.152149e+00 8.748104e-01
3.078313e+00 3.871739e-05 1.144908e+00 8.753211e-01
3.081527e+00 3.943635e-05 1.151264e+00 8.748037e-01
3.075244e+00 3.849917e-05 1.175211e+00 8.754078e-01
3.082450e+00 4.081597e-05 1.158629e+00 8.758413e-01
3.079300e+00 4.133878e-05 1.153057e+00 8.748542e-01
3.084249e+00 4.154078e-05 1.144841e+00 8.761643e-01
3.085594e+00 5.911230e-05 1.146432e+00 8.753049e-01
3.076819e+00 3.912673e-05 1.160233e+00 8.753173e-01
3.086142e+00 6.971648e-05 1.159217e+00 8.752048e-01
3.082542e+00 4.396324e-05 1.145518e+00 8.756450e-01
3.071987e+00 3.783394e-05 1.150766e+00 8.756298e-01
3.079707e+00 4.555086e-05 1.151935e+00 8.761891e-01
3.075424e+00 3.859287e-05 1.146099e+00 8.762491e-01
3.085740e+00 4.012642e-05 1.150691e+00 8.756774e-01
3.073749e+00 3.959640e-05 1.146435e+00 8.760318e-01
3.073815e+00 3.818060e-05 1.150713e+00 8.752249e-01
3.082160e+00 4.011779e-05 1.152684e+00 8.755983e-01
3.076945e+00 4.038838e-05 1.145558e+00 8.753992e-01
3.083426e+00 3.853723e-05 1.146056e+00 8.753697e-01
3.086276e+00 5.851679e-05 1.151869e+00 8.757574e-01
3.082095e+00 4.153840e-05 1.147367e+00 8.762214e-01
3.074911e+00 3.844734e-05 1.151123e+00 8.754564e-01
3.083636e+00 3.872468e-05 1.145639e+00 8.757432e-01
3.077360e+00 3.823718e-05 1.159193e+00 8.760414e-01
3.080555e+00 3.902771e-05 1.150362e+00 8.755888e-01
3.082370e+00 3.918398e-05 1.146135e+00 8.753096e-01
3.074199e+00 3.879998e-05 1.145631e+00 8.757422e-01
3.080796e+00 3.929702e-05 1.145719e+00 8.756374e-01
3.078852e+00 3.908529e-05 1.145338e+00 8.758946e-01
3.085055e+00 4.192995e-05 1.148840e+00 8.752449e-01
3.084957e+00 4.160105e-05 1.158151e+00 8.744788e-01
3.075083e+00 3.915582e-05 1.144456e+00 8.760804e-01
3.085076e+00 3.911257e-05 1.154316e+00 8.758918e-01
3.078372e+00 3.915617e-05 1.152217e+00 8.759366e-01
3.079616e+00 3.875843e-05 1.147796e+00 8.754335e-01
3.077632e+00 4.032330e-05 1.154074e+00 8.761624e-01
3.079122e+00 3.948086e-05 1.151481e+00 8.761062e-01
3.083517e+00 4.296796e-05 1.154418e+00 8.759575e-01
3.082683e+00 4.043101e-05 1.145838e+00 8.745331e-01
3.081283e+00 3.864646e-05 1.151861e+00 8.759871e-01
3.076344e+00 5.126322e-05 1.147506e+00 8.750857e-01
3.083247e+00 4.031060e-05 1.144319e+00 8.751200e-01
3.079757e+00 3.831975e-05 1.150084e+00 8.747085e-01
3.075934e+00 3.878287e-05 1.145186e+00 8.751686e-01
3.080125e+00 3.963181e-05 1.144161e+00 8.754068e-01
3.070559e+00 3.868794e-05 1.230518e+00 8.754821e-01
3.082407e+00 4.093299e-05 1.241686e+00 8.761443e-01
3.077913e+00 3.852546e-05 1.187519e+00 8.761014e-01
3.083262e+00 4.094523e-05 1.172189e+00 8.763405e-01
3.082518e+00 3.977885e-05 1.153473e+00 8.752801e-01
3.078325e+00 3.912032e-05 1.166688e+00 8.755183e-01
3.088755e+00 4.470791e-05 1.147120e+00 8.747437e-01
3.077761e+00 3.841775e-05 1.148816e+00 8.748761e-01
3.080184e+00 3.937048e-05 1.147768e+00 8.759871e-01
3.084876e+00 3.861597e-05 1.160379e+00 8.762386e-01
3.079045e+00 4.048335e-05 1.145329e+00 8.758165e-01
3.073720e+00 3.768668e-05 1.155994e+00 8.751934e-01
3.083980e+00 4.227823e-05 1.160504e+00 8.761205e-01
3.076808e+00 3.844939e-05 1.151278e+00 8.753811e-01
3.081210e+00 3.873124e-05 1.153387e+00 8.754307e-01
3.084637e+00 4.013743e-05 1.148532e+00 8.761052e-01
3.083769e+00 4.043828e-05 1.145198e+00 8.759328e-01
3.078767e+00 3.851372e-05 1.155727e+00 8.740387e-01
3.077677e+00 4.085332e-05 1.145987e+00 8.756803e-01
3.070780e+00 3.812153e-05 1.159073e+00 8.753678e-01
3.072402e+00 3.747981e-05 1.149743e+00 8.754049e-01
3.082408e+00 3.940912e-05 1.147774e+00 8.758756e-01
3.078183e+00 3.855796e-05 1.155058e+00 8.755221e-01
3.079505e+00 4.128165e-05 1.153391e+00 8.749028e-01
3.081284e+00 4.025324e-05 1.146297e+00 8.758480e-01
3.078318e+00 3.899435e-05 1.146474e+00 8.759728e-01
3.083810e+00 3.996217e-05 1.146112e+00 8.757517e-01
3.079948e+00 4.273214e-05 1.146559e+00 8.757832e-01
3.081106e+00 4.137582e-05 1.146933e+00 8.757584e-01
3.081347e+00 3.882734e-05 1.151906e+00 8.750181e-01
3.079500e+00 3.881405e-05 1.158979e+00 8.751134e-01
3.081890e+00 4.026478e-05 1.160098e+00 8.759775e-01
3.082819e+00 4.031174e-05 1.158116e+00 8.759775e-01
3.083251e+00 9.758517e-05 1.151643e+00 8.756669e-01
3.078612e+00 4.497720e-05 1.144443e+00 8.759671e-01
3.074822e+00 3.829645e-05 1.147770e+00 8.764139e-01
3.081487e+00 3.934744e-05 1.155489e+00 8.751925e-01
3.083501e+00 3.975715e-05 1.165642e+00 8.762977e-01
3.078937e+00 3.863790e-05 1.145677e+00 8.761776e-01
3.077242e+00 3.899089e-05 1.145575e+00 8.751772e-01
3.083712e+00 3.973293e-05 1.156947e+00 8.760080e-01
3.071150e+00 3.824149e-05 1.144903e+00 8.754059e-01
3.085022e+00 3.978019e-05 1.152334e+00 8.751200e-01
3.074375e+00 3.890806e-05 1.145355e+00 8.752915e-01
3.077965e+00 3.894982e-05 1.150535e+00 8.753497e-01
3.078368e+00 4.062658e-05 1.146671e+00 8.744283e-01
3.085592e+00 9.348975e-05 1.157158e+00 8.760404e-01
3.080908e+00 3.897635e-05 1.145354e+00 8.755040e-01
3.081747e+00 4.229271e-05 1.145699e+00 8.754716e-01
3.085944e+00 4.691156e-05 1.148284e+00 8.756298e-01
3.080375e+00 3.898382e-05 1.153090e+00 8.753192e-01
3.076744e+00 3.998052e-05 1.145626e+00 8.757374e-01
3.077779e+00 3.863927e-05 1.145557e+00 8.766045e-01
3.080258e+00 3.874242e-05 1.148202e+00 8.756879e-01
3.084452e+00 4.656495e-05 1.160055e+00 8.752515e-01
3.070887e+00 3.905551e-05 1.145386e+00 8.752229e-01
3.082814e+00 4.015484e-05 1.158037e+00 8.762481e-01
3.071433e+00 3.871524e-05 1.161864e+00 8.753811e-01
3.081455e+00 4.360149e-05 1.161823e+00 8.754135e-01
3.079919e+00 4.008739e-05 1.153206e+00 8.761214e-01
3.080120e+00 3.898783e-05 1.153236e+00 8.761719e-01
3.089767e+00 3.925381e-05 1.145706e+00 8.750448e-01
3.081345e+00 3.852359e-05 1.151923e+00 8.751820e-01
3.078643e+00 3.895022e-05 1.144858e+00 8.761528e-01
3.083852e+00 3.878131e-05 1.152197e+00 8.753611e-01
3.078907e+00 3.915700e-05 1.152090e+00 8.753897e-01
3.076594e+00 3.853228e-05 1.151774e+00 8.760738e-01
3.077819e+00 3.937610e-05 1.169320e+00 8.762243e-01
3.075842e+00 3.873810e-05 1.144645e+00 8.757698e-01
3.082338e+00 3.834555e-05 1.145925e+00 8.756317e-01
3.073466e+00 3.814720e-05 1.146191e+00 8.749076e-01
3.082016e+00 4.918613e-05 1.145436e+00 8.758985e-01
3.076758e+00 4.124916e-05 1.167925e+00 8.745713e-01
3.085532e+00 4.763834e-05 1.144132e+00 8.745722e-01
3.084476e+00 3.961809e-05 1.152863e+00 8.754030e-01
3.078814e+00 4.053976e-05 1.152630e+00 8.756669e-01
3.082699e+00 3.904737e-05 1.151891e+00 8.755316e-01
3.084016e+00 4.016370e-05 1.147163e+00 8.761843e-01
3.080590e+00 3.887936e-05 1.152611e+00 8.756431e-01
3.077666e+00 3.805879e-05 1.146046e+00 8.755831e-01
3.083508e+00 3.951511e-05 1.145699e+00 8.759852e-01
3.079409e+00 3.823053e-05 1.145453e+00 8.755278e-01
3.075964e+00 4.145780e-05 1.152333e+00 8.756774e-01
3.074916e+00 3.893901e-05 1.144817e+00 8.754478e-01
3.082676e+00 4.013975e-05 1.152594e+00 8.753449e-01
3.075747e+00 3.976446e-05 1.145834e+00 8.755698e-01
3.073860e+00 3.788087e-05 1.146482e+00 8.761424e-01
3.079115e+00 3.928468e-05 1.145873e+00 8.757984e-01
3.081806e+00 4.721378e-05 1.154540e+00 8.760080e-01
3.070083e+00 3.776741e-05 1.164504e+00 8.760995e-01
3.072015e+00 3.783377e-05 1.144989e+00 8.753668e-01
3.075792e+00 3.846159e-05 1.148407e+00 8.754535e-01
3.083337e+00 4.246385e-05 1.165014e+00 8.755316e-01
3.082240e+00 3.871423e-05 1.145857e+00 8.752839e-01
3.080590e+00 3.808842e-05 1.145135e+00 8.755821e-01
3.081050e+00 3.842943e-05 1.152894e+00 8.750791e-01
3.088017e+00 3.986879e-05 1.145968e+00 8.754802e-01
3.074523e+00 4.166764e-05 1.146755e+00 8.760938e-01
3.076062e+00 3.895251e-05 1.149092e+00 8.750705e-01
3.087163e+00 3.968665e-05 1.145595e+00 8.753211e-01
3.076970e+00 3.858828e-05 1.145648e+00 8.758784e-01
3.087553e+00 4.098940e-05 1.146079e+00 8.757517e-01
3.080736e+00 3.907529e-05 1.152692e+00 8.761595e-01
3.079192e+00 3.890210e-05 1.159545e+00 8.758823e-01
3.081638e+00 4.395501e-05 1.145205e+00 8.755621e-01
3.080509e+00 3.899549e-05 1.166621e+00 8.756898e-01
3.078131e+00 4.540916e-05 1.144567e+00 8.756488e-01
3.085039e+00 4.137267e-05 1.152806e+00 8.753878e-01
3.079987e+00 3.908835e-05 1.154780e+00 8.754640e-01
3.078740e+00 3.895961e-05 1.169073e+00 8.749533e-01
3.076551e+00 4.007166e-05 1.154467e+00 8.751610e-01
3.084072e+00 6.158456e-05 1.173549e+00 8.755078e-01
3.085319e+00 3.996883e-05 1.145704e+00 8.752982e-01
3.079640e+00 5.298839e-05 1.152610e+00 8.759280e-01
3.080804e+00 4.163634e-05 1.150996e+00 8.753306e-01
3.072077e+00 3.793612e-05 1.145652e+00 8.756431e-01
3.082365e+00 3.902383e-05 1.151175e+00 8.759251e-01
3.071658e+00 3.902135e-05 1.151458e+00 8.753316e-01
3.078243e+00 3.866001e-05 1.151773e+00 8.752449e-01
3.086913e+00 4.259704e-05 1.152206e+00 8.760090e-01
3.085143e+00 4.116899e-05 1.153543e+00 8.757374e-01
3.076622e+00 3.808645e-05 1.145407e+00 8.753735e-01
3.078172e+00 3.854807e-05 1.145457e+00 8.755888e-01
3.076599e+00 3.969131e-05 1.151225e+00 8.753287e-01
3.077749e+00 3.849607e-05 1.148620e+00 8.754507e-01
3.081880e+00 3.956294e-05 1.146271e+00 8.749495e-01
3.074629e+00 3.947749e-05 1.163828e+00 8.764311e-01
3.082663e+00 4.247128e-05 1.148862e+00 8.750915e-01
3.084025e+00 3.973471e-05 1.146272e+00 8.755259e-01
3.069295e+00 3.738659e-05 1.145848e+00 8.747199e-01
3.086019e+00 3.918136e-05 1.151841e+00 8.761205e-01
3.070789e+00 3.785842e-05 1.148829e+00 8.753954e-01
3.075530e+00 3.957823e-05 1.154409e+00 8.756355e-01
3.084135e+00 4.095410e-05 1.146301e+00 8.758413e-01
3.083455e+00 3.919058e-05 1.146313e+00 8.748638e-01
3.081593e+00 3.897403e-05 1.146187e+00 8.760528e-01
3.074877e+00 4.068929e-05 1.144954e+00 8.756069e-01
3.082373e+00 3.887162e-05 1.148255e+00 8.756860e-01
3.078227e+00 4.018406e-05 1.146100e+00 8.754935e-01
3.079407e+00 3.902829e-05 1.151617e+00 8.757146e-01
3.074379e+00 3.876026e-05 1.158265e+00 8.754659e-01
3.079993e+00 3.863160e-05 1.152862e+00 8.748857e-01
3.079399e+00 3.915339e-05 1.156789e+00 8.755745e-01
3.077261e+00 3.858330e-05 1.144445e+00 8.754078e-01
3.077452e+00 3.864162e-05 1.161301e+00 8.755078e-01
3.071676e+00 3.930660e-05 1.146484e+00 8.759937e-01
3.078162e+00 3.872216e-05 1.148881e+00 8.754888e-01
3.079812e+00 3.884132e-05 1.153460e+00 8.760328e-01
3.074514e+00 3.852613e-05 1.174291e+00 8.754564e-01
3.087065e+00 3.899695e-05 1.159777e+00 8.746875e-01
3.070092e+00 3.770176e-05 1.163719e+00 8.756098e-01
3.077813e+00 3.845794e-05 1.152233e+00 8.749409e-01
3.077012e+00 3.894751e-05 1.145222e+00 8.761786e-01
3.083540e+00 4.493522e-05 1.152844e+00 8.761119e-01
3.081377e+00 3.855515e-05 1.158508e+00 8.752572e-01
3.082261e+00 3.958712e-05 1.157881e+00 8.753449e-01
3.079186e+00 3.988667e-05 1.149036e+00 8.753544e-01
