# dim  N   mc   rho  Brute 
# 2    2 262394 1
#
# Theoretical Energy = 2.000000e+00
# Energy     Variance     CPU time     Acceptance
3.232952e+00 4.842962e-05 6.112640e-01 8.614374e-01
3.242044e+00 4.716235e-05 6.050620e-01 8.611268e-01
3.233736e+00 4.661249e-05 6.165360e-01 8.611658e-01
3.233628e+00 4.709926e-05 6.149760e-01 8.617547e-01
3.236346e+00 4.876661e-05 6.007910e-01 8.615765e-01
3.248815e+00 4.822826e-05 6.067920e-01 8.617680e-01
3.230240e+00 4.860572e-05 6.030030e-01 8.612668e-01
3.236329e+00 5.045230e-05 6.017840e-01 8.616908e-01
3.227151e+00 4.772363e-05 6.186870e-01 8.617356e-01
3.235748e+00 4.704898e-05 6.249630e-01 8.612430e-01
3.228525e+00 4.711494e-05 6.267140e-01 8.613364e-01
3.223235e+00 4.453561e-05 5.949270e-01 8.617375e-01
3.219518e+00 4.846270e-05 6.231510e-01 8.617223e-01
3.224067e+00 4.764577e-05 6.243040e-01 8.619214e-01
3.235238e+00 4.826529e-05 6.039700e-01 8.618566e-01
3.223111e+00 4.594950e-05 5.945550e-01 8.620491e-01
3.227229e+00 4.820265e-05 6.359570e-01 8.617061e-01
3.217160e+00 4.476235e-05 6.143640e-01 8.623692e-01
3.224743e+00 4.721024e-05 5.704050e-01 8.616203e-01
3.229831e+00 4.638500e-05 6.321090e-01 8.617708e-01
3.239650e+00 5.817590e-05 6.215460e-01 8.628722e-01
3.223296e+00 5.325468e-05 6.068010e-01 8.625331e-01
3.233888e+00 4.662741e-05 6.002910e-01 8.622348e-01
3.233531e+00 5.382247e-05 6.187320e-01 8.614631e-01
3.219632e+00 4.674095e-05 6.182690e-01 8.618147e-01
3.225715e+00 4.651597e-05 6.234500e-01 8.613107e-01
3.215747e+00 4.488841e-05 6.210810e-01 8.619242e-01
3.225966e+00 4.995162e-05 5.983320e-01 8.624711e-01
3.217209e+00 4.452490e-05 6.077860e-01 8.623882e-01
3.220206e+00 4.470516e-05 5.837350e-01 8.623739e-01
3.227470e+00 4.627100e-05 6.046450e-01 8.621072e-01
3.222240e+00 4.826800e-05 6.646230e-01 8.617718e-01
3.218496e+00 4.360819e-05 6.148540e-01 8.622291e-01
3.223070e+00 4.488609e-05 5.744030e-01 8.617527e-01
3.226209e+00 4.588000e-05 5.701340e-01 8.620148e-01
3.224888e+00 4.761297e-05 5.709390e-01 8.622472e-01
3.222471e+00 4.481531e-05 5.638610e-01 8.624016e-01
3.230327e+00 6.183059e-05 8.625350e-01 8.622653e-01
3.225994e+00 4.782469e-05 5.821360e-01 8.625959e-01
3.217827e+00 4.576616e-05 5.791030e-01 8.619805e-01
3.219624e+00 4.766562e-05 5.563160e-01 8.628894e-01
3.224114e+00 4.572727e-05 5.495630e-01 8.620643e-01
3.227108e+00 4.581236e-05 5.570050e-01 8.621348e-01
3.229422e+00 5.192360e-05 5.622390e-01 8.622949e-01
3.222301e+00 4.578166e-05 5.978630e-01 8.625912e-01
3.213849e+00 5.056185e-05 5.734440e-01 8.622501e-01
3.223399e+00 4.701179e-05 5.634440e-01 8.618928e-01
3.218566e+00 4.593341e-05 5.740840e-01 8.621348e-01
3.225839e+00 4.472506e-05 5.632890e-01 8.626855e-01
3.223667e+00 4.664909e-05 5.828830e-01 8.622825e-01
3.223355e+00 4.570478e-05 6.617030e-01 8.626779e-01
3.224367e+00 8.325779e-05 6.393220e-01 8.620872e-01
3.213363e+00 4.423393e-05 5.903800e-01 8.626245e-01
3.213867e+00 4.647360e-05 5.993780e-01 8.624559e-01
3.236331e+00 9.377976e-05 5.869330e-01 8.624873e-01
3.212997e+00 4.402654e-05 5.866360e-01 8.622167e-01
3.228938e+00 4.837994e-05 5.901200e-01 8.626731e-01
3.231078e+00 4.941723e-05 6.098250e-01 8.624311e-01
3.221769e+00 4.534398e-05 6.109930e-01 8.627998e-01
3.223470e+00 4.512953e-05 6.098190e-01 8.628332e-01
3.214776e+00 4.596438e-05 5.757550e-01 8.623578e-01
3.208286e+00 4.376150e-05 5.950680e-01 8.623282e-01
3.215062e+00 4.470224e-05 5.872710e-01 8.622863e-01
3.213299e+00 4.589893e-05 5.763640e-01 8.623987e-01
3.224607e+00 4.558509e-05 5.889100e-01 8.617499e-01
3.215155e+00 4.537778e-05 5.893890e-01 8.625483e-01
3.214689e+00 5.050659e-05 6.001910e-01 8.625359e-01
3.219817e+00 4.754863e-05 5.631410e-01 8.626865e-01
3.216526e+00 4.488290e-05 5.661000e-01 8.631619e-01
3.211997e+00 4.554761e-05 5.705890e-01 8.621443e-01
3.215083e+00 4.442015e-05 5.818110e-01 8.625102e-01
3.207412e+00 4.377925e-05 5.861880e-01 8.627998e-01
3.215689e+00 4.777687e-05 6.001000e-01 8.626274e-01
3.214015e+00 4.521328e-05 5.852290e-01 8.631638e-01
3.216856e+00 4.543827e-05 5.977830e-01 8.626398e-01
3.210479e+00 4.555496e-05 5.874090e-01 8.621358e-01
3.222387e+00 4.612208e-05 6.062950e-01 8.629704e-01
3.213774e+00 4.497084e-05 5.865650e-01 8.630409e-01
3.211966e+00 4.621582e-05 6.097120e-01 8.626179e-01
3.206419e+00 4.486636e-05 6.034480e-01 8.622025e-01
3.216480e+00 4.410908e-05 5.987650e-01 8.631495e-01
3.216040e+00 4.412006e-05 5.790180e-01 8.627465e-01
3.221950e+00 4.718483e-05 5.847730e-01 8.631724e-01
3.221156e+00 4.420349e-05 6.000060e-01 8.628008e-01
3.213438e+00 4.509242e-05 5.810410e-01 8.624816e-01
3.209879e+00 4.560385e-05 5.542030e-01 8.637707e-01
3.204780e+00 4.409895e-05 5.846680e-01 8.627608e-01
3.208177e+00 4.659443e-05 5.986740e-01 8.627894e-01
3.215593e+00 4.833828e-05 6.001190e-01 8.628951e-01
3.220697e+00 4.506819e-05 5.982240e-01 8.639813e-01
3.202607e+00 4.465439e-05 5.915750e-01 8.627246e-01
3.208539e+00 5.057322e-05 5.953320e-01 8.630638e-01
3.204642e+00 4.456152e-05 5.709200e-01 8.637145e-01
3.209861e+00 4.494950e-05 5.850030e-01 8.631581e-01
3.221946e+00 6.362380e-05 5.828470e-01 8.628837e-01
3.219368e+00 4.752020e-05 6.052580e-01 8.638422e-01
3.211227e+00 4.580729e-05 6.284550e-01 8.635239e-01
3.203507e+00 5.295397e-05 5.968680e-01 8.627722e-01
3.207574e+00 4.707564e-05 5.920160e-01 8.636297e-01
3.214068e+00 4.507197e-05 6.125600e-01 8.633696e-01
3.197187e+00 4.349955e-05 5.753110e-01 8.631076e-01
3.208982e+00 4.413782e-05 5.669510e-01 8.632352e-01
3.210046e+00 4.601196e-05 5.616900e-01 8.639165e-01
3.210643e+00 4.740137e-05 5.898440e-01 8.631524e-01
3.206415e+00 4.379078e-05 5.804650e-01 8.641147e-01
3.204988e+00 4.635019e-05 5.988990e-01 8.634410e-01
3.208145e+00 4.430416e-05 6.082480e-01 8.632457e-01
3.210242e+00 4.570727e-05 5.991200e-01 8.632838e-01
3.202038e+00 4.475626e-05 5.871540e-01 8.640546e-01
3.213329e+00 4.577915e-05 5.634210e-01 8.640775e-01
3.215837e+00 5.824599e-05 5.401270e-01 8.630590e-01
3.214484e+00 1.209279e-04 5.521280e-01 8.636326e-01
3.210096e+00 4.630176e-05 5.746550e-01 8.633753e-01
3.209691e+00 4.481266e-05 5.666580e-01 8.637393e-01
3.203809e+00 4.485008e-05 5.918150e-01 8.632048e-01
3.213667e+00 4.576728e-05 5.889720e-01 8.638269e-01
3.198267e+00 4.421765e-05 6.194110e-01 8.639231e-01
3.208738e+00 4.672149e-05 5.979760e-01 8.636564e-01
3.212293e+00 4.446219e-05 5.849710e-01 8.633239e-01
3.195913e+00 4.338920e-05 6.108490e-01 8.636773e-01
3.201397e+00 5.070531e-05 5.842650e-01 8.638060e-01
3.206366e+00 1.121875e-04 6.140830e-01 8.639870e-01
3.200189e+00 6.262634e-05 6.037050e-01 8.637355e-01
3.194073e+00 4.435213e-05 5.957240e-01 8.635468e-01
3.189504e+00 4.355684e-05 6.128590e-01 8.639089e-01
3.195355e+00 4.449920e-05 5.707540e-01 8.640870e-01
3.191681e+00 4.532819e-05 5.713170e-01 8.631981e-01
3.193068e+00 4.429400e-05 5.790700e-01 8.639136e-01
3.200791e+00 4.505505e-05 5.766390e-01 8.639203e-01
3.198320e+00 4.456307e-05 5.863020e-01 8.640346e-01
3.201275e+00 4.894933e-05 5.756980e-01 8.642071e-01
3.192665e+00 4.504081e-05 5.804320e-01 8.633210e-01
3.199825e+00 4.431735e-05 5.864240e-01 8.645748e-01
3.199134e+00 4.876652e-05 6.048390e-01 8.643462e-01
3.209295e+00 4.883293e-05 5.952030e-01 8.645758e-01
3.191648e+00 4.463765e-05 5.771040e-01 8.637145e-01
3.191919e+00 4.512213e-05 6.061670e-01 8.632905e-01
3.193126e+00 4.373770e-05 5.945790e-01 8.637307e-01
3.190935e+00 4.406097e-05 5.962610e-01 8.641223e-01
3.196306e+00 4.510209e-05 5.907410e-01 8.640613e-01
3.195299e+00 4.735472e-05 5.819580e-01 8.645939e-01
3.203382e+00 1.910142e-04 5.735080e-01 8.641823e-01
3.202905e+00 5.087389e-05 6.322080e-01 8.644329e-01
3.184131e+00 4.883842e-05 5.887750e-01 8.640985e-01
3.189711e+00 4.410162e-05 5.786510e-01 8.649378e-01
3.192446e+00 5.732211e-05 5.739730e-01 8.638993e-01
3.195739e+00 4.390717e-05 5.730440e-01 8.643671e-01
3.191993e+00 4.896421e-05 5.807450e-01 8.649426e-01
3.190739e+00 4.675466e-05 5.619380e-01 8.638136e-01
3.189014e+00 4.411476e-05 5.977520e-01 8.639384e-01
3.177174e+00 4.345463e-05 5.890790e-01 8.647606e-01
3.188969e+00 4.680177e-05 6.081710e-01 8.642261e-01
3.178761e+00 4.354693e-05 6.104180e-01 8.643738e-01
3.188544e+00 4.468791e-05 5.915710e-01 8.649626e-01
3.187240e+00 4.835450e-05 6.130600e-01 8.643081e-01
3.185571e+00 5.527621e-05 6.143290e-01 8.651665e-01
3.200179e+00 1.012269e-04 5.909530e-01 8.661355e-01
3.178194e+00 4.353107e-05 5.854290e-01 8.653723e-01
3.190027e+00 4.326993e-05 5.888520e-01 8.656781e-01
3.182372e+00 4.336996e-05 6.019920e-01 8.646787e-01
3.185133e+00 4.501975e-05 5.985330e-01 8.648283e-01
3.182049e+00 4.513030e-05 5.771490e-01 8.650579e-01
3.184389e+00 4.324839e-05 5.787940e-01 8.643214e-01
3.181547e+00 4.358202e-05 5.663860e-01 8.645577e-01
3.188568e+00 4.450154e-05 5.671610e-01 8.651970e-01
3.179458e+00 4.353261e-05 5.807250e-01 8.642623e-01
3.176286e+00 4.307329e-05 5.982410e-01 8.651684e-01
3.187186e+00 6.080630e-05 6.042130e-01 8.651274e-01
3.188611e+00 4.940352e-05 6.004420e-01 8.647254e-01
3.178059e+00 4.494361e-05 5.942190e-01 8.651598e-01
3.186001e+00 4.507697e-05 5.976010e-01 8.651913e-01
3.178419e+00 4.452607e-05 6.119550e-01 8.649293e-01
3.180094e+00 4.549645e-05 6.153680e-01 8.654971e-01
3.178391e+00 4.415268e-05 5.901910e-01 8.656991e-01
3.181463e+00 4.459824e-05 6.077900e-01 8.653008e-01
3.180799e+00 5.204893e-05 6.036850e-01 8.658877e-01
3.170092e+00 4.515412e-05 6.064690e-01 8.661726e-01
3.177831e+00 4.489677e-05 5.998000e-01 8.650207e-01
3.171034e+00 4.248849e-05 6.222960e-01 8.651951e-01
3.195055e+00 6.862392e-05 5.628010e-01 8.656438e-01
3.180171e+00 4.324327e-05 6.123390e-01 8.661240e-01
3.168681e+00 4.880275e-05 5.635590e-01 8.663041e-01
3.165463e+00 4.226540e-05 5.817650e-01 8.655448e-01
3.169935e+00 4.295020e-05 5.786240e-01 8.657810e-01
3.179250e+00 4.468278e-05 5.929850e-01 8.660935e-01
3.170726e+00 4.446358e-05 5.893270e-01 8.661021e-01
3.171429e+00 4.283686e-05 6.087810e-01 8.660573e-01
3.169601e+00 4.382993e-05 5.880360e-01 8.659630e-01
3.169362e+00 4.287746e-05 6.197780e-01 8.660583e-01
3.162506e+00 4.282050e-05 5.749220e-01 8.660459e-01
3.170521e+00 4.359657e-05 6.117590e-01 8.661955e-01
3.179669e+00 4.437733e-05 5.786230e-01 8.658363e-01
3.178071e+00 4.496324e-05 5.928470e-01 8.654409e-01
3.157685e+00 4.810886e-05 5.738950e-01 8.658211e-01
3.172062e+00 4.324746e-05 5.814650e-01 8.658411e-01
3.157197e+00 4.400106e-05 6.020860e-01 8.659268e-01
3.169999e+00 4.395020e-05 6.055320e-01 8.660249e-01
3.165828e+00 4.281102e-05 6.079290e-01 8.661431e-01
3.160279e+00 4.333589e-05 5.817780e-01 8.657372e-01
3.175738e+00 4.807242e-05 5.672570e-01 8.663603e-01
3.170721e+00 4.490689e-05 5.643760e-01 8.668977e-01
3.170109e+00 4.413561e-05 5.716700e-01 8.663270e-01
3.165732e+00 4.415378e-05 5.762760e-01 8.665633e-01
3.170848e+00 4.605896e-05 5.873210e-01 8.667252e-01
3.157808e+00 4.426813e-05 6.002130e-01 8.660888e-01
3.169870e+00 4.441342e-05 6.023080e-01 8.666204e-01
3.162265e+00 4.485176e-05 6.102840e-01 8.664804e-01
3.165020e+00 6.434272e-05 6.196830e-01 8.662927e-01
3.171176e+00 5.732726e-05 6.041760e-01 8.663051e-01
3.159676e+00 4.551966e-05 6.251000e-01 8.654095e-01
3.159936e+00 4.240872e-05 6.098130e-01 8.661831e-01
3.167904e+00 5.717082e-05 5.984800e-01 8.670254e-01
3.158250e+00 4.226938e-05 5.888660e-01 8.662003e-01
3.161213e+00 4.468612e-05 5.926860e-01 8.663994e-01
3.164188e+00 4.180911e-05 6.048750e-01 8.668672e-01
3.158672e+00 4.658729e-05 6.127330e-01 8.660955e-01
3.156497e+00 4.285789e-05 5.721120e-01 8.662765e-01
3.157020e+00 4.341872e-05 5.698900e-01 8.662889e-01
3.151245e+00 4.590711e-05 5.976370e-01 8.669415e-01
3.160207e+00 4.439280e-05 5.820350e-01 8.676551e-01
3.160488e+00 5.453798e-05 5.606040e-01 8.670577e-01
3.154242e+00 4.356802e-05 6.012790e-01 8.664451e-01
3.152062e+00 4.203465e-05 5.925530e-01 8.672559e-01
3.169685e+00 5.016121e-05 5.894390e-01 8.664461e-01
3.160827e+00 4.315985e-05 6.126000e-01 8.669844e-01
3.151609e+00 4.349725e-05 5.864070e-01 8.672950e-01
3.162053e+00 4.377678e-05 5.835670e-01 8.664546e-01
3.156494e+00 4.286476e-05 6.120140e-01 8.670473e-01
3.161048e+00 4.860980e-05 5.899340e-01 8.675494e-01
3.158653e+00 5.519086e-05 6.026520e-01 8.677237e-01
3.160294e+00 6.010484e-05 5.885900e-01 8.673255e-01
3.160225e+00 4.361467e-05 5.935480e-01 8.670282e-01
3.147255e+00 4.325970e-05 5.868610e-01 8.672350e-01
3.147361e+00 4.350226e-05 5.728490e-01 8.677333e-01
3.158944e+00 4.257088e-05 5.767820e-01 8.670254e-01
3.165330e+00 1.199242e-04 5.580950e-01 8.675856e-01
3.179523e+00 7.831384e-04 5.516230e-01 8.671978e-01
3.153879e+00 4.272553e-05 5.981410e-01 8.677580e-01
3.150943e+00 4.283168e-05 5.853310e-01 8.667395e-01
3.152282e+00 4.814174e-05 6.036420e-01 8.671263e-01
3.149168e+00 4.735476e-05 6.098960e-01 8.676408e-01
3.150369e+00 4.758219e-05 6.241530e-01 8.680601e-01
3.148765e+00 4.309388e-05 5.886930e-01 8.671340e-01
3.151334e+00 4.307406e-05 6.020080e-01 8.675351e-01
3.149902e+00 4.270320e-05 5.651060e-01 8.669663e-01
3.149311e+00 4.166154e-05 6.393300e-01 8.672578e-01
3.148310e+00 4.602514e-05 6.019730e-01 8.673703e-01
3.149373e+00 4.523282e-05 5.965420e-01 8.685241e-01
3.153794e+00 5.680931e-05 5.812900e-01 8.668215e-01
3.150931e+00 4.470467e-05 6.019380e-01 8.680000e-01
3.145424e+00 4.875414e-05 5.989390e-01 8.672931e-01
3.150599e+00 4.527357e-05 5.631650e-01 8.679095e-01
3.138209e+00 4.141508e-05 5.437970e-01 8.675437e-01
3.148514e+00 4.406890e-05 5.801710e-01 8.676285e-01
3.142604e+00 4.171802e-05 5.692770e-01 8.675236e-01
3.149700e+00 4.704310e-05 5.918230e-01 8.677285e-01
3.155586e+00 4.445261e-05 5.963570e-01 8.686784e-01
3.143118e+00 4.259307e-05 5.902070e-01 8.677399e-01
3.148841e+00 5.516633e-05 5.985920e-01 8.678676e-01
3.150509e+00 4.736154e-05 6.069420e-01 8.678743e-01
3.152830e+00 4.262317e-05 6.067850e-01 8.684107e-01
3.151513e+00 5.100442e-05 5.877210e-01 8.675799e-01
3.149785e+00 4.252148e-05 6.098700e-01 8.678457e-01
3.149825e+00 4.417209e-05 5.994810e-01 8.682401e-01
3.150366e+00 4.352514e-05 6.158860e-01 8.684812e-01
3.144413e+00 4.422736e-05 6.048230e-01 8.677028e-01
3.163241e+00 4.671303e-05 6.114720e-01 8.676008e-01
3.139697e+00 4.116314e-05 5.981990e-01 8.686851e-01
3.146486e+00 4.558070e-05 5.811040e-01 8.685784e-01
3.146144e+00 4.117761e-05 5.694830e-01 8.683183e-01
3.144326e+00 4.262524e-05 5.842680e-01 8.682296e-01
3.136552e+00 4.166157e-05 5.738830e-01 8.677628e-01
3.149936e+00 4.593618e-05 5.679860e-01 8.679829e-01
3.155760e+00 4.905737e-05 5.982130e-01 8.681630e-01
3.151508e+00 4.272889e-05 5.801340e-01 8.677780e-01
3.146935e+00 4.356842e-05 5.987890e-01 8.674693e-01
3.149466e+00 4.257449e-05 5.999820e-01 8.688509e-01
3.138424e+00 4.109657e-05 6.151670e-01 8.683421e-01
3.137911e+00 4.142999e-05 6.050390e-01 8.681201e-01
3.144397e+00 4.153054e-05 6.116080e-01 8.684555e-01
3.145370e+00 4.537976e-05 5.957890e-01 8.686431e-01
3.149367e+00 4.696214e-05 5.886960e-01 8.683487e-01
3.148011e+00 4.632620e-05 6.115910e-01 8.682811e-01
3.152543e+00 8.045597e-05 6.115790e-01 8.683611e-01
3.147708e+00 4.461150e-05 6.119570e-01 8.688308e-01
3.135420e+00 4.151945e-05 6.116210e-01 8.684164e-01
3.150063e+00 5.359779e-05 5.654860e-01 8.672140e-01
3.138943e+00 4.238984e-05 5.624620e-01 8.683068e-01
3.138118e+00 4.403349e-05 5.525610e-01 8.682601e-01
3.153038e+00 4.368384e-05 5.828270e-01 8.680477e-01
3.156134e+00 4.354112e-05 5.645670e-01 8.677256e-01
3.136583e+00 4.054354e-05 5.864930e-01 8.678466e-01
3.150555e+00 4.477329e-05 6.010580e-01 8.684878e-01
3.144599e+00 4.287125e-05 5.851470e-01 8.679114e-01
3.142589e+00 4.265530e-05 5.994570e-01 8.677361e-01
3.139701e+00 4.175707e-05 5.873290e-01 8.682135e-01
3.139079e+00 4.361821e-05 5.860900e-01 8.685726e-01
3.143942e+00 4.172639e-05 5.950940e-01 8.682335e-01
3.133785e+00 4.042834e-05 6.202410e-01 8.682630e-01
3.139593e+00 4.335927e-05 5.922860e-01 8.688699e-01
3.144456e+00 4.213049e-05 6.120960e-01 8.682106e-01
3.161700e+00 7.653379e-05 5.913080e-01 8.688089e-01
3.145043e+00 4.249966e-05 5.974320e-01 8.678638e-01
3.133971e+00 4.147969e-05 5.632200e-01 8.683259e-01
3.146870e+00 4.608376e-05 5.723700e-01 8.684107e-01
3.148054e+00 6.719352e-05 5.509780e-01 8.685241e-01
3.143135e+00 4.186078e-05 5.673920e-01 8.689356e-01
3.145577e+00 4.993855e-05 5.789870e-01 8.684202e-01
3.140636e+00 4.146628e-05 6.020930e-01 8.679105e-01
3.140724e+00 4.223932e-05 6.057720e-01 8.685136e-01
3.146356e+00 4.185845e-05 6.130460e-01 8.684135e-01
3.137616e+00 4.233500e-05 5.923150e-01 8.692729e-01
3.150610e+00 4.386259e-05 5.958600e-01 8.680400e-01
3.143102e+00 4.280794e-05 5.893340e-01 8.687365e-01
3.144281e+00 4.406214e-05 6.027680e-01 8.683402e-01
3.143965e+00 4.195673e-05 6.013280e-01 8.683240e-01
3.147959e+00 4.215435e-05 6.078290e-01 8.686651e-01
3.148198e+00 4.377579e-05 6.085840e-01 8.683259e-01
3.136129e+00 4.127332e-05 6.151250e-01 8.683430e-01
3.152404e+00 4.577609e-05 6.228230e-01 8.683554e-01
3.148246e+00 4.497260e-05 6.184480e-01 8.686279e-01
3.140575e+00 4.223562e-05 5.814080e-01 8.680372e-01
3.141861e+00 4.294244e-05 5.781630e-01 8.686612e-01
3.141918e+00 4.178033e-05 5.579060e-01 8.684583e-01
3.143625e+00 4.289908e-05 5.778440e-01 8.688785e-01
3.143570e+00 4.412174e-05 5.853060e-01 8.683135e-01
3.142020e+00 4.210099e-05 6.041900e-01 8.684945e-01
3.138056e+00 4.322179e-05 6.078320e-01 8.691310e-01
3.148041e+00 4.270955e-05 5.859970e-01 8.685364e-01
3.144106e+00 4.830167e-05 5.709120e-01 8.686098e-01
3.143432e+00 4.225609e-05 6.076310e-01 8.683192e-01
3.143044e+00 4.263907e-05 5.995080e-01 8.686422e-01
3.148341e+00 4.248892e-05 5.988130e-01 8.692043e-01
3.146119e+00 4.715257e-05 5.782280e-01 8.689728e-01
3.142889e+00 4.278317e-05 5.874760e-01 8.685564e-01
3.134212e+00 4.067293e-05 6.057700e-01 8.677685e-01
3.137948e+00 4.274240e-05 6.029760e-01 8.687603e-01
3.137955e+00 4.838257e-05 5.860850e-01 8.682497e-01
3.134912e+00 4.159266e-05 5.917200e-01 8.687079e-01
3.142515e+00 4.325253e-05 5.929360e-01 8.684421e-01
3.142820e+00 4.354263e-05 5.634480e-01 8.686365e-01
3.146480e+00 4.346517e-05 5.785830e-01 8.690757e-01
3.144356e+00 4.226019e-05 5.533430e-01 8.690633e-01
3.143427e+00 4.211371e-05 5.979570e-01 8.681563e-01
3.131289e+00 4.629593e-05 5.816280e-01 8.684688e-01
3.144530e+00 4.519539e-05 6.124240e-01 8.688832e-01
3.136725e+00 4.295875e-05 6.015770e-01 8.688528e-01
3.139871e+00 4.163047e-05 6.044940e-01 8.683811e-01
3.141398e+00 4.140471e-05 5.857600e-01 8.687689e-01
3.143817e+00 4.272789e-05 5.921550e-01 8.679333e-01
3.144914e+00 4.260420e-05 6.241690e-01 8.686441e-01
3.137992e+00 4.276536e-05 6.317300e-01 8.688728e-01
3.140385e+00 4.299415e-05 6.089830e-01 8.688956e-01
3.139875e+00 4.253896e-05 6.046090e-01 8.686031e-01
3.139337e+00 4.247902e-05 5.966700e-01 8.686146e-01
3.136500e+00 4.275885e-05 6.173070e-01 8.689242e-01
3.138144e+00 4.483029e-05 5.831480e-01 8.691910e-01
3.143583e+00 4.221594e-05 5.692100e-01 8.686012e-01
3.135457e+00 4.178210e-05 5.622880e-01 8.683335e-01
3.139515e+00 4.122544e-05 5.624700e-01 8.682182e-01
3.135700e+00 4.333396e-05 5.788680e-01 8.682058e-01
3.138824e+00 4.210628e-05 5.846710e-01 8.689957e-01
3.132685e+00 4.084428e-05 5.944120e-01 8.680667e-01
3.156548e+00 5.068073e-05 6.086790e-01 8.690176e-01
3.143297e+00 4.115375e-05 6.084260e-01 8.691081e-01
3.156022e+00 4.672567e-05 5.916990e-01 8.689223e-01
3.144944e+00 4.099903e-05 5.898080e-01 8.683773e-01
3.145603e+00 8.178465e-05 6.016570e-01 8.687699e-01
3.145099e+00 4.329907e-05 6.074440e-01 8.695759e-01
3.140715e+00 4.770433e-05 6.086420e-01 8.685088e-01
3.138673e+00 4.222958e-05 6.027380e-01 8.687718e-01
3.146790e+00 4.222178e-05 5.905620e-01 8.688518e-01
3.139662e+00 4.186942e-05 6.089400e-01 8.687232e-01
3.147142e+00 7.637378e-05 6.038000e-01 8.692062e-01
3.147326e+00 4.246088e-05 6.052660e-01 8.693615e-01
3.146261e+00 1.053041e-04 5.638200e-01 8.686231e-01
3.144387e+00 4.353853e-05 5.756650e-01 8.691948e-01
3.142442e+00 4.133576e-05 5.801980e-01 8.682458e-01
3.136032e+00 4.082045e-05 6.005880e-01 8.687184e-01
3.125332e+00 4.077966e-05 5.743640e-01 8.686679e-01
3.154097e+00 4.312161e-05 6.093940e-01 8.686479e-01
3.140132e+00 4.340254e-05 6.047090e-01 8.688766e-01
3.144209e+00 4.230639e-05 5.884460e-01 8.685174e-01
3.142782e+00 4.233030e-05 6.087230e-01 8.689480e-01
3.158195e+00 4.409664e-05 6.064140e-01 8.696483e-01
3.145224e+00 4.223277e-05 5.766480e-01 8.687832e-01
3.142068e+00 4.146518e-05 5.909620e-01 8.694711e-01
3.144763e+00 4.180600e-05 5.953430e-01 8.700094e-01
3.147593e+00 4.292982e-05 6.262900e-01 8.688937e-01
3.142311e+00 4.217903e-05 5.975160e-01 8.689214e-01
3.150452e+00 4.338330e-05 5.850900e-01 8.687984e-01
3.135355e+00 4.144448e-05 6.031370e-01 8.691567e-01
3.141831e+00 4.213837e-05 5.925040e-01 8.682201e-01
3.139417e+00 4.328159e-05 5.873700e-01 8.685698e-01
3.140676e+00 4.326578e-05 5.659700e-01 8.688194e-01
3.142956e+00 4.276203e-05 5.951120e-01 8.688185e-01
3.153154e+00 5.438444e-05 5.941590e-01 8.689223e-01
3.140421e+00 4.157587e-05 5.931830e-01 8.687718e-01
3.140012e+00 4.235860e-05 5.981530e-01 8.698760e-01
3.135530e+00 4.125134e-05 5.802890e-01 8.684316e-01
3.143966e+00 4.317980e-05 6.066310e-01 8.689356e-01
3.148376e+00 4.621467e-05 5.855520e-01 8.689137e-01
3.135105e+00 4.075808e-05 6.012660e-01 8.683030e-01
3.141522e+00 5.375239e-05 6.061560e-01 8.687670e-01
3.143529e+00 4.464116e-05 5.984260e-01 8.688737e-01
3.138219e+00 4.864434e-05 5.924900e-01 8.694358e-01
3.142987e+00 4.244470e-05 6.096880e-01 8.687213e-01
3.140728e+00 4.327226e-05 5.658760e-01 8.684459e-01
3.143403e+00 4.279576e-05 5.964520e-01 8.686479e-01
3.134506e+00 4.052084e-05 5.755690e-01 8.681849e-01
3.146293e+00 4.612907e-05 5.730400e-01 8.684726e-01
3.146956e+00 4.182149e-05 5.681940e-01 8.685622e-01
3.138314e+00 4.255177e-05 5.769230e-01 8.680696e-01
3.136090e+00 4.088287e-05 5.844380e-01 8.687089e-01
3.139004e+00 5.534918e-05 6.070020e-01 8.682335e-01
3.139701e+00 4.662385e-05 5.784230e-01 8.685936e-01
3.145059e+00 5.096316e-05 6.012460e-01 8.694730e-01
3.140747e+00 4.201278e-05 6.174260e-01 8.685593e-01
3.139196e+00 5.297207e-05 6.106250e-01 8.686670e-01
3.142795e+00 4.150017e-05 5.937480e-01 8.683364e-01
3.138966e+00 4.132650e-05 5.934570e-01 8.683964e-01
3.140598e+00 4.242878e-05 5.923130e-01 8.687975e-01
3.138888e+00 4.274740e-05 6.050710e-01 8.687823e-01
3.145761e+00 4.281680e-05 6.003090e-01 8.692339e-01
3.142790e+00 4.276186e-05 6.021520e-01 8.690776e-01
3.140494e+00 4.263723e-05 5.943070e-01 8.680915e-01
3.140594e+00 4.296104e-05 5.938800e-01 8.690023e-01
3.147781e+00 4.234115e-05 5.625720e-01 8.686022e-01
3.138023e+00 4.391484e-05 5.647430e-01 8.684831e-01
3.139801e+00 4.152571e-05 5.564690e-01 8.688213e-01
3.138992e+00 4.162348e-05 5.652960e-01 8.685469e-01
3.143755e+00 4.234810e-05 6.017820e-01 8.689156e-01
3.139816e+00 4.301257e-05 5.912760e-01 8.677685e-01
3.145467e+00 4.654075e-05 5.865230e-01 8.686479e-01
3.144503e+00 5.280372e-05 6.091880e-01 8.686403e-01
3.141895e+00 4.237423e-05 6.342790e-01 8.688347e-01
3.129090e+00 4.107505e-05 5.779890e-01 8.687422e-01
3.137033e+00 4.167932e-05 6.073480e-01 8.686917e-01
3.133186e+00 4.032263e-05 5.871950e-01 8.687137e-01
3.143460e+00 4.198125e-05 5.930650e-01 8.684612e-01
3.142050e+00 4.195712e-05 5.932300e-01 8.686965e-01
3.145704e+00 4.462997e-05 6.247500e-01 8.691395e-01
3.139545e+00 4.196934e-05 5.923730e-01 8.686327e-01
3.139291e+00 4.292108e-05 6.037940e-01 8.689776e-01
3.145747e+00 4.373808e-05 5.655680e-01 8.687079e-01
3.147417e+00 4.531446e-05 5.597000e-01 8.692148e-01
3.135133e+00 4.061836e-05 5.479690e-01 8.692501e-01
3.138699e+00 4.184783e-05 5.870850e-01 8.689004e-01
3.145285e+00 4.236605e-05 6.077950e-01 8.687489e-01
3.147333e+00 4.412994e-05 6.153160e-01 8.690890e-01
3.132754e+00 4.065208e-05 5.744130e-01 8.687194e-01
3.149204e+00 4.378532e-05 6.142180e-01 8.679648e-01
3.139807e+00 4.600666e-05 6.139320e-01 8.692339e-01
3.147131e+00 4.962196e-05 6.065980e-01 8.691157e-01
3.150245e+00 4.267926e-05 5.966470e-01 8.687194e-01
3.147032e+00 4.228454e-05 6.019450e-01 8.686727e-01
3.139453e+00 4.202547e-05 5.760860e-01 8.677904e-01
3.134442e+00 4.231345e-05 6.085900e-01 8.686508e-01
3.137728e+00 4.145120e-05 5.986100e-01 8.693825e-01
3.144511e+00 4.251328e-05 6.099020e-01 8.686184e-01
3.139804e+00 4.299682e-05 6.103170e-01 8.685555e-01
3.134717e+00 4.192200e-05 6.098900e-01 8.691310e-01
3.135627e+00 4.110438e-05 5.818990e-01 8.685317e-01
3.147496e+00 4.317982e-05 5.757320e-01 8.685250e-01
3.139058e+00 4.312092e-05 5.880270e-01 8.688699e-01
3.142611e+00 6.121613e-05 5.661810e-01 8.690814e-01
3.144310e+00 4.865282e-05 5.898630e-01 8.684555e-01
3.148336e+00 4.294179e-05 5.976970e-01 8.684716e-01
3.141419e+00 4.189914e-05 6.004650e-01 8.693682e-01
3.138717e+00 4.182799e-05 6.107870e-01 8.694778e-01
3.134959e+00 4.107696e-05 6.181430e-01 8.683345e-01
3.143699e+00 4.280072e-05 5.991420e-01 8.690938e-01
3.132742e+00 4.314485e-05 5.700410e-01 8.688270e-01
3.148209e+00 4.264136e-05 5.917250e-01 8.688528e-01
3.151035e+00 4.341022e-05 5.857900e-01 8.687356e-01
3.150668e+00 4.418453e-05 5.653410e-01 8.681391e-01
3.141310e+00 4.198617e-05 6.192590e-01 8.691567e-01
3.147095e+00 6.487810e-05 5.843580e-01 8.688985e-01
3.147613e+00 4.294626e-05 6.254020e-01 8.682639e-01
3.138958e+00 4.214697e-05 5.784030e-01 8.689766e-01
3.145907e+00 4.264579e-05 5.864340e-01 8.694654e-01
3.155263e+00 1.430226e-04 5.838910e-01 8.685641e-01
3.133993e+00 4.058975e-05 5.862100e-01 8.685069e-01
3.138163e+00 4.269945e-05 6.157330e-01 8.691319e-01
3.142431e+00 4.337688e-05 5.935010e-01 8.691929e-01
3.144824e+00 4.185010e-05 6.017070e-01 8.694644e-01
3.140118e+00 4.241424e-05 6.076050e-01 8.691853e-01
3.135687e+00 4.042081e-05 6.311520e-01 8.686441e-01
3.144672e+00 4.139672e-05 5.843440e-01 8.698589e-01
3.136476e+00 4.126712e-05 6.046060e-01 8.693349e-01
3.144771e+00 4.755153e-05 6.101380e-01 8.686117e-01
3.134879e+00 4.048249e-05 6.122670e-01 8.689776e-01
3.143376e+00 4.316417e-05 5.909940e-01 8.687670e-01
3.148140e+00 4.191690e-05 6.124260e-01 8.687327e-01
3.136395e+00 4.577461e-05 6.053150e-01 8.685212e-01
3.141895e+00 4.242662e-05 5.871770e-01 8.689547e-01
3.148844e+00 5.325218e-05 5.974740e-01 8.691948e-01
3.141240e+00 4.083343e-05 5.787180e-01 8.685393e-01
3.140317e+00 4.111567e-05 5.674430e-01 8.687098e-01
3.145071e+00 4.182280e-05 5.502210e-01 8.690128e-01
3.143348e+00 4.460876e-05 5.905190e-01 8.690042e-01
3.144201e+00 4.281577e-05 5.953830e-01 8.690557e-01
3.152113e+00 4.647777e-05 5.846390e-01 8.686289e-01
3.138185e+00 4.127809e-05 5.820620e-01 8.690223e-01
3.140836e+00 4.161127e-05 5.948670e-01 8.694978e-01
3.139224e+00 4.344851e-05 6.082780e-01 8.685050e-01
3.142024e+00 4.334863e-05 6.004690e-01 8.692377e-01
3.134227e+00 4.155407e-05 5.947690e-01 8.688061e-01
3.138036e+00 4.099474e-05 5.830350e-01 8.688470e-01
3.141482e+00 4.263498e-05 5.906070e-01 8.689823e-01
3.143714e+00 4.230440e-05 6.177950e-01 8.692348e-01
3.132734e+00 4.271594e-05 6.017820e-01 8.687394e-01
3.143181e+00 4.236029e-05 5.746620e-01 8.687718e-01
3.128708e+00 4.038766e-05 5.935930e-01 8.695502e-01
3.142923e+00 4.058038e-05 6.094280e-01 8.689023e-01
3.147114e+00 4.536483e-05 5.655520e-01 8.692348e-01
3.134061e+00 4.067428e-05 5.816100e-01 8.682420e-01
3.143242e+00 4.303775e-05 5.518610e-01 8.693244e-01
3.142976e+00 4.515836e-05 5.764340e-01 8.683021e-01
3.133446e+00 4.224391e-05 5.882450e-01 8.686460e-01
3.146337e+00 4.229382e-05 6.351110e-01 8.684002e-01
3.147412e+00 4.237955e-05 5.871560e-01 8.687641e-01
3.137658e+00 4.074630e-05 5.946900e-01 8.679648e-01
3.144208e+00 4.484715e-05 6.144590e-01 8.692100e-01
3.143553e+00 4.253156e-05 5.885830e-01 8.687175e-01
3.150962e+00 4.258262e-05 5.820520e-01 8.689299e-01
3.133761e+00 4.053743e-05 6.076420e-01 8.685765e-01
3.143374e+00 4.224505e-05 5.991550e-01 8.685241e-01
3.140247e+00 4.108178e-05 5.931830e-01 8.684869e-01
3.142776e+00 4.591804e-05 5.795920e-01 8.692234e-01
3.137571e+00 4.325837e-05 6.058770e-01 8.692348e-01
3.147183e+00 4.113790e-05 5.886810e-01 8.693215e-01
3.143130e+00 4.177239e-05 5.915080e-01 8.689776e-01
3.135017e+00 4.190207e-05 5.691470e-01 8.689890e-01
3.135109e+00 4.079177e-05 5.597790e-01 8.694511e-01
3.140804e+00 4.100150e-05 5.611820e-01 8.684945e-01
3.146655e+00 4.279868e-05 5.815630e-01 8.695835e-01
3.143130e+00 4.162827e-05 5.639040e-01 8.693482e-01
3.147469e+00 4.347626e-05 6.229400e-01 8.687451e-01
3.146369e+00 4.271820e-05 6.104130e-01 8.683973e-01
3.139453e+00 4.426797e-05 6.058710e-01 8.686460e-01
3.144416e+00 4.144935e-05 5.766840e-01 8.690319e-01
3.129141e+00 4.044714e-05 6.057580e-01 8.680181e-01
3.139753e+00 4.086750e-05 5.959490e-01 8.690109e-01
3.151905e+00 7.019465e-05 6.103650e-01 8.691262e-01
3.138333e+00 4.332274e-05 5.908170e-01 8.692596e-01
3.134811e+00 4.246129e-05 5.966230e-01 8.681591e-01
3.130515e+00 4.080915e-05 5.938820e-01 8.688518e-01
3.136636e+00 4.076798e-05 5.978570e-01 8.682306e-01
3.143479e+00 4.213668e-05 5.753000e-01 8.687622e-01
3.151663e+00 4.299640e-05 5.585990e-01 8.692977e-01
3.141186e+00 4.201255e-05 5.896750e-01 8.687937e-01
3.141012e+00 4.119242e-05 5.619100e-01 8.688832e-01
3.140430e+00 4.290098e-05 5.759770e-01 8.693672e-01
3.140301e+00 4.397614e-05 5.854820e-01 8.683497e-01
3.149660e+00 4.607732e-05 5.986280e-01 8.684821e-01
3.143784e+00 4.161628e-05 6.016040e-01 8.692224e-01
3.143138e+00 4.659071e-05 6.032660e-01 8.689957e-01
3.142180e+00 4.158536e-05 5.868370e-01 8.684183e-01
3.142231e+00 4.076527e-05 6.088170e-01 8.684574e-01
3.137881e+00 4.129333e-05 5.914430e-01 8.686127e-01
3.129216e+00 4.301015e-05 6.141060e-01 8.685946e-01
3.147797e+00 4.521057e-05 6.182010e-01 8.689414e-01
3.151331e+00 4.404435e-05 5.985600e-01 8.681896e-01
3.141999e+00 4.201235e-05 5.959590e-01 8.686670e-01
3.145549e+00 4.457074e-05 5.857860e-01 8.688737e-01
3.135771e+00 4.127131e-05 5.650490e-01 8.690528e-01
3.143436e+00 4.379684e-05 5.664640e-01 8.685326e-01
3.133583e+00 4.159674e-05 5.954940e-01 8.685555e-01
3.155525e+00 1.248655e-04 5.870400e-01 8.691605e-01
3.139871e+00 4.248825e-05 6.224280e-01 8.685193e-01
3.137564e+00 4.355152e-05 6.112670e-01 8.691862e-01
3.143827e+00 4.161946e-05 5.874640e-01 8.690881e-01
3.138234e+00 4.440853e-05 6.107860e-01 8.691938e-01
3.138853e+00 4.131343e-05 5.788880e-01 8.689900e-01
3.139504e+00 4.341829e-05 6.058980e-01 8.687946e-01
3.138044e+00 4.093370e-05 5.883340e-01 8.688804e-01
3.134825e+00 4.111180e-05 5.902960e-01 8.684316e-01
3.151411e+00 7.649601e-05 5.895100e-01 8.688499e-01
3.141041e+00 4.101758e-05 6.131890e-01 8.691662e-01
3.134551e+00 4.253601e-05 6.059170e-01 8.684345e-01
3.144336e+00 4.229967e-05 5.890160e-01 8.691319e-01
3.138204e+00 4.179105e-05 5.804220e-01 8.679886e-01
3.143251e+00 4.394021e-05 6.052440e-01 8.685660e-01
3.139382e+00 4.160221e-05 5.826290e-01 8.682544e-01
3.134764e+00 4.244180e-05 6.155510e-01 8.682887e-01
3.140621e+00 4.171998e-05 5.708650e-01 8.694568e-01
3.142265e+00 4.563397e-05 5.728310e-01 8.686412e-01
3.141495e+00 4.354075e-05 5.899610e-01 8.687594e-01
3.143845e+00 4.268463e-05 5.901270e-01 8.681496e-01
3.144812e+00 4.418922e-05 6.122560e-01 8.685393e-01
3.133582e+00 4.070978e-05 5.686050e-01 8.681039e-01
3.139025e+00 4.274125e-05 6.273590e-01 8.684983e-01
3.141695e+00 4.193616e-05 6.113770e-01 8.688070e-01
3.135055e+00 4.116330e-05 5.914540e-01 8.686612e-01
3.144096e+00 4.379927e-05 6.062280e-01 8.687403e-01
3.134017e+00 4.196635e-05 5.862430e-01 8.691557e-01
3.140370e+00 4.157967e-05 5.690130e-01 8.685517e-01
3.138229e+00 4.098569e-05 5.635230e-01 8.687365e-01
3.143025e+00 4.354362e-05 5.941750e-01 8.689957e-01
3.138588e+00 4.235306e-05 6.011820e-01 8.686241e-01
3.144277e+00 4.223467e-05 6.152640e-01 8.696940e-01
3.149331e+00 5.574150e-05 5.921890e-01 8.691691e-01
3.148520e+00 4.897157e-05 6.001630e-01 8.690852e-01
3.149994e+00 4.387443e-05 6.231350e-01 8.693711e-01
3.143231e+00 4.629526e-05 5.912480e-01 8.690681e-01
3.142377e+00 4.176503e-05 6.085490e-01 8.689518e-01
3.142659e+00 4.280454e-05 5.585020e-01 8.686565e-01
3.140163e+00 4.239914e-05 5.758280e-01 8.692053e-01
3.146526e+00 4.158167e-05 5.920820e-01 8.691576e-01
3.147888e+00 6.893048e-05 5.943440e-01 8.686165e-01
3.141353e+00 4.104805e-05 6.135280e-01 8.691919e-01
3.135090e+00 4.370875e-05 5.920010e-01 8.687918e-01
3.145261e+00 4.169925e-05 6.055890e-01 8.688194e-01
3.141110e+00 4.937768e-05 5.833120e-01 8.686565e-01
3.132532e+00 4.251536e-05 6.026580e-01 8.687441e-01
3.153498e+00 4.309585e-05 6.111450e-01 8.693053e-01
3.143210e+00 4.198529e-05 5.776650e-01 8.693291e-01
3.139405e+00 4.158655e-05 5.578060e-01 8.687441e-01
3.143612e+00 4.398903e-05 5.832280e-01 8.685603e-01
3.141000e+00 4.184196e-05 5.927330e-01 8.690633e-01
3.148543e+00 4.339306e-05 5.847340e-01 8.694902e-01
3.144981e+00 4.174834e-05 6.037380e-01 8.687575e-01
3.139447e+00 4.137177e-05 6.360660e-01 8.683602e-01
3.145405e+00 4.672432e-05 5.945780e-01 8.690786e-01
3.147445e+00 4.287845e-05 6.008660e-01 8.689052e-01
3.141979e+00 4.340078e-05 6.058570e-01 8.689576e-01
3.142032e+00 4.159052e-05 5.873640e-01 8.687508e-01
3.146228e+00 4.489380e-05 5.716000e-01 8.686203e-01
3.138573e+00 4.245249e-05 5.945340e-01 8.692748e-01
3.136771e+00 4.266322e-05 5.825830e-01 8.682935e-01
3.137976e+00 4.500169e-05 6.078910e-01 8.688156e-01
3.145619e+00 4.575078e-05 6.189110e-01 8.692110e-01
3.137684e+00 5.029299e-05 6.045790e-01 8.685488e-01
3.139507e+00 4.105577e-05 6.057250e-01 8.686917e-01
3.139716e+00 4.097907e-05 6.207430e-01 8.687584e-01
3.135224e+00 4.038079e-05 5.685270e-01 8.686593e-01
3.149228e+00 5.365480e-05 5.814920e-01 8.690424e-01
3.136384e+00 4.052873e-05 5.655070e-01 8.690681e-01
3.145157e+00 4.075271e-05 5.980640e-01 8.681992e-01
3.137348e+00 4.261877e-05 5.970080e-01 8.684440e-01
3.138072e+00 4.248977e-05 5.983440e-01 8.685679e-01
3.144702e+00 4.692108e-05 5.923730e-01 8.686736e-01
3.134792e+00 4.212693e-05 6.143960e-01 8.682592e-01
3.139706e+00 4.243988e-05 6.024230e-01 8.686936e-01
3.141250e+00 5.081261e-05 5.857160e-01 8.679495e-01
3.151688e+00 4.366008e-05 6.006860e-01 8.683497e-01
3.138715e+00 4.341114e-05 5.806780e-01 8.686041e-01
3.144004e+00 4.573466e-05 5.523760e-01 8.685812e-01
3.138094e+00 4.211793e-05 6.112360e-01 8.687156e-01
3.143770e+00 4.316602e-05 6.103020e-01 8.684612e-01
3.141747e+00 4.517300e-05 5.885410e-01 8.693215e-01
3.140671e+00 4.148099e-05 6.088710e-01 8.685031e-01
3.135582e+00 4.168792e-05 6.009390e-01 8.685202e-01
3.129908e+00 4.063146e-05 6.045260e-01 8.685193e-01
3.150777e+00 4.545284e-05 5.925220e-01 8.693406e-01
3.137884e+00 4.150033e-05 5.914240e-01 8.687422e-01
3.153843e+00 4.424738e-05 5.714730e-01 8.690948e-01
3.138143e+00 4.289093e-05 5.673580e-01 8.691071e-01
3.143980e+00 4.452096e-05 5.760610e-01 8.687889e-01
3.144894e+00 4.581138e-05 5.771600e-01 8.679896e-01
3.148885e+00 4.285269e-05 5.971770e-01 8.684440e-01
3.141014e+00 4.327914e-05 6.182420e-01 8.689595e-01
3.146973e+00 4.368008e-05 5.958770e-01 8.691195e-01
3.147883e+00 4.433934e-05 6.074590e-01 8.692462e-01
3.135108e+00 4.353075e-05 5.980880e-01 8.689642e-01
3.136712e+00 4.150011e-05 5.945200e-01 8.685736e-01
3.134653e+00 4.060130e-05 5.837870e-01 8.681134e-01
3.141665e+00 4.101940e-05 5.649560e-01 8.687756e-01
3.146329e+00 4.189107e-05 5.914820e-01 8.685593e-01
3.135064e+00 4.216542e-05 6.271910e-01 8.687413e-01
3.143434e+00 4.180997e-05 5.946250e-01 8.687813e-01
3.141899e+00 4.253570e-05 6.023090e-01 8.692663e-01
3.135859e+00 4.152848e-05 5.966700e-01 8.689604e-01
3.135493e+00 4.176436e-05 5.965970e-01 8.687117e-01
3.138801e+00 4.306583e-05 5.676170e-01 8.691233e-01
3.135685e+00 4.297518e-05 5.930440e-01 8.680391e-01
3.142264e+00 4.130520e-05 5.839620e-01 8.691919e-01
3.137938e+00 4.323722e-05 5.710160e-01 8.685031e-01
3.150137e+00 1.038275e-04 5.862670e-01 8.692891e-01
3.144051e+00 4.166660e-05 5.974320e-01 8.687975e-01
3.141262e+00 4.083749e-05 5.997200e-01 8.693682e-01
3.136065e+00 4.056946e-05 5.786210e-01 8.684669e-01
3.138391e+00 4.389720e-05 6.167950e-01 8.686031e-01
3.144903e+00 4.258722e-05 5.757510e-01 8.697722e-01
3.144284e+00 4.518371e-05 6.051200e-01 8.687051e-01
3.132589e+00 4.262878e-05 6.042230e-01 8.696464e-01
3.134922e+00 4.371128e-05 5.970240e-01 8.683735e-01
3.145603e+00 4.424682e-05 5.666920e-01 8.689985e-01
3.138863e+00 4.084457e-05 5.861930e-01 8.696140e-01
3.133930e+00 4.028280e-05 5.907940e-01 8.689976e-01
3.139811e+00 4.102289e-05 6.055460e-01 8.687184e-01
3.141074e+00 4.227738e-05 5.904590e-01 8.684116e-01
3.143593e+00 4.260803e-05 6.116210e-01 8.684069e-01
3.135531e+00 4.208042e-05 5.983150e-01 8.692005e-01
3.142586e+00 4.222576e-05 5.952030e-01 8.682468e-01
3.143291e+00 4.265884e-05 5.829740e-01 8.695759e-01
3.136604e+00 4.124597e-05 5.969390e-01 8.685422e-01
3.138866e+00 4.088863e-05 5.805420e-01 8.687622e-01
3.141827e+00 4.248965e-05 5.774740e-01 8.691338e-01
3.142979e+00 4.273319e-05 5.654520e-01 8.694701e-01
3.151087e+00 4.242988e-05 5.861970e-01 8.690319e-01
3.142269e+00 5.180361e-05 5.992400e-01 8.690890e-01
3.144944e+00 4.245484e-05 5.939150e-01 8.688394e-01
3.141136e+00 4.314595e-05 5.999360e-01 8.688489e-01
3.142760e+00 5.245476e-05 6.183150e-01 8.684621e-01
3.137919e+00 4.151705e-05 6.103070e-01 8.689156e-01
3.147881e+00 4.429638e-05 5.687400e-01 8.686746e-01
3.148186e+00 4.379365e-05 5.533360e-01 8.696883e-01
3.153688e+00 5.413869e-05 5.813070e-01 8.695502e-01
3.144280e+00 4.318911e-05 5.672660e-01 8.688604e-01
3.138475e+00 4.143650e-05 5.904120e-01 8.692777e-01
3.149395e+00 4.632502e-05 6.027640e-01 8.683869e-01
3.141851e+00 4.486143e-05 5.995440e-01 8.694301e-01
3.141247e+00 4.145478e-05 5.840880e-01 8.691348e-01
3.147026e+00 4.184958e-05 6.003400e-01 8.683916e-01
3.139455e+00 4.156974e-05 6.495040e-01 8.687375e-01
3.139996e+00 4.235082e-05 5.785630e-01 8.687680e-01
3.135511e+00 4.192644e-05 5.722610e-01 8.682182e-01
3.142260e+00 4.221844e-05 5.533080e-01 8.687670e-01
3.148889e+00 6.415326e-05 5.806060e-01 8.680753e-01
3.138042e+00 4.107535e-05 5.938740e-01 8.687823e-01
3.128828e+00 4.217752e-05 5.911070e-01 8.686517e-01
3.138326e+00 4.172801e-05 6.038510e-01 8.687289e-01
3.134011e+00 4.094811e-05 6.412330e-01 8.693415e-01
3.148455e+00 5.664689e-05 5.807060e-01 8.693625e-01
3.142219e+00 4.298380e-05 5.878720e-01 8.683002e-01
3.148036e+00 4.166900e-05 5.872430e-01 8.689042e-01
3.133724e+00 4.223609e-05 5.804280e-01 8.693682e-01
3.144046e+00 4.300864e-05 5.642430e-01 8.690995e-01
3.151116e+00 4.402368e-05 6.054110e-01 8.685888e-01
3.143409e+00 4.294084e-05 5.882470e-01 8.689328e-01
3.136463e+00 4.349224e-05 5.934800e-01 8.689194e-01
3.147362e+00 4.344200e-05 6.022470e-01 8.687432e-01
3.135885e+00 4.143327e-05 5.829200e-01 8.680667e-01
3.150209e+00 1.864153e-04 6.106990e-01 8.689995e-01
3.135698e+00 4.156222e-05 6.216800e-01 8.688594e-01
3.138022e+00 4.428959e-05 5.796110e-01 8.680867e-01
3.140691e+00 4.137850e-05 5.877290e-01 8.701028e-01
3.136654e+00 4.153054e-05 5.737620e-01 8.683335e-01
3.147355e+00 4.138806e-05 5.911890e-01 8.698913e-01
3.147425e+00 4.222529e-05 5.961000e-01 8.686536e-01
3.146288e+00 4.443269e-05 6.091250e-01 8.691624e-01
3.137645e+00 4.378025e-05 6.017980e-01 8.686698e-01
3.143958e+00 4.267942e-05 6.174530e-01 8.688366e-01
3.144074e+00 4.176156e-05 5.997990e-01 8.693568e-01
3.144407e+00 4.216911e-05 5.849650e-01 8.692367e-01
3.135951e+00 4.242654e-05 5.913610e-01 8.685955e-01
3.145386e+00 4.252554e-05 5.665810e-01 8.686336e-01
3.139236e+00 4.240857e-05 5.663800e-01 8.696874e-01
3.142298e+00 4.236770e-05 6.110750e-01 8.693987e-01
3.134959e+00 4.735677e-05 5.873890e-01 8.689595e-01
3.143219e+00 4.112303e-05 6.052540e-01 8.690557e-01
3.137484e+00 4.189135e-05 6.232330e-01 8.695264e-01
3.148490e+00 4.685862e-05 6.167600e-01 8.692453e-01
3.144297e+00 4.130323e-05 6.076280e-01 8.685098e-01
3.132321e+00 4.302318e-05 5.928350e-01 8.687727e-01
3.136319e+00 4.075864e-05 5.876940e-01 8.690967e-01
3.137388e+00 4.256686e-05 5.683090e-01 8.689471e-01
3.136202e+00 4.227438e-05 5.495580e-01 8.685898e-01
3.147608e+00 4.249622e-05 5.691310e-01 8.692634e-01
3.134198e+00 4.082056e-05 5.849310e-01 8.688804e-01
3.139633e+00 4.344883e-05 5.852630e-01 8.699913e-01
3.137196e+00 4.116104e-05 6.195500e-01 8.686851e-01
3.137973e+00 4.163622e-05 6.015640e-01 8.682582e-01
3.150246e+00 4.246798e-05 5.815830e-01 8.684192e-01
3.151697e+00 4.615811e-05 6.212170e-01 8.694902e-01
3.130420e+00 4.267894e-05 5.909250e-01 8.689328e-01
3.145748e+00 8.789441e-05 5.637040e-01 8.684069e-01
3.136984e+00 4.176957e-05 5.713490e-01 8.688432e-01
3.149006e+00 5.723775e-05 5.870670e-01 8.690347e-01
3.139402e+00 4.115659e-05 5.740380e-01 8.692415e-01
3.141411e+00 4.188694e-05 5.933540e-01 8.689995e-01
3.150975e+00 4.331552e-05 6.050220e-01 8.687403e-01
3.149534e+00 4.358038e-05 5.869630e-01 8.690366e-01
3.144957e+00 4.313226e-05 5.986820e-01 8.683840e-01
3.136088e+00 4.076226e-05 6.006410e-01 8.693215e-01
3.136389e+00 4.174799e-05 6.098540e-01 8.687251e-01
3.140634e+00 4.169466e-05 5.823600e-01 8.687356e-01
3.142683e+00 4.316770e-05 5.882160e-01 8.683792e-01
3.138134e+00 4.322902e-05 5.543910e-01 8.687032e-01
3.150319e+00 5.891123e-05 5.987100e-01 8.689728e-01
3.143964e+00 4.092063e-05 5.935030e-01 8.689252e-01
3.139368e+00 4.125603e-05 6.178960e-01 8.688166e-01
3.139778e+00 4.082776e-05 6.033800e-01 8.693806e-01
3.141430e+00 4.287207e-05 6.045210e-01 8.684440e-01
3.143491e+00 4.370112e-05 5.972470e-01 8.688461e-01
3.147508e+00 4.627091e-05 6.194970e-01 8.687842e-01
3.132550e+00 4.101920e-05 5.738490e-01 8.686660e-01
3.147014e+00 4.357548e-05 5.654430e-01 8.690062e-01
3.144047e+00 4.224318e-05 5.893340e-01 8.690090e-01
3.141080e+00 4.152103e-05 5.586090e-01 8.692967e-01
3.141958e+00 4.164788e-05 5.967970e-01 8.688509e-01
3.140372e+00 4.253800e-05 6.023820e-01 8.692443e-01
3.140035e+00 4.105375e-05 5.770620e-01 8.681382e-01
3.146411e+00 4.540586e-05 6.105770e-01 8.690605e-01
3.141509e+00 4.349887e-05 6.159850e-01 8.686384e-01
3.139390e+00 4.161795e-05 6.103250e-01 8.693549e-01
3.141507e+00 4.193092e-05 5.811340e-01 8.691186e-01
3.138811e+00 4.143521e-05 6.054440e-01 8.679114e-01
3.137352e+00 4.039695e-05 5.677330e-01 8.693530e-01
3.140896e+00 4.219669e-05 5.545880e-01 8.686632e-01
3.142578e+00 4.219569e-05 5.761960e-01 8.689985e-01
3.140350e+00 4.221652e-05 5.757430e-01 8.688594e-01
3.143068e+00 4.198408e-05 6.100910e-01 8.686336e-01
3.145633e+00 4.192931e-05 6.103470e-01 8.692539e-01
3.132340e+00 4.156103e-05 6.106560e-01 8.690900e-01
3.133811e+00 4.279362e-05 5.946960e-01 8.684497e-01
3.142284e+00 4.179599e-05 5.971300e-01 8.690443e-01
3.137818e+00 4.216974e-05 5.893080e-01 8.689242e-01
3.130545e+00 4.126430e-05 5.878240e-01 8.687670e-01
3.154452e+00 5.585836e-05 5.805370e-01 8.689499e-01
3.138101e+00 4.357754e-05 5.765470e-01 8.683745e-01
3.138521e+00 4.152810e-05 5.847350e-01 8.685002e-01
3.142866e+00 4.385033e-05 5.826670e-01 8.682687e-01
3.146515e+00 4.243502e-05 6.056000e-01 8.687575e-01
3.137654e+00 4.388768e-05 6.304220e-01 8.690157e-01
3.141821e+00 4.153565e-05 5.924120e-01 8.692234e-01
3.142268e+00 4.173870e-05 5.914090e-01 8.688051e-01
3.146913e+00 4.377226e-05 6.119290e-01 8.693463e-01
3.138416e+00 4.264018e-05 5.866360e-01 8.689290e-01
3.140726e+00 4.255058e-05 5.764470e-01 8.685326e-01
3.148275e+00 4.232149e-05 5.596060e-01 8.686860e-01
3.142776e+00 4.209977e-05 5.794960e-01 8.686889e-01
3.135705e+00 4.267079e-05 6.173910e-01 8.685660e-01
3.143025e+00 4.224063e-05 6.046520e-01 8.689585e-01
3.137300e+00 4.120824e-05 6.184800e-01 8.687927e-01
3.138417e+00 4.227302e-05 6.029940e-01 8.694435e-01
3.148565e+00 4.208409e-05 5.963140e-01 8.683497e-01
3.138334e+00 4.100083e-05 5.865090e-01 8.684269e-01
3.142361e+00 4.132437e-05 5.940660e-01 8.688270e-01
3.137581e+00 4.088994e-05 5.526280e-01 8.684926e-01
3.136400e+00 4.108668e-05 6.142380e-01 8.693215e-01
3.139320e+00 4.125218e-05 5.921590e-01 8.689204e-01
3.147157e+00 4.136924e-05 5.849990e-01 8.683983e-01
3.134736e+00 4.387178e-05 5.885730e-01 8.683163e-01
3.139603e+00 4.193206e-05 6.136030e-01 8.687537e-01
3.143619e+00 4.295420e-05 5.866300e-01 8.687908e-01
3.143025e+00 4.154159e-05 5.882760e-01 8.683364e-01
3.136897e+00 4.118210e-05 6.219800e-01 8.689490e-01
3.137026e+00 4.090200e-05 5.893220e-01 8.685822e-01
3.138579e+00 4.140974e-05 5.957940e-01 8.684316e-01
3.151552e+00 5.666538e-05 5.514100e-01 8.691510e-01
3.137214e+00 4.164198e-05 5.914100e-01 8.693844e-01
3.142461e+00 4.251890e-05 6.015040e-01 8.683992e-01
3.140764e+00 4.205226e-05 5.825780e-01 8.688499e-01
3.138969e+00 4.071680e-05 6.100170e-01 8.687346e-01
3.142452e+00 4.476953e-05 6.087130e-01 8.687127e-01
3.145686e+00 4.252112e-05 5.802110e-01 8.687375e-01
3.144649e+00 4.218107e-05 6.086970e-01 8.686622e-01
3.150171e+00 5.273019e-05 5.996930e-01 8.687013e-01
3.138146e+00 4.149069e-05 5.826940e-01 8.689909e-01
3.139357e+00 4.490220e-05 5.912090e-01 8.688175e-01
3.147256e+00 4.597869e-05 5.770360e-01 8.692720e-01
3.144313e+00 5.852690e-05 6.169000e-01 8.691310e-01
3.146450e+00 4.155983e-05 6.151040e-01 8.692072e-01
3.143913e+00 4.220244e-05 6.124820e-01 8.691996e-01
3.145075e+00 4.227615e-05 5.808410e-01 8.688928e-01
3.145897e+00 5.931647e-05 6.189010e-01 8.687365e-01
3.150516e+00 5.080276e-05 5.963590e-01 8.690586e-01
3.143934e+00 4.223040e-05 5.966840e-01 8.684516e-01
3.135598e+00 4.192228e-05 6.212250e-01 8.691481e-01
3.142935e+00 4.403258e-05 5.647030e-01 8.689928e-01
3.144064e+00 4.921459e-05 6.069790e-01 8.688737e-01
3.146966e+00 4.867451e-05 6.081370e-01 8.688680e-01
3.143259e+00 4.185261e-05 6.077810e-01 8.690576e-01
3.136001e+00 4.181620e-05 5.823110e-01 8.684707e-01
3.149439e+00 4.273452e-05 6.263650e-01 8.692091e-01
3.146041e+00 4.439162e-05 5.991020e-01 8.693263e-01
3.139308e+00 4.151966e-05 5.789490e-01 8.691062e-01
3.141390e+00 4.310273e-05 5.959380e-01 8.688699e-01
3.139149e+00 4.110934e-05 5.877490e-01 8.683345e-01
3.146724e+00 4.176576e-05 5.528590e-01 8.691510e-01
3.141206e+00 4.380033e-05 5.754290e-01 8.689185e-01
3.133404e+00 4.087968e-05 6.104460e-01 8.689547e-01
3.140629e+00 4.175177e-05 6.152610e-01 8.692634e-01
3.131821e+00 4.171185e-05 5.987640e-01 8.686851e-01
3.141239e+00 4.304817e-05 6.085210e-01 8.691052e-01
3.140440e+00 4.237519e-05 6.299720e-01 8.688747e-01
3.147069e+00 4.194358e-05 5.868970e-01 8.694644e-01
3.135411e+00 4.087758e-05 6.060120e-01 8.694863e-01
3.141318e+00 4.123614e-05 5.925310e-01 8.687137e-01
3.141235e+00 4.318152e-05 5.628100e-01 8.691224e-01
3.146675e+00 4.487308e-05 5.567140e-01 8.680639e-01
3.144385e+00 4.113301e-05 6.059250e-01 8.688166e-01
3.140862e+00 4.115224e-05 6.078590e-01 8.683125e-01
3.137298e+00 4.095145e-05 6.161500e-01 8.688242e-01
3.142464e+00 4.355074e-05 6.072170e-01 8.698970e-01
3.148910e+00 4.186455e-05 6.080810e-01 8.689052e-01
3.140894e+00 4.450300e-05 5.944120e-01 8.690204e-01
3.147649e+00 4.279801e-05 6.068110e-01 8.686803e-01
3.151991e+00 4.226487e-05 5.943370e-01 8.687384e-01
3.140266e+00 4.115926e-05 5.870600e-01 8.695540e-01
3.139538e+00 4.199248e-05 5.604270e-01 8.691643e-01
3.143323e+00 4.168252e-05 6.045250e-01 8.692558e-01
3.139238e+00 4.272690e-05 5.868330e-01 8.682277e-01
3.141437e+00 4.227386e-05 5.876620e-01 8.691919e-01
3.134194e+00 4.366970e-05 6.154470e-01 8.691433e-01
3.144780e+00 4.229029e-05 5.807440e-01 8.680572e-01
3.132637e+00 4.272170e-05 6.102150e-01 8.689919e-01
3.144794e+00 4.172636e-05 5.759840e-01 8.688404e-01
3.140745e+00 4.135174e-05 6.045880e-01 8.696026e-01
3.147608e+00 4.213667e-05 5.988340e-01 8.689042e-01
3.134874e+00 4.059894e-05 5.731230e-01 8.677676e-01
3.144642e+00 4.255830e-05 5.913440e-01 8.687984e-01
3.134490e+00 4.473953e-05 5.836180e-01 8.693625e-01
3.140713e+00 4.074474e-05 6.086030e-01 8.685241e-01
3.136850e+00 4.109396e-05 6.078710e-01 8.685317e-01
3.150146e+00 4.382665e-05 5.927920e-01 8.689404e-01
3.146246e+00 5.227243e-05 5.871990e-01 8.678952e-01
3.138743e+00 4.199515e-05 6.125980e-01 8.684555e-01
3.143904e+00 4.151364e-05 5.906850e-01 8.687518e-01
3.144978e+00 4.592047e-05 6.021180e-01 8.688756e-01
3.145994e+00 4.515766e-05 5.700260e-01 8.696864e-01
3.142365e+00 4.124289e-05 5.690350e-01 8.691252e-01
3.130105e+00 4.009648e-05 5.777810e-01 8.683116e-01
3.133983e+00 4.138249e-05 5.951970e-01 8.687965e-01
3.147280e+00 4.577162e-05 5.851350e-01 8.691357e-01
3.135054e+00 4.222703e-05 5.995580e-01 8.695940e-01
3.145964e+00 4.221270e-05 5.977910e-01 8.688709e-01
3.135935e+00 4.176717e-05 5.964890e-01 8.693949e-01
3.137347e+00 4.250066e-05 5.958910e-01 8.690471e-01
3.137927e+00 4.206942e-05 5.880940e-01 8.686355e-01
3.141266e+00 4.083345e-05 5.927820e-01 8.687298e-01
3.148583e+00 4.331507e-05 5.669160e-01 8.700056e-01
3.140309e+00 4.104122e-05 5.632160e-01 8.690138e-01
3.141221e+00 5.591803e-05 5.875440e-01 8.690309e-01
3.137588e+00 6.159916e-05 6.103980e-01 8.691319e-01
3.139152e+00 5.181736e-05 6.032310e-01 8.686841e-01
3.146238e+00 4.587144e-05 6.290400e-01 8.688804e-01
3.142587e+00 4.130208e-05 6.321570e-01 8.692939e-01
3.143071e+00 4.372466e-05 5.709630e-01 8.679705e-01
3.142351e+00 4.591996e-05 6.337850e-01 8.691967e-01
3.142582e+00 4.233531e-05 5.802090e-01 8.686584e-01
3.138810e+00 4.160640e-05 5.547870e-01 8.687689e-01
3.146158e+00 4.269341e-05 5.575760e-01 8.679972e-01
3.147068e+00 4.621638e-05 5.556680e-01 8.688394e-01
3.150959e+00 4.974472e-05 5.839770e-01 8.693768e-01
3.137615e+00 4.237732e-05 5.932730e-01 8.689337e-01
3.136731e+00 4.670452e-05 6.142450e-01 8.684440e-01
3.144310e+00 4.298446e-05 6.091450e-01 8.680010e-01
3.140218e+00 4.537799e-05 6.067650e-01 8.688642e-01
3.138699e+00 4.107674e-05 5.819190e-01 8.682668e-01
3.146771e+00 4.290273e-05 5.951150e-01 8.686241e-01
3.147143e+00 4.451830e-05 5.753410e-01 8.689004e-01
3.148269e+00 4.311097e-05 5.767080e-01 8.689576e-01
3.148743e+00 4.237171e-05 5.923560e-01 8.694730e-01
3.146658e+00 5.172955e-05 5.882990e-01 8.683611e-01
3.140428e+00 4.134848e-05 5.878810e-01 8.684631e-01
3.138680e+00 4.170705e-05 6.122310e-01 8.693215e-01
3.135115e+00 4.089680e-05 6.162210e-01 8.685040e-01
3.145725e+00 4.618095e-05 5.994570e-01 8.678400e-01
3.145324e+00 4.263358e-05 6.071720e-01 8.690395e-01
3.139950e+00 4.425161e-05 5.998900e-01 8.691796e-01
3.138213e+00 4.503611e-05 5.804330e-01 8.691881e-01
3.136292e+00 4.895533e-05 5.823920e-01 8.689766e-01
3.139736e+00 4.447452e-05 5.506930e-01 8.687727e-01
3.150285e+00 4.367383e-05 5.787560e-01 8.690595e-01
3.141823e+00 4.805026e-05 6.020030e-01 8.691529e-01
3.139496e+00 4.176014e-05 6.029410e-01 8.694844e-01
3.143360e+00 4.155725e-05 5.954500e-01 8.685955e-01
3.138810e+00 4.204401e-05 6.157560e-01 8.690681e-01
3.136034e+00 4.062906e-05 5.983750e-01 8.688032e-01
3.149670e+00 4.264070e-05 5.688410e-01 8.686946e-01
3.138473e+00 4.534100e-05 5.818740e-01 8.684974e-01
3.134035e+00 4.279942e-05 5.833900e-01 8.685221e-01
3.142806e+00 4.542670e-05 5.753780e-01 8.689423e-01
3.137166e+00 4.210424e-05 5.715900e-01 8.682011e-01
3.150859e+00 4.237146e-05 6.075990e-01 8.686794e-01
3.140448e+00 4.216775e-05 6.020990e-01 8.679352e-01
3.137143e+00 4.106183e-05 5.907190e-01 8.685136e-01
3.138791e+00 4.275164e-05 5.947600e-01 8.687489e-01
3.145932e+00 4.363802e-05 5.940800e-01 8.691567e-01
3.143476e+00 4.150128e-05 6.308590e-01 8.694892e-01
3.145955e+00 5.295306e-05 5.888870e-01 8.700037e-01
3.135641e+00 4.170391e-05 5.891590e-01 8.684631e-01
3.141262e+00 4.204198e-05 5.875750e-01 8.688756e-01
3.143155e+00 4.348804e-05 6.114080e-01 8.690814e-01
3.141135e+00 4.218839e-05 5.877490e-01 8.695292e-01
3.136418e+00 4.161382e-05 5.957300e-01 8.687232e-01
3.135659e+00 4.358153e-05 5.942160e-01 8.691910e-01
3.131430e+00 4.094578e-05 5.837610e-01 8.691738e-01
3.137053e+00 4.243999e-05 5.951000e-01 8.688556e-01
3.139613e+00 4.210790e-05 5.955100e-01 8.683735e-01
3.141830e+00 4.355574e-05 6.000390e-01 8.694730e-01
3.146335e+00 4.137457e-05 5.736630e-01 8.698703e-01
3.147051e+00 4.459128e-05 5.849510e-01 8.685745e-01
3.147285e+00 4.558909e-05 5.846110e-01 8.687889e-01
3.134422e+00 4.099510e-05 6.120520e-01 8.684364e-01
3.139914e+00 4.103482e-05 6.010100e-01 8.692920e-01
3.155290e+00 4.993545e-05 6.023470e-01 8.684850e-01
3.146239e+00 4.379703e-05 5.894320e-01 8.686117e-01
3.148127e+00 4.125684e-05 6.042370e-01 8.692577e-01
3.150178e+00 4.357348e-05 6.186760e-01 8.695064e-01
3.135515e+00 4.157238e-05 5.614530e-01 8.681382e-01
3.153283e+00 7.411912e-05 5.759620e-01 8.693653e-01
3.145459e+00 1.144855e-04 5.697340e-01 8.679495e-01
3.142478e+00 4.460470e-05 5.842860e-01 8.689280e-01
3.144438e+00 4.166486e-05 5.909820e-01 8.690395e-01
