# dim  N   mc   rho  Brute 
# 2    2 262394 1
#
# Theoretical Energy = 2.000000e+00
# Energy     Variance     CPU time     Acceptance
3.254281e+00 5.230877e-05 2.817400e-01 8.595900e-01
3.245064e+00 5.053008e-05 2.521530e-01 8.600702e-01
3.255429e+00 5.288375e-05 2.242550e-01 8.599711e-01
3.261123e+00 5.212868e-05 2.263040e-01 8.605456e-01
3.269481e+00 5.861121e-05 2.417920e-01 8.602922e-01
3.250128e+00 4.728383e-05 2.355730e-01 8.604903e-01
3.240826e+00 4.941260e-05 2.765590e-01 8.608914e-01
3.247532e+00 4.746265e-05 2.361310e-01 8.604055e-01
3.255070e+00 5.534144e-05 2.313140e-01 8.604722e-01
3.243519e+00 4.781811e-05 2.241590e-01 8.606275e-01
3.266236e+00 4.922605e-05 2.233920e-01 8.599606e-01
3.249152e+00 4.965426e-05 2.121450e-01 8.604227e-01
3.244506e+00 4.728655e-05 2.236770e-01 8.602826e-01
3.240906e+00 4.710224e-05 2.242670e-01 8.606190e-01
3.251345e+00 4.775485e-05 2.135910e-01 8.606085e-01
3.243132e+00 4.735369e-05 2.141560e-01 8.603312e-01
3.254237e+00 5.486103e-05 2.233260e-01 8.604665e-01
3.240320e+00 4.629296e-05 2.193450e-01 8.605027e-01
3.263465e+00 6.091653e-05 2.312400e-01 8.602893e-01
3.243729e+00 5.099702e-05 2.219410e-01 8.603198e-01
3.243830e+00 4.829257e-05 2.250470e-01 8.604465e-01
3.249104e+00 4.869002e-05 2.240850e-01 8.610086e-01
3.239580e+00 4.810914e-05 2.398460e-01 8.606856e-01
3.249779e+00 4.950118e-05 2.373250e-01 8.605970e-01
3.250567e+00 4.938115e-05 2.256270e-01 8.602540e-01
3.236633e+00 4.828418e-05 2.107760e-01 8.601788e-01
3.250800e+00 4.903019e-05 2.181690e-01 8.606790e-01
3.243410e+00 4.747299e-05 2.170610e-01 8.604008e-01
3.251054e+00 5.232083e-05 2.099970e-01 8.604522e-01
3.247670e+00 4.724916e-05 2.304160e-01 8.611020e-01
3.244799e+00 4.966135e-05 2.128510e-01 8.608962e-01
3.244712e+00 4.940534e-05 2.278210e-01 8.604560e-01
3.234459e+00 5.049236e-05 2.094300e-01 8.605303e-01
3.238568e+00 4.719550e-05 2.139140e-01 8.608724e-01
3.250433e+00 4.794536e-05 2.096380e-01 8.609429e-01
3.244279e+00 4.736218e-05 2.208980e-01 8.600883e-01
3.230873e+00 4.845477e-05 2.126650e-01 8.604960e-01
3.250910e+00 4.684660e-05 2.313680e-01 8.600425e-01
3.246075e+00 6.103574e-05 2.077940e-01 8.609219e-01
3.243404e+00 4.690317e-05 2.156190e-01 8.597653e-01
3.239377e+00 4.668029e-05 2.090850e-01 8.599482e-01
3.242900e+00 4.769792e-05 2.123920e-01 8.607038e-01
3.252624e+00 8.407128e-05 2.150450e-01 8.604551e-01
3.241598e+00 4.762276e-05 2.286070e-01 8.602035e-01
3.245621e+00 5.831380e-05 2.257630e-01 8.612421e-01
3.239691e+00 4.602265e-05 2.260160e-01 8.606666e-01
3.252564e+00 5.007506e-05 2.066990e-01 8.601997e-01
3.240233e+00 4.678849e-05 2.142450e-01 8.608733e-01
3.238080e+00 5.003896e-05 2.102700e-01 8.606647e-01
3.240372e+00 4.652864e-05 2.065060e-01 8.599006e-01
3.234959e+00 4.946342e-05 2.268430e-01 8.598548e-01
3.252050e+00 1.182029e-04 2.267190e-01 8.598234e-01
3.231550e+00 4.663253e-05 2.037700e-01 8.602560e-01
3.244640e+00 5.099371e-05 2.109710e-01 8.605084e-01
3.249510e+00 4.718284e-05 2.105220e-01 8.606799e-01
3.235484e+00 4.710772e-05 2.055430e-01 8.602950e-01
3.240228e+00 4.650382e-05 2.136390e-01 8.608752e-01
3.237603e+00 4.697339e-05 2.131580e-01 8.604179e-01
3.240581e+00 4.983259e-05 2.051990e-01 8.609848e-01
3.227351e+00 4.640681e-05 2.098640e-01 8.606876e-01
3.237294e+00 4.689287e-05 2.159230e-01 8.603112e-01
3.228129e+00 4.471243e-05 2.134690e-01 8.608629e-01
3.244756e+00 4.659064e-05 2.106630e-01 8.600892e-01
3.234442e+00 4.526381e-05 2.041180e-01 8.606390e-01
3.235913e+00 4.517652e-05 2.032760e-01 8.603312e-01
3.229586e+00 4.791159e-05 2.103940e-01 8.603093e-01
3.247214e+00 4.948557e-05 2.154560e-01 8.604675e-01
3.239081e+00 5.226883e-05 2.058050e-01 8.603493e-01
3.241957e+00 4.654676e-05 2.109990e-01 8.599387e-01
3.233820e+00 4.753299e-05 2.105760e-01 8.601397e-01
3.230945e+00 4.510178e-05 2.038660e-01 8.600502e-01
3.234509e+00 4.725452e-05 2.171490e-01 8.610448e-01
3.247690e+00 4.767184e-05 2.288750e-01 8.599682e-01
3.225780e+00 4.804105e-05 2.248100e-01 8.603712e-01
3.227295e+00 4.506393e-05 2.050630e-01 8.598120e-01
3.233728e+00 4.573061e-05 2.042450e-01 8.607447e-01
3.236726e+00 4.679513e-05 2.136640e-01 8.610839e-01
3.225575e+00 4.472094e-05 2.188720e-01 8.597357e-01
3.238021e+00 4.728040e-05 2.106620e-01 8.606266e-01
3.231777e+00 4.727910e-05 2.184260e-01 8.601511e-01
3.229658e+00 4.534260e-05 2.108530e-01 8.604703e-01
3.233361e+00 4.486455e-05 2.141430e-01 8.601854e-01
3.236444e+00 4.889846e-05 2.174570e-01 8.606523e-01
3.233310e+00 4.866734e-05 2.103750e-01 8.608143e-01
3.230390e+00 4.485381e-05 2.100180e-01 8.598024e-01
3.243452e+00 4.809544e-05 2.167730e-01 8.611954e-01
3.242653e+00 5.896858e-05 2.177160e-01 8.596081e-01
3.223257e+00 4.476739e-05 2.078910e-01 8.605761e-01
3.241195e+00 4.655278e-05 2.026190e-01 8.610791e-01
3.233007e+00 4.679007e-05 2.045900e-01 8.612135e-01
3.231912e+00 4.624388e-05 2.100440e-01 8.612182e-01
3.235556e+00 4.557993e-05 2.212340e-01 8.602512e-01
3.236422e+00 4.628708e-05 2.114800e-01 8.603874e-01
3.233154e+00 4.745026e-05 2.037310e-01 8.603617e-01
3.233725e+00 4.568719e-05 2.052480e-01 8.599501e-01
3.242886e+00 5.202659e-05 2.031340e-01 8.612287e-01
3.219127e+00 4.554205e-05 2.067110e-01 8.599958e-01
3.231409e+00 4.687198e-05 2.038260e-01 8.605789e-01
3.225036e+00 4.581707e-05 2.102230e-01 8.600721e-01
3.233263e+00 4.501626e-05 2.069320e-01 8.599844e-01
3.230633e+00 4.429725e-05 2.119900e-01 8.604122e-01
3.239375e+00 4.579891e-05 2.039080e-01 8.608562e-01
3.245307e+00 4.687080e-05 2.194830e-01 8.608943e-01
3.228911e+00 4.424743e-05 2.111070e-01 8.605732e-01
3.232051e+00 4.417380e-05 2.124020e-01 8.606485e-01
3.245371e+00 5.378578e-05 2.101190e-01 8.610525e-01
3.236200e+00 4.588777e-05 2.120070e-01 8.609000e-01
3.238910e+00 9.895839e-05 2.032020e-01 8.602016e-01
3.237248e+00 4.600994e-05 2.101220e-01 8.614574e-01
3.241025e+00 4.576109e-05 2.035340e-01 8.607666e-01
3.227480e+00 4.471409e-05 2.032100e-01 8.604703e-01
3.233239e+00 4.751747e-05 2.104100e-01 8.603255e-01
3.228919e+00 4.832243e-05 2.028400e-01 8.599425e-01
3.233990e+00 4.555786e-05 2.054350e-01 8.609410e-01
3.238415e+00 5.318814e-05 2.036870e-01 8.606552e-01
3.231891e+00 4.479286e-05 2.166870e-01 8.596948e-01
3.244900e+00 4.626871e-05 2.175700e-01 8.605780e-01
3.239020e+00 4.798584e-05 2.108700e-01 8.609505e-01
3.241705e+00 4.847868e-05 2.031060e-01 8.598501e-01
3.238149e+00 4.674387e-05 2.117970e-01 8.602893e-01
3.234989e+00 4.605416e-05 2.036880e-01 8.607800e-01
3.238015e+00 4.643712e-05 2.186070e-01 8.601178e-01
3.247122e+00 4.647021e-05 2.097970e-01 8.604522e-01
3.226112e+00 4.360089e-05 2.109060e-01 8.605227e-01
3.242711e+00 5.261229e-05 2.126610e-01 8.600244e-01
3.242836e+00 4.572525e-05 2.043110e-01 8.603036e-01
3.230086e+00 4.481567e-05 2.179760e-01 8.596910e-01
3.237267e+00 4.811302e-05 2.062790e-01 8.602035e-01
3.234233e+00 4.835885e-05 2.099130e-01 8.604884e-01
3.231816e+00 4.562168e-05 2.175290e-01 8.603026e-01
3.225257e+00 6.379829e-05 2.104610e-01 8.606028e-01
3.240326e+00 4.565794e-05 2.173910e-01 8.611315e-01
3.227063e+00 4.572688e-05 2.107220e-01 8.606132e-01
3.236229e+00 4.416247e-05 2.072410e-01 8.603341e-01
3.233926e+00 7.530517e-05 2.180120e-01 8.604598e-01
3.238701e+00 5.481525e-05 2.182930e-01 8.604389e-01
3.232452e+00 4.483291e-05 2.212200e-01 8.605532e-01
3.236970e+00 4.477013e-05 2.158660e-01 8.605332e-01
3.237517e+00 4.549073e-05 2.054380e-01 8.604494e-01
3.238276e+00 5.481137e-05 2.160550e-01 8.605685e-01
3.233227e+00 4.555587e-05 2.101580e-01 8.609419e-01
3.233829e+00 4.571810e-05 2.216940e-01 8.605342e-01
3.235277e+00 4.748972e-05 2.120600e-01 8.601340e-01
3.230292e+00 4.890791e-05 2.035430e-01 8.610639e-01
3.223551e+00 4.320514e-05 2.241930e-01 8.600664e-01
3.232695e+00 4.436457e-05 2.045660e-01 8.604722e-01
3.233750e+00 4.728494e-05 2.056890e-01 8.604799e-01
3.236997e+00 4.861355e-05 2.072480e-01 8.604913e-01
3.232361e+00 4.609911e-05 2.099720e-01 8.599034e-01
3.230534e+00 4.809478e-05 2.101960e-01 8.596462e-01
3.232901e+00 4.503991e-05 2.103230e-01 8.604808e-01
3.236704e+00 4.677256e-05 2.032380e-01 8.607409e-01
3.228367e+00 4.570807e-05 2.048470e-01 8.600301e-01
3.232722e+00 4.821988e-05 2.129810e-01 8.606371e-01
3.229196e+00 4.523827e-05 2.187640e-01 8.603588e-01
3.238688e+00 4.896932e-05 2.242950e-01 8.602169e-01
3.240653e+00 4.659563e-05 2.038300e-01 8.607771e-01
3.239241e+00 4.849541e-05 2.104980e-01 8.603617e-01
3.226888e+00 4.780379e-05 2.116810e-01 8.602693e-01
3.243083e+00 4.783338e-05 2.108380e-01 8.613478e-01
3.238263e+00 4.522109e-05 2.035030e-01 8.602569e-01
3.235214e+00 4.460921e-05 2.188610e-01 8.604598e-01
3.230503e+00 4.421757e-05 2.186220e-01 8.602197e-01
3.227351e+00 4.499654e-05 2.174550e-01 8.605742e-01
3.250672e+00 4.695718e-05 2.053250e-01 8.600625e-01
3.229554e+00 4.697439e-05 2.115000e-01 8.604341e-01
3.241446e+00 4.967563e-05 2.311710e-01 8.598748e-01
3.235116e+00 4.404073e-05 2.138850e-01 8.607047e-01
3.242522e+00 4.507166e-05 2.033890e-01 8.602445e-01
3.226693e+00 4.490410e-05 2.030140e-01 8.599606e-01
3.241491e+00 4.804398e-05 2.080250e-01 8.609467e-01
3.237219e+00 4.903224e-05 2.112630e-01 8.606237e-01
3.231084e+00 4.465981e-05 2.033310e-01 8.601797e-01
3.233835e+00 4.465635e-05 2.034380e-01 8.602121e-01
3.227643e+00 4.452657e-05 2.099160e-01 8.605142e-01
3.238630e+00 4.805061e-05 2.070050e-01 8.604856e-01
3.233030e+00 4.706984e-05 2.037470e-01 8.599739e-01
3.232913e+00 4.435126e-05 2.108980e-01 8.606695e-01
3.238917e+00 4.463700e-05 2.168770e-01 8.613335e-01
3.226141e+00 4.422099e-05 2.172120e-01 8.604637e-01
3.245407e+00 5.927532e-05 2.204080e-01 8.609496e-01
3.232250e+00 4.493271e-05 2.055610e-01 8.609734e-01
3.241237e+00 6.332454e-05 2.113080e-01 8.600683e-01
3.231543e+00 4.946274e-05 2.101320e-01 8.604084e-01
3.223769e+00 4.450078e-05 2.172000e-01 8.603684e-01
3.238083e+00 4.846442e-05 2.110330e-01 8.601149e-01
3.234600e+00 4.429852e-05 2.146410e-01 8.605151e-01
3.231670e+00 4.465495e-05 2.138310e-01 8.601921e-01
3.232384e+00 4.498859e-05 2.157530e-01 8.601035e-01
3.226556e+00 4.467393e-05 2.056750e-01 8.600787e-01
3.229566e+00 4.571537e-05 2.035160e-01 8.598377e-01
3.241102e+00 5.804266e-05 2.100480e-01 8.607895e-01
3.231608e+00 4.396239e-05 2.044030e-01 8.607371e-01
3.230184e+00 4.523229e-05 2.110310e-01 8.601597e-01
3.241743e+00 5.356215e-05 2.100370e-01 8.600635e-01
3.241815e+00 5.129661e-05 2.032130e-01 8.604999e-01
3.240752e+00 5.024456e-05 2.033430e-01 8.605008e-01
3.234399e+00 4.532412e-05 2.116120e-01 8.597710e-01
3.237850e+00 4.452607e-05 2.255730e-01 8.605608e-01
3.228337e+00 4.479147e-05 2.170200e-01 8.600263e-01
3.241174e+00 4.579630e-05 2.125790e-01 8.598958e-01
3.234875e+00 4.666581e-05 2.034290e-01 8.603131e-01
3.243785e+00 4.574722e-05 2.096270e-01 8.600816e-01
3.231256e+00 4.514658e-05 2.196490e-01 8.601921e-01
3.220972e+00 4.442202e-05 2.120360e-01 8.600759e-01
3.243566e+00 4.458617e-05 2.100340e-01 8.610239e-01
3.221753e+00 4.410478e-05 2.115480e-01 8.598177e-01
3.229836e+00 4.504792e-05 2.122120e-01 8.595538e-01
3.233055e+00 6.144452e-05 2.205450e-01 8.599787e-01
3.234418e+00 4.533578e-05 2.039680e-01 8.605923e-01
3.239143e+00 4.621018e-05 2.106540e-01 8.604570e-01
3.234578e+00 5.292878e-05 2.140180e-01 8.602798e-01
3.223260e+00 4.568823e-05 2.165690e-01 8.605675e-01
3.233179e+00 4.921905e-05 2.100160e-01 8.606571e-01
3.234526e+00 4.745712e-05 2.102760e-01 8.600292e-01
3.237665e+00 4.837406e-05 2.100640e-01 8.598853e-01
3.221493e+00 4.761559e-05 2.113440e-01 8.598177e-01
3.236661e+00 4.607846e-05 2.040850e-01 8.610725e-01
3.240703e+00 6.618680e-05 2.062620e-01 8.603284e-01
3.242221e+00 5.584920e-05 2.102260e-01 8.608581e-01
3.235325e+00 4.518949e-05 2.106500e-01 8.600683e-01
3.243475e+00 4.853982e-05 2.102460e-01 8.609915e-01
3.232928e+00 4.628379e-05 2.037210e-01 8.597043e-01
3.235687e+00 4.539062e-05 2.071950e-01 8.601645e-01
3.233712e+00 4.447469e-05 2.143820e-01 8.603588e-01
3.228383e+00 4.357639e-05 2.038170e-01 8.605008e-01
3.232329e+00 4.400079e-05 2.032830e-01 8.611620e-01
3.241501e+00 7.705314e-05 2.141070e-01 8.606390e-01
3.242574e+00 4.738492e-05 2.041890e-01 8.611325e-01
3.229461e+00 4.535059e-05 2.100070e-01 8.603341e-01
3.220646e+00 4.394765e-05 2.107150e-01 8.602760e-01
3.225592e+00 4.422235e-05 2.131310e-01 8.601807e-01
3.228061e+00 4.541881e-05 2.213960e-01 8.597367e-01
3.235594e+00 4.405013e-05 2.055140e-01 8.604093e-01
3.235462e+00 6.164135e-05 2.104580e-01 8.603217e-01
3.228682e+00 4.483916e-05 2.107540e-01 8.603893e-01
3.236313e+00 5.161041e-05 2.168800e-01 8.602064e-01
3.230763e+00 4.640328e-05 2.125000e-01 8.604570e-01
3.231787e+00 4.560257e-05 2.131510e-01 8.596328e-01
3.236186e+00 4.805305e-05 2.041010e-01 8.600492e-01
3.226821e+00 4.409596e-05 2.113820e-01 8.605122e-01
3.224931e+00 4.679500e-05 2.232780e-01 8.607018e-01
3.231647e+00 4.988783e-05 2.082300e-01 8.600120e-01
3.228451e+00 4.471211e-05 2.047480e-01 8.602979e-01
3.233349e+00 4.848549e-05 2.124160e-01 8.604408e-01
3.243074e+00 4.685672e-05 2.102840e-01 8.610010e-01
3.227203e+00 4.451106e-05 2.033000e-01 8.603055e-01
3.232827e+00 4.745856e-05 2.092570e-01 8.605237e-01
3.233074e+00 4.614684e-05 2.249060e-01 8.597300e-01
3.220816e+00 4.648976e-05 2.119240e-01 8.601083e-01
3.237439e+00 4.508413e-05 2.184180e-01 8.607809e-01
3.232237e+00 4.455145e-05 2.177460e-01 8.605923e-01
3.235162e+00 4.520264e-05 2.132390e-01 8.607990e-01
3.231834e+00 4.446197e-05 2.179160e-01 8.603941e-01
3.240030e+00 5.267496e-05 2.090060e-01 8.606914e-01
3.233961e+00 4.499472e-05 2.116730e-01 8.611954e-01
3.220808e+00 4.450974e-05 2.129260e-01 8.594909e-01
3.234009e+00 4.843657e-05 2.204770e-01 8.604951e-01
3.243635e+00 4.665274e-05 2.143510e-01 8.599263e-01
3.231078e+00 4.404756e-05 2.104640e-01 8.604351e-01
3.235183e+00 4.648887e-05 2.032220e-01 8.597815e-01
3.231621e+00 4.614974e-05 2.037520e-01 8.598415e-01
3.234358e+00 4.522074e-05 2.144500e-01 8.606437e-01
3.229813e+00 4.557584e-05 2.145670e-01 8.601245e-01
3.224196e+00 4.368951e-05 2.133360e-01 8.599978e-01
3.240586e+00 4.697348e-05 2.102340e-01 8.610401e-01
3.238434e+00 4.721738e-05 2.144920e-01 8.607133e-01
3.232276e+00 4.534045e-05 2.105960e-01 8.607571e-01
3.238389e+00 5.640342e-05 2.032470e-01 8.606228e-01
3.229494e+00 4.463501e-05 2.101350e-01 8.596852e-01
3.232406e+00 4.418290e-05 2.058940e-01 8.604132e-01
3.232802e+00 4.806636e-05 2.200410e-01 8.598110e-01
3.238685e+00 4.604031e-05 2.134390e-01 8.612897e-01
3.237417e+00 4.478544e-05 2.108990e-01 8.604417e-01
3.226699e+00 4.372171e-05 2.106400e-01 8.601216e-01
3.234194e+00 4.993279e-05 2.106300e-01 8.602445e-01
3.241379e+00 4.664477e-05 2.177910e-01 8.598644e-01
3.230102e+00 4.869939e-05 2.144660e-01 8.605770e-01
3.236428e+00 4.824537e-05 2.175710e-01 8.604770e-01
3.246696e+00 5.080911e-05 2.136160e-01 8.613078e-01
3.234272e+00 4.482214e-05 2.106130e-01 8.607333e-01
3.231420e+00 4.565934e-05 2.104620e-01 8.604770e-01
3.232533e+00 4.713673e-05 2.108210e-01 8.602083e-01
3.243370e+00 4.967660e-05 2.256290e-01 8.603417e-01
3.234469e+00 4.507084e-05 2.100160e-01 8.605208e-01
3.242719e+00 4.875871e-05 2.210510e-01 8.605723e-01
3.236203e+00 4.506078e-05 2.108540e-01 8.600540e-01
3.243964e+00 4.707254e-05 2.119180e-01 8.605151e-01
3.237242e+00 4.430131e-05 2.102690e-01 8.602350e-01
3.241115e+00 4.939327e-05 2.104010e-01 8.607018e-01
3.235431e+00 4.477221e-05 2.026410e-01 8.605742e-01
3.232803e+00 4.562334e-05 2.131550e-01 8.609781e-01
3.222100e+00 4.687350e-05 2.148280e-01 8.605799e-01
3.237706e+00 4.457297e-05 2.126300e-01 8.612192e-01
3.243435e+00 4.528819e-05 2.100410e-01 8.605837e-01
3.236596e+00 6.081043e-05 2.098020e-01 8.606190e-01
3.247506e+00 5.130853e-05 2.030580e-01 8.605465e-01
3.230079e+00 4.765298e-05 2.107250e-01 8.599606e-01
3.239577e+00 5.232474e-05 2.036220e-01 8.610029e-01
3.227513e+00 4.539219e-05 2.103240e-01 8.602102e-01
3.231061e+00 4.556982e-05 2.180090e-01 8.607981e-01
3.240651e+00 4.517584e-05 2.169960e-01 8.607695e-01
3.231086e+00 4.542473e-05 2.102870e-01 8.602588e-01
3.242217e+00 4.510422e-05 2.150700e-01 8.612059e-01
3.232918e+00 1.317731e-04 2.182370e-01 8.601959e-01
3.223741e+00 4.533696e-05 2.029190e-01 8.603198e-01
3.244460e+00 6.604067e-05 2.109090e-01 8.608810e-01
3.247211e+00 4.664932e-05 2.170420e-01 8.608848e-01
3.232450e+00 4.728105e-05 2.045320e-01 8.605808e-01
3.246268e+00 4.733137e-05 2.092920e-01 8.614298e-01
3.242256e+00 4.558246e-05 2.027830e-01 8.607562e-01
3.237830e+00 4.541450e-05 2.114810e-01 8.609877e-01
3.231584e+00 4.343025e-05 2.037180e-01 8.610363e-01
3.220054e+00 4.382699e-05 2.103140e-01 8.596043e-01
3.227089e+00 4.541494e-05 2.168680e-01 8.598710e-01
3.236829e+00 5.111635e-05 2.134420e-01 8.602455e-01
3.226839e+00 4.455108e-05 2.101470e-01 8.601750e-01
3.238811e+00 4.821520e-05 2.124540e-01 8.605303e-01
3.233676e+00 5.043828e-05 2.046830e-01 8.599577e-01
3.235356e+00 4.438937e-05 2.118060e-01 8.595423e-01
3.241657e+00 4.602957e-05 2.064240e-01 8.608619e-01
3.232505e+00 4.755802e-05 2.040200e-01 8.604637e-01
3.236441e+00 4.669189e-05 2.133250e-01 8.604818e-01
3.231407e+00 4.461529e-05 2.035790e-01 8.610420e-01
3.229441e+00 4.477201e-05 2.130600e-01 8.602540e-01
3.236952e+00 4.609236e-05 2.192180e-01 8.605780e-01
3.231024e+00 4.518185e-05 2.133400e-01 8.602283e-01
3.250128e+00 7.496215e-05 2.040650e-01 8.607095e-01
3.227404e+00 4.690297e-05 2.107120e-01 8.601188e-01
3.234852e+00 4.443466e-05 2.168980e-01 8.611954e-01
3.233628e+00 4.818661e-05 2.071410e-01 8.598501e-01
3.239427e+00 4.767583e-05 2.055630e-01 8.603922e-01
3.236018e+00 4.455087e-05 2.106550e-01 8.611373e-01
3.223969e+00 4.854084e-05 2.051160e-01 8.606818e-01
3.234450e+00 4.474964e-05 2.031240e-01 8.606275e-01
3.241941e+00 4.730167e-05 2.032150e-01 8.605408e-01
3.237198e+00 4.406171e-05 2.123670e-01 8.607057e-01
3.237134e+00 4.550858e-05 2.171510e-01 8.596090e-01
3.231823e+00 4.498355e-05 2.172320e-01 8.600006e-01
3.244453e+00 4.678974e-05 2.103730e-01 8.610544e-01
3.233928e+00 4.553848e-05 2.105020e-01 8.602378e-01
3.244919e+00 4.986014e-05 2.192270e-01 8.602941e-01
3.236346e+00 5.016122e-05 2.115440e-01 8.605294e-01
3.232113e+00 4.569095e-05 2.036160e-01 8.598548e-01
3.235414e+00 4.456003e-05 2.038180e-01 8.604856e-01
3.224843e+00 4.362058e-05 2.105180e-01 8.598405e-01
3.235939e+00 4.471780e-05 2.099650e-01 8.605075e-01
3.239015e+00 4.526771e-05 2.041280e-01 8.596224e-01
3.227612e+00 4.579020e-05 2.103020e-01 8.597700e-01
3.230368e+00 4.477435e-05 2.069610e-01 8.595433e-01
3.226293e+00 4.444281e-05 2.042640e-01 8.602836e-01
3.235778e+00 5.240848e-05 2.104280e-01 8.608343e-01
3.240457e+00 4.697021e-05 2.142340e-01 8.602464e-01
3.225002e+00 4.414619e-05 2.114950e-01 8.596795e-01
3.223925e+00 4.413634e-05 2.034640e-01 8.595862e-01
3.228000e+00 4.851901e-05 2.169540e-01 8.599263e-01
3.228781e+00 4.630551e-05 2.117520e-01 8.603150e-01
3.226966e+00 4.499276e-05 2.100790e-01 8.601388e-01
3.245047e+00 1.547553e-04 2.045170e-01 8.604989e-01
3.236331e+00 4.461656e-05 2.184950e-01 8.599358e-01
3.238561e+00 4.827537e-05 2.184630e-01 8.608781e-01
3.238483e+00 4.630156e-05 2.172860e-01 8.599930e-01
3.241987e+00 4.682279e-05 2.034030e-01 8.600873e-01
3.240530e+00 4.497888e-05 2.033880e-01 8.601521e-01
3.242495e+00 4.573249e-05 2.064360e-01 8.610248e-01
3.252456e+00 4.642577e-05 2.030970e-01 8.603998e-01
3.229894e+00 4.692239e-05 2.041700e-01 8.603903e-01
3.242626e+00 4.526821e-05 2.240600e-01 8.604884e-01
3.227534e+00 4.598081e-05 2.117830e-01 8.603893e-01
3.221852e+00 4.600799e-05 2.046430e-01 8.601454e-01
3.227298e+00 4.394199e-05 2.109640e-01 8.604646e-01
3.228579e+00 4.425734e-05 2.128440e-01 8.602169e-01
3.230492e+00 4.413422e-05 2.033720e-01 8.602464e-01
3.241658e+00 5.074528e-05 2.102260e-01 8.608219e-01
3.236468e+00 4.522886e-05 2.098130e-01 8.602398e-01
3.233820e+00 4.499909e-05 2.035120e-01 8.603103e-01
3.226582e+00 4.457099e-05 2.030550e-01 8.605704e-01
3.240768e+00 4.647965e-05 2.105120e-01 8.601502e-01
3.235375e+00 4.531910e-05 2.037840e-01 8.606371e-01
3.228604e+00 4.586994e-05 2.107370e-01 8.601149e-01
3.231604e+00 4.463776e-05 2.200880e-01 8.605370e-01
3.238350e+00 4.777956e-05 2.097040e-01 8.600921e-01
3.227256e+00 4.490765e-05 2.031170e-01 8.605942e-01
3.238463e+00 4.767034e-05 2.157300e-01 8.601997e-01
3.225805e+00 4.444095e-05 2.037490e-01 8.605827e-01
3.236102e+00 4.482004e-05 2.132600e-01 8.610105e-01
3.249983e+00 4.770052e-05 2.247890e-01 8.608981e-01
3.234829e+00 4.566565e-05 2.135020e-01 8.596071e-01
3.230019e+00 4.552220e-05 2.193070e-01 8.608524e-01
3.238659e+00 4.646253e-05 2.141240e-01 8.604408e-01
3.223614e+00 4.410815e-05 2.096990e-01 8.603007e-01
3.233820e+00 4.592733e-05 2.176780e-01 8.599558e-01
3.232239e+00 4.477158e-05 2.208980e-01 8.599234e-01
3.224643e+00 4.631817e-05 2.115460e-01 8.607562e-01
3.234821e+00 4.616354e-05 2.104410e-01 8.608905e-01
3.237690e+00 4.956564e-05 2.170810e-01 8.601445e-01
3.238694e+00 4.607226e-05 2.174620e-01 8.599901e-01
3.231352e+00 4.694559e-05 2.053510e-01 8.604522e-01
3.227108e+00 4.481272e-05 2.092090e-01 8.598968e-01
3.226462e+00 4.617088e-05 2.137430e-01 8.597557e-01
3.237333e+00 4.572365e-05 2.172810e-01 8.600178e-01
3.232374e+00 4.514633e-05 2.106680e-01 8.605694e-01
3.229268e+00 4.615916e-05 2.177680e-01 8.605332e-01
3.232362e+00 4.593927e-05 2.033370e-01 8.607542e-01
3.234685e+00 4.777714e-05 2.188390e-01 8.608800e-01
3.242033e+00 4.793422e-05 2.176410e-01 8.603446e-01
3.237302e+00 4.583382e-05 2.100760e-01 8.606237e-01
3.238127e+00 4.590719e-05 2.168870e-01 8.607695e-01
3.223414e+00 4.795262e-05 2.166400e-01 8.596062e-01
3.237398e+00 4.599874e-05 2.059530e-01 8.601940e-01
3.247057e+00 4.971304e-05 2.187320e-01 8.603731e-01
3.233514e+00 4.609728e-05 2.170490e-01 8.602950e-01
3.227353e+00 4.444614e-05 2.059280e-01 8.610163e-01
3.238122e+00 4.573508e-05 2.100240e-01 8.608953e-01
3.232864e+00 4.734878e-05 2.173310e-01 8.599301e-01
3.248912e+00 4.761312e-05 2.232990e-01 8.609391e-01
3.238963e+00 7.378749e-05 2.121090e-01 8.610610e-01
3.231341e+00 5.940294e-05 2.105920e-01 8.601226e-01
3.239041e+00 4.612474e-05 2.177820e-01 8.600930e-01
3.237283e+00 6.429492e-05 2.109360e-01 8.603255e-01
3.233177e+00 4.676246e-05 2.155850e-01 8.606190e-01
3.236076e+00 4.852599e-05 2.106380e-01 8.610286e-01
3.239379e+00 4.535121e-05 2.046740e-01 8.607523e-01
3.237562e+00 4.492341e-05 2.117070e-01 8.598977e-01
3.241544e+00 4.956462e-05 2.045650e-01 8.604379e-01
3.238230e+00 4.522032e-05 2.041070e-01 8.601426e-01
3.232535e+00 4.412944e-05 2.266820e-01 8.603188e-01
3.232358e+00 4.607501e-05 2.067930e-01 8.598167e-01
3.236512e+00 4.647569e-05 2.168060e-01 8.600416e-01
3.234424e+00 4.542380e-05 2.108800e-01 8.602388e-01
3.231083e+00 4.448353e-05 2.034670e-01 8.605827e-01
3.238448e+00 4.636523e-05 2.033210e-01 8.607123e-01
3.228443e+00 4.521223e-05 2.032960e-01 8.609410e-01
3.232556e+00 4.587829e-05 2.171330e-01 8.604398e-01
3.226853e+00 4.621517e-05 2.180590e-01 8.605608e-01
3.245607e+00 6.485665e-05 2.107740e-01 8.600664e-01
3.235637e+00 4.529709e-05 2.212720e-01 8.604694e-01
3.244649e+00 4.553768e-05 2.034160e-01 8.604627e-01
3.235971e+00 4.589688e-05 2.044080e-01 8.607952e-01
3.234553e+00 4.572892e-05 2.113640e-01 8.602626e-01
3.243177e+00 4.933943e-05 2.104230e-01 8.601064e-01
3.236854e+00 4.611232e-05 2.057740e-01 8.599063e-01
3.228366e+00 4.507969e-05 2.161400e-01 8.602398e-01
3.233411e+00 4.562300e-05 2.110020e-01 8.606028e-01
3.235573e+00 4.467237e-05 2.036870e-01 8.605646e-01
3.239427e+00 4.602962e-05 2.106250e-01 8.605465e-01
3.237619e+00 4.604542e-05 2.123140e-01 8.605246e-01
3.234751e+00 4.474998e-05 2.126010e-01 8.608752e-01
3.230937e+00 4.599818e-05 2.039540e-01 8.601626e-01
3.246515e+00 8.270238e-05 2.098960e-01 8.609781e-01
3.234269e+00 4.585897e-05 2.103690e-01 8.602721e-01
3.225082e+00 4.403797e-05 2.140450e-01 8.603627e-01
3.239462e+00 4.879983e-05 2.122580e-01 8.606504e-01
3.250641e+00 4.712480e-05 2.112490e-01 8.617956e-01
3.235679e+00 4.480708e-05 2.106500e-01 8.604170e-01
3.232236e+00 4.439411e-05 2.156780e-01 8.599615e-01
3.232137e+00 4.454210e-05 2.240540e-01 8.600644e-01
3.230738e+00 4.527447e-05 2.119560e-01 8.604951e-01
3.228044e+00 4.728132e-05 2.104620e-01 8.606876e-01
3.236164e+00 4.745231e-05 2.117790e-01 8.601902e-01
3.241163e+00 4.630808e-05 2.121350e-01 8.601854e-01
3.229247e+00 4.659858e-05 2.108950e-01 8.607466e-01
3.226548e+00 4.477458e-05 2.060040e-01 8.605008e-01
3.244264e+00 4.691368e-05 2.100040e-01 8.608286e-01
3.236225e+00 4.595505e-05 2.036550e-01 8.597386e-01
3.238396e+00 4.736335e-05 2.132790e-01 8.601978e-01
3.238548e+00 4.680282e-05 2.197870e-01 8.599339e-01
3.232769e+00 5.823735e-05 2.035320e-01 8.606009e-01
3.241389e+00 4.828177e-05 2.099520e-01 8.605570e-01
3.224126e+00 4.411397e-05 2.070920e-01 8.601569e-01
3.238185e+00 4.636364e-05 2.036180e-01 8.605161e-01
3.234714e+00 4.457846e-05 2.136120e-01 8.602674e-01
3.229950e+00 4.598088e-05 2.035720e-01 8.610753e-01
3.239280e+00 4.622705e-05 2.103420e-01 8.607924e-01
3.229383e+00 5.016729e-05 2.058470e-01 8.611801e-01
3.231612e+00 4.455465e-05 2.101310e-01 8.597872e-01
3.230907e+00 4.496744e-05 2.172090e-01 8.599130e-01
3.240581e+00 4.671425e-05 2.033110e-01 8.600606e-01
3.230259e+00 4.590871e-05 2.170670e-01 8.605666e-01
3.234844e+00 4.653231e-05 2.105040e-01 8.603446e-01
3.235859e+00 5.701931e-05 2.147550e-01 8.602112e-01
3.232682e+00 4.597985e-05 2.236020e-01 8.608562e-01
3.225852e+00 4.525727e-05 2.174150e-01 8.603293e-01
3.227667e+00 4.673425e-05 2.117900e-01 8.598777e-01
3.238638e+00 4.566795e-05 2.097240e-01 8.603779e-01
3.230689e+00 4.580905e-05 2.179450e-01 8.608257e-01
3.240935e+00 4.654496e-05 2.188300e-01 8.607419e-01
3.229752e+00 4.412623e-05 2.106990e-01 8.600378e-01
3.232396e+00 4.547756e-05 2.166980e-01 8.603141e-01
3.239546e+00 4.872528e-05 2.105630e-01 8.605989e-01
3.245804e+00 4.595580e-05 2.172190e-01 8.605323e-01
3.237163e+00 4.952914e-05 2.300000e-01 8.610448e-01
3.238119e+00 4.763404e-05 2.105830e-01 8.606151e-01
3.233523e+00 4.623409e-05 2.033210e-01 8.601835e-01
3.228707e+00 4.553605e-05 2.113980e-01 8.602779e-01
3.233931e+00 4.457006e-05 2.044370e-01 8.601588e-01
3.242276e+00 4.513062e-05 2.127130e-01 8.614307e-01
3.237907e+00 4.588785e-05 2.097520e-01 8.601026e-01
3.227600e+00 4.430977e-05 2.238300e-01 8.602655e-01
3.235901e+00 4.490426e-05 2.038840e-01 8.606866e-01
3.231225e+00 4.531145e-05 2.101000e-01 8.601683e-01
3.230610e+00 4.541279e-05 2.121250e-01 8.602064e-01
3.236987e+00 4.510614e-05 2.039270e-01 8.607847e-01
3.241055e+00 4.858769e-05 2.041120e-01 8.609438e-01
3.240181e+00 4.564316e-05 2.063550e-01 8.600987e-01
3.230706e+00 4.417951e-05 2.108200e-01 8.595290e-01
3.227930e+00 4.876591e-05 2.102560e-01 8.603512e-01
3.228092e+00 4.433578e-05 2.039260e-01 8.604255e-01
3.240024e+00 4.817555e-05 2.128330e-01 8.609943e-01
3.235968e+00 4.858066e-05 2.103800e-01 8.604113e-01
3.253963e+00 4.850865e-05 2.200000e-01 8.603160e-01
3.218803e+00 4.532299e-05 2.152430e-01 8.598996e-01
3.239735e+00 4.628166e-05 2.197410e-01 8.596748e-01
3.234717e+00 4.516501e-05 2.145490e-01 8.600883e-01
3.228309e+00 4.530271e-05 2.169150e-01 8.600911e-01
3.238999e+00 4.764921e-05 2.107660e-01 8.605656e-01
3.230282e+00 4.455082e-05 2.195640e-01 8.600987e-01
3.239134e+00 4.656391e-05 2.105090e-01 8.602683e-01
3.232734e+00 4.483499e-05 2.106640e-01 8.608019e-01
3.233168e+00 4.573597e-05 2.127540e-01 8.598949e-01
3.231532e+00 4.432147e-05 2.042370e-01 8.600692e-01
3.229788e+00 4.514794e-05 2.037480e-01 8.602979e-01
3.228893e+00 4.659620e-05 2.103860e-01 8.606752e-01
3.234972e+00 4.468980e-05 2.133650e-01 8.606132e-01
3.240590e+00 5.185717e-05 2.196850e-01 8.600968e-01
3.243026e+00 5.134688e-05 2.081180e-01 8.606799e-01
3.235014e+00 4.620122e-05 2.174030e-01 8.606190e-01
3.236467e+00 4.571186e-05 2.059270e-01 8.603064e-01
3.240402e+00 4.835111e-05 2.189710e-01 8.607885e-01
3.228907e+00 4.575194e-05 2.043610e-01 8.604789e-01
3.236249e+00 5.078034e-05 2.180650e-01 8.607476e-01
3.238236e+00 4.485460e-05 2.206540e-01 8.600149e-01
3.228813e+00 4.641120e-05 2.032260e-01 8.601483e-01
3.235922e+00 4.907796e-05 2.136710e-01 8.606628e-01
3.239628e+00 4.445286e-05 2.172780e-01 8.607562e-01
3.239090e+00 4.549485e-05 2.174980e-01 8.608810e-01
3.239194e+00 4.593849e-05 2.130630e-01 8.601654e-01
3.236059e+00 4.566791e-05 2.145130e-01 8.603655e-01
3.241058e+00 4.438416e-05 2.121090e-01 8.602131e-01
3.227962e+00 4.452784e-05 2.062500e-01 8.605856e-01
3.229397e+00 4.360879e-05 2.131980e-01 8.604055e-01
3.238966e+00 4.635922e-05 2.103670e-01 8.603541e-01
3.234382e+00 4.907214e-05 2.101170e-01 8.597739e-01
3.227918e+00 4.405237e-05 2.105560e-01 8.604570e-01
3.231413e+00 5.421012e-05 2.167190e-01 8.604360e-01
3.219633e+00 4.440523e-05 2.047830e-01 8.599587e-01
3.230880e+00 4.435052e-05 2.191840e-01 8.604665e-01
3.234268e+00 4.847622e-05 2.115280e-01 8.603179e-01
3.232406e+00 4.455772e-05 2.108400e-01 8.602903e-01
3.236770e+00 4.488076e-05 2.354890e-01 8.605332e-01
3.228654e+00 4.869289e-05 2.043610e-01 8.603836e-01
3.229732e+00 5.100481e-05 2.242100e-01 8.604694e-01
3.240483e+00 4.500285e-05 2.104180e-01 8.605323e-01
3.241699e+00 4.557946e-05 2.102500e-01 8.604494e-01
3.243628e+00 5.192398e-05 2.101910e-01 8.606170e-01
3.232622e+00 4.792301e-05 2.108910e-01 8.603884e-01
3.226244e+00 4.519267e-05 2.101590e-01 8.605751e-01
3.230896e+00 4.510964e-05 2.035770e-01 8.602950e-01
3.234411e+00 4.612583e-05 2.033090e-01 8.603436e-01
3.236451e+00 4.462320e-05 2.103360e-01 8.606704e-01
3.229684e+00 4.401427e-05 2.164890e-01 8.602483e-01
3.230598e+00 4.535954e-05 2.129640e-01 8.600559e-01
3.214989e+00 4.319960e-05 2.057890e-01 8.598939e-01
3.232868e+00 4.441033e-05 2.044990e-01 8.605446e-01
3.225324e+00 4.394264e-05 2.084060e-01 8.604656e-01
3.246416e+00 4.880304e-05 2.065410e-01 8.602550e-01
3.229715e+00 4.454686e-05 2.099810e-01 8.602398e-01
3.226951e+00 4.437197e-05 2.105710e-01 8.603998e-01
3.237103e+00 5.021403e-05 2.106960e-01 8.606009e-01
3.229132e+00 4.496091e-05 2.109230e-01 8.606132e-01
3.234854e+00 4.583020e-05 2.031330e-01 8.607943e-01
3.234862e+00 4.394093e-05 2.055340e-01 8.609000e-01
3.241884e+00 4.600627e-05 2.119270e-01 8.607085e-01
3.236364e+00 4.658307e-05 2.109960e-01 8.599463e-01
3.239935e+00 4.587128e-05 2.052820e-01 8.607457e-01
3.230166e+00 4.539081e-05 2.101930e-01 8.603703e-01
3.235910e+00 4.464874e-05 2.103020e-01 8.598710e-01
3.223867e+00 4.452752e-05 2.150200e-01 8.603865e-01
3.226574e+00 4.640581e-05 2.139520e-01 8.602741e-01
3.242245e+00 4.728729e-05 2.118510e-01 8.604675e-01
3.226499e+00 4.364234e-05 2.183850e-01 8.603407e-01
3.240710e+00 4.672724e-05 2.059410e-01 8.599949e-01
3.223365e+00 4.460915e-05 2.135960e-01 8.601102e-01
3.238559e+00 5.762763e-05 2.174500e-01 8.607876e-01
3.227973e+00 5.262868e-05 2.109360e-01 8.599606e-01
3.233178e+00 4.475777e-05 2.179910e-01 8.602903e-01
3.241589e+00 4.934532e-05 2.177760e-01 8.598691e-01
3.240534e+00 4.637445e-05 2.107360e-01 8.604456e-01
3.236283e+00 4.915076e-05 2.197270e-01 8.604779e-01
3.234551e+00 4.482508e-05 2.104540e-01 8.610429e-01
3.232792e+00 4.476775e-05 2.043750e-01 8.598062e-01
3.230609e+00 4.487768e-05 2.108420e-01 8.608867e-01
3.233467e+00 4.451348e-05 2.101900e-01 8.604684e-01
3.232760e+00 4.522052e-05 2.193490e-01 8.600540e-01
3.235751e+00 4.646392e-05 2.172940e-01 8.601454e-01
3.237880e+00 4.570909e-05 2.123960e-01 8.608295e-01
3.243588e+00 4.546156e-05 2.098850e-01 8.608724e-01
3.237017e+00 4.532712e-05 2.172720e-01 8.599958e-01
3.225350e+00 4.479219e-05 2.169730e-01 8.598072e-01
3.237032e+00 7.358547e-05 2.025100e-01 8.601540e-01
3.232650e+00 4.493087e-05 2.101360e-01 8.600692e-01
3.225417e+00 4.519474e-05 2.109570e-01 8.603217e-01
3.241361e+00 4.548433e-05 2.135310e-01 8.609410e-01
3.240033e+00 1.030706e-04 2.109450e-01 8.604284e-01
3.236796e+00 4.540105e-05 2.103300e-01 8.605751e-01
3.238687e+00 4.668809e-05 2.170470e-01 8.605570e-01
3.231631e+00 4.804130e-05 2.161770e-01 8.602807e-01
3.222708e+00 4.553488e-05 2.099550e-01 8.602255e-01
3.239014e+00 4.648820e-05 2.149200e-01 8.598015e-01
3.235525e+00 4.463604e-05 2.103070e-01 8.599692e-01
3.233424e+00 4.514576e-05 2.118700e-01 8.598596e-01
3.236443e+00 4.490595e-05 2.143630e-01 8.605551e-01
3.225299e+00 4.440356e-05 2.039970e-01 8.604027e-01
3.235706e+00 4.474017e-05 2.144840e-01 8.601388e-01
3.228639e+00 4.389598e-05 2.038970e-01 8.595566e-01
3.236182e+00 4.452112e-05 2.146820e-01 8.608714e-01
3.235838e+00 4.573361e-05 2.163360e-01 8.605799e-01
3.225749e+00 4.762655e-05 2.104130e-01 8.604608e-01
3.238286e+00 4.571645e-05 2.031780e-01 8.609305e-01
3.236461e+00 4.687339e-05 2.103980e-01 8.603236e-01
3.234322e+00 4.417830e-05 2.120610e-01 8.597434e-01
3.233908e+00 4.982111e-05 2.036900e-01 8.602302e-01
3.220238e+00 4.382692e-05 2.113120e-01 8.603893e-01
3.231486e+00 4.602561e-05 2.033680e-01 8.607847e-01
3.235761e+00 4.629394e-05 2.205640e-01 8.610934e-01
3.234250e+00 4.489271e-05 2.130360e-01 8.607209e-01
3.244030e+00 1.622256e-04 2.182980e-01 8.598901e-01
3.231303e+00 4.498578e-05 2.107490e-01 8.612859e-01
3.234100e+00 4.759689e-05 2.102340e-01 8.603741e-01
3.230022e+00 4.508081e-05 2.174750e-01 8.609191e-01
3.235762e+00 4.754112e-05 2.182080e-01 8.606170e-01
3.233213e+00 4.528122e-05 2.125110e-01 8.605132e-01
3.230077e+00 4.593807e-05 2.072000e-01 8.604341e-01
3.230094e+00 4.972363e-05 2.112730e-01 8.604770e-01
3.216310e+00 4.349142e-05 2.102110e-01 8.594699e-01
3.243773e+00 4.582351e-05 2.105680e-01 8.605608e-01
3.240777e+00 4.707192e-05 2.167860e-01 8.601388e-01
3.240770e+00 4.569719e-05 2.125900e-01 8.604732e-01
3.227956e+00 4.554826e-05 2.238360e-01 8.600625e-01
3.234509e+00 5.056258e-05 2.164120e-01 8.594575e-01
3.231664e+00 4.718927e-05 2.113960e-01 8.613488e-01
3.241005e+00 4.603142e-05 2.107380e-01 8.605827e-01
3.248617e+00 4.682374e-05 2.041230e-01 8.602864e-01
3.240299e+00 4.507045e-05 2.033880e-01 8.599892e-01
3.229878e+00 4.446329e-05 2.158040e-01 8.599606e-01
3.235682e+00 4.920730e-05 2.101620e-01 8.599796e-01
3.235252e+00 4.895376e-05 2.109610e-01 8.609810e-01
3.237582e+00 5.646415e-05 2.120800e-01 8.604713e-01
3.234864e+00 4.937993e-05 2.102590e-01 8.609305e-01
3.242119e+00 4.431425e-05 2.091720e-01 8.607390e-01
3.235705e+00 4.870672e-05 2.040720e-01 8.602760e-01
3.236716e+00 4.741734e-05 2.176840e-01 8.604389e-01
3.235277e+00 4.510870e-05 2.187220e-01 8.604846e-01
3.231624e+00 4.551041e-05 2.046380e-01 8.607400e-01
3.237479e+00 4.553766e-05 2.036460e-01 8.599206e-01
3.241887e+00 4.575454e-05 2.170740e-01 8.608495e-01
3.233202e+00 4.499238e-05 2.088690e-01 8.595547e-01
3.234303e+00 4.482703e-05 2.179630e-01 8.605570e-01
3.255408e+00 6.132369e-05 2.042030e-01 8.605437e-01
3.233817e+00 5.272931e-05 2.107190e-01 8.604532e-01
3.219925e+00 4.299794e-05 2.103850e-01 8.603874e-01
3.247836e+00 4.804537e-05 2.100950e-01 8.599311e-01
3.233185e+00 4.533134e-05 2.065740e-01 8.608181e-01
3.234684e+00 4.641582e-05 2.061640e-01 8.600845e-01
3.239131e+00 4.654766e-05 2.108100e-01 8.604818e-01
3.234267e+00 4.566850e-05 2.155360e-01 8.608781e-01
3.231629e+00 4.636728e-05 2.130290e-01 8.602979e-01
3.229097e+00 5.046582e-05 2.127430e-01 8.607323e-01
3.239419e+00 5.843574e-05 2.105860e-01 8.598272e-01
3.224542e+00 4.585805e-05 2.041080e-01 8.604608e-01
3.236887e+00 4.769199e-05 2.186980e-01 8.604303e-01
3.233310e+00 4.824875e-05 2.115020e-01 8.605561e-01
3.239597e+00 4.884066e-05 2.057100e-01 8.595843e-01
3.247366e+00 4.947446e-05 2.071510e-01 8.603712e-01
3.227326e+00 4.922894e-05 2.108810e-01 8.602798e-01
3.241828e+00 4.813813e-05 2.125190e-01 8.609134e-01
3.231303e+00 4.692804e-05 2.160780e-01 8.602426e-01
3.235785e+00 4.579948e-05 2.138180e-01 8.604436e-01
3.237187e+00 4.817067e-05 2.031030e-01 8.593918e-01
3.235254e+00 4.514722e-05 2.035290e-01 8.597643e-01
3.243898e+00 4.481676e-05 2.101530e-01 8.607743e-01
3.229652e+00 4.431782e-05 2.106520e-01 8.603303e-01
3.230144e+00 4.494715e-05 2.166330e-01 8.602074e-01
3.234035e+00 4.515639e-05 2.106780e-01 8.602531e-01
3.237218e+00 4.579161e-05 2.167870e-01 8.609362e-01
3.232308e+00 5.877310e-05 2.102950e-01 8.599301e-01
3.248934e+00 4.459556e-05 2.034010e-01 8.606714e-01
3.241188e+00 7.341989e-05 2.033050e-01 8.604627e-01
3.235803e+00 4.514471e-05 2.032540e-01 8.608219e-01
3.233460e+00 5.333051e-05 2.143810e-01 8.605361e-01
3.251302e+00 4.779814e-05 2.100380e-01 8.603484e-01
3.237537e+00 5.057739e-05 2.050940e-01 8.599768e-01
3.236022e+00 4.620443e-05 2.124770e-01 8.604894e-01
3.239418e+00 4.489372e-05 2.109760e-01 8.598396e-01
3.233180e+00 4.531207e-05 2.102860e-01 8.603074e-01
3.251376e+00 4.626217e-05 2.104090e-01 8.602550e-01
3.222699e+00 4.484680e-05 2.146720e-01 8.602845e-01
3.243486e+00 4.740999e-05 2.135700e-01 8.601607e-01
3.242944e+00 4.524516e-05 2.029860e-01 8.602788e-01
3.231682e+00 4.435259e-05 2.150480e-01 8.603055e-01
3.225594e+00 4.578482e-05 2.034640e-01 8.602321e-01
3.236560e+00 4.554919e-05 2.042240e-01 8.607076e-01
3.235588e+00 4.394517e-05 2.103690e-01 8.602636e-01
3.235845e+00 4.685233e-05 2.106630e-01 8.603007e-01
3.235610e+00 4.494998e-05 2.113080e-01 8.607828e-01
3.226573e+00 4.556256e-05 2.064100e-01 8.602388e-01
3.242127e+00 4.846372e-05 2.125790e-01 8.594137e-01
3.238286e+00 4.571467e-05 2.147250e-01 8.608086e-01
3.230196e+00 4.470126e-05 2.198700e-01 8.598282e-01
3.234575e+00 4.625048e-05 2.104580e-01 8.600892e-01
3.226816e+00 4.401658e-05 2.108020e-01 8.599644e-01
3.238416e+00 4.621794e-05 2.169600e-01 8.602121e-01
3.241764e+00 4.925337e-05 2.173550e-01 8.601578e-01
3.224187e+00 4.424474e-05 2.119100e-01 8.605008e-01
3.238600e+00 4.729001e-05 2.045060e-01 8.593985e-01
3.245111e+00 4.682659e-05 2.035070e-01 8.604398e-01
3.243300e+00 4.988150e-05 2.044460e-01 8.603741e-01
3.229967e+00 5.069576e-05 2.220670e-01 8.609667e-01
3.238432e+00 4.617410e-05 2.138290e-01 8.613545e-01
3.237628e+00 4.773842e-05 2.152350e-01 8.608610e-01
3.232785e+00 4.564936e-05 2.059520e-01 8.603007e-01
3.231926e+00 4.595563e-05 2.124590e-01 8.604017e-01
3.235028e+00 4.548297e-05 2.104030e-01 8.605323e-01
3.226481e+00 4.438490e-05 2.062420e-01 8.592736e-01
3.243632e+00 4.950087e-05 2.108010e-01 8.600435e-01
3.229891e+00 4.512550e-05 2.026030e-01 8.603712e-01
3.240872e+00 1.328142e-04 2.067130e-01 8.601464e-01
3.229714e+00 4.383541e-05 2.096150e-01 8.603074e-01
3.247099e+00 4.658886e-05 2.179960e-01 8.603103e-01
3.222810e+00 4.455673e-05 2.119180e-01 8.600502e-01
3.233097e+00 4.544959e-05 2.110950e-01 8.599711e-01
3.226658e+00 4.575299e-05 2.127580e-01 8.611373e-01
3.239432e+00 4.601358e-05 2.099530e-01 8.606304e-01
3.227339e+00 4.345606e-05 2.031050e-01 8.606714e-01
3.229110e+00 4.630804e-05 2.108580e-01 8.604541e-01
3.237647e+00 4.473186e-05 2.116620e-01 8.600806e-01
3.236641e+00 4.655545e-05 2.203050e-01 8.601835e-01
3.229158e+00 4.514698e-05 2.117880e-01 8.595223e-01
3.234256e+00 4.554479e-05 2.186950e-01 8.598653e-01
3.231021e+00 4.449535e-05 2.195300e-01 8.609477e-01
3.247780e+00 4.683095e-05 2.107470e-01 8.609934e-01
3.231481e+00 4.567511e-05 2.135390e-01 8.603646e-01
3.240126e+00 4.798106e-05 2.138490e-01 8.607038e-01
3.228360e+00 4.824542e-05 2.100700e-01 8.612535e-01
3.234952e+00 4.850683e-05 2.110750e-01 8.599682e-01
3.229240e+00 4.555734e-05 2.138330e-01 8.600216e-01
3.240387e+00 6.970895e-05 2.123840e-01 8.605465e-01
3.244025e+00 4.596852e-05 2.107750e-01 8.607028e-01
3.225792e+00 4.834431e-05 2.108280e-01 8.606132e-01
3.243132e+00 5.495432e-05 2.107340e-01 8.603388e-01
3.229923e+00 4.425322e-05 2.054600e-01 8.611525e-01
3.229452e+00 4.338715e-05 2.143880e-01 8.604665e-01
3.232577e+00 4.452356e-05 2.070410e-01 8.599911e-01
3.239452e+00 4.482545e-05 2.161180e-01 8.613735e-01
3.236997e+00 4.617431e-05 2.108820e-01 8.601073e-01
3.249541e+00 8.984038e-05 2.133640e-01 8.604398e-01
3.238310e+00 4.464361e-05 2.102540e-01 8.603236e-01
3.236444e+00 4.688956e-05 2.033930e-01 8.601940e-01
3.237704e+00 4.489292e-05 2.104090e-01 8.611049e-01
3.245386e+00 5.767724e-05 2.102780e-01 8.602645e-01
3.221422e+00 4.490345e-05 2.106160e-01 8.608076e-01
3.229879e+00 4.523876e-05 2.045920e-01 8.606571e-01
3.228054e+00 4.556876e-05 2.040200e-01 8.596881e-01
3.232018e+00 4.439076e-05 2.126510e-01 8.601359e-01
3.230273e+00 4.452722e-05 2.104640e-01 8.604541e-01
3.245559e+00 6.223119e-05 2.037990e-01 8.608095e-01
3.234847e+00 4.480445e-05 2.031920e-01 8.595452e-01
3.239279e+00 4.618194e-05 2.051320e-01 8.607142e-01
3.232729e+00 4.445489e-05 2.041810e-01 8.600425e-01
3.234119e+00 4.603848e-05 2.133590e-01 8.606428e-01
3.228681e+00 4.849374e-05 2.035780e-01 8.605370e-01
3.232421e+00 4.635040e-05 2.055100e-01 8.603312e-01
3.232053e+00 4.483090e-05 2.036590e-01 8.599863e-01
3.231421e+00 4.513943e-05 2.032130e-01 8.608762e-01
3.229977e+00 4.450282e-05 2.214630e-01 8.604084e-01
3.226319e+00 4.820897e-05 2.196640e-01 8.603912e-01
3.232082e+00 4.557424e-05 2.263480e-01 8.611020e-01
3.226818e+00 4.478294e-05 2.114810e-01 8.601073e-01
3.229037e+00 4.416308e-05 2.030540e-01 8.602217e-01
3.235772e+00 4.585258e-05 2.026970e-01 8.604560e-01
3.234709e+00 5.497300e-05 2.162680e-01 8.598510e-01
3.238941e+00 4.715496e-05 2.105580e-01 8.599501e-01
3.231279e+00 4.528475e-05 2.113640e-01 8.595318e-01
3.236206e+00 4.912821e-05 2.101910e-01 8.601178e-01
3.241587e+00 4.441083e-05 2.263030e-01 8.606399e-01
3.226567e+00 4.559588e-05 2.101610e-01 8.603827e-01
3.229583e+00 4.452011e-05 2.191580e-01 8.600444e-01
3.238281e+00 5.060606e-05 2.184620e-01 8.600149e-01
3.249067e+00 4.768337e-05 2.248370e-01 8.603627e-01
3.238567e+00 4.946761e-05 2.129990e-01 8.606247e-01
3.227173e+00 4.489780e-05 2.123540e-01 8.605827e-01
3.236778e+00 4.527848e-05 2.203310e-01 8.601569e-01
3.219963e+00 4.393688e-05 2.130000e-01 8.602607e-01
3.228400e+00 4.529818e-05 2.120660e-01 8.604417e-01
3.241272e+00 4.462968e-05 2.079820e-01 8.602055e-01
3.229978e+00 4.564922e-05 2.049320e-01 8.597500e-01
3.236488e+00 5.087499e-05 2.249190e-01 8.604408e-01
3.225320e+00 4.786735e-05 2.196510e-01 8.608295e-01
3.235329e+00 5.616233e-05 2.044070e-01 8.599549e-01
3.234336e+00 4.427865e-05 2.111380e-01 8.602645e-01
3.248057e+00 4.571040e-05 2.104260e-01 8.601588e-01
3.246995e+00 4.666288e-05 2.168220e-01 8.612544e-01
3.238677e+00 4.544209e-05 2.107470e-01 8.598768e-01
3.232875e+00 4.615940e-05 2.036930e-01 8.605904e-01
3.221981e+00 4.395521e-05 2.070670e-01 8.605018e-01
3.226553e+00 4.581919e-05 2.162430e-01 8.607647e-01
3.235217e+00 4.503444e-05 2.048220e-01 8.599635e-01
3.240640e+00 4.631011e-05 2.069530e-01 8.600530e-01
3.234105e+00 4.562108e-05 2.324670e-01 8.607600e-01
3.237212e+00 4.513769e-05 2.109660e-01 8.602178e-01
3.243864e+00 5.435770e-05 2.057520e-01 8.604837e-01
3.242208e+00 4.544442e-05 2.060310e-01 8.599882e-01
3.231750e+00 4.499845e-05 2.058610e-01 8.609315e-01
3.237611e+00 4.439607e-05 2.054370e-01 8.597319e-01
3.229172e+00 4.354318e-05 2.051580e-01 8.600664e-01
3.224289e+00 4.418455e-05 2.107270e-01 8.603703e-01
3.238310e+00 4.571399e-05 2.093930e-01 8.598891e-01
3.228550e+00 4.418792e-05 2.189070e-01 8.601807e-01
3.234642e+00 8.318473e-05 2.047280e-01 8.605637e-01
3.231582e+00 4.440013e-05 2.052840e-01 8.605208e-01
3.255262e+00 1.298414e-04 2.040590e-01 8.599835e-01
3.235406e+00 4.454234e-05 2.161480e-01 8.603350e-01
3.229016e+00 4.349198e-05 2.059460e-01 8.602074e-01
3.234902e+00 4.489966e-05 2.044080e-01 8.603655e-01
3.234242e+00 4.423805e-05 2.063530e-01 8.606494e-01
3.225155e+00 4.384015e-05 2.049280e-01 8.586782e-01
3.235364e+00 4.583907e-05 2.109570e-01 8.607028e-01
3.242758e+00 4.835260e-05 2.107140e-01 8.606542e-01
3.231543e+00 5.023378e-05 2.030200e-01 8.609248e-01
3.229605e+00 4.452880e-05 2.040720e-01 8.603608e-01
3.229439e+00 4.482019e-05 2.126830e-01 8.611487e-01
3.232768e+00 4.500063e-05 2.073690e-01 8.595776e-01
3.233411e+00 4.435359e-05 2.171940e-01 8.611973e-01
3.247963e+00 4.546842e-05 2.195610e-01 8.610420e-01
3.236088e+00 4.660535e-05 2.106290e-01 8.598367e-01
3.225367e+00 4.430286e-05 2.148360e-01 8.598901e-01
3.224297e+00 4.380366e-05 2.174170e-01 8.603750e-01
3.244544e+00 4.870942e-05 2.144160e-01 8.600082e-01
3.222797e+00 4.412942e-05 2.108540e-01 8.603550e-01
3.234064e+00 4.603270e-05 2.034970e-01 8.607485e-01
3.231129e+00 4.563040e-05 2.231680e-01 8.602988e-01
3.241142e+00 4.723020e-05 2.058950e-01 8.606399e-01
3.231958e+00 4.586712e-05 2.173040e-01 8.607876e-01
3.232663e+00 4.520815e-05 2.109870e-01 8.603941e-01
3.233780e+00 4.403087e-05 2.045230e-01 8.604065e-01
3.224888e+00 4.805592e-05 2.057570e-01 8.602255e-01
3.237097e+00 4.547090e-05 2.037570e-01 8.605018e-01
3.241842e+00 4.527941e-05 2.049110e-01 8.596243e-01
3.244538e+00 4.661552e-05 2.159440e-01 8.594566e-01
3.235137e+00 4.672250e-05 2.052030e-01 8.599539e-01
3.230853e+00 4.464624e-05 2.118970e-01 8.603246e-01
3.234467e+00 6.532685e-05 2.232370e-01 8.604236e-01
3.238883e+00 4.684864e-05 2.102400e-01 8.605065e-01
3.236597e+00 4.689850e-05 2.144070e-01 8.604046e-01
3.227656e+00 4.503872e-05 2.176340e-01 8.606342e-01
3.235783e+00 4.452435e-05 2.179110e-01 8.603912e-01
3.231917e+00 4.495218e-05 2.148210e-01 8.602893e-01
3.232067e+00 4.387491e-05 2.085390e-01 8.601578e-01
3.235773e+00 4.451447e-05 2.107260e-01 8.599234e-01
3.244707e+00 4.675719e-05 2.113150e-01 8.603770e-01
3.242579e+00 5.276043e-05 2.039830e-01 8.601454e-01
3.238384e+00 5.671759e-05 2.168630e-01 8.605437e-01
3.233386e+00 6.368287e-05 2.208250e-01 8.613640e-01
3.230882e+00 4.531429e-05 2.046420e-01 8.599330e-01
3.244058e+00 4.583875e-05 2.038930e-01 8.611982e-01
3.241824e+00 4.688974e-05 2.135270e-01 8.602140e-01
3.237906e+00 5.174067e-05 2.111890e-01 8.600997e-01
3.238199e+00 4.450155e-05 2.049810e-01 8.604303e-01
3.231191e+00 4.443104e-05 2.080120e-01 8.605046e-01
3.225139e+00 4.383163e-05 2.115120e-01 8.596043e-01
3.228111e+00 4.443230e-05 2.064190e-01 8.606647e-01
3.236942e+00 4.540766e-05 2.168170e-01 8.609010e-01
3.234725e+00 4.863997e-05 2.211550e-01 8.606809e-01
3.233483e+00 4.426590e-05 2.149250e-01 8.611687e-01
3.239712e+00 4.950201e-05 2.171060e-01 8.606504e-01
3.237675e+00 4.719915e-05 2.050740e-01 8.608333e-01
3.219047e+00 4.385590e-05 2.115210e-01 8.603712e-01
3.233427e+00 4.646558e-05 2.133270e-01 8.604246e-01
3.221740e+00 4.383931e-05 2.104650e-01 8.596967e-01
3.231817e+00 4.518359e-05 2.056390e-01 8.606132e-01
3.236680e+00 5.804907e-05 2.175070e-01 8.611211e-01
3.234554e+00 4.467278e-05 2.105380e-01 8.604846e-01
3.243338e+00 7.203503e-05 2.117510e-01 8.601292e-01
3.246972e+00 4.651170e-05 2.102530e-01 8.595852e-01
3.232623e+00 6.636725e-05 2.102440e-01 8.603636e-01
3.240305e+00 4.600917e-05 2.191070e-01 8.604818e-01
3.239087e+00 4.611796e-05 2.038620e-01 8.605265e-01
3.238771e+00 5.501308e-05 2.100910e-01 8.602950e-01
3.233320e+00 4.467820e-05 2.106260e-01 8.611725e-01
3.234448e+00 4.669949e-05 2.024460e-01 8.610220e-01
3.235875e+00 4.435896e-05 2.064130e-01 8.609115e-01
3.242971e+00 4.431762e-05 2.034780e-01 8.609858e-01
3.227883e+00 4.346314e-05 2.193300e-01 8.604799e-01
3.231622e+00 4.588228e-05 2.046830e-01 8.604617e-01
3.232364e+00 4.786342e-05 2.132210e-01 8.602131e-01
3.221696e+00 4.344488e-05 2.241620e-01 8.599034e-01
3.233074e+00 4.824894e-05 2.176400e-01 8.605637e-01
3.232941e+00 4.495621e-05 2.030370e-01 8.604113e-01
3.215994e+00 4.505534e-05 2.115240e-01 8.601702e-01
3.221868e+00 4.474080e-05 2.242600e-01 8.601121e-01
3.231320e+00 4.464616e-05 2.142680e-01 8.614279e-01
3.241903e+00 6.432370e-05 2.081940e-01 8.604027e-01
3.245367e+00 4.540547e-05 2.185350e-01 8.606390e-01
3.245439e+00 5.408339e-05 2.106110e-01 8.604313e-01
3.240667e+00 4.708288e-05 2.100890e-01 8.602188e-01
3.238585e+00 4.903956e-05 2.122610e-01 8.604255e-01
3.237373e+00 4.463631e-05 2.184230e-01 8.601845e-01
3.228943e+00 4.533224e-05 2.199760e-01 8.602540e-01
3.231554e+00 4.470342e-05 2.132830e-01 8.611582e-01
3.234842e+00 4.437979e-05 2.043510e-01 8.598158e-01
3.233935e+00 4.744668e-05 2.047960e-01 8.596309e-01
3.232226e+00 4.443493e-05 2.151290e-01 8.604999e-01
3.228582e+00 4.378885e-05 2.110780e-01 8.607466e-01
3.242343e+00 5.781650e-05 2.043310e-01 8.602721e-01
3.239280e+00 5.195058e-05 2.172930e-01 8.604884e-01
3.229521e+00 4.480320e-05 2.192450e-01 8.606313e-01
3.240464e+00 1.238898e-04 2.112760e-01 8.601311e-01
3.238418e+00 4.453777e-05 2.095680e-01 8.605875e-01
3.223934e+00 4.423287e-05 2.043850e-01 8.600711e-01
3.226626e+00 4.470776e-05 2.099130e-01 8.600254e-01
3.220764e+00 4.402724e-05 2.081960e-01 8.599806e-01
3.225712e+00 4.446886e-05 2.069220e-01 8.604294e-01
3.244183e+00 4.818940e-05 2.107740e-01 8.609419e-01
3.240727e+00 5.297232e-05 2.107450e-01 8.599892e-01
3.232671e+00 4.669299e-05 2.121820e-01 8.603998e-01
3.229456e+00 4.489223e-05 2.109530e-01 8.603131e-01
3.233194e+00 4.599785e-05 2.117940e-01 8.605208e-01
3.234651e+00 4.605876e-05 2.106180e-01 8.599844e-01
3.231489e+00 4.564989e-05 2.098070e-01 8.603455e-01
3.234128e+00 4.487798e-05 2.083280e-01 8.602617e-01
3.225480e+00 4.408757e-05 2.099390e-01 8.599882e-01
3.229886e+00 4.596944e-05 2.146490e-01 8.596090e-01
3.223787e+00 4.397007e-05 2.029150e-01 8.604617e-01
3.231145e+00 4.467605e-05 2.108630e-01 8.607038e-01
3.231016e+00 4.505677e-05 2.038520e-01 8.601369e-01
3.224594e+00 4.395732e-05 2.115980e-01 8.599787e-01
3.235019e+00 4.437343e-05 2.107500e-01 8.608219e-01
3.230894e+00 4.539788e-05 2.169530e-01 8.605904e-01
3.231838e+00 4.528713e-05 2.107560e-01 8.602960e-01
3.231642e+00 4.563893e-05 2.114260e-01 8.608219e-01
3.238690e+00 4.621730e-05 2.062540e-01 8.604360e-01
3.245990e+00 1.092729e-04 2.033080e-01 8.603312e-01
3.246748e+00 4.752289e-05 2.055510e-01 8.606590e-01
3.228603e+00 4.497916e-05 2.101480e-01 8.601445e-01
3.240232e+00 4.667721e-05 2.106290e-01 8.604093e-01
3.234984e+00 4.511712e-05 2.170270e-01 8.602693e-01
3.229249e+00 4.438048e-05 2.073070e-01 8.602836e-01
3.237430e+00 4.908146e-05 2.032090e-01 8.602074e-01
3.239305e+00 4.605878e-05 2.053930e-01 8.606151e-01
3.232610e+00 4.539702e-05 2.105840e-01 8.598634e-01
3.241176e+00 5.629944e-05 2.044230e-01 8.596233e-01
3.244146e+00 5.478824e-05 2.123880e-01 8.602979e-01
3.249363e+00 5.238825e-05 2.111890e-01 8.602674e-01
3.239879e+00 5.183931e-05 2.163480e-01 8.602683e-01
3.236077e+00 4.718266e-05 2.102360e-01 8.604484e-01
3.232363e+00 4.747010e-05 2.111500e-01 8.603817e-01
3.233436e+00 5.032491e-05 2.095110e-01 8.595090e-01
3.237484e+00 4.820536e-05 2.032800e-01 8.602521e-01
3.236736e+00 4.502869e-05 2.039820e-01 8.607285e-01
3.241208e+00 4.556797e-05 2.031320e-01 8.596376e-01
3.235570e+00 4.916122e-05 2.127100e-01 8.609238e-01
3.240969e+00 4.833848e-05 2.106830e-01 8.613650e-01
3.237787e+00 4.671648e-05 2.028100e-01 8.605523e-01
3.238876e+00 4.547389e-05 2.031680e-01 8.603636e-01
3.232751e+00 4.577979e-05 2.124380e-01 8.603331e-01
3.226584e+00 4.393675e-05 2.169480e-01 8.608619e-01
3.236291e+00 4.359857e-05 2.107190e-01 8.604170e-01
3.229917e+00 4.555330e-05 2.105500e-01 8.603588e-01
3.236880e+00 4.641239e-05 2.103160e-01 8.608924e-01
3.237607e+00 4.639446e-05 2.101090e-01 8.611211e-01
3.233927e+00 4.464535e-05 2.189320e-01 8.604179e-01
3.229617e+00 4.519197e-05 2.116210e-01 8.600463e-01
3.238140e+00 4.624090e-05 2.065530e-01 8.601778e-01
3.225254e+00 4.441429e-05 2.045820e-01 8.605237e-01
3.229064e+00 6.612733e-05 2.039330e-01 8.608800e-01
3.242275e+00 4.619307e-05 2.136450e-01 8.603084e-01
3.238974e+00 4.590408e-05 2.172140e-01 8.604675e-01
3.240981e+00 4.528469e-05 2.102290e-01 8.605789e-01
3.235918e+00 4.542999e-05 2.066480e-01 8.607542e-01
3.235994e+00 4.602842e-05 2.103930e-01 8.606409e-01
3.231564e+00 4.597088e-05 2.036630e-01 8.602569e-01
3.235981e+00 4.966633e-05 2.033750e-01 8.604046e-01
3.235067e+00 4.452241e-05 2.104370e-01 8.605256e-01
3.227733e+00 4.392244e-05 2.035310e-01 8.605551e-01
3.243854e+00 4.854515e-05 2.058310e-01 8.602236e-01
3.237825e+00 4.642519e-05 2.033120e-01 8.601426e-01
3.227586e+00 4.531147e-05 2.211650e-01 8.609257e-01
3.236938e+00 4.562858e-05 2.113960e-01 8.604932e-01
3.220219e+00 4.448745e-05 2.030950e-01 8.600778e-01
3.235864e+00 4.512745e-05 2.037590e-01 8.606151e-01
3.236570e+00 4.944218e-05 2.218310e-01 8.603274e-01
3.238127e+00 4.694132e-05 2.044950e-01 8.599549e-01
3.238434e+00 4.456856e-05 2.212200e-01 8.610849e-01
3.239441e+00 4.372605e-05 2.173970e-01 8.606780e-01
3.234623e+00 4.492371e-05 2.102000e-01 8.605180e-01
3.228785e+00 4.460685e-05 2.202570e-01 8.603369e-01
3.235782e+00 4.513586e-05 2.096550e-01 8.602007e-01
3.230024e+00 4.451952e-05 2.103490e-01 8.606047e-01
3.236258e+00 4.761276e-05 2.178010e-01 8.598282e-01
