# dim  N   mc   rho  Brute 
# 2    2 262394 1
#
# Theoretical Energy = 2.000000e+00
# Energy     Variance     CPU time     Acceptance
3.279850e+00 5.046950e-05 2.095477e+00 8.649769e-01
3.251449e+00 4.903556e-05 2.176427e+00 8.648283e-01
3.234923e+00 4.605617e-05 2.111666e+00 8.642023e-01
3.219464e+00 5.019490e-05 2.162389e+00 8.647711e-01
3.221219e+00 4.710174e-05 2.057117e+00 8.642795e-01
3.212763e+00 5.000278e-05 2.167675e+00 8.646492e-01
3.225920e+00 4.841437e-05 2.099075e+00 8.644786e-01
3.212013e+00 4.818200e-05 2.099369e+00 8.642118e-01
3.208709e+00 4.491820e-05 2.082748e+00 8.647035e-01
3.207232e+00 4.711004e-05 2.051704e+00 8.647654e-01
3.215477e+00 5.241955e-05 2.079275e+00 8.651227e-01
3.201131e+00 4.781824e-05 2.088589e+00 8.646415e-01
3.206225e+00 4.518857e-05 2.099880e+00 8.656210e-01
3.202254e+00 4.598165e-05 2.095857e+00 8.655762e-01
3.201261e+00 4.533981e-05 2.065762e+00 8.652580e-01
3.208301e+00 4.799062e-05 2.034334e+00 8.652237e-01
3.205021e+00 4.659672e-05 2.086890e+00 8.653647e-01
3.204967e+00 4.961720e-05 2.073247e+00 8.656705e-01
3.210963e+00 4.673537e-05 2.108443e+00 8.662117e-01
3.188784e+00 4.610351e-05 2.107956e+00 8.655009e-01
3.197062e+00 4.600869e-05 2.026204e+00 8.653999e-01
3.187878e+00 4.423342e-05 2.054698e+00 8.657105e-01
3.196617e+00 4.651480e-05 2.092585e+00 8.653799e-01
3.203408e+00 5.706544e-05 2.086998e+00 8.653885e-01
3.184605e+00 4.587254e-05 2.100453e+00 8.659211e-01
3.186861e+00 4.490669e-05 2.060414e+00 8.659325e-01
3.190941e+00 4.838246e-05 2.080630e+00 8.658820e-01
3.185046e+00 5.135110e-05 2.099261e+00 8.660812e-01
3.186896e+00 4.547213e-05 2.075408e+00 8.656076e-01
3.182053e+00 4.394676e-05 2.058600e+00 8.663708e-01
3.177154e+00 4.570946e-05 1.942366e+00 8.660316e-01
3.187424e+00 4.480473e-05 1.963777e+00 8.663889e-01
3.173754e+00 4.475228e-05 1.961369e+00 8.663012e-01
3.167179e+00 4.513325e-05 1.948121e+00 8.667319e-01
3.175130e+00 4.473148e-05 1.947314e+00 8.663146e-01
3.165157e+00 4.326146e-05 1.938153e+00 8.659268e-01
3.181637e+00 4.482414e-05 1.962872e+00 8.666719e-01
3.174569e+00 4.666531e-05 1.973733e+00 8.669396e-01
3.173209e+00 4.472723e-05 1.935150e+00 8.669482e-01
3.170073e+00 4.532459e-05 1.962594e+00 8.672645e-01
3.173275e+00 4.474986e-05 1.941533e+00 8.670682e-01
3.167053e+00 4.599283e-05 1.960232e+00 8.665137e-01
3.171127e+00 4.465716e-05 1.967712e+00 8.678419e-01
3.165883e+00 4.477772e-05 1.964743e+00 8.667005e-01
3.157866e+00 4.836138e-05 1.957902e+00 8.673645e-01
3.167096e+00 4.548732e-05 1.943991e+00 8.675637e-01
3.162940e+00 4.302616e-05 1.980341e+00 8.676142e-01
3.156087e+00 4.310192e-05 1.951002e+00 8.673598e-01
3.159043e+00 4.338489e-05 1.964016e+00 8.682735e-01
3.162175e+00 4.644495e-05 1.957018e+00 8.683707e-01
3.150813e+00 4.521894e-05 1.956748e+00 8.667367e-01
3.165778e+00 5.377599e-05 1.960900e+00 8.691691e-01
3.164028e+00 4.427140e-05 1.949880e+00 8.684964e-01
3.151041e+00 4.281254e-05 1.949481e+00 8.680029e-01
3.152216e+00 4.388446e-05 1.935450e+00 8.686603e-01
3.156243e+00 4.469969e-05 1.942731e+00 8.686927e-01
3.138396e+00 4.160427e-05 1.987583e+00 8.684593e-01
3.154304e+00 5.721558e-05 1.941727e+00 8.685250e-01
3.156549e+00 4.650323e-05 1.943462e+00 8.688432e-01
3.144556e+00 4.164639e-05 1.956055e+00 8.684869e-01
3.142145e+00 4.264382e-05 1.937299e+00 8.692310e-01
3.137574e+00 4.264280e-05 1.922575e+00 8.690042e-01
3.144976e+00 4.238825e-05 1.961558e+00 8.690081e-01
3.141727e+00 4.323424e-05 1.961400e+00 8.695121e-01
3.147783e+00 4.268225e-05 1.981881e+00 8.695035e-01
3.151143e+00 4.391990e-05 1.928464e+00 8.700046e-01
3.135900e+00 4.610796e-05 1.956169e+00 8.694368e-01
3.132918e+00 4.225481e-05 1.957002e+00 8.694378e-01
3.138342e+00 4.264667e-05 1.944232e+00 8.704086e-01
3.132411e+00 4.277231e-05 1.942800e+00 8.695588e-01
3.138959e+00 4.219233e-05 1.963569e+00 8.693854e-01
3.132106e+00 4.200742e-05 1.950016e+00 8.704048e-01
3.133169e+00 4.184086e-05 1.960795e+00 8.705068e-01
3.140615e+00 4.386277e-05 1.957718e+00 8.695988e-01
3.140411e+00 4.301047e-05 1.962843e+00 8.704096e-01
3.133300e+00 4.831435e-05 1.924744e+00 8.700256e-01
3.137801e+00 4.317827e-05 1.949804e+00 8.711537e-01
3.123755e+00 4.217857e-05 1.951849e+00 8.706268e-01
3.135879e+00 4.465940e-05 1.943838e+00 8.706449e-01
3.126572e+00 4.235211e-05 1.961427e+00 8.704677e-01
3.123219e+00 4.404131e-05 1.944671e+00 8.717444e-01
3.131870e+00 4.185702e-05 1.947157e+00 8.713299e-01
3.123660e+00 4.193991e-05 1.947478e+00 8.713166e-01
3.122079e+00 6.838760e-05 1.970502e+00 8.710689e-01
3.117489e+00 4.166645e-05 1.966596e+00 8.711413e-01
3.132465e+00 4.514439e-05 1.958331e+00 8.720045e-01
3.117750e+00 4.094054e-05 1.948780e+00 8.715853e-01
3.122377e+00 4.177998e-05 1.953228e+00 8.715986e-01
3.123647e+00 4.513740e-05 1.961351e+00 8.727305e-01
3.121399e+00 4.453201e-05 1.940893e+00 8.717463e-01
3.116516e+00 4.470403e-05 1.950587e+00 8.718073e-01
3.124046e+00 4.451729e-05 1.968756e+00 8.719102e-01
3.113165e+00 4.123388e-05 1.937812e+00 8.722093e-01
3.113560e+00 4.156604e-05 1.932657e+00 8.720455e-01
3.117471e+00 4.068548e-05 1.959208e+00 8.721970e-01
3.124206e+00 4.506049e-05 1.938398e+00 8.721026e-01
3.113596e+00 4.400521e-05 1.973900e+00 8.724685e-01
3.106875e+00 4.084932e-05 2.100446e+00 8.730021e-01
3.107806e+00 4.038366e-05 1.991250e+00 8.726476e-01
3.104243e+00 4.044308e-05 1.958081e+00 8.718921e-01
3.103979e+00 4.063742e-05 1.952711e+00 8.726867e-01
3.116017e+00 4.187839e-05 1.955990e+00 8.722484e-01
3.117555e+00 4.774649e-05 1.954438e+00 8.727858e-01
3.111422e+00 4.079440e-05 1.970429e+00 8.724094e-01
3.102240e+00 4.042639e-05 1.923128e+00 8.732078e-01
3.115506e+00 1.283608e-04 1.947455e+00 8.733441e-01
3.105127e+00 4.051198e-05 1.969551e+00 8.730983e-01
3.102749e+00 4.006957e-05 1.937970e+00 8.733489e-01
3.110514e+00 4.310114e-05 1.961051e+00 8.735023e-01
3.096568e+00 4.327798e-05 1.941319e+00 8.729887e-01
3.099208e+00 4.019588e-05 1.924293e+00 8.735127e-01
3.111207e+00 4.205572e-05 1.962783e+00 8.737128e-01
3.105530e+00 4.492632e-05 1.949649e+00 8.737833e-01
3.111045e+00 4.442512e-05 1.949777e+00 8.726295e-01
3.105402e+00 4.210855e-05 1.959027e+00 8.736166e-01
3.107700e+00 4.615309e-05 1.951178e+00 8.737443e-01
3.102958e+00 4.030521e-05 1.933883e+00 8.735318e-01
3.107167e+00 4.142004e-05 1.945046e+00 8.736842e-01
3.109538e+00 4.329093e-05 1.982991e+00 8.740777e-01
3.093507e+00 3.982921e-05 1.961911e+00 8.733965e-01
3.108228e+00 4.896088e-05 1.937922e+00 8.747475e-01
3.096125e+00 4.017754e-05 1.942936e+00 8.737881e-01
3.099715e+00 4.141167e-05 1.951308e+00 8.735794e-01
3.099258e+00 5.426171e-05 1.947195e+00 8.742121e-01
3.101041e+00 4.222894e-05 1.959137e+00 8.747361e-01
3.102387e+00 4.007751e-05 1.952598e+00 8.741263e-01
3.102058e+00 4.172795e-05 1.937914e+00 8.734737e-01
3.093097e+00 4.117518e-05 1.976725e+00 8.748809e-01
3.102833e+00 4.129253e-05 1.929274e+00 8.744855e-01
3.096989e+00 4.052964e-05 1.956243e+00 8.735737e-01
3.100756e+00 4.078922e-05 1.955185e+00 8.739834e-01
3.095996e+00 3.963831e-05 1.967619e+00 8.738319e-01
3.095434e+00 3.915960e-05 1.950273e+00 8.746970e-01
3.099660e+00 4.176184e-05 1.947390e+00 8.748752e-01
3.098848e+00 4.813194e-05 1.951392e+00 8.744369e-01
3.096248e+00 3.970241e-05 1.950813e+00 8.743073e-01
3.092671e+00 4.009438e-05 1.926008e+00 8.751248e-01
3.095039e+00 4.088616e-05 1.955809e+00 8.747304e-01
3.096758e+00 4.129052e-05 1.946622e+00 8.738834e-01
3.096866e+00 4.075027e-05 1.936406e+00 8.740968e-01
3.099184e+00 3.981417e-05 1.975859e+00 8.747599e-01
3.092514e+00 4.006291e-05 1.944994e+00 8.743540e-01
3.093652e+00 4.020637e-05 1.947684e+00 8.748390e-01
3.097906e+00 4.060772e-05 1.946854e+00 8.744160e-01
3.090466e+00 4.040277e-05 1.964681e+00 8.740920e-01
3.091513e+00 4.179709e-05 1.941345e+00 8.753830e-01
3.085164e+00 3.981234e-05 1.949913e+00 8.750133e-01
3.086800e+00 4.026193e-05 1.970910e+00 8.743293e-01
3.088883e+00 4.231373e-05 1.945879e+00 8.752391e-01
3.089521e+00 3.965772e-05 1.958515e+00 8.748399e-01
3.096881e+00 3.989093e-05 1.949571e+00 8.748466e-01
3.090384e+00 3.964459e-05 1.960310e+00 8.752353e-01
3.098707e+00 3.979027e-05 1.960962e+00 8.753601e-01
3.094904e+00 4.718947e-05 1.953121e+00 8.754583e-01
3.088825e+00 4.057257e-05 1.955190e+00 8.755402e-01
3.081738e+00 4.055494e-05 1.948341e+00 8.754335e-01
3.100690e+00 5.422302e-05 1.979709e+00 8.750772e-01
3.092077e+00 4.167008e-05 1.969506e+00 8.750534e-01
3.095767e+00 4.015754e-05 1.939871e+00 8.753468e-01
3.091579e+00 4.938699e-05 1.970309e+00 8.755412e-01
3.092220e+00 4.117288e-05 1.942600e+00 8.760109e-01
3.090371e+00 3.966983e-05 1.957012e+00 8.756888e-01
3.092086e+00 4.115965e-05 1.991589e+00 8.753621e-01
3.095440e+00 3.972398e-05 1.931645e+00 8.751677e-01
3.089881e+00 4.010422e-05 1.955269e+00 8.749362e-01
3.100082e+00 4.162431e-05 1.984585e+00 8.753687e-01
3.091790e+00 3.916789e-05 1.994431e+00 8.754221e-01
3.088239e+00 3.912868e-05 1.949549e+00 8.755631e-01
3.097716e+00 4.651264e-05 1.946764e+00 8.755164e-01
3.091581e+00 4.033463e-05 1.967022e+00 8.753325e-01
3.084764e+00 3.884537e-05 1.940542e+00 8.757089e-01
3.084357e+00 4.020712e-05 1.944189e+00 8.761109e-01
3.090667e+00 4.240924e-05 1.996740e+00 8.758356e-01
3.086989e+00 3.896927e-05 1.955432e+00 8.760909e-01
3.090743e+00 3.964071e-05 1.955435e+00 8.761462e-01
3.089354e+00 3.934932e-05 1.968489e+00 8.754497e-01
3.095293e+00 8.721001e-05 1.950577e+00 8.764206e-01
3.090688e+00 3.912973e-05 1.938801e+00 8.769455e-01
3.093134e+00 3.936435e-05 1.931416e+00 8.749352e-01
3.093365e+00 4.206462e-05 1.940218e+00 8.758870e-01
3.092340e+00 4.739449e-05 1.947751e+00 8.756231e-01
3.098077e+00 4.858860e-05 1.964187e+00 8.753239e-01
3.086325e+00 3.900050e-05 1.948140e+00 8.761633e-01
3.081546e+00 3.833978e-05 1.936451e+00 8.759690e-01
3.098382e+00 4.022786e-05 1.948189e+00 8.751220e-01
3.083333e+00 3.856043e-05 1.956599e+00 8.758985e-01
3.088988e+00 3.922440e-05 1.947162e+00 8.750562e-01
3.090055e+00 3.986868e-05 1.929993e+00 8.755917e-01
3.085995e+00 4.035977e-05 1.947659e+00 8.762910e-01
3.095753e+00 4.032101e-05 1.967775e+00 8.759661e-01
3.090958e+00 3.994777e-05 1.946645e+00 8.756431e-01
3.088534e+00 3.939727e-05 1.957875e+00 8.756946e-01
3.088161e+00 4.015013e-05 1.963868e+00 8.758508e-01
3.087616e+00 3.963692e-05 1.937945e+00 8.754497e-01
3.092815e+00 4.256755e-05 1.950012e+00 8.767245e-01
3.095442e+00 4.153871e-05 1.951646e+00 8.755983e-01
3.091562e+00 3.991310e-05 1.940227e+00 8.757012e-01
3.081772e+00 4.004148e-05 1.934851e+00 8.751105e-01
3.092650e+00 4.032746e-05 1.948564e+00 8.758356e-01
3.091505e+00 4.031067e-05 1.931489e+00 8.754535e-01
3.093313e+00 4.144882e-05 1.942246e+00 8.752925e-01
3.092196e+00 4.227833e-05 1.971448e+00 8.758546e-01
3.087304e+00 3.982658e-05 1.957846e+00 8.758556e-01
3.084739e+00 4.032229e-05 1.952097e+00 8.754926e-01
3.090242e+00 3.997781e-05 1.928821e+00 8.760614e-01
3.093940e+00 4.134731e-05 1.941726e+00 8.756393e-01
3.083713e+00 3.847291e-05 1.950971e+00 8.754192e-01
3.084970e+00 4.060321e-05 1.938358e+00 8.759661e-01
3.089282e+00 6.024947e-05 1.958648e+00 8.758051e-01
3.085692e+00 3.930389e-05 1.973268e+00 8.763948e-01
3.089430e+00 4.162574e-05 1.962135e+00 8.757689e-01
3.091194e+00 4.572776e-05 1.935776e+00 8.758108e-01
3.086943e+00 4.317549e-05 1.955481e+00 8.760785e-01
3.089724e+00 4.017973e-05 1.954150e+00 8.747999e-01
3.082701e+00 3.827134e-05 1.963248e+00 8.753687e-01
3.088005e+00 4.013147e-05 1.949259e+00 8.757451e-01
3.088369e+00 4.061840e-05 1.954200e+00 8.757374e-01
3.091221e+00 3.973478e-05 1.947840e+00 8.759204e-01
3.088355e+00 3.948692e-05 1.935655e+00 8.761757e-01
3.099943e+00 5.413301e-05 1.937449e+00 8.760376e-01
3.087758e+00 3.990700e-05 1.949718e+00 8.755631e-01
3.085117e+00 3.910677e-05 1.945571e+00 8.759108e-01
3.095618e+00 5.227329e-05 1.953198e+00 8.766245e-01
3.088837e+00 3.902034e-05 1.938477e+00 8.758918e-01
3.089633e+00 3.944990e-05 1.945267e+00 8.758318e-01
3.085802e+00 3.941894e-05 1.933937e+00 8.755059e-01
3.085449e+00 4.106728e-05 1.936685e+00 8.755231e-01
3.088745e+00 4.035605e-05 1.971752e+00 8.761738e-01
3.086701e+00 3.941733e-05 1.952571e+00 8.756336e-01
3.088663e+00 4.204189e-05 1.944781e+00 8.754316e-01
3.086914e+00 4.028312e-05 1.942100e+00 8.758899e-01
3.086748e+00 3.861604e-05 1.962725e+00 8.759575e-01
3.089316e+00 4.417626e-05 1.923277e+00 8.748380e-01
3.086603e+00 4.088462e-05 1.934612e+00 8.754030e-01
3.092235e+00 4.007367e-05 1.951695e+00 8.756117e-01
3.085506e+00 3.927362e-05 1.944826e+00 8.763472e-01
3.090407e+00 4.377407e-05 1.947980e+00 8.757365e-01
3.094506e+00 4.122739e-05 1.948718e+00 8.767912e-01
3.088419e+00 3.966318e-05 1.944689e+00 8.755717e-01
3.079214e+00 3.910495e-05 1.940026e+00 8.751524e-01
3.078040e+00 3.871840e-05 1.928100e+00 8.758489e-01
3.088423e+00 4.201886e-05 1.937630e+00 8.757689e-01
3.082794e+00 3.980336e-05 1.963562e+00 8.760976e-01
3.086436e+00 3.909341e-05 1.950425e+00 8.761586e-01
3.087700e+00 4.035968e-05 1.947940e+00 8.763043e-01
3.088686e+00 3.948834e-05 1.940452e+00 8.755650e-01
3.087265e+00 3.922344e-05 1.955009e+00 8.754697e-01
3.086698e+00 4.293589e-05 1.946510e+00 8.766835e-01
3.091742e+00 3.984752e-05 1.948815e+00 8.763177e-01
3.086903e+00 4.003393e-05 1.946983e+00 8.768179e-01
3.092381e+00 3.984694e-05 1.987963e+00 8.759880e-01
3.085143e+00 3.853406e-05 1.952432e+00 8.760547e-01
3.077138e+00 4.039937e-05 1.940319e+00 8.764520e-01
3.087268e+00 3.939102e-05 1.954961e+00 8.754678e-01
3.088469e+00 3.942279e-05 1.948462e+00 8.756298e-01
3.084788e+00 3.853867e-05 1.948023e+00 8.764930e-01
3.087113e+00 4.115475e-05 1.932730e+00 8.759575e-01
3.086256e+00 4.093506e-05 1.969200e+00 8.763243e-01
3.078746e+00 3.906317e-05 1.938332e+00 8.758413e-01
3.086539e+00 3.914553e-05 1.937928e+00 8.761081e-01
3.082962e+00 3.941823e-05 1.950981e+00 8.763196e-01
3.085005e+00 3.984466e-05 1.952736e+00 8.761538e-01
3.094045e+00 4.129423e-05 1.951530e+00 8.756898e-01
3.085439e+00 4.045567e-05 1.966475e+00 8.754535e-01
3.087466e+00 3.870076e-05 1.948972e+00 8.760233e-01
3.087940e+00 4.177213e-05 1.962709e+00 8.763767e-01
3.084093e+00 4.055591e-05 1.944678e+00 8.766635e-01
3.083115e+00 4.764705e-05 1.943255e+00 8.763015e-01
3.092206e+00 4.205386e-05 1.952225e+00 8.769074e-01
3.092791e+00 3.992243e-05 1.950995e+00 8.761929e-01
3.086640e+00 3.975493e-05 1.942343e+00 8.764692e-01
3.084006e+00 3.921055e-05 1.947348e+00 8.755698e-01
3.090174e+00 3.959854e-05 1.945135e+00 8.760661e-01
3.087004e+00 3.882091e-05 1.955112e+00 8.749876e-01
3.086703e+00 3.865643e-05 1.937222e+00 8.760214e-01
3.092332e+00 3.985051e-05 1.956296e+00 8.760919e-01
3.089723e+00 3.962229e-05 1.970708e+00 8.758118e-01
3.085858e+00 3.948165e-05 1.957684e+00 8.758556e-01
3.089535e+00 4.359576e-05 1.972336e+00 8.752925e-01
3.085577e+00 3.929151e-05 1.955420e+00 8.757584e-01
3.080431e+00 3.867720e-05 1.964403e+00 8.759089e-01
3.096121e+00 4.464775e-05 1.936019e+00 8.757451e-01
3.097637e+00 4.233226e-05 1.935406e+00 8.759747e-01
3.087809e+00 3.951740e-05 1.957109e+00 8.758527e-01
3.089071e+00 4.128319e-05 1.957112e+00 8.761271e-01
3.089352e+00 3.906105e-05 1.974967e+00 8.758070e-01
3.092972e+00 4.138659e-05 1.942689e+00 8.763758e-01
3.087455e+00 3.948549e-05 1.951928e+00 8.764301e-01
3.088084e+00 3.987170e-05 1.937907e+00 8.758956e-01
3.085007e+00 3.917277e-05 1.945162e+00 8.760156e-01
3.091237e+00 4.140884e-05 1.953663e+00 8.756736e-01
3.099085e+00 4.196744e-05 1.946995e+00 8.758689e-01
3.096798e+00 4.109402e-05 1.945270e+00 8.764596e-01
3.094586e+00 4.079992e-05 1.968572e+00 8.762796e-01
3.085012e+00 3.943968e-05 1.944671e+00 8.766702e-01
3.085530e+00 3.914632e-05 1.946789e+00 8.762538e-01
3.084586e+00 4.165099e-05 1.945550e+00 8.759204e-01
3.087093e+00 3.926102e-05 1.942068e+00 8.760309e-01
3.095194e+00 4.783264e-05 1.935937e+00 8.760833e-01
3.086397e+00 4.059558e-05 1.934240e+00 8.759413e-01
3.088219e+00 3.946656e-05 1.954760e+00 8.765340e-01
3.087226e+00 3.981790e-05 1.956056e+00 8.761128e-01
3.092636e+00 4.260807e-05 1.948655e+00 8.761833e-01
3.086749e+00 3.875677e-05 1.972432e+00 8.764787e-01
3.082654e+00 3.968583e-05 1.960743e+00 8.759442e-01
3.088131e+00 3.997408e-05 1.936867e+00 8.763863e-01
3.111109e+00 2.672689e-04 1.969589e+00 8.758184e-01
3.091477e+00 4.120118e-05 1.944281e+00 8.761833e-01
3.089431e+00 3.912003e-05 1.944384e+00 8.758489e-01
3.089434e+00 3.990157e-05 1.958277e+00 8.758156e-01
3.089532e+00 4.358808e-05 1.935801e+00 8.758308e-01
3.089637e+00 3.982579e-05 1.916260e+00 8.760642e-01
3.086700e+00 4.325150e-05 1.940036e+00 8.761548e-01
3.087154e+00 3.956592e-05 1.936316e+00 8.757327e-01
3.081466e+00 4.010562e-05 1.945654e+00 8.759785e-01
3.080426e+00 3.982683e-05 1.972134e+00 8.761195e-01
3.081132e+00 3.976639e-05 1.947697e+00 8.761986e-01
3.083717e+00 3.956610e-05 1.954017e+00 8.759490e-01
3.087204e+00 4.279680e-05 1.938284e+00 8.758813e-01
3.089172e+00 4.038918e-05 1.953009e+00 8.760290e-01
3.087944e+00 4.032924e-05 1.959732e+00 8.764796e-01
3.086815e+00 4.143435e-05 1.953168e+00 8.764625e-01
3.105191e+00 9.484564e-05 1.953145e+00 8.756793e-01
3.087625e+00 3.921029e-05 1.959592e+00 8.752439e-01
3.087173e+00 4.047013e-05 1.962461e+00 8.766388e-01
3.087331e+00 5.034226e-05 1.937933e+00 8.762357e-01
3.092706e+00 4.208608e-05 1.941457e+00 8.753230e-01
3.084886e+00 3.979267e-05 1.938705e+00 8.760976e-01
3.081339e+00 3.969220e-05 1.943253e+00 8.759690e-01
3.079160e+00 3.798836e-05 1.950268e+00 8.753563e-01
3.091096e+00 3.945140e-05 1.952011e+00 8.763463e-01
3.088286e+00 3.988570e-05 1.949957e+00 8.757975e-01
3.091692e+00 4.248268e-05 1.956866e+00 8.761814e-01
3.085842e+00 3.949429e-05 1.933743e+00 8.759594e-01
3.082467e+00 3.927949e-05 1.945383e+00 8.767474e-01
3.091018e+00 4.032052e-05 1.941680e+00 8.756584e-01
3.088928e+00 4.155931e-05 1.963021e+00 8.766235e-01
3.091247e+00 3.980447e-05 1.948661e+00 8.762948e-01
3.080763e+00 4.122986e-05 1.956032e+00 8.764901e-01
3.098101e+00 4.023957e-05 1.948396e+00 8.758565e-01
3.081243e+00 3.869174e-05 1.947034e+00 8.765263e-01
3.087204e+00 3.902564e-05 1.962968e+00 8.757155e-01
3.093223e+00 4.136689e-05 1.967417e+00 8.754259e-01
3.085498e+00 4.321633e-05 1.937213e+00 8.762681e-01
3.093509e+00 3.945406e-05 1.951391e+00 8.760061e-01
3.086355e+00 3.977732e-05 1.950352e+00 8.750762e-01
3.089136e+00 3.964277e-05 1.947475e+00 8.762262e-01
3.087014e+00 4.034284e-05 1.952494e+00 8.765149e-01
3.095807e+00 4.032805e-05 1.956189e+00 8.761290e-01
3.085870e+00 3.833181e-05 1.965957e+00 8.760871e-01
3.091756e+00 4.002074e-05 1.953584e+00 8.754068e-01
3.089814e+00 4.152314e-05 1.950255e+00 8.760338e-01
3.087496e+00 3.920627e-05 1.974528e+00 8.761119e-01
3.088824e+00 3.927610e-05 1.953820e+00 8.758556e-01
3.089911e+00 3.981040e-05 1.965348e+00 8.760261e-01
3.084337e+00 3.942103e-05 1.942961e+00 8.757775e-01
3.084561e+00 3.881499e-05 1.947985e+00 8.762214e-01
3.090808e+00 4.036554e-05 1.952164e+00 8.762758e-01
3.087898e+00 3.967096e-05 1.942540e+00 8.760290e-01
3.082567e+00 3.956755e-05 1.950194e+00 8.757565e-01
3.093180e+00 4.076100e-05 1.933068e+00 8.760318e-01
3.083650e+00 3.852941e-05 1.952581e+00 8.762577e-01
3.091457e+00 3.912226e-05 1.960865e+00 8.756060e-01
3.097735e+00 4.085733e-05 1.954837e+00 8.759737e-01
3.093129e+00 4.077056e-05 1.946257e+00 8.764387e-01
3.102400e+00 1.138895e-04 1.928280e+00 8.765406e-01
3.086638e+00 4.043215e-05 1.950064e+00 8.759023e-01
3.093075e+00 4.066439e-05 1.947230e+00 8.751591e-01
3.084971e+00 3.876045e-05 1.939788e+00 8.761995e-01
3.081774e+00 3.891268e-05 1.959374e+00 8.753640e-01
3.085956e+00 3.931865e-05 1.955535e+00 8.760652e-01
3.095000e+00 4.078257e-05 1.970330e+00 8.758146e-01
3.091244e+00 4.202902e-05 1.952840e+00 8.762548e-01
3.086103e+00 4.960612e-05 1.956098e+00 8.763386e-01
3.085769e+00 4.047320e-05 1.946079e+00 8.757879e-01
3.085882e+00 4.012330e-05 1.955016e+00 8.764320e-01
3.089501e+00 4.963521e-05 1.944913e+00 8.756079e-01
3.080862e+00 3.806281e-05 1.947941e+00 8.757031e-01
3.086407e+00 3.875201e-05 1.958699e+00 8.757212e-01
3.084768e+00 3.964313e-05 1.947945e+00 8.757222e-01
3.088988e+00 3.869526e-05 1.968316e+00 8.759375e-01
3.093983e+00 4.200414e-05 1.941105e+00 8.756631e-01
3.090207e+00 4.066447e-05 1.941022e+00 8.754040e-01
3.086408e+00 3.851766e-05 1.971028e+00 8.757937e-01
3.082900e+00 4.023100e-05 1.938102e+00 8.758565e-01
3.089559e+00 3.992280e-05 1.961950e+00 8.754707e-01
3.089244e+00 3.980178e-05 1.966894e+00 8.756498e-01
3.085291e+00 3.902655e-05 1.963531e+00 8.760814e-01
3.093613e+00 1.227874e-04 1.947287e+00 8.762996e-01
3.093963e+00 4.002868e-05 1.958417e+00 8.763463e-01
3.079968e+00 3.883545e-05 1.961019e+00 8.755707e-01
3.091271e+00 4.960199e-05 1.973955e+00 8.757070e-01
3.087374e+00 4.010008e-05 1.971783e+00 8.761776e-01
3.087473e+00 4.250606e-05 1.969519e+00 8.748866e-01
3.095223e+00 3.951026e-05 1.948571e+00 8.753058e-01
3.081990e+00 3.904081e-05 1.954068e+00 8.757422e-01
3.098473e+00 4.229704e-05 1.960766e+00 8.759213e-01
3.103301e+00 2.090150e-04 1.955211e+00 8.765644e-01
3.086034e+00 4.220133e-05 1.955226e+00 8.756269e-01
3.086920e+00 3.975633e-05 1.960111e+00 8.766969e-01
3.089028e+00 4.477107e-05 1.943545e+00 8.757079e-01
3.085699e+00 4.302620e-05 1.954080e+00 8.762843e-01
3.085890e+00 4.598851e-05 1.946506e+00 8.759023e-01
3.083179e+00 3.891921e-05 1.952618e+00 8.759432e-01
3.082836e+00 3.961461e-05 1.964387e+00 8.760318e-01
3.091194e+00 4.119681e-05 1.955143e+00 8.758032e-01
3.081917e+00 3.980165e-05 2.079232e+00 8.758289e-01
3.090258e+00 4.184747e-05 2.001219e+00 8.755583e-01
3.091439e+00 4.356882e-05 1.949678e+00 8.757251e-01
3.085761e+00 3.961029e-05 1.938508e+00 8.761605e-01
3.090176e+00 3.919272e-05 1.950654e+00 8.762786e-01
3.089556e+00 3.959360e-05 1.959650e+00 8.763005e-01
3.089186e+00 4.244757e-05 1.946774e+00 8.759108e-01
3.078489e+00 3.879465e-05 1.946375e+00 8.756555e-01
3.085376e+00 3.921235e-05 1.931018e+00 8.757174e-01
3.086614e+00 4.016505e-05 1.948106e+00 8.755745e-01
3.093073e+00 4.339015e-05 1.950998e+00 8.757584e-01
3.092429e+00 4.026388e-05 1.939517e+00 8.757594e-01
3.091964e+00 4.361348e-05 1.957512e+00 8.759613e-01
3.088909e+00 4.020001e-05 1.945484e+00 8.760033e-01
3.093002e+00 4.043672e-05 1.951974e+00 8.762119e-01
3.086955e+00 3.921406e-05 1.950636e+00 8.754097e-01
3.085287e+00 4.096274e-05 1.942324e+00 8.755593e-01
3.084660e+00 3.925356e-05 1.949532e+00 8.758165e-01
3.083400e+00 3.904980e-05 1.961774e+00 8.755764e-01
3.093761e+00 3.879297e-05 1.936019e+00 8.757251e-01
3.087613e+00 3.972883e-05 1.953515e+00 8.754983e-01
3.081258e+00 3.955074e-05 1.944119e+00 8.761471e-01
3.081827e+00 3.951975e-05 1.938894e+00 8.760023e-01
3.085747e+00 3.996821e-05 1.980276e+00 8.759166e-01
3.085789e+00 3.980622e-05 1.953221e+00 8.756898e-01
3.085463e+00 4.068568e-05 1.949285e+00 8.753249e-01
3.084617e+00 3.939822e-05 1.974731e+00 8.765073e-01
3.089458e+00 4.065241e-05 1.949186e+00 8.758499e-01
3.090681e+00 3.898984e-05 1.976794e+00 8.755193e-01
3.090578e+00 4.054696e-05 1.971667e+00 8.758823e-01
3.088892e+00 4.336683e-05 1.953816e+00 8.756174e-01
3.091838e+00 4.264266e-05 1.947235e+00 8.759432e-01
3.083017e+00 3.965814e-05 1.970889e+00 8.766702e-01
3.089635e+00 3.928887e-05 1.936757e+00 8.760299e-01
3.090830e+00 3.937948e-05 1.937635e+00 8.765397e-01
3.091386e+00 4.027332e-05 1.940039e+00 8.758880e-01
3.088001e+00 3.974228e-05 1.948138e+00 8.756555e-01
3.083961e+00 3.941923e-05 1.949250e+00 8.761948e-01
3.080523e+00 4.318751e-05 1.941607e+00 8.760690e-01
3.085463e+00 3.993298e-05 1.968284e+00 8.760042e-01
3.077690e+00 3.891624e-05 1.961505e+00 8.759937e-01
3.088620e+00 3.981198e-05 1.948972e+00 8.760061e-01
3.089446e+00 3.906167e-05 1.938575e+00 8.764882e-01
3.095728e+00 4.060089e-05 1.941186e+00 8.757108e-01
3.082449e+00 3.900873e-05 1.929201e+00 8.753344e-01
3.089753e+00 3.921186e-05 1.953398e+00 8.770523e-01
3.083839e+00 3.896346e-05 1.942457e+00 8.754621e-01
3.087784e+00 4.043287e-05 1.930984e+00 8.760928e-01
3.087381e+00 4.212536e-05 1.942036e+00 8.755231e-01
3.093888e+00 4.440241e-05 1.955095e+00 8.766626e-01
3.087954e+00 3.967056e-05 1.942926e+00 8.760052e-01
3.092384e+00 4.455937e-05 1.948468e+00 8.754869e-01
3.084176e+00 3.960151e-05 1.930367e+00 8.762024e-01
3.081643e+00 3.795248e-05 1.988290e+00 8.759632e-01
3.087019e+00 4.171052e-05 1.960678e+00 8.753487e-01
3.090723e+00 4.026151e-05 1.944069e+00 8.756869e-01
3.088203e+00 3.907620e-05 1.990154e+00 8.764168e-01
3.090533e+00 3.994541e-05 1.947080e+00 8.754497e-01
3.086484e+00 3.970051e-05 1.968438e+00 8.760461e-01
3.094294e+00 7.417489e-05 1.967374e+00 8.754840e-01
3.091139e+00 3.915849e-05 1.943325e+00 8.756841e-01
3.086799e+00 3.854039e-05 1.955994e+00 8.753468e-01
3.089116e+00 3.988537e-05 1.966175e+00 8.761519e-01
3.091921e+00 3.946864e-05 1.929000e+00 8.764892e-01
3.080692e+00 3.907718e-05 1.955221e+00 8.762062e-01
3.083374e+00 3.986178e-05 1.947800e+00 8.759642e-01
3.085188e+00 4.063154e-05 1.953565e+00 8.763196e-01
3.088796e+00 3.905433e-05 1.946652e+00 8.759242e-01
3.090141e+00 5.271279e-05 1.953444e+00 8.758241e-01
3.124398e+00 1.097895e-03 1.948572e+00 8.760652e-01
3.087218e+00 3.982147e-05 1.963746e+00 8.750667e-01
3.094460e+00 3.972660e-05 1.922897e+00 8.757479e-01
3.080378e+00 3.918701e-05 1.956268e+00 8.761109e-01
3.090087e+00 4.028245e-05 1.929792e+00 8.761586e-01
3.088071e+00 3.965936e-05 1.947143e+00 8.753687e-01
3.092497e+00 4.031162e-05 1.948613e+00 8.760528e-01
3.085601e+00 4.039443e-05 1.957229e+00 8.758813e-01
3.086712e+00 4.987459e-05 1.944109e+00 8.760004e-01
3.087439e+00 3.909943e-05 1.938383e+00 8.758060e-01
3.084631e+00 3.874458e-05 1.937339e+00 8.757851e-01
3.083312e+00 3.936847e-05 1.949459e+00 8.763739e-01
3.087518e+00 3.936715e-05 1.951392e+00 8.761100e-01
3.084394e+00 4.209247e-05 1.946971e+00 8.761023e-01
3.097360e+00 4.175042e-05 1.945384e+00 8.765825e-01
3.079197e+00 3.829672e-05 1.949277e+00 8.758746e-01
3.082207e+00 3.864393e-05 1.966944e+00 8.764272e-01
3.083929e+00 4.558519e-05 1.955534e+00 8.759394e-01
3.092250e+00 3.980602e-05 1.934126e+00 8.758985e-01
3.087356e+00 4.240579e-05 1.960329e+00 8.751515e-01
3.093240e+00 4.582358e-05 1.966673e+00 8.756469e-01
3.089315e+00 5.188332e-05 1.971221e+00 8.756793e-01
3.084458e+00 4.021556e-05 1.949614e+00 8.758089e-01
3.083776e+00 4.045946e-05 1.964259e+00 8.760271e-01
3.086340e+00 4.009081e-05 1.956802e+00 8.757917e-01
3.091231e+00 4.603205e-05 1.933571e+00 8.762005e-01
3.096308e+00 7.656105e-05 1.936701e+00 8.759318e-01
3.084826e+00 3.839742e-05 1.944553e+00 8.759147e-01
3.075301e+00 3.829790e-05 1.931291e+00 8.752877e-01
3.077486e+00 3.805625e-05 1.951569e+00 8.758737e-01
3.095912e+00 4.299591e-05 1.942178e+00 8.759509e-01
3.092998e+00 4.029429e-05 1.967855e+00 8.758337e-01
3.086168e+00 4.073749e-05 1.948087e+00 8.761557e-01
3.085315e+00 3.929998e-05 1.948272e+00 8.758041e-01
3.093406e+00 3.932649e-05 1.939729e+00 8.757956e-01
3.091829e+00 4.045990e-05 1.931310e+00 8.754145e-01
3.085497e+00 3.904329e-05 1.950694e+00 8.757860e-01
3.082792e+00 5.103339e-05 1.958826e+00 8.760585e-01
3.078904e+00 3.813250e-05 1.972556e+00 8.761147e-01
3.084615e+00 3.890408e-05 1.972482e+00 8.755659e-01
3.082128e+00 3.884821e-05 1.929184e+00 8.755555e-01
3.087747e+00 3.893353e-05 1.943042e+00 8.758165e-01
3.084670e+00 3.953480e-05 1.939792e+00 8.760233e-01
3.085437e+00 3.870048e-05 1.950963e+00 8.755860e-01
3.090274e+00 3.948173e-05 1.952145e+00 8.762148e-01
3.075915e+00 3.780526e-05 1.946707e+00 8.759995e-01
3.082582e+00 4.331942e-05 1.936890e+00 8.757403e-01
3.087805e+00 4.036396e-05 1.969900e+00 8.755621e-01
3.083521e+00 3.874402e-05 1.965817e+00 8.761776e-01
3.082963e+00 4.011224e-05 1.963494e+00 8.758442e-01
3.080412e+00 4.064656e-05 1.947068e+00 8.755412e-01
3.090613e+00 4.338984e-05 1.947543e+00 8.759718e-01
3.095831e+00 3.977430e-05 1.936500e+00 8.763272e-01
3.082802e+00 3.872595e-05 1.952486e+00 8.756584e-01
3.081588e+00 3.887799e-05 1.957851e+00 8.756755e-01
3.090576e+00 3.900593e-05 1.965180e+00 8.757251e-01
3.098047e+00 4.460224e-05 1.948766e+00 8.757413e-01
3.086667e+00 4.071054e-05 1.957114e+00 8.757546e-01
3.082401e+00 3.889338e-05 1.950356e+00 8.755107e-01
3.094331e+00 3.944362e-05 1.942591e+00 8.767226e-01
3.090743e+00 4.030845e-05 1.952263e+00 8.761567e-01
3.086627e+00 3.933137e-05 1.941699e+00 8.759613e-01
3.079477e+00 4.027887e-05 1.957665e+00 8.758003e-01
3.089636e+00 4.266119e-05 1.949737e+00 8.764253e-01
3.083724e+00 3.952200e-05 1.959159e+00 8.757070e-01
3.089680e+00 4.070003e-05 1.974406e+00 8.760852e-01
3.082022e+00 3.917694e-05 1.942461e+00 8.757975e-01
3.081803e+00 4.006489e-05 1.941581e+00 8.761052e-01
3.080431e+00 3.973341e-05 1.984208e+00 8.760499e-01
3.084908e+00 4.004620e-05 1.946002e+00 8.761833e-01
3.088053e+00 5.172726e-05 1.975310e+00 8.761681e-01
3.093236e+00 3.948372e-05 1.938353e+00 8.757756e-01
3.086887e+00 4.273556e-05 1.936348e+00 8.759309e-01
3.090404e+00 4.257324e-05 1.934889e+00 8.757070e-01
3.091698e+00 4.170073e-05 1.960407e+00 8.764530e-01
3.090807e+00 3.906073e-05 1.947541e+00 8.762691e-01
3.086921e+00 4.164715e-05 1.956407e+00 8.760757e-01
3.088382e+00 4.154585e-05 1.956335e+00 8.755202e-01
3.091758e+00 4.009016e-05 1.951727e+00 8.767035e-01
3.087851e+00 3.923121e-05 1.970857e+00 8.762291e-01
3.081939e+00 3.990310e-05 1.943579e+00 8.754268e-01
3.086048e+00 3.852098e-05 1.951941e+00 8.756298e-01
3.085470e+00 3.947091e-05 1.949838e+00 8.761328e-01
3.082361e+00 4.010483e-05 1.945958e+00 8.764987e-01
3.088888e+00 3.969034e-05 1.952176e+00 8.757346e-01
3.090347e+00 7.489316e-05 1.936600e+00 8.763739e-01
3.084518e+00 3.877389e-05 1.946656e+00 8.760995e-01
3.094177e+00 5.164074e-05 1.958057e+00 8.762434e-01
3.084677e+00 3.902108e-05 1.938609e+00 8.756584e-01
3.083825e+00 4.024144e-05 1.962975e+00 8.757898e-01
3.085412e+00 4.021772e-05 1.960028e+00 8.759499e-01
3.087167e+00 3.973514e-05 1.959694e+00 8.762434e-01
3.093809e+00 4.072138e-05 1.936283e+00 8.760156e-01
3.095958e+00 4.245775e-05 1.949119e+00 8.765035e-01
3.090319e+00 4.076275e-05 1.955693e+00 8.755688e-01
3.096991e+00 5.159032e-05 1.981098e+00 8.759127e-01
3.083321e+00 4.009963e-05 1.942080e+00 8.760776e-01
3.090865e+00 4.027418e-05 1.938488e+00 8.756269e-01
3.081824e+00 3.882747e-05 1.953522e+00 8.768007e-01
3.081337e+00 3.959005e-05 1.953678e+00 8.755497e-01
3.079809e+00 4.863603e-05 1.930430e+00 8.762862e-01
3.089244e+00 4.267342e-05 1.955971e+00 8.759309e-01
3.098100e+00 4.140200e-05 1.938445e+00 8.757317e-01
3.087084e+00 3.959337e-05 1.941268e+00 8.760862e-01
3.091999e+00 4.008128e-05 1.970515e+00 8.757365e-01
3.089153e+00 4.250665e-05 1.950984e+00 8.759051e-01
3.075909e+00 3.881326e-05 1.945201e+00 8.763825e-01
3.085115e+00 4.126580e-05 1.964791e+00 8.756307e-01
3.086225e+00 4.006855e-05 1.941527e+00 8.760252e-01
3.093898e+00 4.013305e-05 1.941382e+00 8.750486e-01
3.085181e+00 3.917166e-05 1.941369e+00 8.752239e-01
3.091375e+00 8.104385e-05 1.976426e+00 8.755926e-01
3.086737e+00 3.945159e-05 1.953108e+00 8.762605e-01
3.078674e+00 3.825504e-05 1.964987e+00 8.756984e-01
3.084607e+00 3.838191e-05 1.935269e+00 8.759175e-01
3.085438e+00 4.076974e-05 1.958789e+00 8.752849e-01
3.091491e+00 4.146323e-05 1.949761e+00 8.754154e-01
3.089014e+00 4.061854e-05 1.949730e+00 8.763510e-01
3.091039e+00 4.210259e-05 1.937098e+00 8.755583e-01
3.086597e+00 3.931995e-05 1.931140e+00 8.751906e-01
3.082788e+00 3.875220e-05 1.959413e+00 8.752887e-01
3.090127e+00 3.919352e-05 1.956478e+00 8.757813e-01
3.086395e+00 3.943092e-05 1.945782e+00 8.763834e-01
3.087333e+00 4.041954e-05 1.939687e+00 8.762052e-01
3.081719e+00 4.449742e-05 1.950122e+00 8.753782e-01
3.088116e+00 4.442529e-05 1.938221e+00 8.756850e-01
3.085339e+00 4.035083e-05 1.936168e+00 8.756450e-01
3.083536e+00 3.974031e-05 1.950688e+00 8.769132e-01
3.086672e+00 3.944309e-05 1.959920e+00 8.763139e-01
3.084097e+00 4.114603e-05 1.947245e+00 8.758842e-01
3.082923e+00 3.968215e-05 1.949535e+00 8.751677e-01
3.082750e+00 3.912798e-05 1.963067e+00 8.763424e-01
3.084632e+00 3.869641e-05 1.942793e+00 8.753621e-01
3.094668e+00 4.086633e-05 1.941014e+00 8.756250e-01
3.088386e+00 4.007088e-05 1.970024e+00 8.763701e-01
3.086385e+00 3.864178e-05 1.958759e+00 8.750010e-01
3.089931e+00 4.055750e-05 1.950246e+00 8.762443e-01
3.087623e+00 3.872753e-05 1.930325e+00 8.761948e-01
3.086604e+00 3.942867e-05 1.940271e+00 8.751534e-01
3.084819e+00 3.972173e-05 1.951884e+00 8.762262e-01
3.088199e+00 4.026908e-05 1.935622e+00 8.758765e-01
3.085632e+00 3.935205e-05 1.961279e+00 8.757727e-01
3.082787e+00 4.243630e-05 1.956562e+00 8.767121e-01
3.088014e+00 4.053808e-05 1.943437e+00 8.752973e-01
3.086846e+00 3.941598e-05 1.967519e+00 8.766597e-01
3.087017e+00 3.893755e-05 1.937524e+00 8.757346e-01
3.092478e+00 4.050983e-05 1.969163e+00 8.756917e-01
3.081831e+00 4.088559e-05 1.950209e+00 8.764939e-01
3.094606e+00 4.214635e-05 1.936359e+00 8.760709e-01
3.087529e+00 3.930989e-05 1.948571e+00 8.753763e-01
3.084323e+00 3.875467e-05 1.965422e+00 8.755002e-01
3.089438e+00 4.065409e-05 1.943030e+00 8.755631e-01
3.085868e+00 4.032828e-05 1.944562e+00 8.759928e-01
3.088936e+00 4.917088e-05 1.960317e+00 8.754726e-01
3.083670e+00 4.027622e-05 1.923445e+00 8.758737e-01
3.089107e+00 3.995524e-05 1.948995e+00 8.760652e-01
3.079864e+00 4.366581e-05 1.941895e+00 8.751696e-01
3.097411e+00 4.166972e-05 1.954088e+00 8.755202e-01
3.086757e+00 3.901344e-05 1.940499e+00 8.750972e-01
3.085821e+00 3.945562e-05 1.948532e+00 8.754383e-01
3.088482e+00 3.927051e-05 1.931409e+00 8.760004e-01
3.079411e+00 3.856287e-05 1.968093e+00 8.764272e-01
3.084404e+00 3.877657e-05 1.939332e+00 8.763444e-01
3.085911e+00 4.063331e-05 1.942156e+00 8.753439e-01
3.093499e+00 5.026946e-05 1.956524e+00 8.761424e-01
3.087372e+00 3.922597e-05 1.944641e+00 8.753001e-01
3.094535e+00 4.292927e-05 1.951688e+00 8.765711e-01
3.092321e+00 4.301937e-05 1.929032e+00 8.760223e-01
3.089201e+00 4.292159e-05 1.960867e+00 8.755545e-01
3.097353e+00 4.042406e-05 1.949112e+00 8.760137e-01
3.083973e+00 3.920984e-05 1.928922e+00 8.754087e-01
3.092581e+00 4.200812e-05 1.958408e+00 8.766045e-01
3.080538e+00 3.905382e-05 1.960792e+00 8.756717e-01
3.089274e+00 4.073317e-05 1.949621e+00 8.759566e-01
3.087713e+00 3.947514e-05 1.937236e+00 8.754831e-01
3.084761e+00 4.052759e-05 1.960857e+00 8.758994e-01
3.085602e+00 4.371888e-05 1.946046e+00 8.760080e-01
3.087783e+00 4.130136e-05 1.944999e+00 8.759337e-01
3.085179e+00 3.854881e-05 1.932977e+00 8.761386e-01
3.082687e+00 4.224511e-05 1.962206e+00 8.755659e-01
3.085064e+00 4.039607e-05 1.949013e+00 8.756441e-01
3.086922e+00 4.142535e-05 1.943296e+00 8.769294e-01
3.080778e+00 3.845129e-05 1.932165e+00 8.760423e-01
3.080536e+00 3.914143e-05 1.954780e+00 8.755183e-01
3.080864e+00 4.205137e-05 1.940859e+00 8.758870e-01
3.089873e+00 4.013835e-05 1.950192e+00 8.759413e-01
3.084823e+00 3.944887e-05 1.957376e+00 8.766807e-01
3.089697e+00 4.036158e-05 1.938454e+00 8.750753e-01
3.086268e+00 4.002004e-05 1.936179e+00 8.755421e-01
3.091927e+00 4.196362e-05 1.932585e+00 8.755536e-01
3.077647e+00 3.833883e-05 1.936762e+00 8.754145e-01
3.085762e+00 3.906910e-05 1.958032e+00 8.762357e-01
3.088391e+00 3.891451e-05 1.946612e+00 8.752744e-01
3.085030e+00 4.013568e-05 1.957470e+00 8.761052e-01
3.083559e+00 3.947032e-05 1.951521e+00 8.765368e-01
3.087859e+00 4.053381e-05 1.939266e+00 8.760309e-01
3.081888e+00 4.123587e-05 1.961821e+00 8.761014e-01
3.088351e+00 3.946210e-05 1.958366e+00 8.752191e-01
3.083660e+00 4.026875e-05 1.937623e+00 8.759461e-01
3.083396e+00 4.531960e-05 1.932259e+00 8.751915e-01
3.089498e+00 3.922654e-05 1.925626e+00 8.755659e-01
3.090832e+00 4.047743e-05 1.940840e+00 8.760233e-01
3.084924e+00 3.848155e-05 1.936212e+00 8.760271e-01
3.082721e+00 4.059085e-05 1.977662e+00 8.759280e-01
3.085049e+00 3.908000e-05 1.935104e+00 8.757050e-01
3.092767e+00 3.981204e-05 1.947357e+00 8.757784e-01
3.090672e+00 4.027681e-05 1.938630e+00 8.762967e-01
3.095411e+00 3.995187e-05 1.942043e+00 8.755936e-01
3.088678e+00 3.967704e-05 1.945602e+00 8.757270e-01
3.084575e+00 4.258681e-05 1.933185e+00 8.752858e-01
3.083487e+00 3.948943e-05 1.948830e+00 8.757117e-01
3.080473e+00 4.250555e-05 1.959738e+00 8.758213e-01
3.091552e+00 4.167351e-05 1.972318e+00 8.752868e-01
3.089077e+00 3.987392e-05 1.963182e+00 8.752353e-01
3.081238e+00 3.868264e-05 1.952615e+00 8.759718e-01
3.090971e+00 3.992375e-05 1.941662e+00 8.761395e-01
3.081472e+00 3.820803e-05 1.960744e+00 8.762472e-01
3.090397e+00 4.003774e-05 1.946928e+00 8.757441e-01
3.086336e+00 3.975097e-05 1.931419e+00 8.760176e-01
3.085522e+00 4.024665e-05 1.936236e+00 8.755688e-01
3.080012e+00 3.949835e-05 1.948180e+00 8.760938e-01
3.079762e+00 3.969564e-05 1.940173e+00 8.757432e-01
3.079529e+00 3.841523e-05 1.937184e+00 8.760862e-01
3.091132e+00 5.519211e-05 1.941918e+00 8.753706e-01
3.095890e+00 4.228988e-05 1.963374e+00 8.756441e-01
3.085191e+00 3.837160e-05 1.976595e+00 8.762500e-01
3.078997e+00 3.829207e-05 1.938709e+00 8.758794e-01
3.093364e+00 3.963295e-05 1.948963e+00 8.764968e-01
3.088898e+00 4.408022e-05 1.936313e+00 8.761062e-01
3.089467e+00 4.111310e-05 1.930611e+00 8.761624e-01
3.085962e+00 4.858148e-05 1.948084e+00 8.759966e-01
3.084003e+00 3.938066e-05 1.929275e+00 8.760404e-01
3.088539e+00 3.916764e-05 1.956322e+00 8.758870e-01
3.079673e+00 3.965561e-05 1.948239e+00 8.760900e-01
3.085542e+00 4.197392e-05 1.968823e+00 8.760719e-01
3.085201e+00 3.871112e-05 1.940958e+00 8.763567e-01
3.086732e+00 4.005738e-05 1.947120e+00 8.762729e-01
3.090067e+00 3.927380e-05 1.947244e+00 8.752544e-01
3.086023e+00 3.901090e-05 1.956761e+00 8.767912e-01
3.079661e+00 3.901683e-05 1.955450e+00 8.759404e-01
3.085580e+00 3.914261e-05 2.088352e+00 8.766540e-01
3.087420e+00 4.242599e-05 1.974189e+00 8.757917e-01
3.083341e+00 3.884148e-05 1.944209e+00 8.760490e-01
3.089684e+00 3.942873e-05 1.967036e+00 8.759880e-01
3.082062e+00 3.949583e-05 1.986177e+00 8.752935e-01
3.090452e+00 4.049491e-05 1.946628e+00 8.758156e-01
3.082522e+00 3.844595e-05 1.941417e+00 8.752858e-01
3.087130e+00 3.959957e-05 1.964315e+00 8.752973e-01
3.091883e+00 3.944292e-05 1.930981e+00 8.752801e-01
3.082183e+00 3.986714e-05 1.958527e+00 8.762424e-01
3.090272e+00 4.240907e-05 1.935139e+00 8.760471e-01
3.085907e+00 3.883159e-05 1.940168e+00 8.759213e-01
3.086606e+00 6.088198e-05 1.950078e+00 8.768426e-01
3.083937e+00 4.122078e-05 1.938644e+00 8.764796e-01
3.080547e+00 3.844515e-05 1.950147e+00 8.769760e-01
3.079809e+00 3.888781e-05 1.951558e+00 8.759270e-01
3.090427e+00 3.962676e-05 1.965445e+00 8.754745e-01
3.087047e+00 4.059842e-05 1.943636e+00 8.757679e-01
3.086204e+00 4.663245e-05 1.945773e+00 8.758861e-01
3.090288e+00 3.953588e-05 1.953601e+00 8.765149e-01
3.089109e+00 3.945177e-05 1.951179e+00 8.763872e-01
3.095139e+00 4.134914e-05 1.930499e+00 8.760280e-01
3.087941e+00 3.992462e-05 1.946012e+00 8.767636e-01
3.091637e+00 4.508892e-05 1.929317e+00 8.765635e-01
3.085885e+00 3.896066e-05 1.946604e+00 8.763510e-01
3.086349e+00 4.044919e-05 1.939793e+00 8.762291e-01
3.081779e+00 3.861136e-05 1.964917e+00 8.756917e-01
3.088691e+00 4.155440e-05 1.964899e+00 8.756212e-01
3.088929e+00 3.979279e-05 1.949007e+00 8.762577e-01
3.082596e+00 3.866302e-05 1.970577e+00 8.757555e-01
3.085251e+00 4.001048e-05 1.945392e+00 8.762405e-01
3.084397e+00 3.910295e-05 1.958016e+00 8.760480e-01
3.092433e+00 4.225852e-05 1.937903e+00 8.752191e-01
3.091951e+00 4.070978e-05 1.947812e+00 8.753049e-01
3.079267e+00 3.882128e-05 1.935952e+00 8.757594e-01
3.081414e+00 3.850920e-05 1.934884e+00 8.759556e-01
3.089215e+00 4.036237e-05 1.967394e+00 8.762043e-01
3.085079e+00 4.008637e-05 1.957493e+00 8.756707e-01
3.086681e+00 3.883287e-05 1.945535e+00 8.759509e-01
3.086297e+00 4.035699e-05 1.936186e+00 8.754440e-01
3.083095e+00 3.856645e-05 1.921448e+00 8.762281e-01
3.083619e+00 4.151430e-05 1.959684e+00 8.760061e-01
3.087645e+00 4.163042e-05 1.958166e+00 8.759756e-01
3.087295e+00 3.949269e-05 1.949563e+00 8.759042e-01
3.080696e+00 4.029254e-05 1.957118e+00 8.766121e-01
3.081509e+00 3.897333e-05 1.953097e+00 8.756450e-01
3.090177e+00 3.971557e-05 1.933294e+00 8.762157e-01
3.084119e+00 3.886253e-05 1.944569e+00 8.749971e-01
3.082603e+00 3.913179e-05 1.941276e+00 8.767283e-01
3.088429e+00 4.538594e-05 1.975631e+00 8.760938e-01
3.080843e+00 3.917207e-05 1.956650e+00 8.756774e-01
3.096513e+00 4.014330e-05 1.943161e+00 8.750524e-01
3.084896e+00 3.907998e-05 1.957267e+00 8.769294e-01
3.085989e+00 4.165481e-05 1.997656e+00 8.761490e-01
3.086598e+00 3.973970e-05 1.948783e+00 8.760033e-01
3.091289e+00 4.168056e-05 1.978331e+00 8.763405e-01
3.081798e+00 3.851018e-05 1.948890e+00 8.768369e-01
3.081620e+00 3.991794e-05 1.935533e+00 8.756002e-01
3.090543e+00 4.278119e-05 1.949633e+00 8.753249e-01
3.083784e+00 4.375616e-05 1.929798e+00 8.764034e-01
3.086982e+00 4.165050e-05 1.943525e+00 8.756317e-01
3.082907e+00 3.899423e-05 1.930816e+00 8.746923e-01
3.089835e+00 4.048151e-05 1.933285e+00 8.761519e-01
3.089365e+00 4.190885e-05 1.938680e+00 8.761881e-01
3.080718e+00 3.825243e-05 1.955911e+00 8.756345e-01
3.088033e+00 3.940885e-05 1.953678e+00 8.756908e-01
3.081566e+00 3.876713e-05 1.970946e+00 8.760499e-01
3.086377e+00 3.859180e-05 1.948871e+00 8.752039e-01
3.083480e+00 3.901743e-05 1.939916e+00 8.761509e-01
3.086572e+00 3.933003e-05 1.949663e+00 8.754831e-01
3.089013e+00 4.292012e-05 1.926440e+00 8.763301e-01
3.087058e+00 4.172182e-05 1.959149e+00 8.757489e-01
3.086225e+00 4.120401e-05 1.938146e+00 8.763739e-01
3.088378e+00 3.844931e-05 1.944108e+00 8.751296e-01
3.092147e+00 4.128547e-05 1.954884e+00 8.753763e-01
3.087480e+00 4.063646e-05 1.938956e+00 8.762319e-01
3.082129e+00 3.900386e-05 1.928155e+00 8.755250e-01
3.092491e+00 4.047539e-05 1.968512e+00 8.758632e-01
3.091106e+00 3.886062e-05 1.944684e+00 8.756917e-01
3.084784e+00 3.906604e-05 1.952285e+00 8.751496e-01
3.089052e+00 4.365947e-05 1.956353e+00 8.759194e-01
3.081632e+00 3.845816e-05 1.953873e+00 8.760242e-01
3.081701e+00 3.840421e-05 1.943335e+00 8.757460e-01
3.084823e+00 3.922553e-05 1.933971e+00 8.762672e-01
3.084839e+00 3.983332e-05 1.945452e+00 8.757365e-01
3.091257e+00 5.280268e-05 1.976571e+00 8.757460e-01
3.087916e+00 4.091804e-05 1.960078e+00 8.755907e-01
3.085740e+00 3.857906e-05 1.942900e+00 8.756060e-01
3.080672e+00 3.836697e-05 1.941056e+00 8.757946e-01
3.082569e+00 3.872162e-05 1.949129e+00 8.758232e-01
3.095610e+00 4.057892e-05 1.944902e+00 8.753163e-01
3.086331e+00 4.034488e-05 1.954219e+00 8.755774e-01
3.084933e+00 4.001450e-05 1.945091e+00 8.759461e-01
3.085653e+00 4.030506e-05 1.960694e+00 8.759852e-01
3.093741e+00 4.244196e-05 1.956237e+00 8.759709e-01
3.085802e+00 3.909913e-05 1.970236e+00 8.759080e-01
3.082400e+00 4.093646e-05 1.930502e+00 8.762300e-01
3.087400e+00 3.997692e-05 1.931870e+00 8.761290e-01
3.083873e+00 5.026882e-05 1.958903e+00 8.761252e-01
3.086234e+00 3.873704e-05 1.961716e+00 8.755116e-01
3.086162e+00 3.964876e-05 2.004525e+00 8.756555e-01
3.090127e+00 3.863374e-05 1.965223e+00 8.760090e-01
3.087264e+00 3.934662e-05 1.956689e+00 8.762348e-01
3.086332e+00 3.878546e-05 1.953681e+00 8.760176e-01
3.083320e+00 3.835673e-05 1.963403e+00 8.753973e-01
3.080891e+00 4.069881e-05 1.990531e+00 8.757336e-01
3.084675e+00 4.004452e-05 1.967401e+00 8.755250e-01
3.084612e+00 3.879910e-05 1.931903e+00 8.758842e-01
3.083365e+00 3.884539e-05 1.936165e+00 8.757203e-01
3.083192e+00 3.937272e-05 1.957730e+00 8.764339e-01
3.082901e+00 3.974526e-05 1.948759e+00 8.758889e-01
3.082883e+00 3.880798e-05 1.944453e+00 8.761995e-01
3.091045e+00 4.793097e-05 1.964427e+00 8.760595e-01
3.077611e+00 3.885629e-05 1.950406e+00 8.750152e-01
3.085173e+00 4.139388e-05 1.945286e+00 8.754087e-01
3.083209e+00 4.111525e-05 1.942918e+00 8.756765e-01
3.083268e+00 4.497732e-05 1.935768e+00 8.753297e-01
3.082462e+00 4.215203e-05 1.938681e+00 8.759328e-01
3.084223e+00 3.983273e-05 1.975027e+00 8.765654e-01
3.082042e+00 3.881337e-05 1.954060e+00 8.755678e-01
3.082738e+00 3.855897e-05 1.949083e+00 8.755307e-01
3.084020e+00 3.887814e-05 1.967223e+00 8.758880e-01
3.088477e+00 3.907466e-05 1.945629e+00 8.755545e-01
3.083389e+00 4.052126e-05 1.956069e+00 8.761166e-01
3.086372e+00 3.950702e-05 1.945991e+00 8.763996e-01
3.077174e+00 3.871264e-05 1.940720e+00 8.759061e-01
3.080692e+00 3.822786e-05 1.948554e+00 8.759242e-01
3.092350e+00 4.227990e-05 1.948381e+00 8.753116e-01
3.082311e+00 3.850711e-05 1.961664e+00 8.758403e-01
3.094074e+00 4.337917e-05 1.944218e+00 8.762424e-01
3.080966e+00 3.828342e-05 1.953468e+00 8.759947e-01
3.090114e+00 4.100471e-05 1.951935e+00 8.754116e-01
3.084510e+00 3.848287e-05 1.933240e+00 8.760919e-01
3.083624e+00 4.081458e-05 1.946878e+00 8.758365e-01
3.087845e+00 3.944580e-05 1.965926e+00 8.764311e-01
3.088010e+00 3.934033e-05 1.939905e+00 8.762605e-01
3.077997e+00 3.817988e-05 1.950613e+00 8.759318e-01
3.083099e+00 4.021621e-05 1.935014e+00 8.753249e-01
3.085336e+00 3.971043e-05 1.948288e+00 8.761338e-01
3.091416e+00 4.600775e-05 1.951347e+00 8.754850e-01
3.078753e+00 3.892833e-05 1.955666e+00 8.756574e-01
3.080523e+00 3.885370e-05 1.965689e+00 8.765435e-01
3.080297e+00 3.888059e-05 1.946843e+00 8.763215e-01
3.086719e+00 4.165579e-05 1.959144e+00 8.757784e-01
3.089493e+00 4.034504e-05 1.952244e+00 8.754926e-01
3.092430e+00 4.813270e-05 1.952939e+00 8.760204e-01
3.086878e+00 4.061024e-05 1.957960e+00 8.764377e-01
3.082495e+00 5.024750e-05 1.958359e+00 8.752696e-01
3.080741e+00 3.896695e-05 1.949309e+00 8.754621e-01
3.078919e+00 3.855328e-05 1.945391e+00 8.759470e-01
3.083275e+00 3.966565e-05 1.942123e+00 8.763224e-01
3.083666e+00 4.265001e-05 1.969151e+00 8.758099e-01
3.086229e+00 3.867724e-05 1.973679e+00 8.761338e-01
3.087258e+00 4.088984e-05 1.955582e+00 8.758975e-01
3.080370e+00 3.916506e-05 1.959683e+00 8.759490e-01
3.077172e+00 3.815773e-05 1.951211e+00 8.762777e-01
3.086729e+00 3.913383e-05 1.961642e+00 8.756317e-01
3.083571e+00 3.995635e-05 1.963282e+00 8.759356e-01
3.083892e+00 4.139755e-05 1.949450e+00 8.762043e-01
3.082713e+00 3.991891e-05 1.932730e+00 8.755669e-01
3.081793e+00 3.924339e-05 1.922177e+00 8.758842e-01
3.079872e+00 3.973291e-05 1.961213e+00 8.761023e-01
3.086191e+00 3.943277e-05 1.941648e+00 8.763796e-01
3.084757e+00 3.864755e-05 1.948780e+00 8.752887e-01
3.088236e+00 5.197746e-05 1.948917e+00 8.762691e-01
3.085816e+00 3.975595e-05 1.948739e+00 8.757765e-01
3.089915e+00 4.013652e-05 1.952508e+00 8.767531e-01
3.088666e+00 3.917902e-05 1.959594e+00 8.758137e-01
3.087254e+00 3.947459e-05 1.958311e+00 8.754221e-01
3.082654e+00 4.097588e-05 1.929483e+00 8.756269e-01
3.078381e+00 3.893673e-05 1.962387e+00 8.766330e-01
3.081831e+00 3.983340e-05 1.949217e+00 8.755840e-01
3.084876e+00 3.999909e-05 1.966788e+00 8.761586e-01
3.085332e+00 3.877267e-05 1.945243e+00 8.757117e-01
3.094698e+00 3.985626e-05 1.948380e+00 8.760176e-01
3.087867e+00 4.078273e-05 1.945627e+00 8.749562e-01
3.085908e+00 3.887062e-05 1.950785e+00 8.756727e-01
3.091357e+00 4.246148e-05 1.944805e+00 8.762195e-01
3.084982e+00 4.026313e-05 1.953417e+00 8.758499e-01
3.081406e+00 3.875224e-05 1.967355e+00 8.766311e-01
3.080116e+00 3.854534e-05 1.943301e+00 8.761347e-01
3.079619e+00 3.817162e-05 1.952779e+00 8.763434e-01
3.085783e+00 4.202444e-05 1.949874e+00 8.753449e-01
3.086124e+00 3.927995e-05 1.958506e+00 8.752106e-01
3.078166e+00 3.996955e-05 1.949019e+00 8.759632e-01
3.075891e+00 4.048145e-05 1.930137e+00 8.762072e-01
3.083643e+00 4.016912e-05 1.923044e+00 8.760719e-01
3.088974e+00 4.180903e-05 1.952124e+00 8.760452e-01
3.090742e+00 4.171705e-05 1.945102e+00 8.756669e-01
3.086197e+00 4.174728e-05 1.952782e+00 8.758842e-01
3.084322e+00 3.919688e-05 1.936443e+00 8.758508e-01
3.080535e+00 4.077382e-05 1.948230e+00 8.764520e-01
3.086233e+00 3.856364e-05 1.972997e+00 8.759337e-01
3.083665e+00 3.958322e-05 1.937914e+00 8.758842e-01
3.092472e+00 4.748375e-05 1.953122e+00 8.755507e-01
3.092101e+00 6.485873e-05 1.962956e+00 8.753106e-01
3.081291e+00 3.878042e-05 1.940648e+00 8.756279e-01
3.078615e+00 3.870048e-05 1.962292e+00 8.761233e-01
3.083297e+00 3.883198e-05 1.946006e+00 8.747723e-01
3.089013e+00 4.151454e-05 1.956094e+00 8.763748e-01
3.094765e+00 6.192027e-05 1.944075e+00 8.758041e-01
3.079334e+00 3.947223e-05 1.939441e+00 8.754669e-01
3.088664e+00 4.003250e-05 1.954289e+00 8.761776e-01
3.081720e+00 3.998166e-05 1.936767e+00 8.762024e-01
3.083007e+00 3.962321e-05 1.943543e+00 8.761595e-01
3.081772e+00 3.919831e-05 1.946224e+00 8.758442e-01
3.078039e+00 3.861357e-05 1.951138e+00 8.760023e-01
3.076911e+00 3.908399e-05 1.955517e+00 8.753944e-01
3.089027e+00 4.055361e-05 1.948121e+00 8.754773e-01
3.080952e+00 3.879633e-05 1.958918e+00 8.754669e-01
3.082205e+00 4.003130e-05 1.929337e+00 8.758175e-01
3.079489e+00 4.130109e-05 1.939655e+00 8.764825e-01
3.085444e+00 4.165657e-05 1.963518e+00 8.757860e-01
3.084042e+00 3.990162e-05 1.963532e+00 8.757174e-01
3.094726e+00 4.382546e-05 1.945920e+00 8.755145e-01
3.088071e+00 3.879315e-05 1.956241e+00 8.759385e-01
3.087254e+00 4.022817e-05 1.940710e+00 8.759804e-01
3.083520e+00 4.288796e-05 1.961345e+00 8.749476e-01
3.083198e+00 3.977251e-05 1.934159e+00 8.756183e-01
3.075068e+00 3.818632e-05 1.941136e+00 8.754992e-01
3.080723e+00 3.899369e-05 1.935732e+00 8.759404e-01
3.085562e+00 3.945251e-05 1.946515e+00 8.752544e-01
3.082972e+00 3.959489e-05 1.956071e+00 8.759194e-01
3.082841e+00 3.915627e-05 1.948244e+00 8.761576e-01
3.089541e+00 4.142118e-05 1.955956e+00 8.758079e-01
3.080474e+00 3.873513e-05 1.946442e+00 8.752782e-01
3.079850e+00 4.112178e-05 1.948808e+00 8.752125e-01
3.078011e+00 3.782621e-05 1.930488e+00 8.763196e-01
3.078887e+00 4.006690e-05 1.965494e+00 8.751258e-01
3.086901e+00 4.046790e-05 1.960222e+00 8.753154e-01
3.085080e+00 4.139876e-05 1.939646e+00 8.767226e-01
3.087839e+00 4.049818e-05 1.946717e+00 8.760176e-01
3.092061e+00 3.978001e-05 1.943491e+00 8.763053e-01
3.087530e+00 4.084156e-05 1.977887e+00 8.758280e-01
3.082953e+00 3.962219e-05 1.962237e+00 8.754021e-01
3.080020e+00 3.900135e-05 1.951504e+00 8.757022e-01
3.082863e+00 4.218469e-05 1.942652e+00 8.756955e-01
3.078545e+00 3.888147e-05 1.944971e+00 8.756936e-01
3.086096e+00 3.992693e-05 1.951512e+00 8.755926e-01
3.074675e+00 3.900270e-05 1.952985e+00 8.760404e-01
3.088033e+00 3.971193e-05 1.951470e+00 8.761319e-01
3.084394e+00 3.944752e-05 1.962360e+00 8.760823e-01
3.086858e+00 4.233700e-05 1.950843e+00 8.760747e-01
3.087296e+00 3.959495e-05 1.962025e+00 8.760366e-01
3.084014e+00 4.768132e-05 1.955981e+00 8.759042e-01
3.085919e+00 4.941983e-05 1.942010e+00 8.754821e-01
3.079758e+00 4.032248e-05 1.940582e+00 8.760614e-01
3.088379e+00 3.956892e-05 1.946373e+00 8.762719e-01
3.086853e+00 4.258383e-05 1.933142e+00 8.755440e-01
3.083788e+00 3.879386e-05 1.967071e+00 8.763605e-01
3.080874e+00 3.966932e-05 1.955980e+00 8.753716e-01
3.089326e+00 3.940616e-05 1.978387e+00 8.753516e-01
3.080966e+00 3.840009e-05 1.955493e+00 8.758746e-01
3.081334e+00 3.994086e-05 1.951836e+00 8.763605e-01
3.086111e+00 3.938119e-05 1.968937e+00 8.759118e-01
3.086153e+00 4.194354e-05 1.953523e+00 8.757956e-01
3.076572e+00 3.816712e-05 1.943110e+00 8.751534e-01
3.089964e+00 4.425822e-05 1.965198e+00 8.754430e-01
3.089923e+00 4.086974e-05 1.962513e+00 8.761605e-01
3.085224e+00 3.908918e-05 1.949735e+00 8.759956e-01
3.080202e+00 3.833477e-05 1.974147e+00 8.756574e-01
3.083122e+00 3.959526e-05 1.947596e+00 8.762958e-01
3.088252e+00 5.067580e-05 1.949264e+00 8.754392e-01
3.085590e+00 4.329096e-05 1.958992e+00 8.757508e-01
3.081840e+00 4.039945e-05 1.963854e+00 8.758089e-01
3.085165e+00 4.172540e-05 1.960800e+00 8.754850e-01
3.082216e+00 4.015291e-05 1.940820e+00 8.758908e-01
3.087599e+00 3.974303e-05 1.953004e+00 8.755107e-01
3.082271e+00 4.024273e-05 1.949698e+00 8.759680e-01
3.085269e+00 4.015188e-05 1.953238e+00 8.758870e-01
3.086261e+00 3.911436e-05 1.959821e+00 8.754164e-01
3.088482e+00 3.952995e-05 1.943325e+00 8.758089e-01
3.085077e+00 3.859282e-05 1.944668e+00 8.761557e-01
3.083615e+00 3.945185e-05 1.952000e+00 8.751420e-01
3.072239e+00 3.838885e-05 1.950372e+00 8.753154e-01
3.089205e+00 3.917431e-05 1.945278e+00 8.755707e-01
3.086535e+00 4.109711e-05 1.945810e+00 8.758108e-01
3.086093e+00 4.028125e-05 1.958182e+00 8.756021e-01
3.085275e+00 4.030374e-05 1.963149e+00 8.762929e-01
3.083342e+00 3.920871e-05 1.953878e+00 8.757089e-01
3.085108e+00 3.990341e-05 1.960971e+00 8.754583e-01
3.088340e+00 5.274872e-05 1.954939e+00 8.763072e-01
3.088442e+00 3.959747e-05 1.938157e+00 8.758823e-01
3.073922e+00 3.853197e-05 1.977487e+00 8.757098e-01
