# dim  N   mc   rho  Brute 
# 2    2 262394 1
#
# Theoretical Energy = 2.000000e+00
# Energy     Variance     CPU time     Acceptance
3.341030e+00 5.189875e-05 3.715233e+00 8.672597e-01
3.231684e+00 4.663593e-05 3.611283e+00 8.664994e-01
3.210654e+00 4.465661e-05 3.591691e+00 8.670920e-01
3.201170e+00 4.384357e-05 3.590151e+00 8.666357e-01
3.202147e+00 4.864324e-05 3.580221e+00 8.671063e-01
3.204572e+00 4.928375e-05 3.584222e+00 8.667948e-01
3.186143e+00 4.388552e-05 3.584155e+00 8.661679e-01
3.199321e+00 4.578059e-05 3.618097e+00 8.665575e-01
3.199554e+00 4.662839e-05 3.602667e+00 8.669177e-01
3.188939e+00 4.534202e-05 3.617990e+00 8.677723e-01
3.192932e+00 4.788320e-05 3.621220e+00 8.668110e-01
3.189314e+00 4.706003e-05 3.603854e+00 8.675437e-01
3.185823e+00 4.407921e-05 3.589395e+00 8.671092e-01
3.194236e+00 4.458490e-05 3.561109e+00 8.680448e-01
3.189847e+00 4.482641e-05 3.623062e+00 8.673350e-01
3.193165e+00 7.799059e-05 3.568025e+00 8.679038e-01
3.188510e+00 4.833805e-05 3.622238e+00 8.671597e-01
3.184667e+00 4.456430e-05 3.604637e+00 8.675122e-01
3.186885e+00 4.687537e-05 3.587901e+00 8.678762e-01
3.191927e+00 4.591353e-05 3.589881e+00 8.678504e-01
3.183412e+00 4.500661e-05 3.597314e+00 8.675922e-01
3.185459e+00 6.116359e-05 3.605975e+00 8.680686e-01
3.179255e+00 4.474091e-05 3.602174e+00 8.679867e-01
3.185766e+00 4.690001e-05 3.632162e+00 8.680610e-01
3.167230e+00 5.069448e-05 3.615752e+00 8.683287e-01
3.172718e+00 4.511428e-05 3.619064e+00 8.682468e-01
3.164928e+00 4.440583e-05 3.564416e+00 8.687670e-01
3.174144e+00 6.201881e-05 3.593930e+00 8.681086e-01
3.158701e+00 4.423843e-05 3.573046e+00 8.685298e-01
3.170260e+00 4.364151e-05 3.580528e+00 8.688623e-01
3.163113e+00 4.471229e-05 3.600968e+00 8.694387e-01
3.166256e+00 4.596860e-05 3.582216e+00 8.685831e-01
3.158854e+00 4.321705e-05 3.581888e+00 8.690252e-01
3.156827e+00 4.835905e-05 3.562498e+00 8.686641e-01
3.153207e+00 4.458665e-05 3.629835e+00 8.691405e-01
3.164961e+00 4.403607e-05 3.557343e+00 8.688613e-01
3.144332e+00 4.272131e-05 3.594412e+00 8.693139e-01
3.149572e+00 4.225152e-05 3.613837e+00 8.692634e-01
3.146825e+00 4.398351e-05 3.574292e+00 8.689299e-01
3.157777e+00 4.348813e-05 3.604457e+00 8.693339e-01
3.151597e+00 4.367605e-05 3.578293e+00 8.699980e-01
3.149183e+00 4.268961e-05 3.586684e+00 8.702285e-01
3.144638e+00 4.277369e-05 3.607113e+00 8.690938e-01
3.156999e+00 4.455564e-05 3.619167e+00 8.700542e-01
3.146504e+00 4.199382e-05 3.568737e+00 8.710432e-01
3.144527e+00 5.071930e-05 3.582207e+00 8.701790e-01
3.143658e+00 5.064214e-05 3.600042e+00 8.703219e-01
3.152798e+00 4.355932e-05 3.587540e+00 8.710365e-01
3.136653e+00 4.296620e-05 3.572783e+00 8.702619e-01
3.140862e+00 4.228803e-05 3.743816e+00 8.705315e-01
3.127171e+00 4.081790e-05 3.588995e+00 8.710355e-01
3.136236e+00 4.188978e-05 3.582743e+00 8.709917e-01
3.115071e+00 4.093622e-05 3.657604e+00 8.711956e-01
3.135059e+00 4.195033e-05 3.608122e+00 8.715224e-01
3.132639e+00 4.762681e-05 3.655164e+00 8.710517e-01
3.126294e+00 4.159754e-05 3.579584e+00 8.714147e-01
3.136188e+00 4.367389e-05 3.598868e+00 8.716110e-01
3.132378e+00 4.194599e-05 3.606232e+00 8.718540e-01
3.115060e+00 4.092990e-05 3.591726e+00 8.721932e-01
3.121796e+00 4.189750e-05 3.617003e+00 8.722532e-01
3.130091e+00 4.463212e-05 3.617946e+00 8.721846e-01
3.117744e+00 4.294050e-05 3.628528e+00 8.712366e-01
3.119902e+00 4.118860e-05 3.593588e+00 8.722770e-01
3.112576e+00 4.272300e-05 3.608581e+00 8.726733e-01
3.110243e+00 4.222608e-05 3.630120e+00 8.728220e-01
3.116305e+00 4.070174e-05 3.575293e+00 8.723142e-01
3.117194e+00 4.200335e-05 3.592301e+00 8.727343e-01
3.117280e+00 4.181053e-05 3.614205e+00 8.727991e-01
3.117667e+00 4.208467e-05 3.603827e+00 8.724313e-01
3.125939e+00 5.224861e-05 3.605125e+00 8.731878e-01
3.113590e+00 4.254465e-05 3.586135e+00 8.729925e-01
3.120358e+00 4.432779e-05 3.608957e+00 8.730659e-01
3.107513e+00 4.042680e-05 3.590800e+00 8.730783e-01
3.122274e+00 4.392608e-05 3.634187e+00 8.732993e-01
3.106241e+00 4.095708e-05 3.629034e+00 8.732050e-01
3.111951e+00 4.128257e-05 3.584013e+00 8.733860e-01
3.103892e+00 4.089542e-05 3.597585e+00 8.740101e-01
3.107503e+00 4.381184e-05 3.594081e+00 8.739415e-01
3.104607e+00 4.056518e-05 3.610651e+00 8.739119e-01
3.104615e+00 4.077790e-05 3.659953e+00 8.745579e-01
3.100797e+00 3.995817e-05 3.648284e+00 8.746399e-01
3.109832e+00 4.242769e-05 3.654111e+00 8.732307e-01
3.101003e+00 4.032375e-05 3.662033e+00 8.743178e-01
3.100958e+00 3.993674e-05 3.671753e+00 8.740034e-01
3.107975e+00 4.051035e-05 3.614056e+00 8.745493e-01
3.099709e+00 4.065655e-05 3.634709e+00 8.746742e-01
3.101039e+00 4.055121e-05 3.636417e+00 8.740549e-01
3.104205e+00 4.182935e-05 3.716377e+00 8.742283e-01
3.112971e+00 4.409891e-05 3.634268e+00 8.757089e-01
3.115803e+00 4.944464e-05 3.616841e+00 8.747475e-01
3.108770e+00 4.069626e-05 3.610692e+00 8.747780e-01
3.105800e+00 4.014549e-05 3.607826e+00 8.746742e-01
3.103910e+00 4.037842e-05 3.600386e+00 8.751963e-01
3.098365e+00 4.035688e-05 3.637332e+00 8.745741e-01
3.096455e+00 3.982054e-05 3.666295e+00 8.741863e-01
3.101369e+00 4.085712e-05 3.688710e+00 8.751210e-01
3.094714e+00 4.135842e-05 3.645681e+00 8.749962e-01
3.107320e+00 4.003251e-05 3.617447e+00 8.750781e-01
3.102502e+00 4.988853e-05 3.620489e+00 8.744236e-01
3.106729e+00 4.285083e-05 3.588467e+00 8.757965e-01
3.096521e+00 4.006372e-05 3.627429e+00 8.750181e-01
3.098629e+00 4.072606e-05 3.624180e+00 8.754449e-01
3.096019e+00 3.943763e-05 3.589157e+00 8.755478e-01
3.099367e+00 4.191800e-05 3.574210e+00 8.752172e-01
3.103114e+00 4.084363e-05 3.602438e+00 8.755002e-01
3.101144e+00 4.133124e-05 3.615100e+00 8.764816e-01
3.089303e+00 4.071103e-05 3.638980e+00 8.751629e-01
3.099902e+00 3.968365e-05 3.625757e+00 8.756460e-01
3.094159e+00 4.118402e-05 3.661924e+00 8.752191e-01
3.090468e+00 3.989452e-05 3.631780e+00 8.754850e-01
3.104770e+00 4.551717e-05 3.624965e+00 8.761719e-01
3.094085e+00 4.822703e-05 3.600269e+00 8.755717e-01
3.099948e+00 5.257267e-05 3.588662e+00 8.759299e-01
3.103598e+00 4.510599e-05 3.597317e+00 8.756021e-01
3.093795e+00 4.002184e-05 3.607527e+00 8.761157e-01
3.097155e+00 4.025556e-05 3.653329e+00 8.759861e-01
3.094585e+00 4.101946e-05 3.589067e+00 8.757765e-01
3.089420e+00 4.122013e-05 3.607175e+00 8.761929e-01
3.097234e+00 3.987431e-05 3.588501e+00 8.757841e-01
3.096318e+00 4.012841e-05 3.597624e+00 8.759909e-01
3.102273e+00 4.048977e-05 3.627201e+00 8.761338e-01
3.098235e+00 3.986350e-05 3.575288e+00 8.762091e-01
3.091789e+00 4.019855e-05 3.611862e+00 8.762805e-01
3.095870e+00 4.604020e-05 3.634915e+00 8.767140e-01
3.098013e+00 3.961207e-05 3.646433e+00 8.761338e-01
3.095851e+00 3.935515e-05 3.635751e+00 8.766340e-01
3.101897e+00 4.148404e-05 3.615413e+00 8.767855e-01
3.089898e+00 4.007173e-05 3.612200e+00 8.764892e-01
3.092150e+00 4.946586e-05 3.628569e+00 8.763358e-01
3.102085e+00 4.450435e-05 3.607763e+00 8.757975e-01
3.094984e+00 4.303062e-05 3.628216e+00 8.758327e-01
3.096094e+00 4.077778e-05 3.600613e+00 8.766816e-01
3.096142e+00 4.189524e-05 3.619532e+00 8.766388e-01
3.096597e+00 4.828114e-05 3.587073e+00 8.766121e-01
3.100842e+00 3.934926e-05 3.619429e+00 8.757927e-01
3.095317e+00 4.284883e-05 3.669433e+00 8.757041e-01
3.096196e+00 4.161466e-05 3.706399e+00 8.765473e-01
3.096320e+00 4.088181e-05 3.691562e+00 8.770875e-01
3.095774e+00 4.006548e-05 3.661538e+00 8.766092e-01
3.105631e+00 4.074722e-05 3.688497e+00 8.762357e-01
3.092318e+00 3.999612e-05 3.638897e+00 8.763320e-01
3.098107e+00 4.101175e-05 3.609485e+00 8.763739e-01
3.101631e+00 4.075022e-05 3.673403e+00 8.765120e-01
3.095411e+00 3.951708e-05 3.620536e+00 8.765216e-01
3.093150e+00 3.934938e-05 3.699705e+00 8.762481e-01
3.096170e+00 4.008905e-05 3.630012e+00 8.762291e-01
3.099907e+00 4.053640e-05 3.655836e+00 8.761814e-01
3.093825e+00 3.996986e-05 3.598393e+00 8.756784e-01
3.094910e+00 4.313895e-05 3.596498e+00 8.762977e-01
3.095941e+00 3.955761e-05 3.618482e+00 8.761243e-01
3.104493e+00 4.106175e-05 3.633506e+00 8.765683e-01
3.101210e+00 3.940007e-05 3.630260e+00 8.763463e-01
3.095460e+00 4.108148e-05 3.591194e+00 8.759985e-01
3.097992e+00 3.986546e-05 3.584684e+00 8.762424e-01
3.097364e+00 4.681730e-05 3.598293e+00 8.772085e-01
3.106456e+00 4.684669e-05 3.572676e+00 8.761795e-01
3.095301e+00 3.961526e-05 3.581863e+00 8.763310e-01
3.097869e+00 4.071565e-05 3.595722e+00 8.759528e-01
3.096257e+00 4.450278e-05 3.617754e+00 8.763005e-01
3.088863e+00 3.886734e-05 3.555735e+00 8.757660e-01
3.106045e+00 4.658454e-05 3.606515e+00 8.756041e-01
3.090709e+00 3.997031e-05 3.602941e+00 8.767750e-01
3.096417e+00 4.083644e-05 3.601192e+00 8.762748e-01
3.092775e+00 4.180576e-05 3.588704e+00 8.766054e-01
3.088828e+00 4.314650e-05 3.599813e+00 8.765054e-01
3.099471e+00 4.032155e-05 3.608022e+00 8.762719e-01
3.097667e+00 4.569145e-05 3.572986e+00 8.768036e-01
3.082092e+00 3.943560e-05 3.612850e+00 8.755364e-01
3.097831e+00 4.036663e-05 3.607618e+00 8.765883e-01
3.099657e+00 4.989590e-05 3.650346e+00 8.764768e-01
3.094579e+00 4.056791e-05 3.663404e+00 8.760414e-01
3.104434e+00 4.227384e-05 3.718808e+00 8.767026e-01
3.096479e+00 4.050639e-05 3.593971e+00 8.768531e-01
3.097235e+00 4.334216e-05 3.630889e+00 8.766854e-01
3.091326e+00 4.003737e-05 3.605841e+00 8.757994e-01
3.098473e+00 4.208841e-05 3.602415e+00 8.760966e-01
3.095734e+00 3.900175e-05 3.588950e+00 8.768817e-01
3.088393e+00 3.900600e-05 3.618243e+00 8.761662e-01
3.095658e+00 4.007698e-05 3.633169e+00 8.765311e-01
3.101215e+00 4.118447e-05 3.621372e+00 8.765425e-01
3.094519e+00 3.987957e-05 3.690785e+00 8.764511e-01
3.097367e+00 4.153520e-05 3.684216e+00 8.768636e-01
3.089890e+00 4.027196e-05 3.629864e+00 8.765987e-01
3.096319e+00 3.913641e-05 3.655730e+00 8.755307e-01
3.089810e+00 3.941026e-05 3.689228e+00 8.767026e-01
3.093830e+00 3.941897e-05 3.675040e+00 8.761214e-01
3.103917e+00 4.022013e-05 3.652745e+00 8.764701e-01
3.094004e+00 3.926422e-05 3.641071e+00 8.765082e-01
3.092026e+00 3.875637e-05 3.611833e+00 8.751620e-01
3.093676e+00 3.890919e-05 3.696663e+00 8.768693e-01
3.090566e+00 4.014799e-05 3.626541e+00 8.770427e-01
3.103904e+00 4.043406e-05 3.621249e+00 8.765778e-01
3.090659e+00 3.885085e-05 3.586997e+00 8.752868e-01
3.102833e+00 4.555624e-05 3.607518e+00 8.758070e-01
3.097759e+00 4.356386e-05 3.566960e+00 8.764958e-01
3.091048e+00 3.998012e-05 3.606677e+00 8.765340e-01
3.090679e+00 4.048946e-05 3.651989e+00 8.756927e-01
3.092794e+00 3.976029e-05 3.562957e+00 8.766349e-01
3.098525e+00 4.199287e-05 3.634104e+00 8.764777e-01
3.092781e+00 3.854200e-05 3.598818e+00 8.760271e-01
3.095324e+00 3.962946e-05 3.585193e+00 8.766330e-01
3.087182e+00 3.964278e-05 3.600650e+00 8.758842e-01
3.085754e+00 3.935431e-05 3.612671e+00 8.759337e-01
3.096226e+00 4.080507e-05 3.668588e+00 8.767969e-01
3.100363e+00 4.144033e-05 3.599907e+00 8.764920e-01
3.097189e+00 3.984947e-05 3.614544e+00 8.763501e-01
3.088657e+00 4.061635e-05 3.608255e+00 8.761871e-01
3.093157e+00 4.037815e-05 3.602157e+00 8.762500e-01
3.089834e+00 3.909689e-05 3.637100e+00 8.760709e-01
3.086118e+00 3.989483e-05 3.582192e+00 8.765492e-01
3.093080e+00 4.104488e-05 3.604290e+00 8.762224e-01
3.092939e+00 4.097768e-05 3.592371e+00 8.765930e-01
3.096708e+00 3.981066e-05 3.598243e+00 8.761414e-01
3.096438e+00 3.943106e-05 3.594979e+00 8.758203e-01
3.092707e+00 3.997288e-05 3.607216e+00 8.761366e-01
3.087953e+00 3.942616e-05 3.705595e+00 8.761109e-01
3.083179e+00 3.932880e-05 3.673428e+00 8.761900e-01
3.092531e+00 4.463617e-05 3.592843e+00 8.764158e-01
3.096409e+00 3.962155e-05 3.583023e+00 8.762052e-01
3.086822e+00 3.922898e-05 3.622259e+00 8.761424e-01
3.088949e+00 4.109573e-05 3.623356e+00 8.766435e-01
3.095843e+00 4.307950e-05 3.579187e+00 8.761481e-01
3.096101e+00 3.910975e-05 3.604047e+00 8.766997e-01
3.094864e+00 4.057877e-05 3.619240e+00 8.764215e-01
3.097260e+00 3.905838e-05 3.592736e+00 8.764539e-01
3.098473e+00 4.072903e-05 3.594375e+00 8.761481e-01
3.093295e+00 4.108461e-05 3.570081e+00 8.763282e-01
3.094711e+00 3.976171e-05 3.573861e+00 8.763977e-01
3.095002e+00 4.353040e-05 3.587370e+00 8.762186e-01
3.102959e+00 6.479363e-05 3.601575e+00 8.765387e-01
3.103185e+00 4.087941e-05 3.610618e+00 8.757536e-01
3.101099e+00 4.049001e-05 3.599778e+00 8.765444e-01
3.087155e+00 3.884120e-05 3.620558e+00 8.760223e-01
3.093215e+00 3.937078e-05 3.595603e+00 8.759013e-01
3.082537e+00 3.883985e-05 3.579178e+00 8.763377e-01
3.093188e+00 4.062728e-05 3.622831e+00 8.768179e-01
3.097474e+00 4.313289e-05 3.584023e+00 8.763282e-01
3.102984e+00 4.076232e-05 3.605187e+00 8.762005e-01
3.097352e+00 4.052766e-05 3.564654e+00 8.761919e-01
3.095646e+00 3.949796e-05 3.641555e+00 8.755640e-01
3.092640e+00 4.244510e-05 3.600943e+00 8.765416e-01
3.090405e+00 3.901595e-05 3.612555e+00 8.770675e-01
3.095313e+00 4.552548e-05 3.591016e+00 8.760080e-01
3.093462e+00 4.374819e-05 3.564304e+00 8.767455e-01
3.095533e+00 4.081610e-05 3.601258e+00 8.760614e-01
3.103572e+00 4.243635e-05 3.585852e+00 8.763891e-01
3.095186e+00 3.985355e-05 3.604721e+00 8.760261e-01
3.093593e+00 3.912904e-05 3.587715e+00 8.765654e-01
3.095607e+00 4.156194e-05 3.604216e+00 8.763939e-01
3.095534e+00 4.034007e-05 3.603598e+00 8.758118e-01
3.092630e+00 4.192509e-05 3.609045e+00 8.765082e-01
3.089822e+00 3.865771e-05 3.594834e+00 8.769208e-01
3.088817e+00 3.920054e-05 3.590527e+00 8.761347e-01
3.085655e+00 3.920907e-05 3.609818e+00 8.765139e-01
3.091948e+00 4.238217e-05 3.588447e+00 8.763434e-01
3.094089e+00 4.252775e-05 3.611258e+00 8.766245e-01
3.100210e+00 4.022753e-05 3.616546e+00 8.760966e-01
3.101219e+00 4.274605e-05 3.587574e+00 8.761567e-01
3.094697e+00 3.922018e-05 3.592103e+00 8.765139e-01
3.094048e+00 4.101975e-05 3.594594e+00 8.757136e-01
3.098856e+00 4.046741e-05 3.580034e+00 8.765511e-01
3.094223e+00 4.011343e-05 3.586477e+00 8.757165e-01
3.095330e+00 4.550853e-05 3.612099e+00 8.759499e-01
3.097657e+00 4.139293e-05 3.585404e+00 8.758337e-01
3.094568e+00 4.032512e-05 3.592878e+00 8.757022e-01
3.090061e+00 4.158948e-05 3.579573e+00 8.760318e-01
3.090889e+00 4.038194e-05 3.609030e+00 8.762243e-01
3.103981e+00 4.187534e-05 3.607250e+00 8.765416e-01
3.092640e+00 3.957856e-05 3.614329e+00 8.757937e-01
3.097600e+00 4.008203e-05 3.587113e+00 8.755002e-01
3.097235e+00 4.035443e-05 3.602142e+00 8.759413e-01
3.102113e+00 5.198586e-05 3.607932e+00 8.758775e-01
3.098157e+00 3.976978e-05 3.617646e+00 8.754907e-01
3.095621e+00 3.934655e-05 3.602699e+00 8.760938e-01
3.098562e+00 3.978487e-05 3.581388e+00 8.758470e-01
3.094542e+00 4.165429e-05 3.577000e+00 8.767121e-01
3.091440e+00 3.951950e-05 3.572491e+00 8.760261e-01
3.100704e+00 5.256867e-05 3.665544e+00 8.763234e-01
3.089462e+00 3.926649e-05 3.603986e+00 8.760461e-01
3.092022e+00 3.908909e-05 3.599111e+00 8.766397e-01
3.097659e+00 4.476825e-05 3.595964e+00 8.759309e-01
3.088719e+00 3.904463e-05 3.584084e+00 8.767093e-01
3.092340e+00 3.931143e-05 3.614634e+00 8.759251e-01
3.087406e+00 3.961688e-05 3.573690e+00 8.766045e-01
3.096384e+00 4.248267e-05 3.619689e+00 8.766721e-01
3.091477e+00 3.850420e-05 3.574147e+00 8.755736e-01
3.096427e+00 3.982032e-05 3.588292e+00 8.759747e-01
3.093569e+00 3.977364e-05 3.599134e+00 8.762748e-01
3.086454e+00 3.954885e-05 3.594572e+00 8.756269e-01
3.098084e+00 4.342494e-05 3.615115e+00 8.761614e-01
3.088336e+00 3.977820e-05 3.618198e+00 8.767436e-01
3.090082e+00 3.921544e-05 3.597042e+00 8.765320e-01
3.092252e+00 3.920967e-05 3.611469e+00 8.752115e-01
3.089418e+00 3.876337e-05 3.593316e+00 8.758823e-01
3.088354e+00 4.071732e-05 3.638181e+00 8.769303e-01
3.096418e+00 4.212161e-05 3.623943e+00 8.757165e-01
3.094539e+00 4.164748e-05 3.580178e+00 8.760976e-01
3.093058e+00 4.018589e-05 3.571680e+00 8.758051e-01
3.094450e+00 4.012343e-05 3.580835e+00 8.760747e-01
3.098387e+00 4.144919e-05 3.596129e+00 8.764654e-01
3.092052e+00 4.050562e-05 3.587442e+00 8.753135e-01
3.096988e+00 4.049404e-05 3.616494e+00 8.761147e-01
3.095707e+00 4.065118e-05 3.644289e+00 8.762272e-01
3.091355e+00 4.149163e-05 3.701549e+00 8.758070e-01
3.100749e+00 4.401857e-05 3.701596e+00 8.758346e-01
3.093836e+00 4.066569e-05 3.675604e+00 8.762596e-01
3.089663e+00 4.133729e-05 3.711004e+00 8.765911e-01
3.090857e+00 3.962809e-05 3.677301e+00 8.758746e-01
3.092469e+00 4.208841e-05 3.640540e+00 8.761119e-01
3.103163e+00 4.293627e-05 3.652243e+00 8.764053e-01
3.092147e+00 3.990163e-05 3.616355e+00 8.760318e-01
3.087274e+00 3.930151e-05 3.583500e+00 8.760614e-01
3.091636e+00 3.893138e-05 3.635453e+00 8.758565e-01
3.092653e+00 4.175312e-05 3.578975e+00 8.760833e-01
3.093342e+00 4.224353e-05 3.598081e+00 8.760480e-01
3.095562e+00 4.078720e-05 3.605240e+00 8.760338e-01
3.095311e+00 4.162935e-05 3.623459e+00 8.751639e-01
3.093861e+00 3.923704e-05 3.604413e+00 8.755793e-01
3.090585e+00 4.048683e-05 3.578762e+00 8.764225e-01
3.094554e+00 4.298184e-05 3.574269e+00 8.759404e-01
3.092098e+00 4.113611e-05 3.580626e+00 8.762815e-01
3.096382e+00 4.018057e-05 3.605754e+00 8.764425e-01
3.091542e+00 3.968628e-05 3.633036e+00 8.756688e-01
3.092835e+00 3.961234e-05 3.601443e+00 8.756441e-01
3.096861e+00 4.019007e-05 3.601355e+00 8.764263e-01
3.091581e+00 4.335319e-05 3.602491e+00 8.765292e-01
3.098273e+00 4.168403e-05 3.612361e+00 8.759947e-01
3.088748e+00 4.060819e-05 3.645548e+00 8.761252e-01
3.094336e+00 4.056847e-05 3.622360e+00 8.756993e-01
3.100528e+00 5.069451e-05 3.646485e+00 8.765159e-01
3.098911e+00 4.251134e-05 3.608436e+00 8.760776e-01
3.096118e+00 4.172242e-05 3.638827e+00 8.762977e-01
3.087151e+00 3.944814e-05 3.584527e+00 8.766559e-01
3.096971e+00 5.078608e-05 3.606581e+00 8.762148e-01
3.090369e+00 3.954448e-05 3.679334e+00 8.757946e-01
3.098669e+00 4.509326e-05 3.650379e+00 8.750867e-01
3.091620e+00 4.019126e-05 3.625243e+00 8.764720e-01
3.094675e+00 4.059988e-05 3.617028e+00 8.766826e-01
3.103616e+00 4.570036e-05 3.592187e+00 8.761157e-01
3.097926e+00 4.709034e-05 3.615343e+00 8.767112e-01
3.098735e+00 3.966087e-05 3.659801e+00 8.757022e-01
3.094075e+00 3.948283e-05 4.109743e+00 8.759156e-01
3.090825e+00 4.525038e-05 3.814708e+00 8.752458e-01
3.091561e+00 3.935819e-05 3.781432e+00 8.766464e-01
3.090863e+00 4.287226e-05 3.745861e+00 8.756298e-01
3.095513e+00 3.951290e-05 3.680984e+00 8.752058e-01
3.089471e+00 3.926086e-05 3.761224e+00 8.762262e-01
3.087945e+00 3.926615e-05 3.737741e+00 8.760328e-01
3.089944e+00 4.015032e-05 3.911564e+00 8.761366e-01
3.095726e+00 4.397472e-05 3.620570e+00 8.763081e-01
3.096426e+00 5.801358e-05 3.892536e+00 8.757994e-01
3.092063e+00 3.905711e-05 3.884943e+00 8.764149e-01
3.105119e+00 4.857048e-05 3.927197e+00 8.763720e-01
3.099416e+00 4.109539e-05 3.926778e+00 8.761119e-01
3.096228e+00 4.280760e-05 3.924041e+00 8.756269e-01
3.092554e+00 4.032071e-05 4.172774e+00 8.765797e-01
3.092850e+00 4.341481e-05 4.001298e+00 8.757984e-01
3.095360e+00 3.965405e-05 3.922675e+00 8.754964e-01
3.096104e+00 4.060518e-05 4.049922e+00 8.762472e-01
3.090216e+00 3.899013e-05 4.152895e+00 8.753392e-01
3.099457e+00 3.949938e-05 3.798597e+00 8.762176e-01
3.097729e+00 4.110110e-05 3.858230e+00 8.759490e-01
3.087939e+00 3.857292e-05 3.896935e+00 8.756812e-01
3.095250e+00 4.183324e-05 3.978951e+00 8.760690e-01
3.091876e+00 4.311635e-05 3.824636e+00 8.758870e-01
3.086300e+00 3.936749e-05 3.840437e+00 8.758746e-01
3.083587e+00 4.022172e-05 3.750008e+00 8.759251e-01
3.091865e+00 4.047524e-05 3.740588e+00 8.765902e-01
3.092563e+00 4.183690e-05 3.678973e+00 8.759385e-01
3.094525e+00 5.101941e-05 3.923929e+00 8.758603e-01
3.089738e+00 3.960938e-05 3.927429e+00 8.761986e-01
3.090769e+00 3.982713e-05 3.868191e+00 8.760976e-01
3.099186e+00 3.899674e-05 3.778522e+00 8.757594e-01
3.096265e+00 4.101167e-05 4.065097e+00 8.752792e-01
3.093937e+00 4.056528e-05 3.962247e+00 8.762843e-01
3.084077e+00 3.986740e-05 3.952869e+00 8.761976e-01
3.088656e+00 4.271964e-05 3.934598e+00 8.765149e-01
3.096565e+00 4.103560e-05 3.965115e+00 8.756736e-01
3.094042e+00 3.991513e-05 3.898358e+00 8.760290e-01
3.098859e+00 1.367404e-04 3.979001e+00 8.759537e-01
3.098439e+00 4.752574e-05 3.883006e+00 8.763329e-01
3.090868e+00 4.096995e-05 3.956104e+00 8.755574e-01
3.102738e+00 4.102058e-05 4.037960e+00 8.758775e-01
3.090684e+00 4.004532e-05 3.825619e+00 8.761690e-01
3.094915e+00 3.911664e-05 4.019785e+00 8.763405e-01
3.093678e+00 4.062592e-05 3.923704e+00 8.762386e-01
3.094499e+00 4.163069e-05 3.951271e+00 8.762262e-01
3.089010e+00 3.995502e-05 3.908091e+00 8.762043e-01
3.106178e+00 1.519144e-04 4.030732e+00 8.758575e-01
3.099300e+00 4.673551e-05 3.891305e+00 8.755583e-01
3.087158e+00 3.873601e-05 3.829656e+00 8.761357e-01
3.090227e+00 4.012372e-05 3.732637e+00 8.761805e-01
3.087675e+00 4.239760e-05 3.614851e+00 8.760776e-01
3.099234e+00 4.137352e-05 3.615474e+00 8.758851e-01
3.094624e+00 3.975332e-05 3.584031e+00 8.759537e-01
3.094752e+00 3.910048e-05 3.617142e+00 8.760176e-01
3.087875e+00 4.047990e-05 3.801619e+00 8.762596e-01
3.085112e+00 3.994090e-05 3.947254e+00 8.758327e-01
3.099590e+00 4.271541e-05 4.083791e+00 8.760966e-01
3.092928e+00 3.997067e-05 3.944874e+00 8.763872e-01
3.086378e+00 3.904703e-05 3.884426e+00 8.762567e-01
3.089436e+00 4.084096e-05 3.904410e+00 8.764901e-01
3.093152e+00 4.092795e-05 3.967627e+00 8.756422e-01
3.093013e+00 4.015738e-05 4.064590e+00 8.764120e-01
3.093600e+00 3.967141e-05 3.861877e+00 8.763396e-01
3.093176e+00 4.004412e-05 3.903161e+00 8.765854e-01
3.096687e+00 3.959491e-05 3.988462e+00 8.756965e-01
3.096895e+00 4.137870e-05 4.080324e+00 8.762453e-01
3.100315e+00 3.910454e-05 3.995479e+00 8.759813e-01
3.101309e+00 1.561020e-04 3.980357e+00 8.761690e-01
3.095804e+00 3.948529e-05 4.070733e+00 8.760071e-01
3.090483e+00 4.070063e-05 3.949238e+00 8.760928e-01
3.086978e+00 3.979709e-05 3.891062e+00 8.756507e-01
3.087208e+00 3.866984e-05 3.986750e+00 8.761528e-01
3.092396e+00 3.977124e-05 4.184844e+00 8.751801e-01
3.091852e+00 3.912138e-05 3.651580e+00 8.761519e-01
3.096807e+00 4.796446e-05 3.779674e+00 8.759108e-01
3.095961e+00 8.720238e-05 3.742297e+00 8.762424e-01
3.100346e+00 5.312726e-05 3.754005e+00 8.756088e-01
3.093066e+00 4.067109e-05 3.742013e+00 8.761995e-01
3.086296e+00 3.947313e-05 3.805285e+00 8.762072e-01
3.093613e+00 4.037500e-05 3.661261e+00 8.759242e-01
3.090671e+00 3.949599e-05 3.795338e+00 8.769065e-01
3.096226e+00 4.032625e-05 3.816871e+00 8.759451e-01
3.086744e+00 3.931580e-05 3.762462e+00 8.753001e-01
3.096731e+00 4.493402e-05 3.758587e+00 8.759690e-01
3.097972e+00 5.727149e-05 4.001571e+00 8.760757e-01
3.094355e+00 4.514079e-05 3.613250e+00 8.753582e-01
3.084659e+00 3.939648e-05 3.643964e+00 8.760280e-01
3.094851e+00 6.656720e-05 3.596215e+00 8.758842e-01
3.091744e+00 4.053743e-05 3.779035e+00 8.754659e-01
3.106688e+00 8.070426e-05 3.945939e+00 8.754773e-01
3.089640e+00 3.961563e-05 3.811348e+00 8.758480e-01
3.099687e+00 6.033105e-05 3.747911e+00 8.759852e-01
3.087471e+00 4.039895e-05 3.863388e+00 8.761891e-01
3.091843e+00 4.137761e-05 3.906481e+00 8.758832e-01
3.091549e+00 4.703258e-05 3.963727e+00 8.755831e-01
3.093024e+00 3.945243e-05 3.858301e+00 8.750553e-01
3.111580e+00 1.225493e-04 4.063548e+00 8.757308e-01
3.084413e+00 4.112570e-05 3.864778e+00 8.761328e-01
3.105486e+00 4.021092e-05 3.903178e+00 8.763472e-01
3.087810e+00 4.080763e-05 3.967119e+00 8.764025e-01
3.099650e+00 3.925451e-05 3.932841e+00 8.758575e-01
3.093823e+00 4.017577e-05 3.966502e+00 8.761081e-01
3.101883e+00 4.201654e-05 4.027377e+00 8.762491e-01
3.095188e+00 4.021852e-05 3.955636e+00 8.763005e-01
3.097018e+00 4.105387e-05 3.990559e+00 8.761919e-01
3.095313e+00 4.928827e-05 3.878163e+00 8.757365e-01
3.089678e+00 3.968770e-05 3.981197e+00 8.755069e-01
3.087635e+00 3.983339e-05 4.023810e+00 8.755212e-01
3.098036e+00 3.998964e-05 3.905688e+00 8.762529e-01
3.090409e+00 4.137951e-05 4.016485e+00 8.761586e-01
3.095587e+00 4.146633e-05 3.970006e+00 8.756584e-01
3.086056e+00 4.216576e-05 3.918060e+00 8.760242e-01
3.101543e+00 6.231612e-05 4.017497e+00 8.754869e-01
3.089202e+00 4.162589e-05 3.949943e+00 8.758765e-01
3.110963e+00 4.265413e-05 4.015009e+00 8.756145e-01
3.094731e+00 4.175836e-05 3.963973e+00 8.755583e-01
3.123366e+00 7.758841e-04 3.837152e+00 8.759947e-01
3.097531e+00 4.004455e-05 4.090450e+00 8.765530e-01
3.105002e+00 1.142785e-04 4.002414e+00 8.761205e-01
3.094544e+00 4.058671e-05 3.922238e+00 8.761748e-01
3.087861e+00 4.285590e-05 4.015390e+00 8.759823e-01
3.097597e+00 4.269838e-05 3.938146e+00 8.758060e-01
3.095025e+00 3.989705e-05 3.972068e+00 8.765378e-01
3.091417e+00 3.926509e-05 4.012717e+00 8.762234e-01
3.085195e+00 3.935506e-05 3.970026e+00 8.760071e-01
3.091365e+00 3.953409e-05 4.017881e+00 8.758375e-01
3.090226e+00 3.927664e-05 3.860689e+00 8.761786e-01
3.093046e+00 4.167762e-05 4.031637e+00 8.754430e-01
3.104692e+00 5.082269e-05 3.962365e+00 8.749123e-01
3.102986e+00 4.160668e-05 3.920053e+00 8.758870e-01
3.094991e+00 4.066054e-05 4.017072e+00 8.757365e-01
3.091133e+00 3.936831e-05 3.936674e+00 8.754402e-01
3.101305e+00 5.029169e-05 4.001171e+00 8.767369e-01
3.093120e+00 4.189714e-05 4.003991e+00 8.748161e-01
3.098767e+00 4.106730e-05 3.840025e+00 8.762300e-01
3.092641e+00 4.416784e-05 4.055010e+00 8.759709e-01
3.085028e+00 3.913021e-05 3.994313e+00 8.762253e-01
3.095043e+00 3.902200e-05 3.909688e+00 8.766578e-01
3.094303e+00 4.001214e-05 4.016959e+00 8.759833e-01
3.087390e+00 3.991895e-05 3.907531e+00 8.764225e-01
3.100130e+00 5.087308e-05 3.954117e+00 8.759709e-01
3.096649e+00 4.061122e-05 3.889913e+00 8.753487e-01
3.092848e+00 4.186679e-05 4.007815e+00 8.762929e-01
3.094859e+00 3.967635e-05 3.904504e+00 8.763301e-01
3.093311e+00 3.942115e-05 3.979560e+00 8.755412e-01
3.118424e+00 3.364367e-04 4.040245e+00 8.755860e-01
3.091155e+00 3.879000e-05 3.828951e+00 8.754468e-01
3.097404e+00 4.006618e-05 4.033486e+00 8.761843e-01
3.093627e+00 3.976946e-05 4.038591e+00 8.761776e-01
3.090094e+00 3.931896e-05 3.864278e+00 8.765263e-01
3.097844e+00 4.017327e-05 4.015430e+00 8.758680e-01
3.091542e+00 4.125538e-05 3.798871e+00 8.755164e-01
3.094034e+00 4.207550e-05 3.938063e+00 8.765416e-01
3.092682e+00 4.022682e-05 4.013779e+00 8.756822e-01
3.085225e+00 4.226121e-05 3.914121e+00 8.758175e-01
3.104909e+00 1.169335e-04 3.838492e+00 8.757298e-01
3.088892e+00 3.993095e-05 3.902415e+00 8.763853e-01
3.091363e+00 4.918881e-05 3.944472e+00 8.758442e-01
3.095953e+00 4.090001e-05 4.014862e+00 8.760823e-01
3.088879e+00 3.911978e-05 3.901810e+00 8.760795e-01
3.091128e+00 4.202586e-05 3.771351e+00 8.765930e-01
3.088872e+00 3.896476e-05 3.836575e+00 8.758937e-01
3.096515e+00 8.467436e-05 4.074409e+00 8.765311e-01
3.086765e+00 3.877115e-05 4.022525e+00 8.754202e-01
3.088863e+00 3.949603e-05 3.934415e+00 8.758451e-01
3.093041e+00 4.707483e-05 3.982203e+00 8.759280e-01
3.097827e+00 4.082295e-05 3.952400e+00 8.753163e-01
3.087791e+00 3.953752e-05 4.043353e+00 8.762367e-01
3.099475e+00 5.268501e-05 3.843565e+00 8.757832e-01
3.100597e+00 5.993674e-05 3.885112e+00 8.758108e-01
3.088561e+00 4.220229e-05 3.991259e+00 8.755269e-01
3.093274e+00 4.173558e-05 3.887181e+00 8.763701e-01
3.093226e+00 3.959080e-05 3.907025e+00 8.761471e-01
3.083304e+00 3.935663e-05 4.032223e+00 8.761919e-01
3.101590e+00 5.163655e-05 3.944403e+00 8.763567e-01
3.093844e+00 3.994730e-05 3.903338e+00 8.757222e-01
3.093953e+00 4.001563e-05 3.904140e+00 8.763939e-01
3.094101e+00 5.004281e-05 4.155979e+00 8.754811e-01
3.092982e+00 3.982189e-05 3.999788e+00 8.761614e-01
3.087533e+00 4.014929e-05 3.798022e+00 8.761395e-01
3.093438e+00 3.989038e-05 3.838671e+00 8.762767e-01
3.088718e+00 3.909851e-05 3.761986e+00 8.763253e-01
3.100911e+00 3.965629e-05 3.871808e+00 8.755536e-01
3.094323e+00 4.094496e-05 3.924494e+00 8.753630e-01
3.100431e+00 4.596754e-05 3.840596e+00 8.758832e-01
3.096945e+00 4.007054e-05 3.944918e+00 8.759461e-01
3.095640e+00 4.266145e-05 3.897202e+00 8.758556e-01
3.089650e+00 3.936043e-05 3.817197e+00 8.759185e-01
3.089861e+00 3.920024e-05 3.767969e+00 8.760395e-01
3.095385e+00 4.503159e-05 3.908269e+00 8.763472e-01
3.089609e+00 4.053185e-05 3.926738e+00 8.759280e-01
3.089125e+00 4.030637e-05 3.751185e+00 8.758070e-01
3.092388e+00 4.133041e-05 3.942511e+00 8.756565e-01
3.103622e+00 4.629380e-05 3.719607e+00 8.757565e-01
3.097740e+00 4.270758e-05 3.826925e+00 8.755040e-01
3.086462e+00 3.971731e-05 3.836964e+00 8.765721e-01
3.098665e+00 3.985707e-05 3.937033e+00 8.751696e-01
3.089578e+00 4.071842e-05 3.803339e+00 8.755783e-01
3.092047e+00 5.003257e-05 3.788223e+00 8.762434e-01
3.088141e+00 3.896695e-05 3.827576e+00 8.759385e-01
3.090772e+00 4.048697e-05 3.854442e+00 8.763367e-01
3.090084e+00 4.496145e-05 3.940133e+00 8.756669e-01
3.089727e+00 3.929642e-05 4.025714e+00 8.757574e-01
3.086357e+00 4.086563e-05 3.987408e+00 8.760347e-01
3.092624e+00 4.017999e-05 3.745233e+00 8.759737e-01
3.095648e+00 3.960423e-05 3.853534e+00 8.762481e-01
3.102419e+00 4.181230e-05 3.932162e+00 8.756317e-01
3.090703e+00 3.968267e-05 3.870761e+00 8.761929e-01
3.096386e+00 4.098413e-05 3.858502e+00 8.751505e-01
3.088727e+00 3.993911e-05 3.936917e+00 8.756841e-01
3.086629e+00 3.931793e-05 4.103594e+00 8.759432e-01
3.093064e+00 3.988436e-05 4.070103e+00 8.751286e-01
3.091286e+00 3.980047e-05 4.057534e+00 8.753611e-01
3.099445e+00 4.020490e-05 4.154081e+00 8.763510e-01
3.088201e+00 4.081924e-05 3.794742e+00 8.762634e-01
3.091490e+00 4.021038e-05 4.078741e+00 8.757603e-01
3.088195e+00 6.337350e-05 4.228869e+00 8.764225e-01
3.092320e+00 4.018890e-05 4.608702e+00 8.756450e-01
3.088870e+00 4.014933e-05 3.935511e+00 8.764006e-01
3.097593e+00 4.567553e-05 4.052331e+00 8.753344e-01
3.092002e+00 4.058742e-05 3.966214e+00 8.760671e-01
3.092229e+00 3.967464e-05 3.801145e+00 8.762510e-01
3.100627e+00 4.685316e-05 3.710989e+00 8.752334e-01
3.096236e+00 4.041106e-05 3.730852e+00 8.754764e-01
3.102895e+00 4.405230e-05 3.792739e+00 8.760347e-01
3.082605e+00 5.399834e-05 3.731445e+00 8.756041e-01
3.093285e+00 3.933875e-05 4.046085e+00 8.752020e-01
3.089139e+00 3.888283e-05 4.193343e+00 8.761967e-01
3.095394e+00 3.980975e-05 3.986547e+00 8.756546e-01
3.090726e+00 3.920747e-05 3.997038e+00 8.761109e-01
3.089301e+00 4.005568e-05 3.858478e+00 8.759070e-01
3.086385e+00 3.896243e-05 4.032181e+00 8.753601e-01
3.088830e+00 3.851401e-05 3.899225e+00 8.757832e-01
3.089963e+00 3.994313e-05 3.749988e+00 8.757270e-01
3.086001e+00 3.938019e-05 3.804545e+00 8.751277e-01
3.082949e+00 3.860098e-05 3.792276e+00 8.757451e-01
3.102290e+00 4.607121e-05 3.741506e+00 8.757108e-01
3.088722e+00 4.146335e-05 3.723682e+00 8.757336e-01
3.097516e+00 3.929426e-05 3.724884e+00 8.755745e-01
3.090147e+00 4.260373e-05 3.710622e+00 8.753811e-01
3.101989e+00 4.260383e-05 3.584798e+00 8.758184e-01
3.094049e+00 4.026073e-05 3.573379e+00 8.766978e-01
3.091569e+00 4.189965e-05 3.557517e+00 8.759995e-01
3.099035e+00 4.489641e-05 3.665017e+00 8.756060e-01
3.092430e+00 3.972649e-05 3.615664e+00 8.759099e-01
3.090198e+00 4.030280e-05 3.564555e+00 8.759575e-01
3.092498e+00 3.977919e-05 3.618386e+00 8.767798e-01
3.089337e+00 3.949525e-05 3.559487e+00 8.756669e-01
3.088198e+00 4.005091e-05 3.576620e+00 8.762853e-01
3.100546e+00 3.953289e-05 3.569875e+00 8.759423e-01
3.094720e+00 4.309234e-05 3.572756e+00 8.758327e-01
3.092497e+00 3.924911e-05 3.598451e+00 8.756431e-01
3.088172e+00 3.852415e-05 3.587104e+00 8.752915e-01
3.095556e+00 3.973606e-05 3.716232e+00 8.757070e-01
3.088045e+00 3.950958e-05 3.597918e+00 8.756927e-01
3.096973e+00 3.971166e-05 3.599760e+00 8.755736e-01
3.093511e+00 4.025205e-05 3.586515e+00 8.770046e-01
3.102257e+00 4.073526e-05 3.563835e+00 8.753344e-01
3.090164e+00 4.169126e-05 3.574709e+00 8.757270e-01
3.090336e+00 3.928365e-05 3.563248e+00 8.754945e-01
3.089467e+00 4.022255e-05 3.565710e+00 8.759690e-01
3.092644e+00 3.972355e-05 3.560260e+00 8.761929e-01
3.100130e+00 3.997314e-05 3.567404e+00 8.758079e-01
3.091268e+00 4.641938e-05 3.592109e+00 8.755517e-01
3.099158e+00 4.097125e-05 3.578902e+00 8.754402e-01
3.095585e+00 4.036043e-05 3.573611e+00 8.752306e-01
3.093532e+00 3.936268e-05 3.576494e+00 8.754011e-01
3.090763e+00 3.990660e-05 3.572004e+00 8.755507e-01
3.097576e+00 4.055713e-05 3.581809e+00 8.759956e-01
3.098233e+00 3.968123e-05 3.561677e+00 8.759975e-01
3.091724e+00 4.003201e-05 3.635593e+00 8.758375e-01
3.090854e+00 4.063686e-05 3.631642e+00 8.753725e-01
3.098656e+00 4.002802e-05 3.566503e+00 8.763882e-01
3.087159e+00 3.853277e-05 3.579472e+00 8.752287e-01
3.090545e+00 3.986418e-05 3.581282e+00 8.757584e-01
3.090038e+00 4.206923e-05 3.563944e+00 8.765311e-01
3.091689e+00 3.873653e-05 3.558599e+00 8.761814e-01
3.085187e+00 3.901713e-05 3.554294e+00 8.758966e-01
3.093051e+00 4.141199e-05 3.574342e+00 8.761729e-01
3.092867e+00 3.930798e-05 3.578903e+00 8.762224e-01
3.093536e+00 4.449476e-05 3.593045e+00 8.757384e-01
3.094749e+00 4.280234e-05 3.586254e+00 8.759623e-01
3.090164e+00 3.945618e-05 3.560479e+00 8.756336e-01
3.096238e+00 5.040647e-05 3.558376e+00 8.754745e-01
3.081344e+00 3.836893e-05 3.545958e+00 8.765911e-01
3.090602e+00 3.899916e-05 3.605182e+00 8.761957e-01
3.092328e+00 3.929827e-05 3.611992e+00 8.763729e-01
3.095067e+00 4.222548e-05 3.566530e+00 8.754249e-01
3.089526e+00 3.988926e-05 3.665826e+00 8.763386e-01
3.089680e+00 4.062660e-05 3.621196e+00 8.757784e-01
3.109277e+00 5.298101e-05 3.548006e+00 8.757089e-01
3.091752e+00 4.002646e-05 3.573144e+00 8.752696e-01
3.099212e+00 4.819439e-05 3.595912e+00 8.762129e-01
3.092600e+00 3.947300e-05 3.593851e+00 8.761443e-01
3.092391e+00 3.959644e-05 3.555194e+00 8.751867e-01
3.084952e+00 3.875439e-05 3.565685e+00 8.762272e-01
3.087297e+00 4.249582e-05 3.584297e+00 8.757898e-01
3.089328e+00 3.887793e-05 3.562214e+00 8.747132e-01
3.094127e+00 1.182591e-04 3.567403e+00 8.768741e-01
3.095030e+00 4.078730e-05 3.557985e+00 8.750857e-01
3.093559e+00 4.067999e-05 3.568406e+00 8.753363e-01
3.088039e+00 4.803921e-05 3.594730e+00 8.765511e-01
3.092482e+00 4.495080e-05 3.562641e+00 8.767369e-01
3.095880e+00 4.214605e-05 3.577080e+00 8.756526e-01
3.096720e+00 6.000906e-05 3.560335e+00 8.764015e-01
3.096320e+00 3.913693e-05 3.562514e+00 8.764034e-01
3.082835e+00 4.032329e-05 3.757358e+00 8.759375e-01
3.088274e+00 4.034453e-05 3.626847e+00 8.758013e-01
3.097815e+00 4.433906e-05 3.604368e+00 8.758175e-01
3.086589e+00 4.066818e-05 3.590983e+00 8.760633e-01
3.097432e+00 4.050521e-05 3.580176e+00 8.757365e-01
3.099391e+00 4.458756e-05 3.565564e+00 8.755088e-01
3.089898e+00 4.144502e-05 3.554369e+00 8.768083e-01
3.091288e+00 4.600475e-05 3.623931e+00 8.760842e-01
3.092655e+00 4.884785e-05 3.576785e+00 8.762786e-01
3.092236e+00 4.014494e-05 3.573031e+00 8.757603e-01
3.093595e+00 4.103530e-05 3.590102e+00 8.760080e-01
3.095872e+00 3.964067e-05 3.570235e+00 8.758222e-01
3.088250e+00 3.971151e-05 3.580474e+00 8.769389e-01
3.085691e+00 3.885264e-05 3.581631e+00 8.759118e-01
3.091062e+00 3.935587e-05 3.568936e+00 8.759013e-01
3.093032e+00 4.008791e-05 3.567654e+00 8.756002e-01
3.090766e+00 4.049740e-05 3.558150e+00 8.763234e-01
3.084274e+00 4.253231e-05 3.559983e+00 8.755517e-01
3.086414e+00 4.013640e-05 3.704961e+00 8.760576e-01
3.091232e+00 3.979957e-05 3.576028e+00 8.756288e-01
3.090213e+00 3.884372e-05 3.560514e+00 8.753392e-01
3.082179e+00 3.860060e-05 3.599644e+00 8.753725e-01
3.086566e+00 3.999860e-05 3.556016e+00 8.761395e-01
3.086621e+00 3.915912e-05 3.567472e+00 8.761995e-01
3.094666e+00 3.882870e-05 3.592842e+00 8.767121e-01
3.085988e+00 3.856782e-05 3.595117e+00 8.756479e-01
3.092767e+00 3.930880e-05 3.580726e+00 8.757489e-01
3.083910e+00 3.885034e-05 3.549197e+00 8.762748e-01
3.090863e+00 3.930264e-05 3.575148e+00 8.760461e-01
3.088600e+00 4.018976e-05 3.561955e+00 8.759289e-01
3.094312e+00 4.053377e-05 3.548680e+00 8.760156e-01
3.092727e+00 4.172418e-05 3.537145e+00 8.752582e-01
3.091233e+00 4.091517e-05 3.557343e+00 8.748990e-01
3.086353e+00 3.988842e-05 3.558011e+00 8.759956e-01
3.090242e+00 3.993427e-05 3.563798e+00 8.757765e-01
3.096541e+00 4.074837e-05 3.567665e+00 8.759309e-01
3.090978e+00 4.075079e-05 3.723639e+00 8.763015e-01
3.088430e+00 3.925671e-05 3.549904e+00 8.754659e-01
3.085899e+00 3.918833e-05 3.568167e+00 8.756298e-01
3.094096e+00 4.014373e-05 3.573167e+00 8.753659e-01
3.084128e+00 4.031076e-05 3.568813e+00 8.756422e-01
3.090519e+00 4.136509e-05 3.591098e+00 8.754945e-01
3.091873e+00 3.959083e-05 3.571160e+00 8.759251e-01
3.087947e+00 3.871284e-05 3.571815e+00 8.758689e-01
3.090298e+00 4.009725e-05 3.563192e+00 8.757203e-01
3.087258e+00 4.054549e-05 3.578550e+00 8.765216e-01
3.092298e+00 3.995210e-05 3.591837e+00 8.752858e-01
3.088108e+00 3.980062e-05 3.549128e+00 8.761004e-01
3.090751e+00 3.977131e-05 3.558204e+00 8.756603e-01
3.090697e+00 3.920061e-05 3.580476e+00 8.754831e-01
3.096963e+00 4.066186e-05 3.561883e+00 8.748742e-01
3.095922e+00 1.080740e-04 3.571803e+00 8.751886e-01
3.090962e+00 4.029266e-05 3.558958e+00 8.756250e-01
3.088458e+00 3.896699e-05 3.671734e+00 8.760604e-01
3.083884e+00 3.887069e-05 3.642503e+00 8.758394e-01
3.100323e+00 4.473338e-05 3.572756e+00 8.760776e-01
3.093132e+00 4.068839e-05 3.576489e+00 8.762605e-01
3.093995e+00 3.955844e-05 3.614193e+00 8.760347e-01
3.089308e+00 4.931384e-05 3.550781e+00 8.755135e-01
3.090972e+00 4.309443e-05 3.586124e+00 8.759909e-01
3.091558e+00 3.953850e-05 3.566287e+00 8.756908e-01
3.089049e+00 3.937591e-05 3.550054e+00 8.763644e-01
3.097738e+00 4.733999e-05 3.550455e+00 8.766283e-01
3.091947e+00 3.993232e-05 3.587740e+00 8.756641e-01
3.082739e+00 3.876527e-05 3.592337e+00 8.758356e-01
3.094324e+00 4.048730e-05 3.552585e+00 8.755478e-01
3.101657e+00 5.611354e-05 3.562202e+00 8.756927e-01
3.097756e+00 4.010025e-05 3.568903e+00 8.752915e-01
3.091577e+00 3.986980e-05 3.554581e+00 8.754011e-01
3.087444e+00 4.193858e-05 3.561797e+00 8.753316e-01
3.095979e+00 3.899695e-05 3.561993e+00 8.757765e-01
3.093437e+00 4.061840e-05 3.705827e+00 8.757460e-01
3.082951e+00 3.911399e-05 3.605448e+00 8.750238e-01
3.097464e+00 4.638460e-05 3.555190e+00 8.760614e-01
3.082494e+00 3.831204e-05 3.594108e+00 8.759089e-01
3.084640e+00 4.050498e-05 3.565388e+00 8.759966e-01
3.091066e+00 3.924989e-05 3.570141e+00 8.757889e-01
3.086035e+00 4.293788e-05 3.569572e+00 8.760852e-01
3.094533e+00 4.509977e-05 3.548851e+00 8.760928e-01
3.090966e+00 4.651206e-05 3.559550e+00 8.756736e-01
3.097199e+00 4.532260e-05 3.564837e+00 8.754002e-01
3.093774e+00 4.042871e-05 3.559051e+00 8.755469e-01
3.090981e+00 4.228191e-05 3.579936e+00 8.762615e-01
3.095392e+00 4.128146e-05 3.571909e+00 8.758461e-01
3.090338e+00 4.087650e-05 3.574168e+00 8.763691e-01
3.085819e+00 3.984224e-05 3.571146e+00 8.759318e-01
3.096581e+00 4.304450e-05 3.601305e+00 8.762148e-01
3.088971e+00 3.941808e-05 3.544613e+00 8.760280e-01
3.086908e+00 4.115284e-05 3.560752e+00 8.760290e-01
3.092899e+00 3.920984e-05 3.694967e+00 8.760833e-01
3.089581e+00 3.929393e-05 3.599787e+00 8.756298e-01
3.090259e+00 4.026511e-05 3.600173e+00 8.753992e-01
3.093825e+00 1.060272e-04 3.608552e+00 8.758079e-01
3.085689e+00 4.168498e-05 3.559531e+00 8.759023e-01
3.093135e+00 3.977893e-05 3.576609e+00 8.758680e-01
3.093140e+00 4.099044e-05 3.573481e+00 8.756993e-01
3.081588e+00 3.946136e-05 3.585982e+00 8.757346e-01
3.090489e+00 3.990517e-05 3.575523e+00 8.755107e-01
3.085820e+00 3.942553e-05 3.572863e+00 8.761290e-01
3.094683e+00 4.082449e-05 3.579674e+00 8.755621e-01
3.092831e+00 3.913579e-05 3.536825e+00 8.757822e-01
3.087692e+00 3.907062e-05 3.563012e+00 8.757070e-01
3.096050e+00 5.600917e-05 3.551475e+00 8.760995e-01
3.092598e+00 4.059830e-05 3.575593e+00 8.758394e-01
3.090213e+00 4.470648e-05 3.556364e+00 8.756117e-01
3.091167e+00 3.962416e-05 3.571145e+00 8.758718e-01
3.095078e+00 4.880765e-05 3.567607e+00 8.753992e-01
3.089139e+00 3.969569e-05 3.749452e+00 8.760909e-01
3.086270e+00 4.093903e-05 3.609004e+00 8.760376e-01
3.089131e+00 4.019495e-05 3.617545e+00 8.764301e-01
3.086088e+00 3.928313e-05 3.554619e+00 8.754602e-01
3.089957e+00 3.889626e-05 3.573431e+00 8.755659e-01
3.095344e+00 4.127188e-05 3.560919e+00 8.759442e-01
3.087938e+00 3.920304e-05 3.576158e+00 8.759909e-01
3.090866e+00 4.045483e-05 3.567320e+00 8.754411e-01
3.093560e+00 3.930503e-05 3.536052e+00 8.759156e-01
3.095641e+00 4.213217e-05 3.562977e+00 8.761871e-01
3.090946e+00 3.979606e-05 3.583843e+00 8.765006e-01
3.082939e+00 3.851479e-05 3.571445e+00 8.757146e-01
3.091167e+00 3.997505e-05 3.554740e+00 8.757212e-01
3.093877e+00 4.280019e-05 3.589022e+00 8.748790e-01
3.090824e+00 4.198710e-05 3.570673e+00 8.759318e-01
3.090829e+00 3.926747e-05 3.558787e+00 8.747494e-01
3.075630e+00 3.843206e-05 3.570713e+00 8.754259e-01
3.092107e+00 3.931215e-05 3.603525e+00 8.760785e-01
3.100117e+00 5.275259e-05 3.719982e+00 8.754735e-01
3.094396e+00 5.670472e-05 3.571129e+00 8.753268e-01
3.095604e+00 4.503609e-05 3.563986e+00 8.752639e-01
3.097078e+00 4.042608e-05 3.582483e+00 8.754707e-01
3.094669e+00 4.120703e-05 3.571298e+00 8.755488e-01
3.096904e+00 5.101576e-05 3.590638e+00 8.761195e-01
3.090352e+00 4.065855e-05 3.539505e+00 8.757803e-01
3.095648e+00 4.169452e-05 3.546337e+00 8.751906e-01
3.097156e+00 4.075194e-05 3.564957e+00 8.758280e-01
3.085323e+00 4.149943e-05 3.558735e+00 8.764215e-01
3.088205e+00 4.053616e-05 3.560425e+00 8.755860e-01
3.094733e+00 4.518195e-05 3.579731e+00 8.760318e-01
3.086941e+00 3.940421e-05 3.561314e+00 8.748714e-01
3.089919e+00 4.041037e-05 3.563577e+00 8.766883e-01
3.093366e+00 3.969461e-05 3.560275e+00 8.762405e-01
3.097248e+00 4.186324e-05 3.586916e+00 8.760642e-01
3.091465e+00 3.916475e-05 3.587226e+00 8.760271e-01
3.095607e+00 4.020105e-05 3.645746e+00 8.756107e-01
3.092148e+00 4.110488e-05 3.653486e+00 8.752677e-01
3.096168e+00 4.523300e-05 3.576407e+00 8.757212e-01
3.090158e+00 3.903386e-05 3.565797e+00 8.750219e-01
3.085579e+00 3.880011e-05 3.547913e+00 8.758632e-01
3.087761e+00 3.988001e-05 3.550881e+00 8.758175e-01
3.086736e+00 3.858699e-05 3.563918e+00 8.750715e-01
3.089012e+00 3.901287e-05 3.568033e+00 8.754669e-01
3.089469e+00 3.907766e-05 3.565381e+00 8.754716e-01
3.087896e+00 4.011128e-05 3.555792e+00 8.756336e-01
3.093461e+00 4.120689e-05 3.559978e+00 8.754726e-01
3.084945e+00 3.849247e-05 3.563551e+00 8.756631e-01
3.087836e+00 3.963048e-05 3.584202e+00 8.755193e-01
3.085498e+00 4.065097e-05 3.584235e+00 8.761719e-01
3.089743e+00 5.389184e-05 3.564041e+00 8.756441e-01
3.090173e+00 4.007106e-05 3.569644e+00 8.758203e-01
3.086915e+00 3.934442e-05 3.575709e+00 8.759632e-01
3.084779e+00 3.952183e-05 3.590592e+00 8.759251e-01
3.094749e+00 4.273636e-05 3.688393e+00 8.760833e-01
3.088185e+00 4.063764e-05 3.606354e+00 8.755698e-01
3.099511e+00 4.081113e-05 3.579901e+00 8.747399e-01
3.086169e+00 3.904396e-05 3.583654e+00 8.758108e-01
3.087516e+00 4.031636e-05 3.573161e+00 8.759966e-01
3.094027e+00 4.097272e-05 3.569136e+00 8.763424e-01
3.085736e+00 3.906132e-05 3.577077e+00 8.759299e-01
3.094325e+00 4.162046e-05 3.557711e+00 8.763996e-01
3.088487e+00 4.264857e-05 3.561251e+00 8.761386e-01
3.089623e+00 4.530460e-05 3.569408e+00 8.760661e-01
3.085743e+00 3.995006e-05 3.566040e+00 8.758613e-01
3.093449e+00 4.290717e-05 3.561182e+00 8.761948e-01
3.092178e+00 4.003256e-05 3.578400e+00 8.756869e-01
3.088955e+00 3.981845e-05 3.560722e+00 8.757860e-01
3.087202e+00 4.935733e-05 3.550231e+00 8.760976e-01
3.088834e+00 4.163753e-05 3.577890e+00 8.763482e-01
3.089342e+00 3.941176e-05 3.577109e+00 8.763253e-01
3.092656e+00 4.714417e-05 3.572775e+00 8.759937e-01
3.084703e+00 3.853754e-05 3.690795e+00 8.765559e-01
3.090302e+00 3.926760e-05 3.596419e+00 8.764453e-01
3.091524e+00 4.041858e-05 3.572806e+00 8.757746e-01
3.087464e+00 3.949337e-05 3.766475e+00 8.757536e-01
3.085677e+00 3.971948e-05 3.984237e+00 8.762319e-01
3.085613e+00 4.077374e-05 4.014580e+00 8.757470e-01
3.093684e+00 3.973240e-05 4.000186e+00 8.754592e-01
3.086631e+00 3.967109e-05 3.942465e+00 8.758356e-01
3.097537e+00 4.642641e-05 4.004327e+00 8.757289e-01
3.087906e+00 3.937417e-05 3.968899e+00 8.755774e-01
3.098891e+00 4.634659e-05 4.013378e+00 8.761500e-01
3.082576e+00 3.851713e-05 4.026731e+00 8.761023e-01
3.086958e+00 4.097056e-05 3.910410e+00 8.760881e-01
3.078183e+00 3.832510e-05 4.079459e+00 8.760033e-01
3.089710e+00 3.895395e-05 4.066823e+00 8.765587e-01
3.085408e+00 4.026817e-05 3.898331e+00 8.762310e-01
3.095670e+00 4.070195e-05 4.010377e+00 8.757565e-01
3.092643e+00 3.922223e-05 3.912368e+00 8.760690e-01
3.092858e+00 4.114316e-05 3.894091e+00 8.757679e-01
3.086482e+00 3.899005e-05 4.021487e+00 8.758232e-01
3.100830e+00 4.292129e-05 3.935117e+00 8.764196e-01
3.090328e+00 4.054337e-05 3.915752e+00 8.759842e-01
3.094005e+00 3.935449e-05 4.024790e+00 8.754850e-01
3.099671e+00 4.756869e-05 3.927247e+00 8.749790e-01
3.093801e+00 3.955303e-05 3.962367e+00 8.757908e-01
3.086642e+00 3.965156e-05 4.043525e+00 8.759490e-01
3.092572e+00 3.996996e-05 3.952785e+00 8.759099e-01
3.090654e+00 3.937778e-05 4.067485e+00 8.751848e-01
3.084887e+00 3.962124e-05 3.886235e+00 8.756765e-01
3.093942e+00 3.979283e-05 4.041709e+00 8.753125e-01
3.091113e+00 4.007488e-05 3.994201e+00 8.756393e-01
3.084859e+00 3.946162e-05 3.883002e+00 8.751648e-01
3.087210e+00 4.005947e-05 4.078780e+00 8.755545e-01
3.092086e+00 4.040006e-05 3.917679e+00 8.757689e-01
3.090209e+00 3.992417e-05 3.960133e+00 8.758670e-01
3.083676e+00 3.890603e-05 4.031824e+00 8.764215e-01
3.089988e+00 3.870772e-05 3.884753e+00 8.760080e-01
3.097174e+00 4.925807e-05 4.085745e+00 8.753582e-01
3.095525e+00 3.961106e-05 3.956169e+00 8.757346e-01
3.090329e+00 4.495746e-05 4.012177e+00 8.755974e-01
3.087857e+00 3.934698e-05 4.093732e+00 8.748066e-01
3.098671e+00 3.964350e-05 3.928159e+00 8.757870e-01
3.087510e+00 3.913633e-05 4.051235e+00 8.758461e-01
3.089469e+00 4.107629e-05 4.010574e+00 8.762167e-01
3.089216e+00 3.934074e-05 3.884668e+00 8.763910e-01
3.126011e+00 1.253281e-03 4.090084e+00 8.756717e-01
3.091960e+00 4.018635e-05 3.894104e+00 8.755116e-01
3.092373e+00 4.027846e-05 3.993729e+00 8.758337e-01
3.090030e+00 4.912958e-05 4.021872e+00 8.750429e-01
3.085378e+00 3.978773e-05 3.985560e+00 8.761443e-01
3.097874e+00 4.031168e-05 4.040143e+00 8.757736e-01
3.098040e+00 4.343067e-05 3.884684e+00 8.760052e-01
3.095927e+00 4.556440e-05 4.030451e+00 8.760966e-01
3.091997e+00 4.017302e-05 4.045085e+00 8.764673e-01
3.097343e+00 4.558152e-05 3.899040e+00 8.753621e-01
3.086394e+00 3.877079e-05 4.027460e+00 8.762891e-01
3.095069e+00 4.083483e-05 3.957593e+00 8.757336e-01
3.083217e+00 3.982433e-05 4.010162e+00 8.763424e-01
3.080080e+00 3.870972e-05 3.997416e+00 8.756850e-01
3.083609e+00 3.918255e-05 3.834290e+00 8.755640e-01
3.098216e+00 3.954741e-05 4.078088e+00 8.754154e-01
3.098232e+00 8.376188e-05 4.053611e+00 8.751524e-01
3.096288e+00 4.413313e-05 3.905922e+00 8.755831e-01
3.090285e+00 3.901284e-05 4.069016e+00 8.761805e-01
3.093586e+00 4.064486e-05 4.061050e+00 8.759042e-01
3.089343e+00 3.931243e-05 4.035618e+00 8.759737e-01
3.085604e+00 3.974661e-05 3.939725e+00 8.758708e-01
3.090473e+00 4.407283e-05 4.015544e+00 8.753782e-01
3.090468e+00 4.209203e-05 4.132210e+00 8.760376e-01
3.095105e+00 4.371920e-05 3.896377e+00 8.759223e-01
3.092020e+00 4.126226e-05 4.019313e+00 8.760709e-01
3.095793e+00 4.002496e-05 4.029863e+00 8.756993e-01
3.086296e+00 3.896783e-05 3.895302e+00 8.763510e-01
3.096941e+00 4.858255e-05 4.021758e+00 8.752106e-01
3.091056e+00 3.884271e-05 3.942786e+00 8.746322e-01
3.091168e+00 4.240994e-05 4.017053e+00 8.755621e-01
3.089770e+00 4.203168e-05 4.067187e+00 8.753116e-01
3.087155e+00 3.993897e-05 3.922556e+00 8.751486e-01
3.084192e+00 3.950095e-05 4.048232e+00 8.750438e-01
3.090161e+00 4.049744e-05 4.006634e+00 8.762176e-01
3.087244e+00 3.974481e-05 3.929315e+00 8.763120e-01
3.093275e+00 4.302426e-05 3.926803e+00 8.762214e-01
3.086774e+00 3.936070e-05 3.914848e+00 8.760014e-01
3.082676e+00 3.911255e-05 4.053916e+00 8.761338e-01
3.096540e+00 4.028402e-05 3.997914e+00 8.757584e-01
3.089329e+00 3.908796e-05 3.916832e+00 8.767455e-01
3.091518e+00 3.923061e-05 4.043064e+00 8.758403e-01
3.092098e+00 3.979308e-05 3.941161e+00 8.763272e-01
3.086636e+00 3.986992e-05 4.052672e+00 8.756336e-01
3.095284e+00 3.967309e-05 4.020152e+00 8.754583e-01
3.088836e+00 3.959014e-05 3.918549e+00 8.753878e-01
3.084189e+00 4.061973e-05 4.037054e+00 8.759432e-01
3.087123e+00 3.984254e-05 3.979786e+00 8.755507e-01
3.084898e+00 3.903259e-05 3.939751e+00 8.762510e-01
3.087038e+00 4.070062e-05 4.068367e+00 8.757803e-01
3.083393e+00 3.895550e-05 3.923684e+00 8.762148e-01
3.093283e+00 4.175066e-05 4.059863e+00 8.755316e-01
3.083750e+00 3.987276e-05 3.900857e+00 8.757689e-01
3.091898e+00 3.958192e-05 3.908230e+00 8.762395e-01
3.085554e+00 3.936563e-05 4.099465e+00 8.759928e-01
3.088874e+00 3.945047e-05 3.972983e+00 8.757174e-01
3.090837e+00 4.044418e-05 3.957747e+00 8.757784e-01
3.087976e+00 4.105738e-05 4.021988e+00 8.759947e-01
3.086317e+00 4.470940e-05 4.009385e+00 8.760938e-01
3.092145e+00 4.080351e-05 3.931538e+00 8.755364e-01
3.090791e+00 3.895340e-05 4.053565e+00 8.762672e-01
3.084356e+00 3.945741e-05 3.969950e+00 8.757746e-01
3.087624e+00 3.990664e-05 3.980781e+00 8.754983e-01
3.083969e+00 3.925836e-05 4.099915e+00 8.761100e-01
3.097640e+00 4.250658e-05 3.940545e+00 8.755688e-01
3.096499e+00 4.009833e-05 3.975034e+00 8.754973e-01
3.086926e+00 3.869434e-05 3.985463e+00 8.759899e-01
3.079108e+00 3.970133e-05 3.940501e+00 8.753325e-01
3.089233e+00 3.874395e-05 3.929269e+00 8.758175e-01
3.084312e+00 3.903097e-05 3.970883e+00 8.759823e-01
3.089061e+00 3.928643e-05 4.003524e+00 8.755050e-01
3.099040e+00 4.753134e-05 3.999612e+00 8.752896e-01
3.085904e+00 3.977654e-05 3.918404e+00 8.758508e-01
3.086672e+00 3.895398e-05 3.907503e+00 8.753116e-01
3.085136e+00 4.174994e-05 4.065552e+00 8.752106e-01
3.087970e+00 4.043236e-05 3.959001e+00 8.759880e-01
3.083520e+00 3.897542e-05 3.940364e+00 8.758365e-01
3.093367e+00 3.944615e-05 4.068921e+00 8.758556e-01
3.093421e+00 4.044901e-05 4.016730e+00 8.758175e-01
3.089858e+00 3.963507e-05 3.929547e+00 8.756183e-01
3.090557e+00 3.907940e-05 4.095517e+00 8.752830e-01
3.087059e+00 4.192155e-05 3.886815e+00 8.755202e-01
3.090417e+00 3.991056e-05 4.040386e+00 8.751382e-01
3.093078e+00 4.064577e-05 3.924209e+00 8.754983e-01
3.083794e+00 3.920819e-05 3.896652e+00 8.760928e-01
3.082669e+00 3.865390e-05 4.057807e+00 8.757603e-01
3.092658e+00 3.986655e-05 3.932156e+00 8.757660e-01
3.090486e+00 3.933220e-05 3.969149e+00 8.755707e-01
3.093094e+00 3.980049e-05 4.034407e+00 8.762167e-01
3.091545e+00 4.806885e-05 3.924320e+00 8.752258e-01
3.088351e+00 4.361485e-05 3.989987e+00 8.750457e-01
3.078238e+00 3.917857e-05 4.014068e+00 8.759213e-01
3.091667e+00 4.054447e-05 3.976703e+00 8.753087e-01
3.087058e+00 3.935721e-05 3.985682e+00 8.755936e-01
3.089463e+00 3.956004e-05 3.974623e+00 8.757222e-01
3.091138e+00 4.427712e-05 3.930908e+00 8.769055e-01
3.091082e+00 3.989156e-05 4.005503e+00 8.756231e-01
3.089797e+00 3.985224e-05 3.911940e+00 8.758756e-01
3.091315e+00 3.978552e-05 3.963176e+00 8.758575e-01
3.096439e+00 4.042184e-05 4.036683e+00 8.755412e-01
3.087642e+00 4.105836e-05 3.923116e+00 8.757660e-01
3.090559e+00 3.977141e-05 3.938462e+00 8.752992e-01
3.092030e+00 4.012232e-05 4.066435e+00 8.756679e-01
3.088571e+00 3.909761e-05 3.973572e+00 8.760090e-01
3.091129e+00 5.634325e-05 4.019989e+00 8.758013e-01
3.084426e+00 3.960979e-05 4.070854e+00 8.758804e-01
3.087338e+00 4.207612e-05 3.933193e+00 8.757441e-01
3.086857e+00 4.227361e-05 4.018015e+00 8.759223e-01
3.085578e+00 4.005958e-05 4.046545e+00 8.761100e-01
3.095527e+00 3.861708e-05 3.951282e+00 8.754850e-01
3.089480e+00 3.976100e-05 4.001694e+00 8.760814e-01
3.088252e+00 3.896103e-05 3.982453e+00 8.760595e-01
3.095685e+00 6.183920e-05 3.979428e+00 8.761871e-01
3.088049e+00 4.059814e-05 4.043016e+00 8.755840e-01
3.084772e+00 3.920486e-05 3.949947e+00 8.759880e-01
3.089724e+00 4.138006e-05 3.999546e+00 8.761224e-01
3.086387e+00 3.954103e-05 3.903913e+00 8.758775e-01
3.088328e+00 4.020951e-05 4.050392e+00 8.755478e-01
3.081895e+00 3.851969e-05 3.950579e+00 8.750219e-01
3.101173e+00 4.718690e-05 3.997217e+00 8.758756e-01
3.093412e+00 3.899038e-05 4.021866e+00 8.757651e-01
3.088184e+00 4.040965e-05 3.956030e+00 8.756126e-01
3.086959e+00 3.938769e-05 3.992252e+00 8.762710e-01
3.082916e+00 3.910901e-05 4.017553e+00 8.759718e-01
3.087210e+00 3.873082e-05 4.021089e+00 8.756212e-01
3.085213e+00 4.731503e-05 3.967058e+00 8.756574e-01
3.088127e+00 4.217832e-05 4.039863e+00 8.757527e-01
3.091375e+00 4.110903e-05 3.962152e+00 8.758765e-01
