# dim  N   mc   dt  Impsamp 
# 1    1 1049576 0.1
#
# Theoretical Energy = 5.000000e-01
# Energy     Variance     CPU time     Acceptance
5.115739e-01 5.099375e-09 6.665150e-01 9.722402e-01
5.104893e-01 4.862220e-09 6.803930e-01 9.723755e-01
5.093619e-01 4.663917e-09 6.869510e-01 9.722488e-01
5.091710e-01 4.474569e-09 6.895100e-01 9.725680e-01
5.079552e-01 4.244171e-09 6.568180e-01 9.726156e-01
5.080354e-01 4.086703e-09 7.580550e-01 9.724603e-01
5.071012e-01 3.885748e-09 8.077440e-01 9.725975e-01
5.070428e-01 3.701951e-09 8.206920e-01 9.723212e-01
5.060069e-01 3.571260e-09 7.221740e-01 9.727309e-01
5.052986e-01 3.402864e-09 7.873940e-01 9.723841e-01
5.047214e-01 3.293125e-09 7.273020e-01 9.722183e-01
5.042564e-01 3.123327e-09 7.308180e-01 9.722307e-01
5.036203e-01 2.980953e-09 6.834200e-01 9.723498e-01
5.031058e-01 2.839604e-09 6.650550e-01 9.724746e-01
5.023217e-01 2.761970e-09 6.790830e-01 9.726213e-01
5.019904e-01 2.589132e-09 6.685730e-01 9.725899e-01
5.019704e-01 2.500777e-09 6.935650e-01 9.727738e-01
5.013541e-01 2.397369e-09 6.868960e-01 9.726470e-01
5.010858e-01 2.283957e-09 7.165490e-01 9.725203e-01
5.004341e-01 2.199053e-09 6.954200e-01 9.724489e-01
5.001522e-01 2.084212e-09 6.635690e-01 9.727156e-01
4.997271e-01 1.993834e-09 6.491700e-01 9.724879e-01
4.993991e-01 1.920046e-09 6.834130e-01 9.723631e-01
4.992540e-01 1.820223e-09 6.441630e-01 9.724012e-01
4.990550e-01 1.761883e-09 6.830960e-01 9.725727e-01
4.989867e-01 1.679320e-09 6.827560e-01 9.724260e-01
4.987118e-01 1.624062e-09 6.759990e-01 9.724479e-01
4.982283e-01 1.540012e-09 6.817160e-01 9.728624e-01
4.981741e-01 1.471655e-09 6.753530e-01 9.727261e-01
4.976027e-01 1.397449e-09 6.827800e-01 9.722574e-01
4.973780e-01 1.347931e-09 6.537590e-01 9.722936e-01
4.973217e-01 1.291952e-09 6.717860e-01 9.725975e-01
4.971426e-01 1.233696e-09 6.755820e-01 9.724470e-01
4.965056e-01 1.179579e-09 6.664000e-01 9.726175e-01
4.965822e-01 1.117085e-09 6.837500e-01 9.727776e-01
4.962573e-01 1.087297e-09 7.127910e-01 9.728776e-01
4.963244e-01 1.037285e-09 6.855750e-01 9.725356e-01
4.962715e-01 9.842071e-10 6.603820e-01 9.724565e-01
4.958937e-01 9.430886e-10 6.608340e-01 9.723727e-01
4.956216e-01 8.998557e-10 6.606530e-01 9.726004e-01
4.956022e-01 8.607114e-10 6.495660e-01 9.728081e-01
4.954541e-01 8.272684e-10 6.847330e-01 9.727452e-01
4.951061e-01 7.867314e-10 6.738390e-01 9.730263e-01
4.950624e-01 7.625868e-10 6.799770e-01 9.722964e-01
4.950256e-01 7.234543e-10 6.790240e-01 9.722764e-01
4.947761e-01 6.936361e-10 6.708530e-01 9.724012e-01
4.946747e-01 6.627905e-10 6.793690e-01 9.725032e-01
4.944786e-01 6.331515e-10 7.263150e-01 9.727318e-01
4.942940e-01 6.090108e-10 6.898980e-01 9.725318e-01
4.944066e-01 5.793673e-10 8.267010e-01 9.729310e-01
4.943237e-01 5.613452e-10 7.231920e-01 9.725956e-01
4.944154e-01 5.393405e-10 6.603500e-01 9.728185e-01
4.939838e-01 5.089662e-10 6.627790e-01 9.728605e-01
4.939619e-01 4.885542e-10 6.922560e-01 9.725870e-01
4.939812e-01 4.709792e-10 8.262230e-01 9.724070e-01
4.938232e-01 4.503525e-10 6.868820e-01 9.723222e-01
4.935414e-01 4.249259e-10 6.579100e-01 9.724822e-01
4.937286e-01 4.136242e-10 6.501160e-01 9.728128e-01
4.937237e-01 3.979048e-10 6.849690e-01 9.726309e-01
4.934828e-01 3.784276e-10 6.835240e-01 9.726299e-01
4.934437e-01 3.616050e-10 6.809940e-01 9.730415e-01
4.932063e-01 3.462475e-10 7.020300e-01 9.726947e-01
4.932883e-01 3.337105e-10 7.057720e-01 9.725079e-01
4.932782e-01 3.200287e-10 7.153030e-01 9.727661e-01
4.931596e-01 3.072325e-10 6.757430e-01 9.726652e-01
4.931128e-01 2.955867e-10 6.860920e-01 9.725708e-01
4.930429e-01 2.791424e-10 6.797150e-01 9.726070e-01
4.929443e-01 2.687158e-10 6.860360e-01 9.724584e-01
4.930361e-01 2.595263e-10 7.404220e-01 9.726280e-01
4.929079e-01 2.463778e-10 6.979220e-01 9.725318e-01
4.929400e-01 2.390305e-10 6.919260e-01 9.726956e-01
4.928010e-01 2.272386e-10 7.011520e-01 9.726461e-01
4.927201e-01 2.187296e-10 6.796610e-01 9.723546e-01
4.927952e-01 2.104499e-10 6.852130e-01 9.727376e-01
4.927400e-01 2.027460e-10 6.911030e-01 9.724889e-01
4.926929e-01 1.965649e-10 7.893810e-01 9.726347e-01
4.925842e-01 1.860569e-10 6.987320e-01 9.727290e-01
4.925476e-01 1.779292e-10 7.340160e-01 9.726975e-01
4.926326e-01 1.721884e-10 6.958140e-01 9.727309e-01
4.924475e-01 1.642845e-10 7.091530e-01 9.725870e-01
4.925047e-01 1.615446e-10 6.684680e-01 9.726185e-01
4.924484e-01 1.534324e-10 6.859670e-01 9.727414e-01
4.924184e-01 1.470308e-10 6.518260e-01 9.726604e-01
4.923392e-01 1.424039e-10 6.431270e-01 9.724984e-01
4.923449e-01 1.368069e-10 6.766550e-01 9.727214e-01
4.923847e-01 1.321583e-10 6.839140e-01 9.723812e-01
4.922851e-01 1.272517e-10 6.821450e-01 9.728824e-01
4.921939e-01 1.199754e-10 6.568280e-01 9.725775e-01
4.921757e-01 1.164507e-10 6.723880e-01 9.729091e-01
4.922866e-01 1.147625e-10 6.855030e-01 9.728224e-01
4.921803e-01 1.087394e-10 6.810140e-01 9.726089e-01
4.921659e-01 1.056808e-10 6.499350e-01 9.726404e-01
4.922113e-01 1.030038e-10 6.649700e-01 9.725794e-01
4.921173e-01 9.787997e-11 6.739910e-01 9.725594e-01
4.921428e-01 9.451292e-11 6.747880e-01 9.730263e-01
4.921417e-01 9.306039e-11 6.542820e-01 9.726309e-01
4.921542e-01 8.928377e-11 6.604370e-01 9.726280e-01
4.921261e-01 8.632076e-11 6.695950e-01 9.724765e-01
4.920359e-01 8.274182e-11 6.494260e-01 9.727176e-01
4.920430e-01 8.046873e-11 6.828700e-01 9.728814e-01
4.919653e-01 7.597252e-11 6.672060e-01 9.726785e-01
4.920505e-01 7.542094e-11 7.255010e-01 9.726042e-01
4.919641e-01 7.192591e-11 6.833550e-01 9.729805e-01
4.919175e-01 6.949434e-11 6.752860e-01 9.727614e-01
4.919724e-01 6.928592e-11 6.686080e-01 9.728109e-01
4.919378e-01 6.595352e-11 6.617110e-01 9.726718e-01
4.919255e-01 6.388459e-11 6.642820e-01 9.726575e-01
4.920083e-01 6.358165e-11 6.732860e-01 9.725727e-01
4.918949e-01 5.987736e-11 6.646770e-01 9.725823e-01
4.919282e-01 5.946334e-11 7.094090e-01 9.726861e-01
4.918430e-01 5.676135e-11 6.491980e-01 9.728100e-01
4.918488e-01 5.507837e-11 6.661680e-01 9.728671e-01
4.919122e-01 5.486493e-11 6.687650e-01 9.726309e-01
4.918442e-01 5.280602e-11 6.699050e-01 9.728347e-01
4.918533e-01 5.151662e-11 6.923930e-01 9.727499e-01
4.919215e-01 5.106813e-11 6.773720e-01 9.726061e-01
4.919011e-01 4.996944e-11 7.034230e-01 9.726928e-01
4.918430e-01 4.801076e-11 6.737820e-01 9.728500e-01
4.918170e-01 4.643901e-11 6.632420e-01 9.721040e-01
4.918800e-01 4.680839e-11 6.977270e-01 9.722688e-01
4.918065e-01 4.476048e-11 6.569610e-01 9.727719e-01
4.918369e-01 4.427565e-11 6.583480e-01 9.726232e-01
4.918613e-01 4.376834e-11 6.973250e-01 9.726718e-01
4.918245e-01 4.229170e-11 6.538630e-01 9.725556e-01
4.918049e-01 4.139565e-11 6.407080e-01 9.731520e-01
4.917687e-01 4.024868e-11 6.610950e-01 9.727814e-01
4.917636e-01 3.913027e-11 6.289080e-01 9.728862e-01
4.917896e-01 3.901611e-11 6.670700e-01 9.727195e-01
4.917912e-01 3.851431e-11 6.604730e-01 9.727509e-01
4.917452e-01 3.684182e-11 6.721500e-01 9.724184e-01
4.917455e-01 3.664165e-11 7.223640e-01 9.727099e-01
4.917480e-01 3.606765e-11 6.719070e-01 9.724260e-01
4.917261e-01 3.510495e-11 7.393710e-01 9.724822e-01
4.917211e-01 3.481707e-11 6.585470e-01 9.726575e-01
4.917807e-01 3.499489e-11 6.491880e-01 9.723231e-01
4.917393e-01 3.394662e-11 6.752770e-01 9.724298e-01
4.917441e-01 3.381971e-11 6.656070e-01 9.725518e-01
4.917106e-01 3.303488e-11 6.798610e-01 9.727499e-01
4.917189e-01 3.276050e-11 6.588060e-01 9.727661e-01
4.917061e-01 3.183484e-11 6.580020e-01 9.727290e-01
4.916906e-01 3.144493e-11 6.733390e-01 9.725623e-01
4.917340e-01 3.176872e-11 6.699540e-01 9.726061e-01
4.917059e-01 3.096490e-11 6.531120e-01 9.726890e-01
4.917500e-01 3.143939e-11 6.578670e-01 9.726128e-01
4.916757e-01 3.019059e-11 6.612520e-01 9.729900e-01
4.917041e-01 3.021116e-11 6.689090e-01 9.726528e-01
4.917173e-01 3.017542e-11 6.588200e-01 9.726775e-01
4.916684e-01 2.942811e-11 6.616290e-01 9.725813e-01
4.917126e-01 2.971832e-11 6.971080e-01 9.725994e-01
4.916540e-01 2.855395e-11 6.806990e-01 9.727271e-01
4.916911e-01 2.858758e-11 6.840270e-01 9.726556e-01
4.917010e-01 2.863667e-11 6.774200e-01 9.727804e-01
4.916825e-01 2.812099e-11 6.516700e-01 9.727014e-01
4.916503e-01 2.751837e-11 6.810010e-01 9.726709e-01
4.916284e-01 2.695170e-11 6.565380e-01 9.726623e-01
4.916479e-01 2.709197e-11 6.484810e-01 9.725118e-01
4.916727e-01 2.725681e-11 7.424610e-01 9.726394e-01
4.916707e-01 2.705707e-11 6.694070e-01 9.726175e-01
4.916437e-01 2.668306e-11 6.626220e-01 9.725899e-01
4.916543e-01 2.632145e-11 6.711440e-01 9.727128e-01
4.916881e-01 2.696259e-11 6.649750e-01 9.728871e-01
4.916433e-01 2.627196e-11 6.478920e-01 9.725689e-01
4.916710e-01 2.610475e-11 6.644190e-01 9.729767e-01
4.916844e-01 2.652608e-11 6.606940e-01 9.728986e-01
4.916317e-01 2.547313e-11 6.602020e-01 9.725461e-01
4.916502e-01 2.590480e-11 6.512180e-01 9.727881e-01
4.916559e-01 2.580720e-11 6.674030e-01 9.724765e-01
4.916486e-01 2.547080e-11 6.863590e-01 9.727147e-01
4.916435e-01 2.548304e-11 6.469790e-01 9.724975e-01
4.916581e-01 2.536646e-11 6.760970e-01 9.726852e-01
4.916559e-01 2.537935e-11 6.874150e-01 9.728224e-01
4.916089e-01 2.480040e-11 6.751980e-01 9.725584e-01
4.916253e-01 2.509055e-11 6.900770e-01 9.725804e-01
4.916389e-01 2.486336e-11 6.975890e-01 9.725461e-01
4.916452e-01 2.506805e-11 6.612350e-01 9.725299e-01
4.916467e-01 2.473988e-11 6.511460e-01 9.723650e-01
4.916271e-01 2.465873e-11 6.811660e-01 9.728262e-01
4.916442e-01 2.482049e-11 6.692820e-01 9.724451e-01
4.916073e-01 2.434514e-11 6.630040e-01 9.728176e-01
4.916268e-01 2.449899e-11 6.585610e-01 9.724994e-01
4.916494e-01 2.454775e-11 6.614800e-01 9.728138e-01
4.916488e-01 2.461207e-11 6.902490e-01 9.730329e-01
4.916553e-01 2.485648e-11 6.526720e-01 9.726632e-01
4.916317e-01 2.426505e-11 7.007750e-01 9.727719e-01
4.916266e-01 2.403864e-11 6.395920e-01 9.726413e-01
4.916302e-01 2.435021e-11 6.686520e-01 9.725127e-01
4.916170e-01 2.376677e-11 6.400310e-01 9.727252e-01
4.916178e-01 2.387217e-11 6.718380e-01 9.725232e-01
4.916447e-01 2.443331e-11 6.753150e-01 9.724746e-01
4.916222e-01 2.415242e-11 6.680490e-01 9.727357e-01
4.916097e-01 2.384759e-11 6.691670e-01 9.725070e-01
4.916205e-01 2.402683e-11 6.674290e-01 9.728929e-01
4.916401e-01 2.395806e-11 6.489760e-01 9.726347e-01
4.916040e-01 2.382920e-11 6.511710e-01 9.728729e-01
4.916360e-01 2.379585e-11 6.925050e-01 9.727519e-01
4.916110e-01 2.354420e-11 7.187040e-01 9.728471e-01
4.916070e-01 2.351053e-11 6.672910e-01 9.727299e-01
4.916142e-01 2.357388e-11 6.725080e-01 9.727147e-01
4.916097e-01 2.369625e-11 6.736230e-01 9.730701e-01
4.916313e-01 2.373864e-11 6.902340e-01 9.729843e-01
4.915989e-01 2.333755e-11 6.553040e-01 9.727309e-01
4.916290e-01 2.356367e-11 6.629900e-01 9.724384e-01
4.916072e-01 2.361982e-11 6.474720e-01 9.727176e-01
4.916079e-01 2.340839e-11 6.521870e-01 9.729443e-01
4.916224e-01 2.341772e-11 6.816620e-01 9.726118e-01
4.916189e-01 2.337838e-11 6.820760e-01 9.729796e-01
4.915976e-01 2.341920e-11 6.903710e-01 9.726690e-01
4.916138e-01 2.349493e-11 6.754240e-01 9.727519e-01
4.916051e-01 2.343823e-11 6.899310e-01 9.727690e-01
4.916168e-01 2.347022e-11 6.642160e-01 9.730062e-01
4.916022e-01 2.321904e-11 6.672190e-01 9.728195e-01
4.916236e-01 2.367086e-11 7.032270e-01 9.728805e-01
4.916329e-01 2.365899e-11 6.988260e-01 9.727033e-01
4.916165e-01 2.337254e-11 6.727110e-01 9.725194e-01
4.916079e-01 2.324295e-11 6.879940e-01 9.726499e-01
4.916050e-01 2.322806e-11 6.834200e-01 9.725079e-01
4.916061e-01 2.315746e-11 6.316780e-01 9.725346e-01
4.916300e-01 2.339023e-11 6.469090e-01 9.727080e-01
4.916030e-01 2.305388e-11 6.396440e-01 9.726556e-01
4.915987e-01 2.306011e-11 6.704380e-01 9.727642e-01
4.916056e-01 2.304342e-11 6.862130e-01 9.727557e-01
4.915961e-01 2.306745e-11 6.482760e-01 9.725499e-01
4.916032e-01 2.310929e-11 6.766670e-01 9.725994e-01
4.916269e-01 2.348463e-11 6.553170e-01 9.729834e-01
4.915933e-01 2.299498e-11 6.682250e-01 9.727538e-01
4.915846e-01 2.275182e-11 6.866420e-01 9.725861e-01
4.915908e-01 2.303669e-11 6.563560e-01 9.725470e-01
4.915911e-01 2.280327e-11 6.843710e-01 9.726833e-01
4.915971e-01 2.297714e-11 6.489300e-01 9.728576e-01
4.916080e-01 2.312012e-11 6.707670e-01 9.728157e-01
4.915953e-01 2.298134e-11 6.983250e-01 9.725108e-01
4.916129e-01 2.302276e-11 6.514890e-01 9.727309e-01
4.916218e-01 2.342344e-11 6.792100e-01 9.726632e-01
4.916066e-01 2.321980e-11 6.412080e-01 9.728157e-01
4.915975e-01 2.312445e-11 6.928140e-01 9.727957e-01
4.916106e-01 2.321364e-11 6.557960e-01 9.729700e-01
4.916071e-01 2.329392e-11 6.458630e-01 9.725765e-01
4.915988e-01 2.277948e-11 6.506810e-01 9.726956e-01
4.916066e-01 2.294383e-11 6.556120e-01 9.723993e-01
4.916240e-01 2.318632e-11 6.564800e-01 9.727814e-01
4.916168e-01 2.316428e-11 6.678120e-01 9.728224e-01
4.915979e-01 2.312010e-11 7.025040e-01 9.725308e-01
4.915881e-01 2.258992e-11 7.157630e-01 9.727528e-01
4.916130e-01 2.290464e-11 6.922620e-01 9.723584e-01
4.916168e-01 2.313801e-11 6.583780e-01 9.726642e-01
4.916265e-01 2.333218e-11 6.658050e-01 9.725375e-01
4.916196e-01 2.333335e-11 6.664940e-01 9.724546e-01
4.915876e-01 2.279997e-11 6.378880e-01 9.724231e-01
4.916052e-01 2.320561e-11 6.634920e-01 9.729405e-01
4.915955e-01 2.280483e-11 6.773740e-01 9.728386e-01
4.916358e-01 2.336878e-11 6.943820e-01 9.725927e-01
4.916081e-01 2.286467e-11 7.088730e-01 9.729310e-01
4.916164e-01 2.296318e-11 6.516560e-01 9.728004e-01
4.915900e-01 2.278107e-11 6.540350e-01 9.726632e-01
4.916254e-01 2.314636e-11 6.517930e-01 9.724108e-01
4.916148e-01 2.308443e-11 6.817430e-01 9.728081e-01
4.915958e-01 2.281415e-11 6.744640e-01 9.728271e-01
4.916277e-01 2.327496e-11 6.470560e-01 9.727261e-01
4.916108e-01 2.314040e-11 6.562370e-01 9.726766e-01
4.916027e-01 2.275284e-11 6.677240e-01 9.728290e-01
4.916023e-01 2.281970e-11 6.357350e-01 9.726175e-01
4.915963e-01 2.304460e-11 6.381210e-01 9.727128e-01
4.916044e-01 2.261571e-11 6.752770e-01 9.728538e-01
4.916360e-01 2.339131e-11 6.709510e-01 9.724413e-01
4.916412e-01 2.330417e-11 6.733010e-01 9.727719e-01
4.916090e-01 2.299807e-11 6.512890e-01 9.723974e-01
4.915981e-01 2.282258e-11 6.890250e-01 9.723831e-01
4.916142e-01 2.320534e-11 7.097350e-01 9.725985e-01
4.916080e-01 2.297145e-11 6.716630e-01 9.727214e-01
4.916338e-01 2.311476e-11 6.729420e-01 9.725470e-01
4.916046e-01 2.288932e-11 6.484190e-01 9.727433e-01
4.916209e-01 2.300188e-11 6.543940e-01 9.727271e-01
4.916358e-01 2.333859e-11 6.769170e-01 9.723650e-01
4.915861e-01 2.234693e-11 6.621980e-01 9.725537e-01
4.916053e-01 2.279999e-11 6.614810e-01 9.726975e-01
4.916226e-01 2.308573e-11 6.667290e-01 9.730272e-01
4.916151e-01 2.292455e-11 6.419530e-01 9.727357e-01
4.916063e-01 2.266110e-11 6.612360e-01 9.727052e-01
4.915936e-01 2.262335e-11 6.733830e-01 9.725775e-01
4.915967e-01 2.285882e-11 6.710970e-01 9.726642e-01
4.916214e-01 2.294000e-11 6.455220e-01 9.727709e-01
4.916070e-01 2.281939e-11 6.616480e-01 9.726490e-01
4.916047e-01 2.275678e-11 6.578770e-01 9.725832e-01
4.916363e-01 2.328362e-11 6.571310e-01 9.723117e-01
4.916200e-01 2.311575e-11 6.631890e-01 9.727033e-01
4.916054e-01 2.277158e-11 6.575420e-01 9.726804e-01
4.916378e-01 2.323801e-11 6.429680e-01 9.727299e-01
4.916207e-01 2.298914e-11 6.365110e-01 9.723908e-01
4.916583e-01 2.375067e-11 6.485580e-01 9.727242e-01
4.916263e-01 2.304171e-11 6.592400e-01 9.724784e-01
4.916016e-01 2.263744e-11 6.785870e-01 9.724603e-01
4.916367e-01 2.332229e-11 7.125990e-01 9.723164e-01
4.916197e-01 2.303538e-11 7.078940e-01 9.725137e-01
4.916046e-01 2.262485e-11 6.752130e-01 9.727252e-01
4.916218e-01 2.315790e-11 6.825460e-01 9.723203e-01
4.916260e-01 2.312962e-11 6.376740e-01 9.727776e-01
4.916342e-01 2.302202e-11 6.600790e-01 9.728776e-01
4.916339e-01 2.306007e-11 6.656950e-01 9.727280e-01
4.916341e-01 2.301930e-11 6.643960e-01 9.726147e-01
4.916257e-01 2.316472e-11 6.648460e-01 9.725022e-01
4.916336e-01 2.313177e-11 6.633840e-01 9.728786e-01
4.916467e-01 2.315264e-11 6.679390e-01 9.727042e-01
4.916156e-01 2.304606e-11 6.414380e-01 9.728424e-01
4.916265e-01 2.310335e-11 6.730660e-01 9.728157e-01
4.916121e-01 2.265057e-11 6.573120e-01 9.726480e-01
4.916282e-01 2.288110e-11 6.421720e-01 9.727052e-01
4.916350e-01 2.297601e-11 6.733540e-01 9.725127e-01
4.916138e-01 2.267146e-11 6.535620e-01 9.727881e-01
4.916236e-01 2.271354e-11 6.611630e-01 9.728528e-01
4.916001e-01 2.240757e-11 6.615120e-01 9.727957e-01
4.916516e-01 2.323760e-11 6.490750e-01 9.726289e-01
4.916145e-01 2.279815e-11 6.569640e-01 9.727338e-01
4.916165e-01 2.256617e-11 6.525180e-01 9.728548e-01
4.916405e-01 2.302726e-11 6.523280e-01 9.725937e-01
4.916271e-01 2.294605e-11 6.656290e-01 9.724784e-01
4.916221e-01 2.274688e-11 6.922040e-01 9.725394e-01
4.916153e-01 2.277081e-11 6.720160e-01 9.727938e-01
4.916114e-01 2.289316e-11 6.465420e-01 9.727480e-01
4.916276e-01 2.281907e-11 6.794930e-01 9.725594e-01
4.916174e-01 2.253765e-11 6.671560e-01 9.726061e-01
4.916193e-01 2.286960e-11 6.662930e-01 9.728033e-01
4.916402e-01 2.303613e-11 6.748350e-01 9.725966e-01
4.916203e-01 2.286522e-11 6.733310e-01 9.727328e-01
4.916097e-01 2.258085e-11 7.041500e-01 9.726051e-01
4.916063e-01 2.264888e-11 6.635960e-01 9.724898e-01
4.916008e-01 2.261166e-11 6.601390e-01 9.724889e-01
4.916283e-01 2.279196e-11 6.561030e-01 9.730062e-01
4.916492e-01 2.293531e-11 6.622680e-01 9.728633e-01
4.916170e-01 2.273589e-11 6.736070e-01 9.726842e-01
4.915982e-01 2.253528e-11 6.558690e-01 9.725851e-01
4.916178e-01 2.279498e-11 6.771640e-01 9.726423e-01
4.916331e-01 2.261731e-11 6.929090e-01 9.724889e-01
4.915921e-01 2.227308e-11 6.692020e-01 9.722135e-01
4.916359e-01 2.285676e-11 6.593980e-01 9.724841e-01
4.915912e-01 2.218373e-11 6.492740e-01 9.728043e-01
4.916342e-01 2.288701e-11 6.603260e-01 9.725461e-01
4.916310e-01 2.287207e-11 6.449610e-01 9.727957e-01
4.916320e-01 2.263370e-11 6.469780e-01 9.723603e-01
4.916231e-01 2.252068e-11 6.799540e-01 9.726956e-01
4.916355e-01 2.279096e-11 6.765750e-01 9.727366e-01
4.916297e-01 2.261592e-11 7.063080e-01 9.728643e-01
4.916573e-01 2.285444e-11 6.782290e-01 9.726470e-01
4.916308e-01 2.256121e-11 6.748720e-01 9.727147e-01
4.916450e-01 2.311579e-11 6.695180e-01 9.726613e-01
4.916357e-01 2.285149e-11 6.563570e-01 9.725584e-01
4.916171e-01 2.265327e-11 6.684380e-01 9.729491e-01
4.916499e-01 2.297303e-11 6.513760e-01 9.726632e-01
4.916303e-01 2.250979e-11 6.765900e-01 9.723660e-01
4.916143e-01 2.245561e-11 6.664950e-01 9.727318e-01
4.916286e-01 2.272199e-11 6.661690e-01 9.725889e-01
4.916540e-01 2.301533e-11 6.373680e-01 9.727252e-01
4.916452e-01 2.276915e-11 6.443390e-01 9.725889e-01
4.916397e-01 2.293100e-11 6.645140e-01 9.725823e-01
4.916579e-01 2.299271e-11 6.782380e-01 9.726918e-01
4.916368e-01 2.273263e-11 6.608960e-01 9.728195e-01
4.916285e-01 2.270684e-11 6.936870e-01 9.727661e-01
4.916424e-01 2.261608e-11 6.579220e-01 9.724231e-01
4.916583e-01 2.297683e-11 6.653530e-01 9.724374e-01
4.916085e-01 2.242008e-11 6.773030e-01 9.725546e-01
4.916524e-01 2.275666e-11 6.562300e-01 9.726604e-01
4.916405e-01 2.271779e-11 6.648410e-01 9.726051e-01
4.916473e-01 2.293092e-11 6.560620e-01 9.725985e-01
4.916625e-01 2.291528e-11 6.719620e-01 9.725384e-01
4.916427e-01 2.283603e-11 6.599000e-01 9.724908e-01
4.916604e-01 2.324987e-11 6.721410e-01 9.725194e-01
4.916420e-01 2.269190e-11 6.690780e-01 9.725994e-01
4.916522e-01 2.274777e-11 6.891580e-01 9.727833e-01
4.916449e-01 2.275916e-11 6.517290e-01 9.727433e-01
4.916560e-01 2.298194e-11 6.465470e-01 9.727176e-01
4.916279e-01 2.246283e-11 6.711160e-01 9.728252e-01
4.916602e-01 2.286825e-11 6.814370e-01 9.729033e-01
4.916464e-01 2.274784e-11 7.073010e-01 9.726566e-01
4.916329e-01 2.266520e-11 6.682880e-01 9.724108e-01
4.916412e-01 2.256912e-11 6.499550e-01 9.723374e-01
4.916724e-01 2.324179e-11 6.458410e-01 9.725804e-01
4.916586e-01 2.290722e-11 6.647160e-01 9.726890e-01
4.916451e-01 2.295584e-11 6.627890e-01 9.725260e-01
4.916733e-01 2.327387e-11 6.661020e-01 9.723412e-01
4.916380e-01 2.287422e-11 6.625760e-01 9.727071e-01
4.916324e-01 2.254609e-11 6.520410e-01 9.729738e-01
4.916432e-01 2.256311e-11 6.585740e-01 9.727242e-01
4.916234e-01 2.247235e-11 6.647450e-01 9.724108e-01
4.916628e-01 2.275175e-11 6.646760e-01 9.727690e-01
4.916348e-01 2.247015e-11 6.683930e-01 9.726718e-01
4.916347e-01 2.250569e-11 6.622650e-01 9.725041e-01
4.916697e-01 2.315783e-11 6.747910e-01 9.729262e-01
4.916345e-01 2.250859e-11 6.904050e-01 9.727452e-01
4.916552e-01 2.285573e-11 6.860750e-01 9.727985e-01
4.917019e-01 2.331790e-11 6.702420e-01 9.728300e-01
4.916393e-01 2.245894e-11 6.645340e-01 9.725680e-01
4.916431e-01 2.268286e-11 6.880260e-01 9.726642e-01
4.916550e-01 2.281135e-11 6.552860e-01 9.728281e-01
4.916335e-01 2.257848e-11 6.502140e-01 9.722364e-01
4.916521e-01 2.274321e-11 6.576420e-01 9.726937e-01
4.916604e-01 2.256283e-11 6.788770e-01 9.729786e-01
4.916561e-01 2.271276e-11 6.504140e-01 9.725118e-01
4.916726e-01 2.293141e-11 6.535970e-01 9.728871e-01
4.916402e-01 2.279976e-11 6.466800e-01 9.726890e-01
4.916248e-01 2.240824e-11 6.738100e-01 9.726404e-01
4.916741e-01 2.289648e-11 6.799330e-01 9.727461e-01
4.916311e-01 2.258024e-11 6.734130e-01 9.726318e-01
4.916557e-01 2.251798e-11 6.664540e-01 9.727633e-01
4.916751e-01 2.288944e-11 6.760580e-01 9.726194e-01
4.916711e-01 2.292286e-11 6.742900e-01 9.724803e-01
4.916422e-01 2.245291e-11 6.581750e-01 9.727090e-01
4.916537e-01 2.254020e-11 6.828020e-01 9.725927e-01
4.916487e-01 2.250843e-11 6.994920e-01 9.725165e-01
4.916606e-01 2.278281e-11 7.025510e-01 9.724975e-01
4.916479e-01 2.256030e-11 6.686690e-01 9.728471e-01
4.916326e-01 2.239546e-11 6.517560e-01 9.726147e-01
4.916528e-01 2.266591e-11 7.117540e-01 9.729500e-01
4.916441e-01 2.255148e-11 6.679300e-01 9.727633e-01
4.916505e-01 2.272945e-11 6.596080e-01 9.726375e-01
4.916440e-01 2.255275e-11 6.586260e-01 9.725108e-01
4.916576e-01 2.262081e-11 6.499850e-01 9.728471e-01
4.916563e-01 2.285080e-11 6.646130e-01 9.728929e-01
4.916681e-01 2.288583e-11 6.796280e-01 9.726556e-01
4.916776e-01 2.296526e-11 6.594390e-01 9.727842e-01
4.916535e-01 2.254255e-11 6.654270e-01 9.729138e-01
4.916585e-01 2.271778e-11 6.784660e-01 9.727538e-01
4.917078e-01 2.349923e-11 6.609330e-01 9.727947e-01
4.916687e-01 2.280009e-11 6.621320e-01 9.725299e-01
4.916892e-01 2.333969e-11 6.756830e-01 9.724289e-01
4.916587e-01 2.279624e-11 6.620340e-01 9.727328e-01
4.916434e-01 2.233030e-11 6.611080e-01 9.727747e-01
4.916505e-01 2.252849e-11 6.587470e-01 9.723784e-01
4.916617e-01 2.254043e-11 6.973110e-01 9.724441e-01
4.916726e-01 2.261173e-11 6.670900e-01 9.728500e-01
4.916604e-01 2.257396e-11 6.805300e-01 9.728147e-01
4.916513e-01 2.255312e-11 6.841160e-01 9.725003e-01
4.916710e-01 2.267461e-11 6.853450e-01 9.728957e-01
4.916651e-01 2.252096e-11 6.564520e-01 9.725394e-01
4.916646e-01 2.253737e-11 6.762390e-01 9.725746e-01
4.916683e-01 2.230265e-11 6.958920e-01 9.725146e-01
4.916651e-01 2.259884e-11 6.624940e-01 9.728986e-01
4.916703e-01 2.275116e-11 6.886050e-01 9.727452e-01
4.916570e-01 2.273089e-11 6.843000e-01 9.728700e-01
4.916576e-01 2.247612e-11 6.501630e-01 9.728357e-01
4.916642e-01 2.258851e-11 6.772060e-01 9.726909e-01
4.916831e-01 2.284754e-11 6.652020e-01 9.725165e-01
4.916690e-01 2.256115e-11 6.801080e-01 9.728386e-01
4.916554e-01 2.251214e-11 7.171070e-01 9.730062e-01
4.916857e-01 2.286768e-11 6.742800e-01 9.726404e-01
4.916607e-01 2.233816e-11 6.673750e-01 9.727490e-01
4.916712e-01 2.273138e-11 6.588290e-01 9.729157e-01
4.916636e-01 2.249850e-11 6.486350e-01 9.726442e-01
4.916421e-01 2.225045e-11 6.826220e-01 9.725546e-01
4.916703e-01 2.271751e-11 6.784720e-01 9.726890e-01
4.916637e-01 2.259872e-11 6.585130e-01 9.729100e-01
4.916747e-01 2.275924e-11 6.581650e-01 9.725756e-01
4.916863e-01 2.287198e-11 6.682040e-01 9.726842e-01
4.916875e-01 2.278702e-11 6.492550e-01 9.727966e-01
4.916408e-01 2.221923e-11 6.624470e-01 9.725108e-01
4.916514e-01 2.248124e-11 6.388050e-01 9.725165e-01
4.916911e-01 2.258733e-11 6.539590e-01 9.728833e-01
4.916769e-01 2.244629e-11 6.730280e-01 9.726242e-01
4.916708e-01 2.277426e-11 6.590520e-01 9.725375e-01
4.916522e-01 2.234247e-11 6.631930e-01 9.729148e-01
4.916813e-01 2.268649e-11 6.622950e-01 9.726995e-01
4.916553e-01 2.231262e-11 6.912250e-01 9.722736e-01
4.916803e-01 2.270568e-11 6.737780e-01 9.728128e-01
4.916715e-01 2.239969e-11 6.684770e-01 9.727766e-01
4.916907e-01 2.309232e-11 6.613700e-01 9.726632e-01
4.916737e-01 2.237325e-11 6.339630e-01 9.723612e-01
4.916840e-01 2.282040e-11 6.534230e-01 9.725966e-01
4.916773e-01 2.266499e-11 7.111220e-01 9.725518e-01
4.916577e-01 2.238165e-11 6.797580e-01 9.725985e-01
4.916465e-01 2.220742e-11 6.750290e-01 9.728338e-01
4.916614e-01 2.247381e-11 6.516740e-01 9.726737e-01
4.916560e-01 2.229482e-11 6.653910e-01 9.728729e-01
4.916534e-01 2.205120e-11 6.579090e-01 9.725813e-01
4.916696e-01 2.249317e-11 6.499960e-01 9.729434e-01
4.916501e-01 2.220406e-11 6.637370e-01 9.725842e-01
4.916943e-01 2.278189e-11 6.699160e-01 9.727347e-01
4.916987e-01 2.269048e-11 6.753100e-01 9.728262e-01
4.916724e-01 2.231327e-11 6.576930e-01 9.725584e-01
4.916713e-01 2.265644e-11 6.677830e-01 9.728462e-01
4.916506e-01 2.220935e-11 6.839250e-01 9.727700e-01
4.916837e-01 2.278600e-11 6.640370e-01 9.724879e-01
4.916506e-01 2.225459e-11 7.003040e-01 9.727156e-01
4.916823e-01 2.247389e-11 6.756120e-01 9.725280e-01
4.916783e-01 2.245109e-11 6.563490e-01 9.726652e-01
4.916978e-01 2.287477e-11 6.458930e-01 9.725785e-01
4.916834e-01 2.262686e-11 6.794570e-01 9.726070e-01
4.916818e-01 2.239179e-11 6.438900e-01 9.726642e-01
4.916941e-01 2.263789e-11 6.740030e-01 9.724898e-01
4.916959e-01 2.264333e-11 6.640550e-01 9.727261e-01
4.916843e-01 2.270555e-11 6.710970e-01 9.723260e-01
4.916726e-01 2.263126e-11 6.497250e-01 9.726442e-01
4.916701e-01 2.218929e-11 6.938950e-01 9.727700e-01
4.916845e-01 2.260276e-11 7.106880e-01 9.728004e-01
4.916949e-01 2.272282e-11 6.608500e-01 9.725518e-01
4.916700e-01 2.224532e-11 6.621380e-01 9.727052e-01
4.916716e-01 2.206980e-11 6.782040e-01 9.726880e-01
4.916992e-01 2.283677e-11 6.588090e-01 9.726794e-01
4.916940e-01 2.304282e-11 6.658700e-01 9.727376e-01
4.916952e-01 2.270716e-11 6.731960e-01 9.727766e-01
4.917096e-01 2.288876e-11 6.778250e-01 9.729214e-01
4.916970e-01 2.254651e-11 6.381110e-01 9.725746e-01
