# dim  N   mc   rho  Brute 
# 1    1 500000 1
#
# Theoretical Energy = 5.000000e-01
# Energy     Variance     CPU time     Acceptance
5.043520e-01 1.009971e-08 2.601400e-01 8.627800e-01
5.050407e-01 1.024328e-08 2.579730e-01 8.622920e-01
5.046959e-01 1.026738e-08 2.466600e-01 8.619200e-01
5.043044e-01 1.005025e-08 2.514650e-01 8.615600e-01
5.039060e-01 9.807588e-09 2.372520e-01 8.621560e-01
5.044213e-01 9.714217e-09 3.555080e-01 8.623580e-01
5.040570e-01 9.827882e-09 2.692010e-01 8.614660e-01
5.039974e-01 9.658728e-09 2.431490e-01 8.618320e-01
5.045665e-01 9.524209e-09 2.412880e-01 8.623680e-01
5.057641e-01 9.624655e-09 2.384070e-01 8.621140e-01
5.046234e-01 9.442563e-09 2.493080e-01 8.627840e-01
5.052346e-01 9.511286e-09 2.432360e-01 8.626540e-01
5.034599e-01 9.311223e-09 2.527450e-01 8.615600e-01
5.034757e-01 8.989151e-09 2.382600e-01 8.618300e-01
5.042743e-01 9.274106e-09 2.286580e-01 8.621760e-01
5.055105e-01 9.374254e-09 2.643790e-01 8.613660e-01
5.035157e-01 9.070462e-09 2.509240e-01 8.624120e-01
5.047980e-01 9.088156e-09 2.695240e-01 8.610580e-01
5.045326e-01 9.102252e-09 3.946460e-01 8.618060e-01
5.026837e-01 8.715821e-09 3.226890e-01 8.621940e-01
5.040978e-01 8.717410e-09 3.698420e-01 8.620300e-01
5.041517e-01 8.688371e-09 3.187750e-01 8.627040e-01
5.051756e-01 8.734758e-09 2.842110e-01 8.629100e-01
5.042949e-01 8.721580e-09 3.524930e-01 8.624080e-01
5.035218e-01 8.536069e-09 3.606380e-01 8.612320e-01
5.034274e-01 8.402850e-09 3.066950e-01 8.620480e-01
5.037073e-01 8.278411e-09 3.700040e-01 8.627240e-01
5.038295e-01 8.261232e-09 4.179320e-01 8.633000e-01
5.041215e-01 8.286277e-09 4.200500e-01 8.627840e-01
5.037281e-01 8.180043e-09 3.620060e-01 8.624920e-01
5.045286e-01 8.289406e-09 3.422630e-01 8.623340e-01
5.038372e-01 7.960032e-09 3.444330e-01 8.638100e-01
5.031207e-01 7.894190e-09 3.204590e-01 8.621980e-01
5.041623e-01 8.153802e-09 3.560550e-01 8.617260e-01
5.036780e-01 7.974615e-09 2.933010e-01 8.617540e-01
5.036724e-01 7.786814e-09 2.901340e-01 8.622940e-01
5.034462e-01 7.739916e-09 2.730140e-01 8.626520e-01
5.030287e-01 7.543851e-09 2.772620e-01 8.627240e-01
5.033139e-01 7.685291e-09 2.573530e-01 8.631860e-01
5.034489e-01 7.429875e-09 2.500490e-01 8.642760e-01
5.036371e-01 7.507998e-09 2.405850e-01 8.636440e-01
5.029316e-01 7.334966e-09 2.358590e-01 8.630660e-01
5.035403e-01 7.459189e-09 2.410340e-01 8.630060e-01
5.035802e-01 7.454933e-09 2.390290e-01 8.629720e-01
5.041123e-01 7.458861e-09 2.363360e-01 8.619540e-01
5.030723e-01 7.206986e-09 2.556740e-01 8.625060e-01
5.028938e-01 7.146231e-09 3.036160e-01 8.625240e-01
5.027192e-01 7.079266e-09 3.025060e-01 8.630620e-01
5.035687e-01 7.158994e-09 2.854370e-01 8.620360e-01
5.031110e-01 7.001968e-09 2.732290e-01 8.627000e-01
5.021437e-01 6.819153e-09 2.691120e-01 8.625220e-01
5.036193e-01 7.036054e-09 2.747210e-01 8.619500e-01
5.041119e-01 7.217190e-09 2.472200e-01 8.619560e-01
5.030222e-01 6.836744e-09 2.433840e-01 8.620260e-01
5.027884e-01 6.733883e-09 3.079650e-01 8.624900e-01
5.032501e-01 6.927339e-09 3.061400e-01 8.627760e-01
5.030984e-01 6.762403e-09 2.825570e-01 8.623420e-01
5.026769e-01 6.659094e-09 2.560230e-01 8.632900e-01
5.028820e-01 6.630566e-09 2.764930e-01 8.624440e-01
5.025107e-01 6.468685e-09 2.638510e-01 8.621460e-01
5.029170e-01 6.448331e-09 2.423940e-01 8.626680e-01
5.026611e-01 6.482441e-09 3.502650e-01 8.635000e-01
5.024432e-01 6.354210e-09 2.732810e-01 8.628960e-01
5.027664e-01 6.356906e-09 2.631060e-01 8.628100e-01
5.037281e-01 6.409957e-09 2.559280e-01 8.630740e-01
5.027096e-01 6.267275e-09 2.475020e-01 8.631220e-01
5.023036e-01 6.304847e-09 2.472260e-01 8.624000e-01
5.033259e-01 6.280578e-09 2.422040e-01 8.615060e-01
5.028340e-01 6.236102e-09 2.583430e-01 8.621300e-01
5.025540e-01 6.081892e-09 2.558030e-01 8.628780e-01
5.032512e-01 6.227687e-09 2.429800e-01 8.623860e-01
5.027195e-01 5.984027e-09 2.544520e-01 8.623640e-01
5.029696e-01 6.139047e-09 2.361750e-01 8.624780e-01
5.026144e-01 5.874409e-09 2.496980e-01 8.627040e-01
5.017887e-01 5.889107e-09 2.500890e-01 8.621580e-01
5.022346e-01 5.767149e-09 2.590090e-01 8.639760e-01
5.022671e-01 5.770520e-09 2.458770e-01 8.622040e-01
5.024185e-01 5.831854e-09 2.598960e-01 8.629500e-01
5.027479e-01 5.744961e-09 2.597370e-01 8.630280e-01
5.034138e-01 5.799788e-09 2.517150e-01 8.629060e-01
5.019814e-01 5.489521e-09 2.501540e-01 8.622020e-01
5.026493e-01 5.670106e-09 2.310940e-01 8.632060e-01
5.022690e-01 5.540200e-09 2.382610e-01 8.630120e-01
5.025923e-01 5.608155e-09 2.506780e-01 8.627660e-01
5.016849e-01 5.383713e-09 2.403740e-01 8.636500e-01
5.020161e-01 5.436458e-09 2.450620e-01 8.634020e-01
5.019903e-01 5.397495e-09 2.487560e-01 8.622640e-01
5.029465e-01 5.536118e-09 2.449800e-01 8.631440e-01
5.025969e-01 5.514660e-09 2.569730e-01 8.614400e-01
5.023583e-01 5.310574e-09 2.749060e-01 8.633260e-01
5.027599e-01 5.347468e-09 2.507270e-01 8.623000e-01
5.020213e-01 5.281470e-09 2.682110e-01 8.629980e-01
5.021768e-01 5.322794e-09 2.623210e-01 8.624900e-01
5.023526e-01 5.222974e-09 2.642500e-01 8.625640e-01
5.022762e-01 5.222493e-09 2.541550e-01 8.623040e-01
5.020833e-01 5.161342e-09 2.606670e-01 8.615600e-01
5.018258e-01 5.099977e-09 2.479410e-01 8.623240e-01
5.021629e-01 5.138843e-09 2.697030e-01 8.623560e-01
5.025331e-01 5.229850e-09 2.547960e-01 8.625320e-01
5.032101e-01 5.243120e-09 2.513760e-01 8.618660e-01
5.019978e-01 5.011761e-09 2.555070e-01 8.630960e-01
5.022407e-01 5.037250e-09 2.459800e-01 8.622820e-01
5.022781e-01 5.008329e-09 2.617360e-01 8.630160e-01
5.020082e-01 4.974447e-09 2.529290e-01 8.612360e-01
5.018130e-01 4.849754e-09 2.460480e-01 8.620860e-01
5.023812e-01 4.893910e-09 2.447930e-01 8.631720e-01
5.022073e-01 4.838078e-09 2.350340e-01 8.624540e-01
5.015934e-01 4.795793e-09 2.739190e-01 8.626780e-01
5.024915e-01 4.827389e-09 2.497650e-01 8.628800e-01
5.021694e-01 4.798323e-09 2.552040e-01 8.623420e-01
5.022279e-01 4.781407e-09 2.600110e-01 8.627420e-01
5.024211e-01 4.764389e-09 2.547960e-01 8.628660e-01
5.025219e-01 4.773454e-09 2.483060e-01 8.633280e-01
5.023460e-01 4.749737e-09 2.484820e-01 8.624680e-01
5.019934e-01 4.606598e-09 2.611430e-01 8.621980e-01
5.020428e-01 4.617761e-09 2.719740e-01 8.636660e-01
5.021341e-01 4.587886e-09 2.546730e-01 8.623200e-01
5.017321e-01 4.518717e-09 2.516670e-01 8.628420e-01
5.014424e-01 4.350584e-09 2.499630e-01 8.623940e-01
5.019890e-01 4.465469e-09 2.527830e-01 8.626520e-01
5.013365e-01 4.388553e-09 2.601280e-01 8.631020e-01
5.016167e-01 4.344930e-09 2.432840e-01 8.630280e-01
5.012153e-01 4.351299e-09 2.427110e-01 8.625400e-01
5.013277e-01 4.326274e-09 2.371090e-01 8.630520e-01
5.019272e-01 4.341592e-09 2.295240e-01 8.623520e-01
5.020136e-01 4.422123e-09 2.459230e-01 8.623220e-01
5.020684e-01 4.315045e-09 2.434620e-01 8.626460e-01
5.023245e-01 4.336328e-09 2.385800e-01 8.623300e-01
5.014710e-01 4.209082e-09 2.422100e-01 8.626000e-01
5.016399e-01 4.230794e-09 2.423040e-01 8.623180e-01
5.017427e-01 4.189572e-09 2.446000e-01 8.629960e-01
5.014888e-01 4.119340e-09 2.440570e-01 8.629160e-01
5.016570e-01 4.182490e-09 2.393270e-01 8.625060e-01
5.012866e-01 4.064889e-09 2.461470e-01 8.635500e-01
5.019732e-01 4.200285e-09 2.345920e-01 8.642780e-01
5.015726e-01 4.083490e-09 2.287030e-01 8.635020e-01
5.015062e-01 4.016769e-09 2.316200e-01 8.632220e-01
5.021840e-01 4.260968e-09 2.480720e-01 8.625960e-01
5.014751e-01 3.947035e-09 2.393780e-01 8.633240e-01
5.020458e-01 4.029088e-09 2.441120e-01 8.628500e-01
5.011078e-01 3.904456e-09 2.654070e-01 8.621080e-01
5.019955e-01 3.974135e-09 2.515110e-01 8.631580e-01
5.014192e-01 3.925984e-09 2.668190e-01 8.630960e-01
5.014879e-01 3.909729e-09 2.601760e-01 8.630820e-01
5.018013e-01 3.985998e-09 2.595160e-01 8.615700e-01
5.015190e-01 3.924394e-09 2.501290e-01 8.627080e-01
5.015580e-01 3.910662e-09 2.443520e-01 8.623720e-01
5.021578e-01 4.014826e-09 2.357120e-01 8.624020e-01
5.010919e-01 3.755469e-09 2.410530e-01 8.635100e-01
5.012571e-01 3.755865e-09 2.548460e-01 8.637080e-01
5.014452e-01 3.828199e-09 2.433830e-01 8.630340e-01
5.010920e-01 3.678128e-09 2.392900e-01 8.628080e-01
5.012903e-01 3.707763e-09 2.271210e-01 8.623440e-01
5.014151e-01 3.729760e-09 2.621610e-01 8.620120e-01
5.013499e-01 3.725503e-09 2.643250e-01 8.625140e-01
5.011781e-01 3.658004e-09 2.580580e-01 8.622540e-01
5.011800e-01 3.624085e-09 2.623770e-01 8.623680e-01
5.011368e-01 3.641693e-09 2.538080e-01 8.629700e-01
5.016502e-01 3.702340e-09 2.452960e-01 8.628020e-01
5.013053e-01 3.594633e-09 2.403480e-01 8.634320e-01
5.015820e-01 3.630661e-09 2.451830e-01 8.640460e-01
5.014472e-01 3.594308e-09 2.408140e-01 8.627760e-01
5.012304e-01 3.559331e-09 2.333580e-01 8.629820e-01
5.014931e-01 3.610475e-09 2.331040e-01 8.628700e-01
5.015312e-01 3.619158e-09 2.335800e-01 8.635920e-01
5.014641e-01 3.564767e-09 2.321680e-01 8.629220e-01
5.013201e-01 3.532038e-09 2.323560e-01 8.634400e-01
5.017350e-01 3.627190e-09 2.333410e-01 8.636940e-01
5.006513e-01 3.404870e-09 2.342140e-01 8.643080e-01
5.014128e-01 3.484729e-09 2.415410e-01 8.623680e-01
5.020102e-01 3.637396e-09 2.347350e-01 8.611800e-01
5.014030e-01 3.468994e-09 2.339800e-01 8.620800e-01
5.016699e-01 3.453421e-09 2.395730e-01 8.625720e-01
5.014435e-01 3.420981e-09 2.364660e-01 8.626940e-01
5.011538e-01 3.322344e-09 2.361100e-01 8.627680e-01
5.010481e-01 3.343737e-09 2.362590e-01 8.625160e-01
5.010902e-01 3.331878e-09 2.312940e-01 8.632040e-01
5.014603e-01 3.352226e-09 2.485910e-01 8.633620e-01
5.011660e-01 3.319669e-09 2.604280e-01 8.632440e-01
5.011419e-01 3.298700e-09 2.488480e-01 8.625600e-01
5.013366e-01 3.292092e-09 2.424230e-01 8.629240e-01
5.009985e-01 3.242415e-09 2.602580e-01 8.632600e-01
5.010158e-01 3.292268e-09 2.555620e-01 8.632320e-01
5.014229e-01 3.277342e-09 2.427680e-01 8.638820e-01
5.017945e-01 3.329971e-09 2.469680e-01 8.617340e-01
5.011028e-01 3.243998e-09 2.330290e-01 8.630540e-01
5.014078e-01 3.311242e-09 2.421280e-01 8.636180e-01
5.009902e-01 3.167794e-09 2.581600e-01 8.632760e-01
5.009626e-01 3.132417e-09 2.609170e-01 8.628800e-01
5.018443e-01 3.272680e-09 2.722970e-01 8.633420e-01
5.012494e-01 3.174735e-09 2.488940e-01 8.629900e-01
5.013213e-01 3.210601e-09 2.720910e-01 8.630220e-01
5.013054e-01 3.172924e-09 2.844990e-01 8.622540e-01
5.007910e-01 3.050639e-09 2.874300e-01 8.632840e-01
5.011213e-01 3.160328e-09 2.722430e-01 8.631080e-01
5.015774e-01 3.228547e-09 2.617370e-01 8.621260e-01
5.011076e-01 3.172698e-09 2.652230e-01 8.621600e-01
5.010950e-01 3.028000e-09 2.806140e-01 8.627120e-01
5.014707e-01 3.093787e-09 2.685910e-01 8.624900e-01
5.013485e-01 3.117194e-09 2.689960e-01 8.634140e-01
5.008991e-01 3.030013e-09 2.548810e-01 8.627340e-01
5.015280e-01 3.109334e-09 2.689550e-01 8.624100e-01
5.008910e-01 3.051309e-09 2.662090e-01 8.626400e-01
5.011998e-01 2.982300e-09 2.812170e-01 8.630180e-01
5.013919e-01 3.015846e-09 2.842190e-01 8.636720e-01
5.010328e-01 2.993458e-09 2.938130e-01 8.631580e-01
5.012752e-01 2.973750e-09 2.969850e-01 8.625140e-01
5.011283e-01 3.009954e-09 2.939100e-01 8.618400e-01
5.010566e-01 2.961778e-09 2.821140e-01 8.620320e-01
5.008422e-01 2.942833e-09 3.487730e-01 8.629520e-01
5.008263e-01 2.867041e-09 2.976210e-01 8.623800e-01
5.011690e-01 2.964285e-09 3.622090e-01 8.627020e-01
5.014104e-01 3.023645e-09 3.234260e-01 8.619640e-01
5.009254e-01 2.893952e-09 4.634080e-01 8.645220e-01
5.010927e-01 2.945078e-09 4.380790e-01 8.628600e-01
5.013268e-01 2.911101e-09 3.978140e-01 8.631680e-01
5.009782e-01 2.897548e-09 4.486610e-01 8.626860e-01
5.014353e-01 2.974599e-09 3.776010e-01 8.628140e-01
5.009954e-01 2.860584e-09 3.713270e-01 8.642000e-01
5.004889e-01 2.732391e-09 3.001340e-01 8.636260e-01
5.015688e-01 2.901180e-09 2.953900e-01 8.621000e-01
5.014409e-01 2.901258e-09 2.803480e-01 8.632460e-01
5.008526e-01 2.746032e-09 2.818420e-01 8.639420e-01
5.011209e-01 2.793191e-09 3.071720e-01 8.627920e-01
5.011038e-01 2.785149e-09 2.698740e-01 8.632980e-01
5.005299e-01 2.706826e-09 2.924910e-01 8.632100e-01
5.012325e-01 2.792912e-09 2.717950e-01 8.625820e-01
5.012967e-01 2.778889e-09 2.782070e-01 8.620000e-01
5.005754e-01 2.697449e-09 2.719040e-01 8.634260e-01
5.008594e-01 2.730818e-09 2.739420e-01 8.628720e-01
5.014564e-01 2.858931e-09 2.743130e-01 8.622180e-01
5.011967e-01 2.818075e-09 2.767310e-01 8.638780e-01
5.010629e-01 2.706506e-09 2.829930e-01 8.635780e-01
5.008037e-01 2.677702e-09 2.991460e-01 8.621220e-01
5.006109e-01 2.646112e-09 3.376350e-01 8.639000e-01
5.009300e-01 2.656511e-09 3.510790e-01 8.628060e-01
5.010546e-01 2.726063e-09 3.811840e-01 8.623420e-01
5.007578e-01 2.632901e-09 3.432530e-01 8.635840e-01
5.008572e-01 2.674408e-09 3.398100e-01 8.623440e-01
5.010720e-01 2.709785e-09 3.398060e-01 8.635700e-01
5.004691e-01 2.584750e-09 3.305100e-01 8.639780e-01
5.005177e-01 2.636786e-09 2.629310e-01 8.632800e-01
5.008099e-01 2.629724e-09 2.655500e-01 8.645300e-01
5.010153e-01 2.706918e-09 3.349960e-01 8.628400e-01
5.008421e-01 2.646243e-09 3.654650e-01 8.629460e-01
5.012676e-01 2.680382e-09 3.003890e-01 8.628400e-01
5.005835e-01 2.531267e-09 2.884810e-01 8.642200e-01
5.007803e-01 2.561374e-09 3.252510e-01 8.633940e-01
5.007178e-01 2.601723e-09 3.703360e-01 8.634380e-01
5.009248e-01 2.619908e-09 3.785850e-01 8.630760e-01
5.008712e-01 2.582060e-09 3.403260e-01 8.628760e-01
5.008972e-01 2.582144e-09 3.063530e-01 8.630080e-01
5.005849e-01 2.521195e-09 3.411230e-01 8.628660e-01
5.008285e-01 2.562527e-09 3.455140e-01 8.626060e-01
5.009211e-01 2.602425e-09 2.911790e-01 8.638300e-01
5.008343e-01 2.562882e-09 2.784510e-01 8.633080e-01
5.007198e-01 2.468904e-09 2.589050e-01 8.635960e-01
5.008244e-01 2.551211e-09 2.518220e-01 8.625520e-01
5.002774e-01 2.443328e-09 3.067270e-01 8.630280e-01
5.008063e-01 2.536465e-09 2.788450e-01 8.638280e-01
5.009372e-01 2.512061e-09 3.641740e-01 8.632420e-01
5.010150e-01 2.566806e-09 2.515960e-01 8.625480e-01
5.008758e-01 2.595995e-09 2.721030e-01 8.639520e-01
5.011677e-01 2.584008e-09 2.569860e-01 8.626420e-01
5.008201e-01 2.460963e-09 2.528630e-01 8.634080e-01
5.009374e-01 2.473032e-09 2.817450e-01 8.637920e-01
5.007725e-01 2.509897e-09 3.390670e-01 8.631780e-01
5.012045e-01 2.542674e-09 2.874370e-01 8.627340e-01
5.010068e-01 2.521182e-09 2.724970e-01 8.628080e-01
5.011838e-01 2.509570e-09 2.685370e-01 8.628080e-01
5.012906e-01 2.553004e-09 2.601150e-01 8.633980e-01
5.007609e-01 2.432655e-09 2.991710e-01 8.638280e-01
5.011482e-01 2.528038e-09 2.679240e-01 8.625560e-01
5.007533e-01 2.505829e-09 2.572250e-01 8.635820e-01
5.010846e-01 2.519459e-09 2.444180e-01 8.626820e-01
5.010368e-01 2.467463e-09 2.672140e-01 8.630820e-01
5.008968e-01 2.429017e-09 3.502900e-01 8.627780e-01
5.010230e-01 2.471222e-09 3.382480e-01 8.631860e-01
5.009293e-01 2.470743e-09 2.624620e-01 8.629080e-01
5.012580e-01 2.509779e-09 2.643800e-01 8.626980e-01
5.010407e-01 2.477423e-09 2.728700e-01 8.629080e-01
5.008229e-01 2.423299e-09 2.599790e-01 8.631600e-01
5.003402e-01 2.324004e-09 2.549400e-01 8.637660e-01
5.006813e-01 2.326413e-09 2.594220e-01 8.638780e-01
5.004093e-01 2.338581e-09 2.655620e-01 8.643560e-01
5.007004e-01 2.408106e-09 2.567590e-01 8.624440e-01
5.010652e-01 2.479024e-09 2.675730e-01 8.626160e-01
5.011330e-01 2.501456e-09 2.974880e-01 8.632100e-01
5.006572e-01 2.331023e-09 2.573160e-01 8.635920e-01
5.010176e-01 2.405366e-09 2.438860e-01 8.628160e-01
5.004212e-01 2.320250e-09 2.566170e-01 8.627860e-01
5.004034e-01 2.322190e-09 2.495510e-01 8.626860e-01
5.009942e-01 2.423217e-09 2.569450e-01 8.636940e-01
5.007099e-01 2.350092e-09 2.598870e-01 8.634520e-01
5.008457e-01 2.409452e-09 2.800840e-01 8.634320e-01
5.009425e-01 2.376953e-09 2.616030e-01 8.630940e-01
5.007317e-01 2.378143e-09 2.602240e-01 8.634760e-01
5.010452e-01 2.382733e-09 2.468270e-01 8.630740e-01
5.010396e-01 2.418932e-09 2.442920e-01 8.624360e-01
5.008553e-01 2.438772e-09 2.434800e-01 8.624500e-01
5.006336e-01 2.313939e-09 2.629430e-01 8.631740e-01
5.005144e-01 2.305315e-09 2.584670e-01 8.628700e-01
5.012156e-01 2.344120e-09 2.679850e-01 8.622480e-01
5.006357e-01 2.322995e-09 2.683310e-01 8.637160e-01
5.005537e-01 2.258034e-09 3.142950e-01 8.625060e-01
5.011664e-01 2.400667e-09 3.117600e-01 8.627700e-01
5.011233e-01 2.343072e-09 2.738370e-01 8.625680e-01
5.007067e-01 2.310491e-09 3.380810e-01 8.643300e-01
5.006127e-01 2.329093e-09 2.850870e-01 8.638760e-01
5.003175e-01 2.230707e-09 3.024730e-01 8.639300e-01
5.002895e-01 2.244014e-09 3.537460e-01 8.638340e-01
5.011068e-01 2.391774e-09 2.992110e-01 8.626360e-01
5.007505e-01 2.312299e-09 2.774400e-01 8.630920e-01
5.007955e-01 2.307091e-09 2.862300e-01 8.626180e-01
5.006420e-01 2.269843e-09 2.564850e-01 8.642780e-01
5.008150e-01 2.312504e-09 2.661730e-01 8.629180e-01
5.007768e-01 2.328221e-09 2.674970e-01 8.631000e-01
5.002035e-01 2.192677e-09 2.818230e-01 8.643360e-01
5.010658e-01 2.389210e-09 2.945510e-01 8.632600e-01
5.007912e-01 2.284210e-09 3.571900e-01 8.627920e-01
5.007381e-01 2.291551e-09 3.212530e-01 8.627500e-01
5.008188e-01 2.241453e-09 2.580830e-01 8.635660e-01
5.004776e-01 2.218443e-09 2.568020e-01 8.632320e-01
5.010108e-01 2.334532e-09 3.083630e-01 8.616000e-01
5.009552e-01 2.291246e-09 2.704150e-01 8.626340e-01
5.006801e-01 2.236384e-09 2.684360e-01 8.623760e-01
5.006895e-01 2.249753e-09 3.275480e-01 8.638480e-01
5.008379e-01 2.278992e-09 2.797840e-01 8.640460e-01
5.005610e-01 2.175028e-09 2.615200e-01 8.637320e-01
5.008413e-01 2.318051e-09 3.104660e-01 8.629260e-01
5.008487e-01 2.276386e-09 3.351060e-01 8.638240e-01
5.007466e-01 2.239673e-09 2.710000e-01 8.634940e-01
5.007448e-01 2.242467e-09 2.994370e-01 8.633960e-01
5.005042e-01 2.169683e-09 3.628120e-01 8.629780e-01
5.005840e-01 2.184371e-09 2.882240e-01 8.634880e-01
5.008570e-01 2.217545e-09 3.036540e-01 8.640340e-01
5.005534e-01 2.199600e-09 2.643850e-01 8.633880e-01
5.007911e-01 2.288820e-09 2.759300e-01 8.630840e-01
5.008529e-01 2.292616e-09 2.768030e-01 8.620480e-01
5.006019e-01 2.164092e-09 2.492670e-01 8.627640e-01
5.005952e-01 2.187108e-09 2.637710e-01 8.627720e-01
5.008598e-01 2.272810e-09 2.624470e-01 8.632960e-01
5.004357e-01 2.169835e-09 2.435470e-01 8.631380e-01
5.008003e-01 2.180343e-09 2.553000e-01 8.637600e-01
5.007643e-01 2.208968e-09 3.262020e-01 8.622840e-01
5.011332e-01 2.254451e-09 3.253910e-01 8.630240e-01
5.005036e-01 2.165441e-09 3.273980e-01 8.632860e-01
5.003573e-01 2.120744e-09 3.406450e-01 8.632620e-01
5.006854e-01 2.203408e-09 3.572220e-01 8.631880e-01
5.001620e-01 2.093654e-09 3.044000e-01 8.635780e-01
5.006977e-01 2.211866e-09 3.076560e-01 8.636980e-01
5.008645e-01 2.246478e-09 2.762830e-01 8.634380e-01
5.005368e-01 2.191905e-09 2.631560e-01 8.626560e-01
5.004403e-01 2.140107e-09 2.512960e-01 8.632980e-01
5.004920e-01 2.106770e-09 2.375630e-01 8.632580e-01
5.003239e-01 2.084121e-09 3.362500e-01 8.641800e-01
5.009423e-01 2.245226e-09 2.739950e-01 8.623760e-01
5.008102e-01 2.198539e-09 2.612580e-01 8.619060e-01
5.009296e-01 2.207972e-09 2.750160e-01 8.620920e-01
5.003247e-01 2.113533e-09 3.230620e-01 8.637640e-01
5.004632e-01 2.144183e-09 3.183540e-01 8.645240e-01
5.005154e-01 2.094819e-09 2.660490e-01 8.636800e-01
5.003599e-01 2.136529e-09 2.484890e-01 8.635540e-01
5.008449e-01 2.169617e-09 2.938010e-01 8.618920e-01
5.009034e-01 2.167731e-09 2.880560e-01 8.634040e-01
5.007490e-01 2.165828e-09 2.511690e-01 8.630120e-01
5.006919e-01 2.190014e-09 3.171220e-01 8.635580e-01
5.005439e-01 2.150182e-09 2.697630e-01 8.629480e-01
5.008828e-01 2.187487e-09 3.258160e-01 8.633060e-01
5.008633e-01 2.162451e-09 2.686100e-01 8.624400e-01
5.006050e-01 2.141025e-09 2.678670e-01 8.637360e-01
5.005805e-01 2.119894e-09 2.867490e-01 8.634720e-01
5.008651e-01 2.191930e-09 3.301220e-01 8.639000e-01
5.008423e-01 2.160912e-09 2.896630e-01 8.634500e-01
5.007249e-01 2.141346e-09 2.588440e-01 8.640200e-01
5.004649e-01 2.101206e-09 2.829760e-01 8.640220e-01
5.008056e-01 2.214719e-09 2.945250e-01 8.628580e-01
5.007698e-01 2.130075e-09 3.210770e-01 8.623540e-01
5.007140e-01 2.154527e-09 2.905340e-01 8.639680e-01
5.007660e-01 2.174498e-09 2.691740e-01 8.637320e-01
5.008579e-01 2.180432e-09 2.579550e-01 8.629660e-01
5.005615e-01 2.112953e-09 2.990230e-01 8.638280e-01
5.000388e-01 2.009879e-09 3.141990e-01 8.647900e-01
5.006279e-01 2.141298e-09 2.834450e-01 8.629340e-01
5.002350e-01 2.069598e-09 3.025210e-01 8.652840e-01
5.010446e-01 2.199072e-09 2.754970e-01 8.627040e-01
5.006530e-01 2.146909e-09 3.270830e-01 8.627560e-01
5.003601e-01 2.053057e-09 2.910170e-01 8.638560e-01
5.008328e-01 2.174192e-09 2.762980e-01 8.636320e-01
5.007420e-01 2.143585e-09 3.084800e-01 8.633220e-01
5.007359e-01 2.123825e-09 3.046250e-01 8.627300e-01
5.009456e-01 2.108926e-09 2.673710e-01 8.623240e-01
5.004185e-01 2.097268e-09 2.885850e-01 8.641480e-01
5.003364e-01 2.006152e-09 2.679130e-01 8.635700e-01
5.003868e-01 2.067609e-09 3.408410e-01 8.640760e-01
5.002896e-01 2.062580e-09 3.114420e-01 8.638300e-01
5.006745e-01 2.078860e-09 2.837190e-01 8.629300e-01
5.004459e-01 2.029646e-09 2.990360e-01 8.643960e-01
5.006164e-01 2.073202e-09 3.084540e-01 8.639140e-01
5.005051e-01 2.069894e-09 2.591790e-01 8.634160e-01
5.005231e-01 2.060632e-09 2.486710e-01 8.634500e-01
5.006745e-01 2.087368e-09 3.015230e-01 8.624640e-01
5.007248e-01 2.109507e-09 3.432850e-01 8.636120e-01
5.005994e-01 2.120117e-09 3.134200e-01 8.626800e-01
5.004229e-01 2.073284e-09 2.868000e-01 8.632400e-01
5.004105e-01 2.086512e-09 3.503670e-01 8.636100e-01
5.003049e-01 2.000359e-09 3.162170e-01 8.634100e-01
5.010155e-01 2.154808e-09 2.920120e-01 8.625060e-01
5.007387e-01 2.032777e-09 3.092250e-01 8.622800e-01
5.004321e-01 2.035425e-09 3.178990e-01 8.631920e-01
5.006252e-01 2.063433e-09 2.771600e-01 8.628540e-01
5.004750e-01 2.030492e-09 2.596940e-01 8.635900e-01
5.008444e-01 2.120835e-09 2.781360e-01 8.621160e-01
5.002334e-01 1.992961e-09 3.014950e-01 8.639300e-01
5.008764e-01 2.140075e-09 2.513250e-01 8.629440e-01
5.002957e-01 2.007800e-09 2.661080e-01 8.632280e-01
5.004999e-01 2.025084e-09 2.885300e-01 8.631920e-01
5.007031e-01 2.047611e-09 3.444790e-01 8.623980e-01
5.005995e-01 2.059280e-09 3.141190e-01 8.630200e-01
5.006707e-01 2.078777e-09 2.865110e-01 8.627080e-01
5.004625e-01 2.069294e-09 3.086620e-01 8.641900e-01
5.003523e-01 2.047476e-09 3.412140e-01 8.642120e-01
5.007340e-01 2.075415e-09 2.819060e-01 8.630800e-01
5.007822e-01 2.143109e-09 2.685480e-01 8.630240e-01
5.004886e-01 2.065033e-09 2.633950e-01 8.635840e-01
5.005174e-01 2.032291e-09 2.459110e-01 8.630480e-01
5.004779e-01 2.028174e-09 2.859540e-01 8.632900e-01
5.004988e-01 2.008931e-09 2.959500e-01 8.638020e-01
5.009830e-01 2.108298e-09 3.485330e-01 8.624960e-01
5.005138e-01 2.033260e-09 3.043420e-01 8.630380e-01
5.006475e-01 2.091381e-09 2.664790e-01 8.638000e-01
5.006815e-01 2.054887e-09 3.185910e-01 8.629300e-01
5.008510e-01 2.075509e-09 3.289930e-01 8.632060e-01
5.004245e-01 2.051033e-09 2.656350e-01 8.641080e-01
5.008177e-01 2.113535e-09 3.065200e-01 8.627880e-01
5.005548e-01 2.023408e-09 2.754810e-01 8.638080e-01
5.006771e-01 2.066881e-09 3.131890e-01 8.630400e-01
5.000332e-01 1.926633e-09 2.903120e-01 8.640100e-01
5.008030e-01 2.071082e-09 2.918130e-01 8.638000e-01
5.003877e-01 2.032612e-09 3.232940e-01 8.640520e-01
5.003018e-01 1.953601e-09 2.834800e-01 8.639540e-01
5.006818e-01 2.033680e-09 3.625560e-01 8.632680e-01
5.009522e-01 2.136925e-09 2.889850e-01 8.637640e-01
5.005168e-01 2.028829e-09 2.580430e-01 8.638840e-01
5.005802e-01 2.037973e-09 2.698680e-01 8.639000e-01
5.005087e-01 2.034258e-09 2.546400e-01 8.635720e-01
5.006107e-01 2.056748e-09 2.480640e-01 8.637420e-01
5.002308e-01 1.954520e-09 2.436690e-01 8.642420e-01
5.004191e-01 1.998912e-09 2.787070e-01 8.638880e-01
5.005970e-01 2.059460e-09 2.500010e-01 8.629880e-01
5.004514e-01 2.015553e-09 3.086860e-01 8.630680e-01
5.003246e-01 1.973861e-09 3.322030e-01 8.637620e-01
5.003835e-01 2.004861e-09 3.206480e-01 8.635300e-01
5.005386e-01 2.040370e-09 2.729920e-01 8.630760e-01
5.008093e-01 2.092062e-09 2.954080e-01 8.633260e-01
5.003266e-01 1.997037e-09 3.217380e-01 8.635540e-01
5.007161e-01 2.064939e-09 3.229120e-01 8.630880e-01
5.006263e-01 2.055537e-09 3.232040e-01 8.632400e-01
5.007121e-01 2.074380e-09 2.678590e-01 8.635360e-01
5.007584e-01 2.049027e-09 2.877940e-01 8.631040e-01
5.005753e-01 2.006676e-09 3.241640e-01 8.621620e-01
5.004979e-01 2.043236e-09 2.625590e-01 8.632440e-01
5.004243e-01 1.980873e-09 2.590940e-01 8.642240e-01
5.002981e-01 1.954469e-09 3.335400e-01 8.635600e-01
5.007398e-01 2.090352e-09 3.372820e-01 8.630780e-01
5.006765e-01 2.081060e-09 2.772980e-01 8.632540e-01
5.006710e-01 2.053007e-09 2.683240e-01 8.628360e-01
5.007083e-01 2.051194e-09 2.677850e-01 8.623720e-01
5.003641e-01 1.951743e-09 3.121320e-01 8.632400e-01
5.008540e-01 2.076470e-09 3.572890e-01 8.635620e-01
5.007070e-01 2.026207e-09 2.471460e-01 8.632780e-01
5.005434e-01 2.018454e-09 2.627760e-01 8.630380e-01
5.006826e-01 2.081359e-09 3.125330e-01 8.632400e-01
5.005187e-01 2.019492e-09 2.481270e-01 8.625580e-01
5.004401e-01 2.009956e-09 2.480680e-01 8.635680e-01
5.004126e-01 1.988101e-09 2.527490e-01 8.627460e-01
5.003335e-01 1.977116e-09 2.486080e-01 8.648840e-01
5.006682e-01 2.027569e-09 3.159720e-01 8.633420e-01
5.005291e-01 2.035485e-09 3.110950e-01 8.630360e-01
5.006140e-01 2.052459e-09 3.266890e-01 8.637940e-01
5.005505e-01 2.014209e-09 3.072130e-01 8.628800e-01
5.006360e-01 2.026903e-09 3.251750e-01 8.637940e-01
5.005896e-01 2.003442e-09 3.075790e-01 8.632620e-01
5.003996e-01 1.996789e-09 2.931250e-01 8.638920e-01
5.007305e-01 2.008849e-09 3.307050e-01 8.632180e-01
5.006762e-01 2.035702e-09 3.168860e-01 8.627880e-01
5.004533e-01 1.966807e-09 3.005080e-01 8.633680e-01
5.007556e-01 2.050937e-09 3.123740e-01 8.637840e-01
5.008319e-01 2.068088e-09 3.358280e-01 8.638020e-01
5.005932e-01 2.009917e-09 2.713220e-01 8.642200e-01
5.004836e-01 2.017451e-09 2.606370e-01 8.631560e-01
5.003301e-01 1.927162e-09 2.876330e-01 8.644160e-01
5.005097e-01 2.019385e-09 3.234480e-01 8.634060e-01
5.003129e-01 1.934266e-09 3.457130e-01 8.638260e-01
5.003243e-01 1.958935e-09 3.013790e-01 8.635340e-01
5.005475e-01 2.017292e-09 2.780770e-01 8.636920e-01
5.005776e-01 2.021558e-09 2.929010e-01 8.638500e-01
5.003821e-01 1.976627e-09 2.555420e-01 8.633940e-01
5.005176e-01 1.972199e-09 2.748150e-01 8.631520e-01
5.004591e-01 1.991120e-09 2.518530e-01 8.642160e-01
5.003947e-01 1.988676e-09 3.050070e-01 8.632600e-01
5.007997e-01 2.061720e-09 3.010110e-01 8.627820e-01
5.006031e-01 1.979246e-09 3.169170e-01 8.630400e-01
5.004789e-01 1.973820e-09 3.071300e-01 8.630840e-01
5.005581e-01 2.003797e-09 3.233430e-01 8.632940e-01
5.005938e-01 2.018739e-09 3.068820e-01 8.636040e-01
5.004181e-01 1.946808e-09 2.616150e-01 8.633300e-01
5.004287e-01 1.988254e-09 2.588740e-01 8.637120e-01
5.007838e-01 2.011208e-09 3.326030e-01 8.632280e-01
5.004573e-01 1.990355e-09 2.908910e-01 8.641760e-01
5.004759e-01 1.969648e-09 2.868280e-01 8.628640e-01
5.002917e-01 1.980858e-09 3.367610e-01 8.640960e-01
5.006572e-01 2.000055e-09 3.054220e-01 8.642000e-01
5.003194e-01 1.992169e-09 2.957360e-01 8.643040e-01
5.003473e-01 1.997759e-09 2.553740e-01 8.627180e-01
5.005330e-01 1.977055e-09 2.665100e-01 8.641920e-01
5.006427e-01 1.996355e-09 3.090880e-01 8.629840e-01
5.005003e-01 1.986351e-09 2.775520e-01 8.640420e-01
5.001325e-01 1.907720e-09 2.963960e-01 8.643660e-01
5.005685e-01 2.019351e-09 3.312070e-01 8.648920e-01
5.004571e-01 2.002393e-09 2.618240e-01 8.637160e-01
5.006035e-01 2.012437e-09 2.791010e-01 8.638980e-01
5.004430e-01 1.985660e-09 3.147480e-01 8.633880e-01
5.001437e-01 1.933186e-09 3.108560e-01 8.635700e-01
5.004989e-01 2.000303e-09 3.010490e-01 8.630900e-01
5.006129e-01 1.995382e-09 2.631860e-01 8.631960e-01
5.001855e-01 1.951463e-09 3.108390e-01 8.639420e-01
5.005104e-01 2.005982e-09 3.406210e-01 8.629880e-01
5.004356e-01 1.986684e-09 3.062110e-01 8.635460e-01
5.000282e-01 1.879512e-09 2.711120e-01 8.637880e-01
5.009552e-01 2.064214e-09 2.938310e-01 8.636000e-01
5.000479e-01 1.928772e-09 3.470960e-01 8.642520e-01
5.004389e-01 2.009510e-09 3.937410e-01 8.635040e-01
5.005257e-01 1.971831e-09 3.307730e-01 8.628120e-01
5.007790e-01 2.012599e-09 2.572070e-01 8.627820e-01
5.002326e-01 1.923022e-09 2.944960e-01 8.629260e-01
5.006929e-01 1.989087e-09 2.734530e-01 8.628560e-01
5.006822e-01 1.981131e-09 2.752740e-01 8.629720e-01
5.005540e-01 1.993221e-09 2.805710e-01 8.643020e-01
5.005724e-01 1.965493e-09 3.429750e-01 8.636100e-01
5.008107e-01 2.046892e-09 3.206990e-01 8.628600e-01
5.004306e-01 1.942321e-09 3.448250e-01 8.631900e-01
5.004279e-01 1.990827e-09 3.254530e-01 8.635180e-01
5.003126e-01 1.955516e-09 2.973770e-01 8.636300e-01
5.002693e-01 1.939487e-09 2.726530e-01 8.633140e-01
5.006740e-01 2.018813e-09 2.547260e-01 8.630320e-01
5.003569e-01 1.964219e-09 2.869810e-01 8.643700e-01
5.004666e-01 2.001005e-09 2.737680e-01 8.634380e-01
5.005126e-01 1.966137e-09 3.351550e-01 8.635060e-01
5.003640e-01 1.914976e-09 2.909750e-01 8.638700e-01
5.006737e-01 1.999155e-09 2.458630e-01 8.621340e-01
5.005679e-01 1.966603e-09 2.610110e-01 8.636820e-01
5.006075e-01 2.003326e-09 2.586800e-01 8.638620e-01
5.008392e-01 2.052344e-09 2.863640e-01 8.618620e-01
5.006966e-01 1.966094e-09 2.658250e-01 8.632540e-01
5.007372e-01 2.040285e-09 2.467040e-01 8.632080e-01
5.001542e-01 1.920788e-09 3.038110e-01 8.635400e-01
5.007021e-01 1.993134e-09 2.615200e-01 8.634560e-01
5.007692e-01 1.998746e-09 2.831250e-01 8.634760e-01
5.005623e-01 1.991843e-09 3.295120e-01 8.631620e-01
5.008913e-01 2.051699e-09 2.837350e-01 8.626800e-01
5.004995e-01 1.927720e-09 2.534400e-01 8.635680e-01
5.006563e-01 1.981250e-09 2.789590e-01 8.631160e-01
5.008262e-01 1.997674e-09 2.596250e-01 8.625600e-01
5.006450e-01 1.984715e-09 2.379240e-01 8.635320e-01
5.005345e-01 1.984050e-09 2.450220e-01 8.630500e-01
5.004257e-01 1.957607e-09 2.428950e-01 8.637300e-01
5.004176e-01 1.950545e-09 2.361990e-01 8.634840e-01
5.005194e-01 1.976370e-09 2.557260e-01 8.645160e-01
5.004935e-01 2.019778e-09 2.614990e-01 8.637740e-01
5.003316e-01 1.900053e-09 3.357980e-01 8.643700e-01
5.005504e-01 2.005285e-09 2.842790e-01 8.633540e-01
5.004071e-01 1.889852e-09 2.802310e-01 8.635420e-01
5.004311e-01 1.944800e-09 2.548070e-01 8.631940e-01
5.005025e-01 1.973503e-09 2.534600e-01 8.634340e-01
5.004484e-01 1.963049e-09 2.693380e-01 8.637720e-01
5.004215e-01 1.996912e-09 2.671990e-01 8.637820e-01
5.004615e-01 1.995627e-09 2.875650e-01 8.633000e-01
5.005395e-01 1.990048e-09 3.009520e-01 8.636000e-01
5.006991e-01 1.981297e-09 3.149600e-01 8.626340e-01
5.007650e-01 2.042150e-09 2.989880e-01 8.633460e-01
5.006800e-01 1.987834e-09 2.561200e-01 8.626320e-01
5.003965e-01 1.941514e-09 2.729490e-01 8.630560e-01
5.006081e-01 1.966202e-09 2.596090e-01 8.646620e-01
5.004829e-01 1.948492e-09 2.789000e-01 8.636740e-01
5.004611e-01 1.955488e-09 2.816060e-01 8.632660e-01
5.006669e-01 2.011925e-09 2.717340e-01 8.634080e-01
5.007773e-01 2.030204e-09 2.480340e-01 8.625600e-01
5.007142e-01 1.998597e-09 2.449590e-01 8.632080e-01
5.004769e-01 1.967789e-09 2.498030e-01 8.634840e-01
5.006907e-01 1.984639e-09 2.782440e-01 8.634900e-01
5.004892e-01 1.974554e-09 2.623190e-01 8.633940e-01
5.008748e-01 1.998190e-09 3.062590e-01 8.628560e-01
5.007164e-01 2.004608e-09 3.303860e-01 8.623740e-01
5.006861e-01 2.016342e-09 3.420520e-01 8.627260e-01
5.004393e-01 1.986712e-09 3.146240e-01 8.631400e-01
5.004432e-01 1.958999e-09 2.762400e-01 8.635020e-01
5.004572e-01 1.941026e-09 3.163480e-01 8.635200e-01
5.002855e-01 1.898682e-09 2.498040e-01 8.630660e-01
5.004132e-01 1.922243e-09 2.558260e-01 8.634680e-01
5.004706e-01 1.989191e-09 2.478750e-01 8.631560e-01
5.005652e-01 1.955386e-09 2.690410e-01 8.637680e-01
5.003625e-01 1.939097e-09 2.657170e-01 8.638760e-01
5.006827e-01 1.972704e-09 2.450150e-01 8.632300e-01
5.005824e-01 1.985516e-09 2.534510e-01 8.629480e-01
5.004147e-01 1.955062e-09 2.814420e-01 8.636380e-01
5.005206e-01 1.980541e-09 2.898150e-01 8.629640e-01
5.005656e-01 1.964641e-09 2.838710e-01 8.641940e-01
5.002997e-01 1.914250e-09 2.936160e-01 8.633920e-01
5.004020e-01 1.987377e-09 3.274220e-01 8.640080e-01
5.006338e-01 1.982665e-09 2.422030e-01 8.635280e-01
5.004260e-01 1.951052e-09 2.537920e-01 8.635620e-01
5.005402e-01 1.970888e-09 2.787500e-01 8.635520e-01
5.004531e-01 1.945339e-09 2.952080e-01 8.635980e-01
5.006616e-01 1.994559e-09 3.102590e-01 8.625840e-01
5.002535e-01 1.909628e-09 2.645940e-01 8.637500e-01
5.005563e-01 2.034848e-09 2.578140e-01 8.643480e-01
5.006049e-01 2.028568e-09 2.715450e-01 8.635080e-01
5.004664e-01 1.958683e-09 2.585870e-01 8.633640e-01
5.002580e-01 1.915150e-09 2.405470e-01 8.646220e-01
5.006033e-01 2.009052e-09 2.697410e-01 8.634560e-01
5.006563e-01 1.989609e-09 2.527360e-01 8.628940e-01
5.006597e-01 1.972249e-09 2.785560e-01 8.640680e-01
5.007339e-01 1.989915e-09 2.560380e-01 8.633760e-01
5.006292e-01 1.966440e-09 3.359260e-01 8.636780e-01
5.005640e-01 1.950699e-09 3.405930e-01 8.641860e-01
5.005628e-01 1.964369e-09 2.950770e-01 8.633020e-01
5.006268e-01 1.934400e-09 3.297200e-01 8.635180e-01
5.002904e-01 1.911991e-09 3.494220e-01 8.628880e-01
5.003832e-01 1.897249e-09 3.231290e-01 8.639320e-01
5.006149e-01 1.945976e-09 3.168940e-01 8.630960e-01
5.002660e-01 1.895101e-09 3.291190e-01 8.643720e-01
5.004825e-01 1.921554e-09 3.330780e-01 8.628940e-01
5.003730e-01 1.922028e-09 3.112200e-01 8.630940e-01
5.003940e-01 1.899335e-09 3.078200e-01 8.634900e-01
5.005592e-01 1.974227e-09 2.832950e-01 8.635800e-01
5.005188e-01 1.960278e-09 2.975070e-01 8.633900e-01
5.004638e-01 1.974432e-09 3.185830e-01 8.630280e-01
5.005276e-01 1.984711e-09 3.747740e-01 8.639640e-01
5.008452e-01 2.042035e-09 3.282770e-01 8.623380e-01
5.002578e-01 1.906755e-09 3.067860e-01 8.630320e-01
5.006648e-01 1.966342e-09 3.416790e-01 8.630020e-01
5.000589e-01 1.890204e-09 2.947620e-01 8.638000e-01
5.006565e-01 1.949645e-09 3.369980e-01 8.634920e-01
5.007328e-01 2.001566e-09 3.635230e-01 8.627400e-01
5.008303e-01 1.990076e-09 3.056710e-01 8.632780e-01
5.002273e-01 1.871870e-09 3.324030e-01 8.631200e-01
5.005832e-01 1.958440e-09 3.963000e-01 8.638520e-01
5.007842e-01 1.982658e-09 3.464900e-01 8.625220e-01
5.002725e-01 1.942360e-09 3.123470e-01 8.635760e-01
5.004900e-01 1.961622e-09 3.455530e-01 8.643900e-01
5.005939e-01 1.975182e-09 3.044660e-01 8.628580e-01
5.004022e-01 1.918497e-09 3.408120e-01 8.635520e-01
5.005554e-01 1.970283e-09 3.006760e-01 8.634380e-01
5.007554e-01 1.989326e-09 3.236930e-01 8.628100e-01
5.001607e-01 1.904204e-09 3.114490e-01 8.636200e-01
5.008017e-01 2.016250e-09 2.954850e-01 8.633240e-01
5.005358e-01 1.936611e-09 3.258290e-01 8.631020e-01
5.004116e-01 1.957576e-09 3.013610e-01 8.636940e-01
5.005754e-01 1.942105e-09 3.181660e-01 8.639300e-01
5.005313e-01 1.934094e-09 2.887770e-01 8.642280e-01
5.005134e-01 1.991427e-09 3.275370e-01 8.633480e-01
5.004813e-01 1.942756e-09 3.182700e-01 8.639340e-01
5.005303e-01 1.940447e-09 2.871920e-01 8.638460e-01
5.008677e-01 2.030376e-09 2.898460e-01 8.619680e-01
5.002759e-01 1.907594e-09 2.878760e-01 8.634740e-01
5.004878e-01 1.926476e-09 2.738750e-01 8.632120e-01
5.004699e-01 2.003406e-09 2.747960e-01 8.634960e-01
5.005310e-01 1.961244e-09 3.019860e-01 8.637180e-01
5.005392e-01 1.950208e-09 3.067570e-01 8.635120e-01
5.005209e-01 1.953385e-09 2.813750e-01 8.630040e-01
5.002589e-01 1.901411e-09 3.005330e-01 8.640280e-01
5.004746e-01 1.945267e-09 2.596100e-01 8.635020e-01
5.006442e-01 1.942530e-09 3.435930e-01 8.630680e-01
5.004025e-01 1.927444e-09 3.229580e-01 8.624560e-01
5.006825e-01 1.977548e-09 3.462580e-01 8.629360e-01
5.004189e-01 1.919908e-09 2.813950e-01 8.641860e-01
5.005485e-01 1.965173e-09 2.791190e-01 8.644140e-01
5.008609e-01 2.036823e-09 2.982250e-01 8.629720e-01
5.008070e-01 1.981307e-09 3.017540e-01 8.631240e-01
5.004805e-01 1.930485e-09 3.249190e-01 8.631140e-01
5.005916e-01 1.956802e-09 3.268780e-01 8.633960e-01
5.002821e-01 1.891172e-09 3.084800e-01 8.646460e-01
5.004822e-01 1.949195e-09 2.734600e-01 8.631800e-01
5.006371e-01 1.921904e-09 3.653910e-01 8.626520e-01
5.004798e-01 1.949249e-09 2.865690e-01 8.625860e-01
5.001091e-01 1.846424e-09 3.140930e-01 8.636380e-01
5.004245e-01 1.922303e-09 3.254730e-01 8.645260e-01
5.002330e-01 1.899774e-09 3.238680e-01 8.634680e-01
5.009090e-01 1.976251e-09 3.144340e-01 8.627860e-01
5.004910e-01 1.948194e-09 3.062430e-01 8.637620e-01
5.004457e-01 1.916447e-09 2.999500e-01 8.631040e-01
5.003208e-01 1.910792e-09 3.047340e-01 8.640520e-01
5.004649e-01 1.947843e-09 3.221660e-01 8.646700e-01
5.004649e-01 1.923257e-09 3.058750e-01 8.635120e-01
5.005253e-01 1.940065e-09 2.679370e-01 8.633340e-01
5.004735e-01 1.948746e-09 3.086060e-01 8.639560e-01
5.003912e-01 1.942771e-09 3.215490e-01 8.650400e-01
5.005889e-01 1.968343e-09 2.720460e-01 8.633380e-01
5.003418e-01 1.905767e-09 2.743270e-01 8.625940e-01
5.003485e-01 1.927167e-09 3.070780e-01 8.636540e-01
5.006050e-01 1.930109e-09 2.806590e-01 8.632680e-01
5.003111e-01 1.897537e-09 2.821090e-01 8.643880e-01
5.010289e-01 2.002655e-09 2.970310e-01 8.611420e-01
5.004024e-01 1.919390e-09 2.936600e-01 8.638800e-01
5.004831e-01 1.910154e-09 2.960490e-01 8.636600e-01
5.004878e-01 1.918524e-09 2.985900e-01 8.637080e-01
5.006026e-01 1.981397e-09 2.986370e-01 8.629600e-01
5.002154e-01 1.923790e-09 2.958360e-01 8.635340e-01
5.006965e-01 1.965892e-09 2.918310e-01 8.623160e-01
5.006081e-01 1.966843e-09 2.908950e-01 8.636160e-01
5.004357e-01 1.914817e-09 3.101070e-01 8.633420e-01
5.003419e-01 1.883395e-09 3.134630e-01 8.637260e-01
5.003345e-01 1.881446e-09 2.621970e-01 8.637540e-01
5.006843e-01 1.983938e-09 2.712010e-01 8.636360e-01
5.005325e-01 1.935113e-09 3.031450e-01 8.628400e-01
5.004254e-01 1.907067e-09 2.809920e-01 8.633800e-01
5.004280e-01 1.944644e-09 2.842060e-01 8.628660e-01
5.003032e-01 1.897464e-09 2.908740e-01 8.637780e-01
5.001392e-01 1.852607e-09 2.920700e-01 8.636580e-01
5.007526e-01 1.956962e-09 2.871400e-01 8.633220e-01
5.005227e-01 1.908610e-09 2.806330e-01 8.639440e-01
5.003681e-01 1.901204e-09 2.949800e-01 8.639320e-01
5.006139e-01 1.902693e-09 2.957340e-01 8.619120e-01
5.004009e-01 1.944130e-09 2.913350e-01 8.631100e-01
5.006885e-01 1.953827e-09 2.912760e-01 8.631280e-01
5.006158e-01 1.932268e-09 2.924320e-01 8.634840e-01
5.002532e-01 1.883580e-09 2.906470e-01 8.636040e-01
5.004064e-01 1.909934e-09 2.981270e-01 8.628280e-01
5.006100e-01 1.965860e-09 2.885220e-01 8.637140e-01
5.006429e-01 1.998648e-09 2.787230e-01 8.625620e-01
5.005321e-01 1.939446e-09 2.713190e-01 8.641040e-01
5.002457e-01 1.882390e-09 2.875770e-01 8.636160e-01
5.005171e-01 1.912919e-09 2.960270e-01 8.630340e-01
5.005770e-01 1.931376e-09 2.930090e-01 8.629720e-01
5.004385e-01 1.915164e-09 3.017810e-01 8.631700e-01
5.003068e-01 1.901577e-09 3.095280e-01 8.637160e-01
5.007663e-01 1.982943e-09 2.742090e-01 8.629960e-01
5.006021e-01 1.947368e-09 2.753250e-01 8.630280e-01
5.005931e-01 1.922258e-09 3.059840e-01 8.629440e-01
5.005842e-01 1.973482e-09 2.941060e-01 8.632420e-01
5.003572e-01 1.891227e-09 3.044360e-01 8.641860e-01
5.007102e-01 1.956638e-09 2.997570e-01 8.640460e-01
5.001846e-01 1.886019e-09 3.124010e-01 8.634980e-01
5.004145e-01 1.925579e-09 3.002130e-01 8.632260e-01
5.004973e-01 1.963963e-09 3.129600e-01 8.631520e-01
5.005046e-01 1.936317e-09 2.867080e-01 8.625100e-01
5.002129e-01 1.870018e-09 2.939700e-01 8.632720e-01
5.002604e-01 1.893507e-09 2.918300e-01 8.639180e-01
5.004823e-01 1.937477e-09 2.876330e-01 8.638620e-01
5.004384e-01 1.914880e-09 2.915830e-01 8.631920e-01
5.001374e-01 1.886865e-09 2.916940e-01 8.641960e-01
5.003388e-01 1.920490e-09 2.996180e-01 8.642340e-01
5.004854e-01 1.929472e-09 2.887990e-01 8.642400e-01
5.003270e-01 1.926409e-09 2.952840e-01 8.642840e-01
5.007611e-01 2.005710e-09 3.037120e-01 8.629960e-01
5.004970e-01 1.939781e-09 2.893090e-01 8.637380e-01
5.007906e-01 2.000780e-09 2.829480e-01 8.630720e-01
5.004718e-01 1.930424e-09 2.950600e-01 8.648700e-01
5.007093e-01 1.929371e-09 2.587440e-01 8.631160e-01
5.008575e-01 2.024452e-09 2.807530e-01 8.625420e-01
5.004336e-01 1.921509e-09 2.791140e-01 8.629860e-01
5.005017e-01 1.920028e-09 2.951350e-01 8.639680e-01
5.005869e-01 1.936478e-09 2.797520e-01 8.628180e-01
5.006251e-01 1.964936e-09 2.583180e-01 8.633600e-01
5.005402e-01 1.927476e-09 2.825720e-01 8.642360e-01
5.003313e-01 1.866610e-09 2.854290e-01 8.630360e-01
5.005049e-01 1.930724e-09 2.863260e-01 8.633780e-01
5.004186e-01 1.921299e-09 2.930270e-01 8.631680e-01
5.006565e-01 1.931658e-09 2.855250e-01 8.627300e-01
5.003382e-01 1.890158e-09 2.870680e-01 8.629740e-01
5.004185e-01 1.888074e-09 3.004540e-01 8.628420e-01
5.004285e-01 1.917480e-09 3.042390e-01 8.633680e-01
5.005760e-01 1.948577e-09 2.605560e-01 8.632760e-01
5.005615e-01 1.935962e-09 2.722000e-01 8.639080e-01
5.007072e-01 1.923944e-09 2.927040e-01 8.626260e-01
5.003411e-01 1.893322e-09 2.677300e-01 8.632420e-01
5.007194e-01 1.944143e-09 2.645220e-01 8.626000e-01
5.006072e-01 1.928566e-09 2.915090e-01 8.632620e-01
5.007086e-01 1.987922e-09 2.919970e-01 8.631480e-01
5.005377e-01 1.952333e-09 2.915250e-01 8.636120e-01
5.002703e-01 1.899129e-09 2.844600e-01 8.631140e-01
5.003014e-01 1.916309e-09 2.830600e-01 8.637580e-01
5.005472e-01 1.895350e-09 2.842270e-01 8.641580e-01
5.006395e-01 1.930750e-09 2.895350e-01 8.633080e-01
5.003507e-01 1.918812e-09 2.916670e-01 8.638040e-01
5.007185e-01 1.985074e-09 2.838260e-01 8.635900e-01
5.005266e-01 1.914456e-09 2.936500e-01 8.632560e-01
5.003097e-01 1.886043e-09 2.644690e-01 8.645480e-01
5.004868e-01 1.917282e-09 2.672470e-01 8.630260e-01
5.003089e-01 1.866661e-09 2.631530e-01 8.640040e-01
5.003727e-01 1.919311e-09 2.571330e-01 8.636200e-01
5.004263e-01 1.942615e-09 2.619450e-01 8.647700e-01
5.004503e-01 1.919217e-09 2.849440e-01 8.635140e-01
5.004614e-01 1.921226e-09 3.021620e-01 8.637740e-01
5.003555e-01 1.882226e-09 3.044890e-01 8.635520e-01
5.006210e-01 1.925107e-09 2.676450e-01 8.632560e-01
5.006850e-01 1.974935e-09 2.968400e-01 8.629840e-01
5.006132e-01 1.922144e-09 3.026840e-01 8.631020e-01
5.004417e-01 1.943858e-09 3.177860e-01 8.635600e-01
5.006781e-01 1.951696e-09 2.608350e-01 8.620820e-01
5.002197e-01 1.908773e-09 2.788590e-01 8.639740e-01
5.002662e-01 1.871229e-09 2.815060e-01 8.634980e-01
5.002074e-01 1.874364e-09 3.035180e-01 8.640160e-01
5.004750e-01 1.882969e-09 2.962640e-01 8.631180e-01
5.005248e-01 1.920200e-09 3.106540e-01 8.631600e-01
5.006248e-01 1.943002e-09 2.665830e-01 8.628620e-01
5.006376e-01 1.948633e-09 2.714450e-01 8.627680e-01
5.002438e-01 1.889883e-09 2.745330e-01 8.642980e-01
5.005287e-01 1.922034e-09 3.589340e-01 8.621200e-01
5.004171e-01 1.925417e-09 2.669440e-01 8.628420e-01
5.007687e-01 1.958900e-09 2.845480e-01 8.627080e-01
5.004880e-01 1.902378e-09 2.883070e-01 8.632200e-01
5.006093e-01 1.948803e-09 2.897530e-01 8.630300e-01
5.002498e-01 1.853643e-09 3.223660e-01 8.629760e-01
5.007641e-01 1.964075e-09 2.996550e-01 8.617800e-01
5.006466e-01 1.948720e-09 2.779920e-01 8.634020e-01
5.002435e-01 1.893794e-09 2.673410e-01 8.636780e-01
5.004722e-01 1.932090e-09 2.674020e-01 8.634500e-01
5.004500e-01 1.863086e-09 2.762430e-01 8.632240e-01
5.005009e-01 1.921901e-09 2.595990e-01 8.633660e-01
5.007103e-01 1.961112e-09 2.879860e-01 8.631000e-01
5.002351e-01 1.877836e-09 2.914600e-01 8.634280e-01
5.005452e-01 1.905015e-09 2.813860e-01 8.634200e-01
5.003926e-01 1.883679e-09 3.075140e-01 8.639560e-01
5.001434e-01 1.838733e-09 2.847880e-01 8.631340e-01
5.005858e-01 1.953192e-09 2.679430e-01 8.638700e-01
5.005745e-01 1.949713e-09 2.878360e-01 8.628980e-01
5.002681e-01 1.859309e-09 2.866090e-01 8.642540e-01
5.002831e-01 1.859280e-09 2.932880e-01 8.629960e-01
5.003075e-01 1.881773e-09 2.745500e-01 8.635820e-01
5.007481e-01 1.967403e-09 2.691170e-01 8.636480e-01
5.005143e-01 1.904956e-09 2.769430e-01 8.630180e-01
5.007014e-01 1.965727e-09 2.933970e-01 8.631180e-01
5.004606e-01 1.897719e-09 2.759530e-01 8.640160e-01
5.004478e-01 1.938470e-09 2.763110e-01 8.633120e-01
5.003823e-01 1.897985e-09 2.899430e-01 8.634800e-01
5.002625e-01 1.868552e-09 2.784460e-01 8.634400e-01
5.004888e-01 1.927198e-09 2.766920e-01 8.638100e-01
5.000311e-01 1.822372e-09 2.676860e-01 8.641160e-01
5.001645e-01 1.845817e-09 2.762610e-01 8.638740e-01
5.009438e-01 2.035953e-09 2.665810e-01 8.628480e-01
5.005306e-01 1.911839e-09 2.882500e-01 8.625360e-01
5.004100e-01 1.904438e-09 2.754720e-01 8.632480e-01
5.007001e-01 1.950035e-09 2.654730e-01 8.623320e-01
5.009018e-01 1.949241e-09 2.722750e-01 8.633760e-01
5.005619e-01 1.928888e-09 2.950380e-01 8.627780e-01
5.004545e-01 1.910110e-09 3.098970e-01 8.636300e-01
5.003855e-01 1.880787e-09 2.746580e-01 8.632200e-01
5.005753e-01 1.947800e-09 2.690770e-01 8.634980e-01
5.001865e-01 1.854650e-09 2.688500e-01 8.639860e-01
5.003367e-01 1.850480e-09 2.691680e-01 8.636500e-01
5.003059e-01 1.845869e-09 2.647870e-01 8.637380e-01
5.004810e-01 1.871224e-09 2.737540e-01 8.639680e-01
5.004363e-01 1.860143e-09 2.741240e-01 8.632880e-01
5.008720e-01 1.939511e-09 2.587750e-01 8.626080e-01
5.006072e-01 1.924544e-09 2.796650e-01 8.628380e-01
5.006602e-01 1.913328e-09 2.745090e-01 8.631800e-01
5.005211e-01 1.905289e-09 2.750990e-01 8.623360e-01
5.006098e-01 1.968321e-09 2.725970e-01 8.637420e-01
5.006364e-01 1.910441e-09 2.644390e-01 8.635380e-01
5.005911e-01 1.952598e-09 2.715760e-01 8.632900e-01
5.003738e-01 1.872037e-09 2.658200e-01 8.633820e-01
5.004911e-01 1.916128e-09 2.740130e-01 8.634700e-01
5.002313e-01 1.847874e-09 2.693730e-01 8.634720e-01
5.004130e-01 1.923774e-09 2.758960e-01 8.634040e-01
5.006599e-01 1.908729e-09 2.867650e-01 8.622800e-01
5.004739e-01 1.898408e-09 2.731120e-01 8.633940e-01
5.004238e-01 1.891145e-09 2.791400e-01 8.638620e-01
5.003924e-01 1.863197e-09 3.444860e-01 8.636400e-01
5.007013e-01 1.909513e-09 3.223270e-01 8.637000e-01
5.007039e-01 1.949515e-09 3.185050e-01 8.636520e-01
5.003369e-01 1.935278e-09 2.807330e-01 8.637900e-01
5.004333e-01 1.891700e-09 3.084290e-01 8.632100e-01
5.001089e-01 1.833771e-09 2.912170e-01 8.646480e-01
5.005219e-01 1.894088e-09 2.709940e-01 8.638540e-01
5.005415e-01 1.880950e-09 2.701220e-01 8.634700e-01
5.003524e-01 1.871209e-09 2.691060e-01 8.638600e-01
5.003607e-01 1.874702e-09 2.769010e-01 8.633660e-01
5.007157e-01 1.950321e-09 2.770630e-01 8.630600e-01
5.002631e-01 1.873383e-09 2.775560e-01 8.638280e-01
5.005834e-01 1.909087e-09 2.741480e-01 8.631260e-01
5.005117e-01 1.899769e-09 2.637550e-01 8.634540e-01
5.004790e-01 1.925144e-09 2.655180e-01 8.638580e-01
5.006140e-01 1.922888e-09 2.661860e-01 8.623040e-01
5.003267e-01 1.876631e-09 2.796260e-01 8.635160e-01
5.004628e-01 1.883474e-09 2.801260e-01 8.632480e-01
5.005390e-01 1.885835e-09 2.918200e-01 8.624680e-01
5.007285e-01 1.934300e-09 3.047760e-01 8.628600e-01
5.003362e-01 1.856367e-09 2.858210e-01 8.636220e-01
5.004522e-01 1.887153e-09 2.702680e-01 8.634520e-01
5.002746e-01 1.899334e-09 2.693240e-01 8.643440e-01
5.001730e-01 1.885175e-09 2.783100e-01 8.643240e-01
5.003546e-01 1.886276e-09 2.841430e-01 8.640700e-01
5.005100e-01 1.885259e-09 2.790920e-01 8.631400e-01
5.004734e-01 1.884045e-09 2.715250e-01 8.628460e-01
5.006367e-01 1.914500e-09 3.169950e-01 8.635240e-01
5.003842e-01 1.880675e-09 2.978570e-01 8.627540e-01
5.007362e-01 1.939375e-09 2.755820e-01 8.636720e-01
5.003090e-01 1.850863e-09 2.707920e-01 8.634500e-01
5.007590e-01 1.930389e-09 2.774640e-01 8.624420e-01
5.004989e-01 1.918435e-09 2.821760e-01 8.625860e-01
5.004772e-01 1.910697e-09 2.985630e-01 8.638440e-01
5.001944e-01 1.856998e-09 3.226220e-01 8.643680e-01
5.003197e-01 1.879836e-09 2.831090e-01 8.646280e-01
5.005049e-01 1.881194e-09 2.739430e-01 8.630280e-01
5.003274e-01 1.847939e-09 2.925010e-01 8.642780e-01
5.006124e-01 1.924526e-09 2.615560e-01 8.631940e-01
5.006746e-01 1.922610e-09 2.706040e-01 8.639140e-01
5.005711e-01 1.900262e-09 2.749040e-01 8.636700e-01
5.005220e-01 1.925175e-09 2.779780e-01 8.642260e-01
5.004014e-01 1.888942e-09 2.735810e-01 8.629800e-01
5.006021e-01 1.906744e-09 2.731600e-01 8.632380e-01
5.003955e-01 1.863165e-09 2.742670e-01 8.629400e-01
5.002489e-01 1.852840e-09 2.750260e-01 8.640880e-01
5.003261e-01 1.847502e-09 2.688020e-01 8.635260e-01
5.006818e-01 1.928705e-09 2.666830e-01 8.630640e-01
5.004541e-01 1.864972e-09 2.676010e-01 8.623520e-01
5.005286e-01 1.908484e-09 2.607440e-01 8.640920e-01
5.001811e-01 1.821850e-09 2.743060e-01 8.637720e-01
5.004766e-01 1.895360e-09 2.767570e-01 8.636500e-01
5.004854e-01 1.894520e-09 2.701550e-01 8.638840e-01
5.008003e-01 1.942119e-09 2.742050e-01 8.629120e-01
5.006682e-01 1.932581e-09 2.849620e-01 8.625940e-01
5.007651e-01 1.915237e-09 2.786930e-01 8.620480e-01
5.003518e-01 1.893693e-09 2.755490e-01 8.632280e-01
5.006707e-01 1.933223e-09 2.681330e-01 8.626860e-01
5.005145e-01 1.901971e-09 2.666460e-01 8.624420e-01
5.005376e-01 1.938420e-09 3.220050e-01 8.636340e-01
5.002257e-01 1.848567e-09 3.445050e-01 8.636540e-01
5.002183e-01 1.840454e-09 2.693310e-01 8.642840e-01
5.005836e-01 1.895352e-09 2.718820e-01 8.619500e-01
5.004539e-01 1.901014e-09 2.734380e-01 8.634720e-01
5.003984e-01 1.873424e-09 2.649780e-01 8.631720e-01
5.005270e-01 1.882899e-09 2.671510e-01 8.636860e-01
5.007306e-01 1.932406e-09 2.825800e-01 8.635080e-01
5.004312e-01 1.861144e-09 2.750250e-01 8.627360e-01
5.005286e-01 1.894172e-09 2.794810e-01 8.634120e-01
5.005087e-01 1.909310e-09 2.761490e-01 8.634500e-01
5.003829e-01 1.897376e-09 2.689940e-01 8.637520e-01
5.002795e-01 1.859774e-09 2.691060e-01 8.631920e-01
5.005096e-01 1.923864e-09 2.815920e-01 8.634440e-01
5.003992e-01 1.874469e-09 2.676710e-01 8.634720e-01
5.004222e-01 1.869048e-09 2.829370e-01 8.642540e-01
5.005177e-01 1.861526e-09 2.761100e-01 8.633320e-01
5.005432e-01 1.880526e-09 3.134910e-01 8.631560e-01
5.003043e-01 1.840459e-09 2.909910e-01 8.632540e-01
5.004200e-01 1.863073e-09 2.891970e-01 8.633160e-01
5.005273e-01 1.904914e-09 2.906410e-01 8.630200e-01
5.005150e-01 1.888567e-09 2.901930e-01 8.634860e-01
5.007676e-01 1.943550e-09 2.953280e-01 8.629500e-01
5.003976e-01 1.877341e-09 2.903920e-01 8.630320e-01
5.004951e-01 1.877199e-09 2.948420e-01 8.636520e-01
5.003827e-01 1.861769e-09 2.890280e-01 8.624960e-01
5.009150e-01 1.969901e-09 2.892630e-01 8.627580e-01
5.003484e-01 1.845107e-09 2.891690e-01 8.630300e-01
5.003369e-01 1.860572e-09 2.950170e-01 8.634800e-01
5.003428e-01 1.862006e-09 2.821840e-01 8.643020e-01
5.007421e-01 1.933104e-09 3.253330e-01 8.625340e-01
5.001544e-01 1.837170e-09 3.174460e-01 8.642160e-01
5.003109e-01 1.891761e-09 3.277730e-01 8.643840e-01
5.006406e-01 1.940888e-09 3.269460e-01 8.630940e-01
5.008442e-01 1.977886e-09 3.232550e-01 8.628000e-01
5.005524e-01 1.883680e-09 3.224450e-01 8.627740e-01
5.004887e-01 1.874029e-09 3.244140e-01 8.644720e-01
5.004541e-01 1.879961e-09 3.262900e-01 8.638180e-01
5.005974e-01 1.911478e-09 3.337570e-01 8.636880e-01
5.006064e-01 1.912045e-09 3.286190e-01 8.627980e-01
5.004529e-01 1.854113e-09 3.198690e-01 8.630400e-01
5.001680e-01 1.836686e-09 3.287100e-01 8.638120e-01
5.003117e-01 1.878156e-09 3.362260e-01 8.626180e-01
5.009430e-01 1.971584e-09 3.413160e-01 8.623340e-01
5.002556e-01 1.857760e-09 3.256760e-01 8.637940e-01
5.006303e-01 1.889063e-09 3.338240e-01 8.625780e-01
5.007673e-01 1.911189e-09 3.612060e-01 8.621240e-01
5.005350e-01 1.888156e-09 3.778550e-01 8.631400e-01
5.004608e-01 1.900113e-09 3.513600e-01 8.639140e-01
5.004623e-01 1.859111e-09 3.559240e-01 8.631700e-01
5.003778e-01 1.862660e-09 3.335300e-01 8.638460e-01
5.003714e-01 1.850090e-09 3.691620e-01 8.639140e-01
5.005415e-01 1.883304e-09 3.803600e-01 8.629460e-01
5.004452e-01 1.873268e-09 3.327600e-01 8.643120e-01
5.003240e-01 1.835108e-09 3.832690e-01 8.627140e-01
5.004597e-01 1.857807e-09 3.245090e-01 8.627460e-01
5.003168e-01 1.856543e-09 3.400340e-01 8.630580e-01
5.004439e-01 1.881602e-09 3.942620e-01 8.628580e-01
5.003529e-01 1.856627e-09 3.433820e-01 8.643900e-01
5.006363e-01 1.895923e-09 2.876250e-01 8.637920e-01
5.003361e-01 1.854559e-09 2.643890e-01 8.636940e-01
5.001854e-01 1.822042e-09 2.688020e-01 8.636980e-01
5.009825e-01 1.973223e-09 2.474580e-01 8.629900e-01
5.003796e-01 1.823574e-09 2.668040e-01 8.629860e-01
5.005615e-01 1.876926e-09 2.495560e-01 8.621700e-01
5.003682e-01 1.848041e-09 2.564970e-01 8.633300e-01
5.003115e-01 1.863171e-09 2.532160e-01 8.643440e-01
5.004041e-01 1.885241e-09 2.533770e-01 8.630660e-01
5.005802e-01 1.893889e-09 2.604190e-01 8.634840e-01
5.006284e-01 1.919785e-09 2.536950e-01 8.634740e-01
5.004301e-01 1.873009e-09 2.718640e-01 8.630960e-01
