# dim  N   mc   rho  Brute 
# 1    1 500000 1
#
# Theoretical Energy = 5.000000e-01
# Energy     Variance     CPU time     Acceptance
5.692494e-01 1.398431e-07 1.828580e-01 8.618160e-01
5.723344e-01 1.390190e-07 1.693850e-01 8.618380e-01
5.683592e-01 1.380594e-07 1.754190e-01 8.609640e-01
5.669881e-01 1.363556e-07 1.682220e-01 8.606780e-01
5.667880e-01 1.367609e-07 1.841330e-01 8.611200e-01
5.661340e-01 1.354843e-07 1.710400e-01 8.615140e-01
5.669409e-01 1.340658e-07 1.608860e-01 8.615560e-01
5.679849e-01 1.340361e-07 1.851190e-01 8.610020e-01
5.639464e-01 1.321691e-07 1.666480e-01 8.607400e-01
5.633723e-01 1.298103e-07 1.806640e-01 8.611020e-01
5.660415e-01 1.279993e-07 1.705690e-01 8.613340e-01
5.630937e-01 1.303974e-07 1.703620e-01 8.607480e-01
5.657635e-01 1.289601e-07 1.677390e-01 8.605700e-01
5.630171e-01 1.256738e-07 1.635010e-01 8.617600e-01
5.593187e-01 1.258517e-07 1.678430e-01 8.602820e-01
5.607254e-01 1.214833e-07 1.695430e-01 8.614340e-01
5.590782e-01 1.215358e-07 1.753290e-01 8.614260e-01
5.592806e-01 1.224288e-07 1.685050e-01 8.617460e-01
5.620947e-01 1.216521e-07 1.707640e-01 8.606080e-01
5.594964e-01 1.192259e-07 1.704000e-01 8.617300e-01
5.577786e-01 1.189778e-07 1.704290e-01 8.611980e-01
5.594100e-01 1.161668e-07 1.911120e-01 8.621640e-01
5.591734e-01 1.153780e-07 1.841440e-01 8.613220e-01
5.563770e-01 1.162456e-07 1.723810e-01 8.616160e-01
5.559286e-01 1.159313e-07 1.669700e-01 8.616900e-01
5.562030e-01 1.161044e-07 1.614390e-01 8.605760e-01
5.584354e-01 1.133960e-07 1.666680e-01 8.607560e-01
5.544323e-01 1.129416e-07 1.794510e-01 8.609500e-01
5.581935e-01 1.117449e-07 1.781450e-01 8.608420e-01
5.553543e-01 1.112360e-07 1.954030e-01 8.605000e-01
5.580374e-01 1.102898e-07 1.828980e-01 8.610480e-01
5.562123e-01 1.102147e-07 1.843060e-01 8.606160e-01
5.531868e-01 1.096739e-07 1.705730e-01 8.598780e-01
5.526301e-01 1.070917e-07 1.791870e-01 8.607640e-01
5.546555e-01 1.073023e-07 1.650430e-01 8.600520e-01
5.547077e-01 1.069737e-07 1.684470e-01 8.609040e-01
5.541386e-01 1.054100e-07 1.672640e-01 8.614620e-01
5.524040e-01 1.042078e-07 1.662450e-01 8.606860e-01
5.565811e-01 1.036164e-07 1.638110e-01 8.610920e-01
5.504599e-01 1.020644e-07 1.746960e-01 8.612820e-01
5.540590e-01 1.030893e-07 1.866850e-01 8.603380e-01
5.470395e-01 1.009262e-07 1.670290e-01 8.601720e-01
5.462282e-01 9.984878e-08 1.656020e-01 8.607300e-01
5.475719e-01 9.900571e-08 1.648170e-01 8.608860e-01
5.520842e-01 9.988989e-08 1.659020e-01 8.614880e-01
5.472049e-01 9.922810e-08 1.778100e-01 8.618640e-01
5.506984e-01 9.881213e-08 1.819840e-01 8.608100e-01
5.458798e-01 9.764271e-08 1.849750e-01 8.613440e-01
5.474974e-01 9.545784e-08 1.876240e-01 8.606240e-01
5.476554e-01 9.641382e-08 1.679340e-01 8.599360e-01
5.473484e-01 9.497638e-08 1.638000e-01 8.617680e-01
5.452415e-01 9.273052e-08 1.674110e-01 8.611740e-01
5.448345e-01 9.347050e-08 1.705820e-01 8.603480e-01
5.446312e-01 9.292568e-08 1.969500e-01 8.614360e-01
5.473798e-01 9.265054e-08 1.720820e-01 8.603460e-01
5.429010e-01 9.010630e-08 1.778010e-01 8.610000e-01
5.449630e-01 9.137832e-08 1.709080e-01 8.606520e-01
5.432399e-01 9.031291e-08 1.755420e-01 8.605200e-01
5.464745e-01 8.980011e-08 1.664710e-01 8.617080e-01
5.445841e-01 8.959428e-08 1.845490e-01 8.593260e-01
5.456035e-01 8.899348e-08 1.625860e-01 8.607080e-01
5.433735e-01 8.863047e-08 1.774450e-01 8.595540e-01
5.446681e-01 8.752942e-08 1.690080e-01 8.599100e-01
5.418552e-01 8.607086e-08 1.834370e-01 8.601560e-01
5.427063e-01 8.536275e-08 1.814120e-01 8.609300e-01
5.435695e-01 8.515290e-08 2.239350e-01 8.604420e-01
5.436855e-01 8.541494e-08 1.814380e-01 8.609040e-01
5.415130e-01 8.571053e-08 1.854090e-01 8.603760e-01
5.422281e-01 8.384585e-08 1.670120e-01 8.607940e-01
5.414480e-01 8.382644e-08 1.685890e-01 8.607800e-01
5.393663e-01 8.203767e-08 1.815090e-01 8.610200e-01
5.416657e-01 8.025807e-08 1.969880e-01 8.606640e-01
5.372439e-01 8.057488e-08 1.963970e-01 8.615200e-01
5.397325e-01 8.005650e-08 1.938200e-01 8.607500e-01
5.390637e-01 7.944431e-08 1.972560e-01 8.603740e-01
5.414960e-01 7.983569e-08 2.110650e-01 8.601380e-01
5.426479e-01 7.841138e-08 1.930890e-01 8.601480e-01
5.367119e-01 7.680427e-08 1.951250e-01 8.613520e-01
5.398517e-01 7.746502e-08 1.984380e-01 8.606320e-01
5.389842e-01 7.749222e-08 1.693580e-01 8.605380e-01
5.393818e-01 7.726679e-08 1.781600e-01 8.599660e-01
5.377859e-01 7.550973e-08 1.736640e-01 8.604940e-01
5.373866e-01 7.581179e-08 2.106020e-01 8.602680e-01
5.376438e-01 7.577664e-08 1.775420e-01 8.595620e-01
5.390514e-01 7.335705e-08 1.685120e-01 8.610860e-01
5.372468e-01 7.407150e-08 1.701540e-01 8.611100e-01
5.375295e-01 7.443568e-08 1.963990e-01 8.604120e-01
5.355597e-01 7.265533e-08 2.470900e-01 8.606680e-01
5.349901e-01 7.191370e-08 1.653620e-01 8.599140e-01
5.389980e-01 7.212994e-08 1.655250e-01 8.607400e-01
5.370054e-01 7.231065e-08 1.657710e-01 8.594560e-01
5.373368e-01 7.020330e-08 1.651980e-01 8.609020e-01
5.354968e-01 7.048704e-08 1.700580e-01 8.599720e-01
5.354513e-01 6.980598e-08 1.634890e-01 8.604520e-01
5.364333e-01 6.897349e-08 1.676270e-01 8.609900e-01
5.351418e-01 6.921437e-08 1.642270e-01 8.602980e-01
5.342482e-01 6.891671e-08 1.679410e-01 8.599120e-01
5.341933e-01 6.888632e-08 1.832740e-01 8.591420e-01
5.340187e-01 6.738985e-08 1.856730e-01 8.599220e-01
5.334843e-01 6.622228e-08 1.716900e-01 8.610620e-01
5.322561e-01 6.658280e-08 1.700930e-01 8.605080e-01
5.330288e-01 6.625954e-08 1.635680e-01 8.604360e-01
5.338808e-01 6.539655e-08 1.685300e-01 8.608680e-01
5.337308e-01 6.525865e-08 1.631210e-01 8.603260e-01
5.332680e-01 6.561360e-08 1.658050e-01 8.594980e-01
5.363069e-01 6.411978e-08 1.680910e-01 8.598940e-01
5.316384e-01 6.357462e-08 1.801120e-01 8.608400e-01
5.329283e-01 6.319373e-08 1.857850e-01 8.603720e-01
5.308518e-01 6.340638e-08 1.783290e-01 8.608960e-01
5.316069e-01 6.294613e-08 1.685600e-01 8.607420e-01
5.319723e-01 6.169826e-08 1.739650e-01 8.606380e-01
5.302084e-01 6.065448e-08 1.744140e-01 8.615540e-01
5.319376e-01 6.098118e-08 1.760660e-01 8.597780e-01
5.297780e-01 6.041265e-08 1.696730e-01 8.614300e-01
5.306089e-01 5.977101e-08 1.698410e-01 8.608680e-01
5.305517e-01 5.940639e-08 1.612780e-01 8.610600e-01
5.300970e-01 5.975496e-08 1.604840e-01 8.601960e-01
5.304206e-01 5.963850e-08 1.685770e-01 8.595360e-01
5.288186e-01 5.925928e-08 1.721300e-01 8.606700e-01
5.294077e-01 5.765017e-08 1.704560e-01 8.617200e-01
5.297968e-01 5.789292e-08 1.606650e-01 8.607280e-01
5.282233e-01 5.787337e-08 1.609610e-01 8.608280e-01
5.273276e-01 5.683720e-08 1.739490e-01 8.604140e-01
5.288179e-01 5.636059e-08 1.766320e-01 8.606120e-01
5.269826e-01 5.716753e-08 1.610520e-01 8.600100e-01
5.283973e-01 5.516466e-08 1.680950e-01 8.609080e-01
5.278241e-01 5.612458e-08 1.615100e-01 8.597740e-01
5.304675e-01 5.530803e-08 1.698440e-01 8.602360e-01
5.291082e-01 5.523275e-08 1.680380e-01 8.601440e-01
5.288332e-01 5.494566e-08 1.803400e-01 8.598480e-01
5.309428e-01 5.470196e-08 1.727490e-01 8.595660e-01
5.273716e-01 5.429054e-08 1.701560e-01 8.599960e-01
5.253800e-01 5.444197e-08 1.739890e-01 8.597800e-01
5.269969e-01 5.298893e-08 1.639390e-01 8.608860e-01
5.259332e-01 5.231686e-08 1.675100e-01 8.607980e-01
5.266682e-01 5.269694e-08 1.675830e-01 8.598660e-01
5.283966e-01 5.261750e-08 1.678250e-01 8.605640e-01
5.235848e-01 5.154073e-08 1.715280e-01 8.612040e-01
5.238116e-01 5.136392e-08 1.685550e-01 8.602280e-01
5.248565e-01 5.147751e-08 1.673820e-01 8.598140e-01
5.245374e-01 5.068704e-08 1.624120e-01 8.607960e-01
5.256080e-01 5.061507e-08 1.620250e-01 8.606340e-01
5.241824e-01 5.075215e-08 1.738590e-01 8.604140e-01
5.260333e-01 4.992882e-08 1.642230e-01 8.606880e-01
5.240180e-01 4.971992e-08 1.741190e-01 8.602120e-01
5.218522e-01 4.877933e-08 1.636030e-01 8.618920e-01
5.253780e-01 4.831886e-08 1.766840e-01 8.614920e-01
5.230947e-01 4.906949e-08 1.655730e-01 8.602460e-01
5.239443e-01 4.826190e-08 1.679470e-01 8.599100e-01
5.260386e-01 4.796952e-08 1.838560e-01 8.605040e-01
5.223718e-01 4.778779e-08 1.872040e-01 8.599580e-01
5.230076e-01 4.659134e-08 1.786030e-01 8.604720e-01
5.220389e-01 4.709622e-08 1.642220e-01 8.603320e-01
5.232534e-01 4.733448e-08 1.853160e-01 8.599320e-01
5.222434e-01 4.656417e-08 1.692360e-01 8.607760e-01
5.237793e-01 4.623968e-08 1.940240e-01 8.596100e-01
5.219576e-01 4.597133e-08 1.918120e-01 8.604140e-01
5.218520e-01 4.557985e-08 1.934890e-01 8.609580e-01
5.235894e-01 4.502571e-08 1.832720e-01 8.607060e-01
5.231568e-01 4.449759e-08 2.007130e-01 8.607500e-01
5.230197e-01 4.481094e-08 1.885360e-01 8.602560e-01
5.226313e-01 4.433471e-08 1.952440e-01 8.601560e-01
5.227677e-01 4.410287e-08 1.915760e-01 8.598960e-01
5.227338e-01 4.329078e-08 1.838590e-01 8.607180e-01
5.229889e-01 4.361510e-08 1.986100e-01 8.605880e-01
5.208784e-01 4.287087e-08 1.677980e-01 8.609060e-01
5.232323e-01 4.311783e-08 1.767070e-01 8.597180e-01
5.210391e-01 4.260751e-08 1.680480e-01 8.597480e-01
5.235071e-01 4.305423e-08 1.811870e-01 8.596920e-01
5.187168e-01 4.184024e-08 1.691000e-01 8.608700e-01
5.203369e-01 4.075529e-08 1.686630e-01 8.606260e-01
5.206670e-01 4.084976e-08 1.632950e-01 8.606780e-01
5.210938e-01 4.124445e-08 1.743790e-01 8.604520e-01
5.209853e-01 4.002461e-08 1.606130e-01 8.611860e-01
5.208486e-01 4.111161e-08 1.727730e-01 8.596020e-01
5.186254e-01 4.008300e-08 1.762850e-01 8.603280e-01
5.202206e-01 4.005158e-08 1.744560e-01 8.608340e-01
5.203501e-01 3.951821e-08 1.615620e-01 8.605680e-01
5.172525e-01 3.947899e-08 1.701520e-01 8.612940e-01
5.198313e-01 3.892968e-08 1.675000e-01 8.610040e-01
5.184984e-01 3.826216e-08 1.655900e-01 8.606460e-01
5.180254e-01 3.829927e-08 1.796840e-01 8.611260e-01
5.184225e-01 3.888480e-08 1.614290e-01 8.594580e-01
5.172797e-01 3.884719e-08 1.649830e-01 8.598840e-01
5.164315e-01 3.790924e-08 1.743290e-01 8.603320e-01
5.169831e-01 3.779654e-08 1.735580e-01 8.610420e-01
5.183536e-01 3.735304e-08 1.632800e-01 8.603200e-01
5.193641e-01 3.680404e-08 1.607570e-01 8.607040e-01
5.183496e-01 3.722638e-08 1.718320e-01 8.604540e-01
5.191061e-01 3.729743e-08 1.712590e-01 8.598400e-01
5.188688e-01 3.622722e-08 1.607730e-01 8.615800e-01
5.158098e-01 3.614800e-08 1.613290e-01 8.608500e-01
5.172469e-01 3.568564e-08 1.872530e-01 8.609360e-01
5.159483e-01 3.546402e-08 1.620540e-01 8.599980e-01
5.182207e-01 3.578353e-08 1.801230e-01 8.599940e-01
5.182833e-01 3.528259e-08 1.656580e-01 8.602720e-01
5.165514e-01 3.507171e-08 1.630080e-01 8.607840e-01
5.173128e-01 3.504544e-08 1.671670e-01 8.615080e-01
5.177763e-01 3.437616e-08 1.816450e-01 8.613920e-01
5.165713e-01 3.404954e-08 1.686580e-01 8.602580e-01
5.177267e-01 3.385874e-08 1.649560e-01 8.602140e-01
5.154843e-01 3.397652e-08 1.677460e-01 8.605520e-01
5.175809e-01 3.415845e-08 1.688360e-01 8.605020e-01
5.139414e-01 3.397451e-08 1.838700e-01 8.597900e-01
5.166007e-01 3.299058e-08 1.817620e-01 8.611800e-01
5.161152e-01 3.284543e-08 1.896990e-01 8.612540e-01
5.172003e-01 3.348027e-08 1.818910e-01 8.605260e-01
5.171204e-01 3.278326e-08 1.862590e-01 8.598360e-01
5.159021e-01 3.294553e-08 1.932720e-01 8.609720e-01
5.158286e-01 3.260988e-08 1.775430e-01 8.596880e-01
5.159834e-01 3.213314e-08 1.714120e-01 8.605520e-01
5.168564e-01 3.141117e-08 1.733680e-01 8.616820e-01
5.158719e-01 3.183083e-08 1.755660e-01 8.605040e-01
5.147642e-01 3.143308e-08 1.698820e-01 8.605200e-01
5.159197e-01 3.095853e-08 1.783690e-01 8.610640e-01
5.164015e-01 3.118111e-08 1.963750e-01 8.606980e-01
5.157404e-01 3.090287e-08 1.826000e-01 8.604100e-01
5.146684e-01 3.063563e-08 1.782120e-01 8.615700e-01
5.149886e-01 3.086554e-08 1.822340e-01 8.599260e-01
5.137467e-01 2.998176e-08 1.846780e-01 8.607560e-01
5.152869e-01 2.985909e-08 1.736630e-01 8.611460e-01
5.144138e-01 2.974195e-08 1.752040e-01 8.607860e-01
5.151998e-01 2.951579e-08 1.812470e-01 8.612120e-01
5.150697e-01 2.956412e-08 1.844650e-01 8.604300e-01
5.138184e-01 2.974286e-08 1.899980e-01 8.610120e-01
5.127014e-01 2.912806e-08 1.732250e-01 8.600340e-01
5.132570e-01 2.891445e-08 1.788740e-01 8.605120e-01
5.164403e-01 2.833348e-08 1.726680e-01 8.616260e-01
5.138915e-01 2.837963e-08 1.707700e-01 8.612200e-01
5.142222e-01 2.838506e-08 1.627460e-01 8.603740e-01
5.135067e-01 2.802902e-08 1.818690e-01 8.614080e-01
5.126437e-01 2.777139e-08 1.798540e-01 8.604580e-01
5.139199e-01 2.750236e-08 1.763900e-01 8.600380e-01
5.142408e-01 2.761563e-08 1.896190e-01 8.613740e-01
5.143859e-01 2.716445e-08 1.822190e-01 8.610760e-01
5.136502e-01 2.723758e-08 1.680540e-01 8.597860e-01
5.131997e-01 2.687690e-08 1.758010e-01 8.609100e-01
5.148203e-01 2.716148e-08 1.773580e-01 8.596820e-01
5.135244e-01 2.685381e-08 2.015010e-01 8.603140e-01
5.142600e-01 2.651056e-08 2.081240e-01 8.602740e-01
5.143093e-01 2.604969e-08 2.069910e-01 8.621040e-01
5.132992e-01 2.598419e-08 2.126030e-01 8.611300e-01
5.117822e-01 2.596858e-08 2.133690e-01 8.606220e-01
5.136120e-01 2.609361e-08 1.813940e-01 8.600820e-01
5.127151e-01 2.599526e-08 1.929830e-01 8.600020e-01
5.128907e-01 2.592257e-08 1.776050e-01 8.596720e-01
5.132900e-01 2.519339e-08 1.884630e-01 8.609160e-01
5.138177e-01 2.530644e-08 2.025700e-01 8.608240e-01
5.138356e-01 2.461356e-08 1.936310e-01 8.617280e-01
5.133927e-01 2.471163e-08 1.928970e-01 8.612960e-01
5.141458e-01 2.458404e-08 2.133460e-01 8.609560e-01
5.111618e-01 2.454253e-08 2.072850e-01 8.603020e-01
5.123078e-01 2.400050e-08 1.909730e-01 8.612880e-01
5.131040e-01 2.392391e-08 2.204220e-01 8.618220e-01
5.117142e-01 2.426980e-08 2.138850e-01 8.597620e-01
5.109342e-01 2.403511e-08 1.958930e-01 8.608340e-01
5.123215e-01 2.385692e-08 1.944180e-01 8.602880e-01
5.136107e-01 2.355882e-08 2.034170e-01 8.607380e-01
5.114006e-01 2.344802e-08 1.911900e-01 8.611420e-01
5.126776e-01 2.327517e-08 1.882840e-01 8.605260e-01
5.115525e-01 2.331199e-08 1.740900e-01 8.613880e-01
5.131791e-01 2.299342e-08 1.798980e-01 8.609780e-01
5.118493e-01 2.285869e-08 2.034670e-01 8.607040e-01
5.115230e-01 2.273697e-08 1.786540e-01 8.598320e-01
5.113624e-01 2.281485e-08 2.037240e-01 8.610480e-01
5.106988e-01 2.245439e-08 1.809460e-01 8.605060e-01
5.105084e-01 2.217027e-08 2.053270e-01 8.610300e-01
5.092467e-01 2.240270e-08 2.009350e-01 8.601840e-01
5.102708e-01 2.234304e-08 1.878590e-01 8.598400e-01
5.106993e-01 2.189569e-08 1.912830e-01 8.607780e-01
5.102972e-01 2.158678e-08 1.884980e-01 8.611260e-01
5.094793e-01 2.144387e-08 1.973650e-01 8.612700e-01
5.101346e-01 2.122858e-08 1.726750e-01 8.603480e-01
5.102072e-01 2.106462e-08 1.689170e-01 8.614240e-01
5.121395e-01 2.093201e-08 1.704880e-01 8.619660e-01
5.104015e-01 2.098711e-08 1.728200e-01 8.606220e-01
5.097381e-01 2.039675e-08 1.909830e-01 8.612280e-01
5.102213e-01 2.085046e-08 1.842220e-01 8.602180e-01
5.105339e-01 2.035910e-08 1.792580e-01 8.610820e-01
5.096619e-01 2.046026e-08 1.690320e-01 8.610180e-01
5.095515e-01 2.002071e-08 1.850460e-01 8.609760e-01
5.098317e-01 2.027272e-08 1.853020e-01 8.610000e-01
5.090423e-01 2.021239e-08 1.780260e-01 8.597780e-01
5.104297e-01 2.008515e-08 1.699940e-01 8.600180e-01
5.096718e-01 1.980664e-08 1.739640e-01 8.606720e-01
5.111060e-01 1.966290e-08 2.068790e-01 8.609480e-01
5.102684e-01 1.973872e-08 2.049470e-01 8.610060e-01
5.098046e-01 1.928950e-08 1.896360e-01 8.608000e-01
5.096421e-01 1.943014e-08 1.970440e-01 8.605640e-01
5.094206e-01 1.924544e-08 1.922210e-01 8.601340e-01
5.104801e-01 1.906449e-08 2.109600e-01 8.614480e-01
5.085816e-01 1.896510e-08 2.139720e-01 8.611200e-01
5.089041e-01 1.877661e-08 1.917940e-01 8.597280e-01
5.089250e-01 1.894541e-08 2.413870e-01 8.604160e-01
5.088613e-01 1.857250e-08 1.977060e-01 8.616080e-01
5.086341e-01 1.823303e-08 2.704200e-01 8.614860e-01
5.090754e-01 1.842861e-08 2.026260e-01 8.607000e-01
5.083509e-01 1.817935e-08 1.997620e-01 8.611000e-01
5.090263e-01 1.862402e-08 1.804330e-01 8.608220e-01
5.088689e-01 1.815248e-08 2.107460e-01 8.603460e-01
5.089565e-01 1.788904e-08 2.035320e-01 8.604780e-01
5.081726e-01 1.763107e-08 1.794350e-01 8.624720e-01
5.085964e-01 1.784925e-08 1.949100e-01 8.613180e-01
5.075029e-01 1.756817e-08 1.678700e-01 8.619680e-01
5.087137e-01 1.726756e-08 1.888830e-01 8.610160e-01
5.088391e-01 1.719276e-08 1.879800e-01 8.606660e-01
5.084033e-01 1.717171e-08 1.671660e-01 8.604180e-01
5.076592e-01 1.731563e-08 1.778740e-01 8.604000e-01
5.069443e-01 1.690451e-08 1.838820e-01 8.608660e-01
5.094974e-01 1.700534e-08 1.913070e-01 8.613220e-01
5.083597e-01 1.652035e-08 1.796300e-01 8.616660e-01
5.067849e-01 1.649418e-08 1.693250e-01 8.604420e-01
5.074021e-01 1.647566e-08 1.755320e-01 8.611580e-01
5.076992e-01 1.652337e-08 1.725740e-01 8.607020e-01
5.080130e-01 1.629631e-08 1.761700e-01 8.613400e-01
5.089830e-01 1.622165e-08 1.835540e-01 8.616440e-01
5.079418e-01 1.624406e-08 1.680810e-01 8.610220e-01
5.082912e-01 1.581976e-08 1.916640e-01 8.615680e-01
5.067306e-01 1.600572e-08 2.065710e-01 8.612520e-01
5.078617e-01 1.598015e-08 1.794560e-01 8.599740e-01
5.086692e-01 1.588894e-08 1.952570e-01 8.602540e-01
5.079628e-01 1.573818e-08 2.283310e-01 8.604220e-01
5.077424e-01 1.552247e-08 1.997250e-01 8.605100e-01
5.070975e-01 1.502434e-08 1.932080e-01 8.616580e-01
5.071837e-01 1.527201e-08 1.840240e-01 8.613520e-01
5.065928e-01 1.540071e-08 1.707540e-01 8.601680e-01
5.085049e-01 1.524302e-08 1.841360e-01 8.609040e-01
5.074474e-01 1.484002e-08 1.747780e-01 8.622100e-01
5.066640e-01 1.484528e-08 1.657590e-01 8.616720e-01
5.084719e-01 1.503415e-08 1.675910e-01 8.605300e-01
5.078103e-01 1.483736e-08 1.689000e-01 8.613460e-01
5.079968e-01 1.461917e-08 1.657820e-01 8.610100e-01
5.077111e-01 1.470888e-08 1.658560e-01 8.610900e-01
5.066229e-01 1.430770e-08 1.719280e-01 8.608980e-01
5.082143e-01 1.451119e-08 1.840200e-01 8.605420e-01
5.055543e-01 1.427257e-08 1.898520e-01 8.600600e-01
5.065901e-01 1.442408e-08 2.251310e-01 8.599900e-01
5.069234e-01 1.408786e-08 1.870750e-01 8.610680e-01
5.074571e-01 1.400422e-08 1.856200e-01 8.613740e-01
5.075694e-01 1.396274e-08 1.850870e-01 8.609340e-01
5.071692e-01 1.403118e-08 1.747520e-01 8.603180e-01
5.066828e-01 1.370990e-08 1.821180e-01 8.608160e-01
5.071824e-01 1.367292e-08 2.101150e-01 8.614020e-01
5.067175e-01 1.353537e-08 1.924290e-01 8.609680e-01
5.058880e-01 1.357123e-08 2.225360e-01 8.611500e-01
5.067993e-01 1.338257e-08 2.103280e-01 8.615900e-01
5.064701e-01 1.305932e-08 1.714020e-01 8.624100e-01
5.061054e-01 1.313366e-08 1.874130e-01 8.614880e-01
5.071214e-01 1.315829e-08 1.987260e-01 8.606660e-01
5.059749e-01 1.292297e-08 2.343220e-01 8.631400e-01
5.052963e-01 1.307202e-08 1.986800e-01 8.602000e-01
5.066544e-01 1.299283e-08 1.747090e-01 8.610980e-01
5.068166e-01 1.277861e-08 1.887710e-01 8.616640e-01
5.054333e-01 1.282400e-08 2.202220e-01 8.604780e-01
5.052198e-01 1.265197e-08 2.033050e-01 8.612540e-01
5.067556e-01 1.261777e-08 1.871310e-01 8.620420e-01
5.067361e-01 1.240530e-08 1.708420e-01 8.621820e-01
5.056116e-01 1.247851e-08 1.900880e-01 8.617980e-01
5.051743e-01 1.212964e-08 1.694770e-01 8.608960e-01
5.070979e-01 1.216837e-08 1.831910e-01 8.603760e-01
5.059674e-01 1.210942e-08 2.108120e-01 8.613640e-01
5.057698e-01 1.207029e-08 2.159700e-01 8.610620e-01
5.064889e-01 1.215710e-08 2.675200e-01 8.610580e-01
5.054025e-01 1.191591e-08 1.755870e-01 8.612920e-01
5.054011e-01 1.180642e-08 1.782590e-01 8.614440e-01
5.058794e-01 1.177910e-08 1.915450e-01 8.608760e-01
5.064405e-01 1.194094e-08 1.947350e-01 8.602320e-01
5.053223e-01 1.155010e-08 2.257900e-01 8.617820e-01
5.065508e-01 1.155260e-08 1.840840e-01 8.609960e-01
5.045472e-01 1.140333e-08 1.873040e-01 8.613020e-01
5.058569e-01 1.155933e-08 1.850960e-01 8.613060e-01
5.055324e-01 1.144716e-08 2.291570e-01 8.603440e-01
5.059439e-01 1.119142e-08 1.836670e-01 8.614440e-01
5.049701e-01 1.118905e-08 1.748150e-01 8.612080e-01
5.049790e-01 1.105616e-08 1.963100e-01 8.619160e-01
5.059566e-01 1.102272e-08 1.864820e-01 8.612700e-01
5.052072e-01 1.091086e-08 1.824050e-01 8.615340e-01
5.054058e-01 1.094701e-08 2.353700e-01 8.607980e-01
5.043075e-01 1.088862e-08 1.782150e-01 8.607440e-01
5.063912e-01 1.078839e-08 1.791130e-01 8.611380e-01
5.054147e-01 1.082879e-08 1.667450e-01 8.609920e-01
5.047569e-01 1.058044e-08 2.212410e-01 8.622900e-01
5.054574e-01 1.076399e-08 2.013970e-01 8.609600e-01
5.044718e-01 1.039427e-08 2.081680e-01 8.603040e-01
5.064709e-01 1.062115e-08 2.296990e-01 8.609840e-01
5.055522e-01 1.037690e-08 1.973550e-01 8.609260e-01
5.050485e-01 1.037961e-08 2.016180e-01 8.611620e-01
5.049749e-01 1.029231e-08 2.228110e-01 8.617900e-01
5.046320e-01 1.006449e-08 1.933580e-01 8.615600e-01
5.052283e-01 1.016529e-08 1.728100e-01 8.611860e-01
5.043576e-01 9.944432e-09 1.906720e-01 8.624500e-01
5.047025e-01 9.897376e-09 1.747350e-01 8.624100e-01
5.052800e-01 1.001510e-08 1.786680e-01 8.612320e-01
5.047855e-01 9.882170e-09 1.904220e-01 8.615720e-01
5.051101e-01 9.940449e-09 1.856120e-01 8.618500e-01
5.050411e-01 9.777039e-09 2.040590e-01 8.609640e-01
5.056032e-01 9.722875e-09 2.218360e-01 8.606660e-01
5.039726e-01 9.634672e-09 1.747340e-01 8.614340e-01
5.045358e-01 9.686754e-09 1.738260e-01 8.609540e-01
5.035758e-01 9.565551e-09 1.828550e-01 8.613180e-01
5.047206e-01 9.402936e-09 1.847360e-01 8.620320e-01
5.045665e-01 9.359881e-09 1.990390e-01 8.624040e-01
5.054334e-01 9.423270e-09 2.229160e-01 8.623120e-01
5.035874e-01 9.183905e-09 1.866730e-01 8.625260e-01
5.053462e-01 9.381738e-09 1.790300e-01 8.603200e-01
5.037621e-01 9.066535e-09 1.811880e-01 8.617980e-01
5.048951e-01 9.132296e-09 1.751520e-01 8.609160e-01
5.046086e-01 9.021411e-09 1.630730e-01 8.617380e-01
5.043302e-01 8.973047e-09 2.041910e-01 8.611700e-01
5.042888e-01 9.048528e-09 2.020410e-01 8.619540e-01
5.033575e-01 8.798889e-09 1.819190e-01 8.608420e-01
5.052207e-01 9.002940e-09 1.784090e-01 8.612600e-01
5.036470e-01 8.911068e-09 1.698310e-01 8.607980e-01
5.045262e-01 8.813208e-09 1.789180e-01 8.609760e-01
5.042606e-01 8.579564e-09 1.731410e-01 8.631240e-01
5.044727e-01 8.509016e-09 1.926760e-01 8.622460e-01
5.052923e-01 8.642652e-09 2.208630e-01 8.619260e-01
5.035180e-01 8.536042e-09 1.836910e-01 8.616800e-01
5.037835e-01 8.639073e-09 1.815730e-01 8.605800e-01
5.046956e-01 8.362166e-09 1.792210e-01 8.608660e-01
5.034836e-01 8.284293e-09 2.177250e-01 8.605680e-01
5.026997e-01 8.273868e-09 1.764140e-01 8.610260e-01
5.043806e-01 8.269069e-09 1.920510e-01 8.618700e-01
5.032891e-01 8.030600e-09 1.822160e-01 8.624460e-01
5.045036e-01 8.192165e-09 1.921430e-01 8.614360e-01
5.039524e-01 8.053355e-09 1.788620e-01 8.620880e-01
5.048841e-01 8.057724e-09 1.953090e-01 8.616820e-01
5.036819e-01 8.012741e-09 1.893430e-01 8.616000e-01
5.046691e-01 7.991122e-09 1.817460e-01 8.617040e-01
5.043794e-01 8.011923e-09 1.989530e-01 8.618560e-01
5.036830e-01 7.795769e-09 1.836640e-01 8.613200e-01
5.035972e-01 7.806288e-09 1.847630e-01 8.615400e-01
5.036619e-01 7.867189e-09 1.735690e-01 8.598620e-01
5.029460e-01 7.693513e-09 1.963340e-01 8.612740e-01
5.041325e-01 7.674952e-09 1.881290e-01 8.623840e-01
5.028691e-01 7.644703e-09 1.876860e-01 8.617440e-01
5.033675e-01 7.540983e-09 1.776720e-01 8.612400e-01
5.039996e-01 7.542322e-09 1.816790e-01 8.615460e-01
5.036544e-01 7.384276e-09 1.848770e-01 8.629360e-01
5.035361e-01 7.440884e-09 1.818100e-01 8.612780e-01
5.031675e-01 7.285196e-09 1.942510e-01 8.624380e-01
5.024952e-01 7.248294e-09 1.859630e-01 8.618860e-01
5.039050e-01 7.278903e-09 1.751520e-01 8.612580e-01
5.042090e-01 7.303466e-09 1.991340e-01 8.611400e-01
5.037998e-01 7.223740e-09 1.972770e-01 8.612100e-01
5.029051e-01 7.185309e-09 1.787770e-01 8.614000e-01
5.040124e-01 7.158173e-09 1.749600e-01 8.614540e-01
5.035744e-01 7.032295e-09 1.709500e-01 8.616020e-01
5.021200e-01 6.874770e-09 1.836870e-01 8.621020e-01
5.028913e-01 6.998317e-09 1.642360e-01 8.611560e-01
5.025790e-01 6.815910e-09 1.949650e-01 8.608000e-01
5.033299e-01 6.902088e-09 1.997110e-01 8.613820e-01
5.024267e-01 6.749662e-09 2.529770e-01 8.614240e-01
5.029925e-01 6.693440e-09 2.229050e-01 8.623740e-01
5.033291e-01 6.749887e-09 2.390050e-01 8.613440e-01
5.030921e-01 6.688779e-09 2.318040e-01 8.614680e-01
5.031317e-01 6.673703e-09 2.401230e-01 8.621960e-01
5.036485e-01 6.676322e-09 2.540990e-01 8.613380e-01
5.032639e-01 6.576896e-09 2.245070e-01 8.627940e-01
5.037860e-01 6.627764e-09 2.228080e-01 8.617360e-01
5.031390e-01 6.586209e-09 2.292320e-01 8.608180e-01
5.032700e-01 6.554183e-09 2.183290e-01 8.625180e-01
5.040042e-01 6.498054e-09 2.401880e-01 8.620860e-01
5.025428e-01 6.424130e-09 2.181440e-01 8.616580e-01
5.026985e-01 6.365258e-09 1.970730e-01 8.614620e-01
5.034047e-01 6.377381e-09 2.190840e-01 8.613460e-01
5.032293e-01 6.284650e-09 1.896230e-01 8.609740e-01
5.029938e-01 6.255594e-09 1.884070e-01 8.621800e-01
5.028701e-01 6.283872e-09 1.862830e-01 8.609580e-01
5.032766e-01 6.258395e-09 2.206510e-01 8.613360e-01
5.032256e-01 6.131702e-09 1.940710e-01 8.617640e-01
5.033691e-01 6.112535e-09 1.902460e-01 8.618840e-01
5.034494e-01 6.027913e-09 1.875220e-01 8.617940e-01
5.022754e-01 5.908192e-09 1.808160e-01 8.624540e-01
5.025716e-01 5.874683e-09 1.929600e-01 8.622160e-01
5.015654e-01 5.864354e-09 1.821880e-01 8.619880e-01
5.026433e-01 5.955878e-09 1.846780e-01 8.610620e-01
5.025981e-01 5.853548e-09 1.930760e-01 8.621340e-01
5.025475e-01 5.852432e-09 1.940270e-01 8.621740e-01
5.030239e-01 5.780365e-09 1.880120e-01 8.620320e-01
5.018600e-01 5.649114e-09 1.839020e-01 8.619640e-01
5.033419e-01 5.784873e-09 1.851750e-01 8.615040e-01
5.029387e-01 5.854800e-09 1.883450e-01 8.615500e-01
5.020687e-01 5.685176e-09 1.783250e-01 8.619180e-01
5.022676e-01 5.641387e-09 1.954800e-01 8.614840e-01
5.028159e-01 5.588214e-09 1.972570e-01 8.616500e-01
5.027272e-01 5.563202e-09 1.843730e-01 8.618820e-01
5.019206e-01 5.454712e-09 1.944910e-01 8.626060e-01
5.022089e-01 5.435971e-09 1.897430e-01 8.627680e-01
5.017459e-01 5.387633e-09 1.869050e-01 8.619420e-01
5.034496e-01 5.641376e-09 1.836610e-01 8.608200e-01
5.022824e-01 5.459773e-09 1.818540e-01 8.608240e-01
5.024941e-01 5.481560e-09 1.833450e-01 8.611660e-01
5.018672e-01 5.262681e-09 1.892280e-01 8.621240e-01
5.023850e-01 5.433511e-09 1.818410e-01 8.613080e-01
5.030782e-01 5.410743e-09 1.826010e-01 8.621400e-01
5.022786e-01 5.232768e-09 1.811100e-01 8.616660e-01
5.021159e-01 5.220269e-09 1.843530e-01 8.617200e-01
5.017332e-01 5.210274e-09 1.828320e-01 8.619540e-01
5.025065e-01 5.218578e-09 1.869720e-01 8.613760e-01
5.020751e-01 5.118926e-09 1.949050e-01 8.613940e-01
5.031568e-01 5.164414e-09 1.822020e-01 8.608740e-01
5.022254e-01 5.089673e-09 1.816450e-01 8.607320e-01
5.029345e-01 5.136322e-09 1.810890e-01 8.615080e-01
5.024706e-01 5.097787e-09 1.889960e-01 8.610360e-01
5.019506e-01 4.925235e-09 1.899390e-01 8.613320e-01
5.027123e-01 5.026601e-09 1.881610e-01 8.621960e-01
5.027434e-01 4.988924e-09 1.809620e-01 8.617420e-01
5.025211e-01 4.966534e-09 1.780990e-01 8.622480e-01
5.020749e-01 4.846108e-09 1.889320e-01 8.619480e-01
5.025555e-01 4.936871e-09 1.804810e-01 8.623900e-01
5.021345e-01 4.800818e-09 1.650870e-01 8.623540e-01
5.014012e-01 4.761951e-09 1.772310e-01 8.621540e-01
5.025787e-01 4.888202e-09 1.743260e-01 8.623240e-01
5.024602e-01 4.867854e-09 1.692870e-01 8.613440e-01
5.016577e-01 4.724136e-09 1.931040e-01 8.608120e-01
5.026866e-01 4.773676e-09 1.780480e-01 8.618920e-01
5.024498e-01 4.699309e-09 1.729140e-01 8.608740e-01
5.027486e-01 4.764805e-09 1.707240e-01 8.625280e-01
5.018457e-01 4.611771e-09 1.878760e-01 8.622580e-01
5.017056e-01 4.512193e-09 1.892410e-01 8.624440e-01
5.015578e-01 4.559548e-09 1.807700e-01 8.611540e-01
5.021039e-01 4.508111e-09 1.735590e-01 8.622760e-01
5.023249e-01 4.615387e-09 1.885250e-01 8.617780e-01
5.019384e-01 4.577221e-09 1.710460e-01 8.604280e-01
5.019729e-01 4.502002e-09 1.781460e-01 8.620340e-01
5.022445e-01 4.466835e-09 1.917200e-01 8.619880e-01
5.022669e-01 4.502088e-09 1.772180e-01 8.630960e-01
5.015047e-01 4.350224e-09 1.858460e-01 8.615660e-01
5.017201e-01 4.303003e-09 1.743910e-01 8.619740e-01
5.014157e-01 4.242358e-09 1.747660e-01 8.626080e-01
5.025931e-01 4.518153e-09 1.685380e-01 8.607620e-01
5.018653e-01 4.353260e-09 1.738310e-01 8.623560e-01
5.021050e-01 4.367591e-09 1.699760e-01 8.626520e-01
5.018017e-01 4.222117e-09 1.705540e-01 8.609920e-01
5.018180e-01 4.227934e-09 1.663450e-01 8.625360e-01
5.016292e-01 4.164581e-09 1.681380e-01 8.624000e-01
5.020719e-01 4.195861e-09 1.972450e-01 8.623140e-01
5.016864e-01 4.099087e-09 1.881150e-01 8.624900e-01
5.019647e-01 4.200830e-09 2.062500e-01 8.618400e-01
5.016536e-01 4.147502e-09 1.965750e-01 8.613560e-01
5.020727e-01 4.093265e-09 1.846540e-01 8.617000e-01
5.017817e-01 4.059210e-09 1.843210e-01 8.628140e-01
5.017112e-01 4.039163e-09 1.904880e-01 8.622540e-01
5.025570e-01 4.097987e-09 1.987230e-01 8.611280e-01
5.020554e-01 4.048837e-09 1.882610e-01 8.620400e-01
5.022586e-01 4.023210e-09 1.829830e-01 8.621200e-01
5.020687e-01 4.082400e-09 1.935770e-01 8.616280e-01
5.017932e-01 3.942796e-09 1.757120e-01 8.618500e-01
5.015004e-01 3.847917e-09 1.769860e-01 8.631820e-01
5.013679e-01 3.822995e-09 1.853390e-01 8.630060e-01
5.017862e-01 3.939894e-09 1.970360e-01 8.619580e-01
5.020267e-01 3.958463e-09 2.546230e-01 8.609820e-01
5.016499e-01 3.858366e-09 2.379240e-01 8.613980e-01
5.018639e-01 3.908804e-09 2.076540e-01 8.613400e-01
5.017712e-01 3.844214e-09 2.115980e-01 8.621620e-01
5.011008e-01 3.780188e-09 1.985750e-01 8.613840e-01
5.021258e-01 3.843023e-09 1.853800e-01 8.618500e-01
5.023246e-01 3.907104e-09 1.929310e-01 8.619540e-01
5.016467e-01 3.784573e-09 1.818110e-01 8.613520e-01
5.012503e-01 3.675829e-09 1.825760e-01 8.628980e-01
5.020175e-01 3.790615e-09 1.886200e-01 8.609000e-01
5.012751e-01 3.627116e-09 2.028980e-01 8.618700e-01
5.015378e-01 3.668817e-09 1.964570e-01 8.624720e-01
5.012770e-01 3.558771e-09 2.050970e-01 8.635060e-01
5.019759e-01 3.669807e-09 1.924620e-01 8.617620e-01
5.016787e-01 3.667792e-09 1.836960e-01 8.616420e-01
5.017216e-01 3.602862e-09 1.895780e-01 8.625120e-01
5.014663e-01 3.536970e-09 1.845220e-01 8.619560e-01
5.012849e-01 3.527802e-09 1.874680e-01 8.630400e-01
5.017016e-01 3.573648e-09 1.843700e-01 8.620740e-01
5.019186e-01 3.581028e-09 1.920720e-01 8.624620e-01
5.017853e-01 3.562680e-09 1.834380e-01 8.616520e-01
5.014027e-01 3.450050e-09 1.960510e-01 8.617940e-01
5.012326e-01 3.461727e-09 1.869490e-01 8.619920e-01
5.018706e-01 3.537531e-09 1.918330e-01 8.618340e-01
5.009440e-01 3.424449e-09 1.891610e-01 8.619400e-01
5.017419e-01 3.496402e-09 1.862640e-01 8.623820e-01
5.027395e-01 3.586903e-09 2.017300e-01 8.621800e-01
5.015704e-01 3.391672e-09 2.093770e-01 8.627360e-01
5.012982e-01 3.386408e-09 2.089570e-01 8.617760e-01
5.013439e-01 3.345600e-09 2.072060e-01 8.614380e-01
5.013832e-01 3.384817e-09 2.127260e-01 8.625460e-01
5.021300e-01 3.447018e-09 2.121440e-01 8.615480e-01
5.015889e-01 3.349916e-09 2.131560e-01 8.625640e-01
5.015477e-01 3.334412e-09 2.263640e-01 8.620860e-01
5.013409e-01 3.242119e-09 1.991840e-01 8.625040e-01
5.016852e-01 3.273518e-09 1.977250e-01 8.626280e-01
5.014130e-01 3.265598e-09 1.907610e-01 8.621740e-01
5.013161e-01 3.278438e-09 1.838450e-01 8.617840e-01
5.014282e-01 3.209398e-09 1.818300e-01 8.623800e-01
5.015463e-01 3.220525e-09 1.863780e-01 8.623080e-01
5.008667e-01 3.088125e-09 1.936480e-01 8.623760e-01
5.012287e-01 3.185204e-09 1.849340e-01 8.620260e-01
5.017562e-01 3.201799e-09 1.922320e-01 8.628080e-01
5.016626e-01 3.164987e-09 1.853340e-01 8.615740e-01
5.011879e-01 3.116988e-09 1.816470e-01 8.625980e-01
5.013377e-01 3.117478e-09 1.836680e-01 8.615880e-01
5.012550e-01 3.123002e-09 1.956450e-01 8.614180e-01
5.016063e-01 3.136228e-09 1.821390e-01 8.632580e-01
5.010645e-01 3.049163e-09 1.823900e-01 8.625760e-01
5.011085e-01 3.097584e-09 1.812650e-01 8.625600e-01
5.009143e-01 2.944861e-09 1.985400e-01 8.623740e-01
5.014414e-01 3.042669e-09 1.825300e-01 8.615260e-01
5.013862e-01 2.991009e-09 1.670700e-01 8.620200e-01
5.010149e-01 3.025829e-09 1.771160e-01 8.626260e-01
5.013534e-01 3.010985e-09 1.708780e-01 8.620820e-01
5.016633e-01 3.063093e-09 1.753890e-01 8.619600e-01
5.014559e-01 3.044001e-09 1.808380e-01 8.621640e-01
5.013708e-01 2.977097e-09 1.897570e-01 8.621800e-01
5.016992e-01 2.988014e-09 1.702110e-01 8.620080e-01
5.011940e-01 2.912632e-09 1.681150e-01 8.624580e-01
5.012565e-01 2.905397e-09 1.765510e-01 8.622340e-01
5.010500e-01 2.891433e-09 1.709220e-01 8.614840e-01
5.015040e-01 2.948535e-09 1.717980e-01 8.611820e-01
5.012474e-01 2.888236e-09 1.877400e-01 8.626260e-01
5.013324e-01 2.886175e-09 1.635020e-01 8.622800e-01
5.010376e-01 2.864240e-09 1.770920e-01 8.624080e-01
5.017909e-01 2.918460e-09 1.894880e-01 8.627500e-01
5.010954e-01 2.797014e-09 1.769430e-01 8.634540e-01
5.005765e-01 2.742154e-09 1.793480e-01 8.623560e-01
5.015824e-01 2.882861e-09 1.856370e-01 8.621680e-01
5.008585e-01 2.749254e-09 1.805570e-01 8.625200e-01
5.015758e-01 2.830253e-09 1.710250e-01 8.629220e-01
5.010337e-01 2.776856e-09 1.722120e-01 8.622480e-01
5.013555e-01 2.763757e-09 1.717110e-01 8.626740e-01
5.013754e-01 2.792557e-09 1.711820e-01 8.618860e-01
5.012536e-01 2.799323e-09 1.926880e-01 8.617400e-01
5.008721e-01 2.681907e-09 1.898940e-01 8.619800e-01
5.013277e-01 2.712559e-09 1.669070e-01 8.621380e-01
5.013922e-01 2.706825e-09 1.751100e-01 8.612900e-01
5.011819e-01 2.725425e-09 1.786800e-01 8.622360e-01
5.010810e-01 2.668764e-09 1.667760e-01 8.624800e-01
5.012924e-01 2.677641e-09 1.778830e-01 8.616660e-01
5.011577e-01 2.632855e-09 1.880150e-01 8.628480e-01
5.004112e-01 2.545533e-09 2.015900e-01 8.619700e-01
5.006369e-01 2.545290e-09 1.767520e-01 8.619220e-01
5.011143e-01 2.596030e-09 1.854640e-01 8.623640e-01
5.014986e-01 2.665513e-09 1.694040e-01 8.616700e-01
5.012969e-01 2.617503e-09 1.772230e-01 8.617240e-01
5.011854e-01 2.568538e-09 1.921880e-01 8.615540e-01
5.009568e-01 2.597295e-09 1.804200e-01 8.619120e-01
5.012713e-01 2.593782e-09 1.902390e-01 8.625840e-01
5.009929e-01 2.519427e-09 1.923290e-01 8.623960e-01
5.011047e-01 2.533027e-09 1.590560e-01 8.615340e-01
5.008866e-01 2.494410e-09 1.663640e-01 8.624100e-01
5.009583e-01 2.500935e-09 1.671540e-01 8.619500e-01
5.007941e-01 2.515160e-09 1.873680e-01 8.621960e-01
5.009970e-01 2.517653e-09 1.783560e-01 8.616560e-01
5.012954e-01 2.527272e-09 1.819980e-01 8.620740e-01
5.011234e-01 2.471635e-09 1.903940e-01 8.624800e-01
5.010359e-01 2.522729e-09 1.594610e-01 8.617540e-01
5.008994e-01 2.437332e-09 1.749330e-01 8.623080e-01
5.008768e-01 2.438186e-09 1.898560e-01 8.612520e-01
5.008524e-01 2.454302e-09 1.858450e-01 8.629640e-01
5.005793e-01 2.359709e-09 1.739760e-01 8.629440e-01
5.010890e-01 2.416011e-09 1.635980e-01 8.622360e-01
5.014190e-01 2.526247e-09 1.805200e-01 8.625000e-01
5.007506e-01 2.391395e-09 1.791340e-01 8.626860e-01
5.009988e-01 2.442491e-09 1.657740e-01 8.613400e-01
5.011676e-01 2.431655e-09 1.593780e-01 8.627500e-01
5.013220e-01 2.457926e-09 2.071050e-01 8.621080e-01
5.007751e-01 2.338612e-09 1.860850e-01 8.616100e-01
5.008556e-01 2.400416e-09 1.885110e-01 8.615920e-01
5.008515e-01 2.340510e-09 1.786390e-01 8.623840e-01
5.013374e-01 2.438169e-09 1.678390e-01 8.620840e-01
5.011780e-01 2.358920e-09 2.061830e-01 8.625300e-01
5.012416e-01 2.355326e-09 1.900120e-01 8.621540e-01
5.011803e-01 2.337337e-09 1.787690e-01 8.624260e-01
5.008822e-01 2.319590e-09 1.788060e-01 8.605580e-01
5.009985e-01 2.357853e-09 1.799100e-01 8.629400e-01
5.005591e-01 2.244585e-09 1.675580e-01 8.629840e-01
5.014422e-01 2.340606e-09 1.829940e-01 8.628040e-01
5.006933e-01 2.241275e-09 1.783840e-01 8.620280e-01
5.009215e-01 2.301613e-09 1.806210e-01 8.623080e-01
5.012151e-01 2.269787e-09 1.698020e-01 8.619460e-01
5.010416e-01 2.236994e-09 1.956030e-01 8.624160e-01
5.000022e-01 2.107342e-09 2.066670e-01 8.621220e-01
5.007812e-01 2.222131e-09 1.902330e-01 8.623140e-01
5.008687e-01 2.211087e-09 2.397580e-01 8.621380e-01
5.006757e-01 2.207783e-09 2.001100e-01 8.617320e-01
5.008447e-01 2.199819e-09 1.869030e-01 8.626480e-01
5.003476e-01 2.104817e-09 1.827650e-01 8.626760e-01
5.005629e-01 2.107764e-09 1.888910e-01 8.629040e-01
5.010646e-01 2.218677e-09 1.815530e-01 8.622820e-01
5.007467e-01 2.188628e-09 1.850860e-01 8.623840e-01
5.012478e-01 2.250539e-09 1.880430e-01 8.628560e-01
5.005954e-01 2.167257e-09 1.842090e-01 8.623600e-01
5.009844e-01 2.178774e-09 1.921230e-01 8.618360e-01
5.006420e-01 2.127258e-09 1.833910e-01 8.629640e-01
5.015089e-01 2.215076e-09 1.807420e-01 8.618080e-01
5.012910e-01 2.214830e-09 1.942850e-01 8.612260e-01
5.011310e-01 2.196912e-09 1.852470e-01 8.623180e-01
5.010839e-01 2.164934e-09 1.846440e-01 8.618480e-01
5.004888e-01 2.046668e-09 1.860170e-01 8.619000e-01
5.011554e-01 2.128680e-09 1.833780e-01 8.621060e-01
5.005650e-01 2.097509e-09 1.944910e-01 8.614300e-01
5.009586e-01 2.091601e-09 1.841220e-01 8.619040e-01
5.007673e-01 2.066017e-09 1.771980e-01 8.626500e-01
5.006132e-01 2.041046e-09 1.803350e-01 8.625560e-01
5.006116e-01 2.038608e-09 1.835400e-01 8.625960e-01
5.007988e-01 2.031122e-09 1.906600e-01 8.624020e-01
5.009280e-01 2.083389e-09 1.919150e-01 8.632320e-01
5.010758e-01 2.115486e-09 1.905850e-01 8.613320e-01
5.006923e-01 2.026159e-09 1.928230e-01 8.623800e-01
5.007400e-01 2.016107e-09 1.820230e-01 8.620060e-01
5.010598e-01 2.050638e-09 1.795960e-01 8.631080e-01
5.005854e-01 2.010688e-09 1.839200e-01 8.628060e-01
5.008364e-01 2.069075e-09 1.779720e-01 8.616160e-01
5.008560e-01 2.025712e-09 1.768440e-01 8.617080e-01
5.006329e-01 1.984678e-09 1.824950e-01 8.630200e-01
5.006718e-01 1.994605e-09 1.739140e-01 8.626220e-01
5.007645e-01 2.026394e-09 1.740810e-01 8.625600e-01
5.012206e-01 2.078952e-09 1.847800e-01 8.621820e-01
5.008410e-01 2.027211e-09 1.640550e-01 8.623700e-01
5.004916e-01 1.934073e-09 1.817070e-01 8.623220e-01
5.008081e-01 2.009564e-09 1.835270e-01 8.618500e-01
5.010355e-01 2.003737e-09 1.783890e-01 8.621380e-01
5.004590e-01 1.940599e-09 1.704460e-01 8.631960e-01
5.011520e-01 2.034026e-09 1.752810e-01 8.620660e-01
5.004407e-01 1.934879e-09 1.969350e-01 8.634980e-01
5.006561e-01 1.904354e-09 1.845180e-01 8.624780e-01
5.006380e-01 1.916307e-09 1.762770e-01 8.628820e-01
5.011211e-01 2.023980e-09 1.863150e-01 8.616240e-01
5.004687e-01 1.918349e-09 1.941230e-01 8.624300e-01
5.010166e-01 1.953402e-09 1.772440e-01 8.614940e-01
5.016091e-01 2.063040e-09 2.017690e-01 8.615620e-01
5.008186e-01 1.930886e-09 1.736500e-01 8.622780e-01
5.008214e-01 1.968810e-09 1.844310e-01 8.622240e-01
5.009072e-01 1.957168e-09 1.824700e-01 8.621940e-01
5.006642e-01 1.891599e-09 1.778360e-01 8.628740e-01
5.006061e-01 1.865662e-09 1.785740e-01 8.618440e-01
5.005808e-01 1.860704e-09 1.782120e-01 8.635100e-01
5.007426e-01 1.881460e-09 1.909960e-01 8.629700e-01
5.004581e-01 1.842966e-09 1.875940e-01 8.633180e-01
5.007797e-01 1.900802e-09 1.852910e-01 8.620380e-01
5.006567e-01 1.860354e-09 1.777790e-01 8.626640e-01
5.006001e-01 1.878082e-09 1.954430e-01 8.622940e-01
5.007177e-01 1.853531e-09 1.828200e-01 8.624000e-01
5.006282e-01 1.840742e-09 1.806010e-01 8.635380e-01
5.009328e-01 1.877790e-09 1.786690e-01 8.616780e-01
5.008381e-01 1.900028e-09 1.838170e-01 8.623240e-01
5.009929e-01 1.899936e-09 1.840200e-01 8.627560e-01
5.005549e-01 1.836520e-09 1.844680e-01 8.632220e-01
5.003188e-01 1.808100e-09 1.882600e-01 8.633140e-01
5.004070e-01 1.800768e-09 1.885900e-01 8.629580e-01
5.009231e-01 1.904201e-09 1.830660e-01 8.625420e-01
5.005644e-01 1.814143e-09 1.801960e-01 8.627540e-01
5.002814e-01 1.804601e-09 1.807480e-01 8.626400e-01
5.009555e-01 1.810998e-09 1.970750e-01 8.627360e-01
5.008943e-01 1.892357e-09 1.649420e-01 8.618240e-01
5.003750e-01 1.759696e-09 1.824820e-01 8.624060e-01
5.008530e-01 1.825429e-09 1.771530e-01 8.620900e-01
5.012012e-01 1.891413e-09 1.773420e-01 8.617620e-01
5.010046e-01 1.839333e-09 1.738360e-01 8.624400e-01
5.008031e-01 1.813261e-09 1.738320e-01 8.613120e-01
5.005491e-01 1.761575e-09 1.616880e-01 8.630480e-01
5.008620e-01 1.817948e-09 2.181710e-01 8.618080e-01
5.008237e-01 1.832696e-09 1.813830e-01 8.623480e-01
5.007542e-01 1.784761e-09 1.626260e-01 8.627300e-01
5.006656e-01 1.803875e-09 1.660270e-01 8.625020e-01
5.003596e-01 1.739813e-09 1.654270e-01 8.621940e-01
5.008792e-01 1.821893e-09 1.621750e-01 8.620280e-01
5.006274e-01 1.741701e-09 1.918250e-01 8.626640e-01
5.003803e-01 1.683118e-09 1.779390e-01 8.613140e-01
5.001419e-01 1.681882e-09 1.750880e-01 8.632720e-01
5.003548e-01 1.743129e-09 1.751360e-01 8.619940e-01
5.005515e-01 1.747632e-09 1.726150e-01 8.618360e-01
5.007343e-01 1.766321e-09 1.708810e-01 8.622660e-01
5.007952e-01 1.756434e-09 1.740130e-01 8.625740e-01
5.005407e-01 1.751609e-09 1.599840e-01 8.621660e-01
5.006597e-01 1.794613e-09 1.780380e-01 8.626420e-01
5.008377e-01 1.786163e-09 1.831650e-01 8.620740e-01
5.005055e-01 1.716098e-09 1.923360e-01 8.625960e-01
5.005923e-01 1.710471e-09 1.976690e-01 8.625060e-01
5.003263e-01 1.694756e-09 1.794260e-01 8.634600e-01
5.004128e-01 1.675779e-09 1.760420e-01 8.631960e-01
5.006430e-01 1.713657e-09 1.710060e-01 8.619420e-01
5.007745e-01 1.736951e-09 2.199610e-01 8.629440e-01
5.005984e-01 1.725299e-09 2.120880e-01 8.624140e-01
5.007783e-01 1.714708e-09 2.116810e-01 8.634580e-01
5.007131e-01 1.725786e-09 2.408970e-01 8.626280e-01
5.005570e-01 1.682820e-09 2.576320e-01 8.629560e-01
5.005334e-01 1.674127e-09 2.628980e-01 8.628340e-01
5.003068e-01 1.630733e-09 2.732800e-01 8.630120e-01
5.005897e-01 1.683797e-09 2.788420e-01 8.616960e-01
5.005308e-01 1.661796e-09 2.681250e-01 8.640400e-01
5.006101e-01 1.676386e-09 2.749120e-01 8.622840e-01
5.004465e-01 1.664164e-09 2.572860e-01 8.621680e-01
5.006686e-01 1.657029e-09 2.852390e-01 8.621420e-01
5.004648e-01 1.624611e-09 2.704470e-01 8.628140e-01
5.006528e-01 1.690654e-09 2.627980e-01 8.612320e-01
5.004770e-01 1.641062e-09 2.865560e-01 8.626460e-01
5.006333e-01 1.674894e-09 2.859400e-01 8.618820e-01
5.003165e-01 1.613428e-09 2.804890e-01 8.633520e-01
5.008251e-01 1.718079e-09 2.688810e-01 8.616100e-01
5.004855e-01 1.666077e-09 2.552210e-01 8.628600e-01
5.006371e-01 1.663363e-09 2.336380e-01 8.636480e-01
5.007171e-01 1.674429e-09 2.397100e-01 8.624040e-01
5.003939e-01 1.619918e-09 2.136530e-01 8.628320e-01
5.002004e-01 1.578407e-09 2.389680e-01 8.624900e-01
5.005889e-01 1.654787e-09 2.243290e-01 8.627440e-01
5.004580e-01 1.619442e-09 2.471260e-01 8.627260e-01
5.007430e-01 1.643560e-09 1.896800e-01 8.614400e-01
5.004052e-01 1.598379e-09 2.327570e-01 8.630460e-01
5.002371e-01 1.604579e-09 2.326060e-01 8.633340e-01
5.003939e-01 1.623463e-09 2.159590e-01 8.626480e-01
5.007490e-01 1.611506e-09 2.275330e-01 8.626840e-01
5.006819e-01 1.616046e-09 2.068760e-01 8.625400e-01
5.005098e-01 1.597998e-09 1.819480e-01 8.627080e-01
5.005538e-01 1.588559e-09 2.149820e-01 8.637300e-01
5.005194e-01 1.613258e-09 2.010170e-01 8.618580e-01
5.004247e-01 1.624946e-09 2.161690e-01 8.630000e-01
5.002133e-01 1.566355e-09 2.295320e-01 8.625680e-01
5.007663e-01 1.638572e-09 1.923400e-01 8.624000e-01
5.006128e-01 1.601646e-09 1.860630e-01 8.618120e-01
5.006904e-01 1.633768e-09 2.067050e-01 8.625520e-01
5.001670e-01 1.533691e-09 2.296340e-01 8.634620e-01
5.007605e-01 1.662082e-09 2.145910e-01 8.622140e-01
5.001119e-01 1.517122e-09 2.395580e-01 8.632260e-01
5.005082e-01 1.578378e-09 1.962360e-01 8.628500e-01
5.007245e-01 1.629329e-09 1.862180e-01 8.624920e-01
5.002474e-01 1.514176e-09 1.844560e-01 8.625700e-01
5.003592e-01 1.537216e-09 1.763600e-01 8.621720e-01
5.007698e-01 1.623992e-09 2.080890e-01 8.625200e-01
5.008487e-01 1.636208e-09 1.913090e-01 8.618560e-01
5.003672e-01 1.555736e-09 1.904270e-01 8.638480e-01
5.010252e-01 1.646522e-09 2.351640e-01 8.623440e-01
5.005096e-01 1.563454e-09 1.968870e-01 8.624840e-01
5.005230e-01 1.584160e-09 1.948140e-01 8.626160e-01
5.005700e-01 1.590323e-09 2.191780e-01 8.626540e-01
5.007444e-01 1.597854e-09 2.003270e-01 8.625480e-01
5.003315e-01 1.503376e-09 2.069030e-01 8.626420e-01
5.007024e-01 1.598887e-09 2.388370e-01 8.627680e-01
5.007068e-01 1.597608e-09 2.088050e-01 8.626900e-01
5.005666e-01 1.537986e-09 1.903460e-01 8.631300e-01
5.003828e-01 1.540377e-09 1.947290e-01 8.635300e-01
5.005894e-01 1.555454e-09 1.918680e-01 8.625880e-01
5.006164e-01 1.573776e-09 2.140430e-01 8.626100e-01
5.005426e-01 1.550286e-09 1.891250e-01 8.629220e-01
5.005762e-01 1.557803e-09 1.906840e-01 8.626440e-01
5.003437e-01 1.528229e-09 1.937500e-01 8.626240e-01
5.008504e-01 1.599074e-09 1.853270e-01 8.621860e-01
5.004123e-01 1.490503e-09 1.985860e-01 8.620480e-01
5.002284e-01 1.479291e-09 1.790360e-01 8.633360e-01
5.006415e-01 1.534673e-09 1.710260e-01 8.628680e-01
5.007617e-01 1.592644e-09 1.748710e-01 8.620740e-01
5.003904e-01 1.482832e-09 2.021580e-01 8.630340e-01
5.008706e-01 1.557743e-09 2.399240e-01 8.627100e-01
5.006784e-01 1.522269e-09 1.792810e-01 8.624680e-01
5.006924e-01 1.546723e-09 1.859320e-01 8.631300e-01
5.003842e-01 1.525599e-09 1.941340e-01 8.619340e-01
5.006605e-01 1.561436e-09 1.936550e-01 8.619640e-01
5.001765e-01 1.490752e-09 1.850650e-01 8.627540e-01
5.006205e-01 1.544822e-09 1.774940e-01 8.620060e-01
5.006980e-01 1.555148e-09 1.867270e-01 8.622780e-01
5.005350e-01 1.508699e-09 2.009900e-01 8.625520e-01
5.002944e-01 1.471007e-09 1.881790e-01 8.628500e-01
5.005613e-01 1.526084e-09 2.020060e-01 8.631760e-01
5.004962e-01 1.510992e-09 2.220410e-01 8.633020e-01
5.004133e-01 1.473795e-09 1.777300e-01 8.632140e-01
5.006701e-01 1.548495e-09 1.772470e-01 8.626240e-01
5.005250e-01 1.510021e-09 1.852110e-01 8.617500e-01
5.005496e-01 1.524846e-09 2.087420e-01 8.636960e-01
5.004807e-01 1.517760e-09 1.789550e-01 8.628240e-01
5.004903e-01 1.487237e-09 2.053870e-01 8.619960e-01
5.004506e-01 1.484996e-09 2.051150e-01 8.626380e-01
5.004873e-01 1.510521e-09 2.040160e-01 8.625820e-01
5.006381e-01 1.569931e-09 1.827320e-01 8.630300e-01
5.003924e-01 1.465597e-09 1.923780e-01 8.626160e-01
5.006033e-01 1.476449e-09 1.943040e-01 8.626880e-01
5.002337e-01 1.462993e-09 2.079920e-01 8.639520e-01
5.007187e-01 1.539426e-09 1.849400e-01 8.624560e-01
5.003397e-01 1.490398e-09 1.985060e-01 8.635220e-01
5.007965e-01 1.527726e-09 1.877220e-01 8.620420e-01
5.003815e-01 1.440399e-09 1.848520e-01 8.625440e-01
5.004549e-01 1.477053e-09 2.238600e-01 8.625700e-01
5.007009e-01 1.523594e-09 2.001010e-01 8.618040e-01
5.003190e-01 1.442149e-09 1.729950e-01 8.627640e-01
5.007075e-01 1.549977e-09 1.773000e-01 8.617140e-01
5.001398e-01 1.426840e-09 2.000230e-01 8.633400e-01
5.004788e-01 1.468450e-09 1.945750e-01 8.627580e-01
5.004300e-01 1.428748e-09 1.888540e-01 8.624740e-01
5.002187e-01 1.419027e-09 1.692910e-01 8.636620e-01
5.006039e-01 1.471036e-09 1.877670e-01 8.620880e-01
5.002904e-01 1.436600e-09 1.830040e-01 8.627600e-01
5.006362e-01 1.523091e-09 1.710440e-01 8.620920e-01
5.005163e-01 1.475634e-09 1.685580e-01 8.627820e-01
5.005300e-01 1.470716e-09 1.794880e-01 8.631240e-01
5.005175e-01 1.477913e-09 1.805090e-01 8.627940e-01
5.003402e-01 1.445479e-09 1.743140e-01 8.629740e-01
5.006853e-01 1.482609e-09 1.950150e-01 8.628740e-01
5.004964e-01 1.481751e-09 2.010190e-01 8.623260e-01
5.000360e-01 1.396627e-09 2.042110e-01 8.643560e-01
5.002765e-01 1.421504e-09 2.155010e-01 8.626700e-01
5.003853e-01 1.411836e-09 1.958960e-01 8.624060e-01
5.005921e-01 1.485797e-09 2.157870e-01 8.630780e-01
5.003636e-01 1.449184e-09 2.144110e-01 8.622140e-01
5.006433e-01 1.497328e-09 1.688100e-01 8.625860e-01
5.006330e-01 1.460298e-09 1.664010e-01 8.618140e-01
5.003408e-01 1.435624e-09 1.788430e-01 8.631660e-01
5.004848e-01 1.474606e-09 2.269750e-01 8.631600e-01
5.005315e-01 1.466746e-09 2.044090e-01 8.622160e-01
5.003414e-01 1.429549e-09 2.121390e-01 8.633220e-01
5.002982e-01 1.414732e-09 2.050420e-01 8.624360e-01
5.007969e-01 1.500071e-09 1.858640e-01 8.622180e-01
5.007795e-01 1.496559e-09 1.962110e-01 8.611140e-01
5.007511e-01 1.470899e-09 1.741010e-01 8.624980e-01
5.003167e-01 1.415533e-09 1.708040e-01 8.619620e-01
5.002112e-01 1.383594e-09 1.823230e-01 8.624900e-01
5.004020e-01 1.447110e-09 2.199240e-01 8.624120e-01
5.003486e-01 1.415210e-09 1.916680e-01 8.625960e-01
5.004476e-01 1.444714e-09 1.873210e-01 8.623120e-01
5.004220e-01 1.420802e-09 1.875830e-01 8.624040e-01
5.005535e-01 1.454461e-09 2.175210e-01 8.629700e-01
5.004566e-01 1.427922e-09 2.062420e-01 8.617560e-01
5.002166e-01 1.398694e-09 1.926580e-01 8.636380e-01
5.005325e-01 1.435834e-09 2.212350e-01 8.624560e-01
5.002359e-01 1.404341e-09 2.411320e-01 8.633940e-01
5.002979e-01 1.375461e-09 1.829200e-01 8.618500e-01
5.003263e-01 1.432259e-09 2.110460e-01 8.629480e-01
5.004209e-01 1.413917e-09 1.968250e-01 8.628080e-01
5.005574e-01 1.435627e-09 1.882390e-01 8.625740e-01
5.006237e-01 1.462903e-09 1.969180e-01 8.619180e-01
5.006591e-01 1.447684e-09 2.154670e-01 8.617960e-01
5.006594e-01 1.454569e-09 1.949170e-01 8.615300e-01
5.005633e-01 1.449268e-09 2.345980e-01 8.629900e-01
5.003786e-01 1.400039e-09 2.022510e-01 8.617580e-01
5.003123e-01 1.418216e-09 1.896290e-01 8.627440e-01
5.004421e-01 1.433965e-09 2.118260e-01 8.621560e-01
5.008348e-01 1.482714e-09 1.902460e-01 8.611700e-01
5.004695e-01 1.414982e-09 1.879320e-01 8.621080e-01
5.004475e-01 1.435154e-09 2.205270e-01 8.616100e-01
5.002558e-01 1.391530e-09 1.833070e-01 8.624040e-01
5.005925e-01 1.416818e-09 1.853810e-01 8.617780e-01
5.008221e-01 1.466706e-09 1.722470e-01 8.627140e-01
5.004032e-01 1.425464e-09 1.900340e-01 8.628460e-01
5.007983e-01 1.453637e-09 1.942830e-01 8.622480e-01
5.007636e-01 1.480985e-09 2.442060e-01 8.618520e-01
5.005010e-01 1.456744e-09 2.015240e-01 8.623420e-01
5.007916e-01 1.502986e-09 2.016710e-01 8.624300e-01
5.005715e-01 1.446143e-09 1.670520e-01 8.619820e-01
5.007334e-01 1.451041e-09 2.098860e-01 8.615080e-01
5.002361e-01 1.379602e-09 2.049840e-01 8.625320e-01
5.005371e-01 1.432511e-09 1.784760e-01 8.623440e-01
5.004179e-01 1.422409e-09 1.865770e-01 8.626980e-01
5.004477e-01 1.417741e-09 1.746930e-01 8.627400e-01
5.007237e-01 1.451167e-09 1.668100e-01 8.615640e-01
5.004750e-01 1.446208e-09 2.152200e-01 8.623440e-01
5.001448e-01 1.363929e-09 1.877670e-01 8.645300e-01
5.001660e-01 1.373433e-09 2.138440e-01 8.629580e-01
5.005422e-01 1.426030e-09 1.998000e-01 8.628200e-01
5.005600e-01 1.424928e-09 1.758740e-01 8.629840e-01
5.003042e-01 1.381770e-09 2.151640e-01 8.631100e-01
5.004608e-01 1.404469e-09 1.869810e-01 8.623020e-01
5.003683e-01 1.375082e-09 1.968910e-01 8.625280e-01
5.006005e-01 1.436805e-09 1.784070e-01 8.629460e-01
5.003205e-01 1.383720e-09 2.127030e-01 8.627060e-01
5.007592e-01 1.483349e-09 1.898630e-01 8.619820e-01
5.003955e-01 1.404889e-09 2.276940e-01 8.627800e-01
5.004964e-01 1.398248e-09 1.918380e-01 8.629300e-01
5.004064e-01 1.409591e-09 1.996690e-01 8.636260e-01
5.006164e-01 1.442698e-09 2.160380e-01 8.624320e-01
5.002676e-01 1.361159e-09 1.979600e-01 8.636480e-01
5.003559e-01 1.399143e-09 1.967650e-01 8.620860e-01
5.003244e-01 1.374101e-09 1.902620e-01 8.624680e-01
5.006751e-01 1.433687e-09 2.215760e-01 8.635840e-01
5.006826e-01 1.479031e-09 2.033700e-01 8.634800e-01
5.003442e-01 1.395373e-09 2.015210e-01 8.629040e-01
5.002936e-01 1.375454e-09 1.899770e-01 8.635720e-01
5.005316e-01 1.437293e-09 1.857660e-01 8.627840e-01
5.005654e-01 1.401645e-09 1.825950e-01 8.621420e-01
5.000966e-01 1.339224e-09 1.774200e-01 8.623280e-01
5.002715e-01 1.371934e-09 1.812510e-01 8.632700e-01
5.004126e-01 1.391542e-09 1.954950e-01 8.623220e-01
5.003291e-01 1.354590e-09 1.954440e-01 8.621300e-01
5.002328e-01 1.366587e-09 2.098140e-01 8.635360e-01
5.003792e-01 1.383171e-09 2.008490e-01 8.624420e-01
5.004324e-01 1.379186e-09 1.781460e-01 8.619120e-01
5.005234e-01 1.397006e-09 1.739350e-01 8.625560e-01
5.005175e-01 1.401503e-09 2.186140e-01 8.622720e-01
5.003628e-01 1.371458e-09 2.000830e-01 8.625640e-01
5.003119e-01 1.357297e-09 1.990970e-01 8.626080e-01
5.002028e-01 1.342380e-09 1.794860e-01 8.629100e-01
5.002872e-01 1.377476e-09 1.805070e-01 8.629400e-01
5.004257e-01 1.395991e-09 2.133120e-01 8.628420e-01
5.005320e-01 1.407851e-09 1.879390e-01 8.613720e-01
5.006870e-01 1.421544e-09 2.147330e-01 8.625400e-01
5.002769e-01 1.340878e-09 2.127310e-01 8.622640e-01
5.002313e-01 1.340521e-09 2.034240e-01 8.622920e-01
5.002187e-01 1.346785e-09 2.162430e-01 8.634300e-01
5.002958e-01 1.393642e-09 1.991410e-01 8.620960e-01
5.002839e-01 1.360250e-09 1.874690e-01 8.627740e-01
5.004915e-01 1.412383e-09 1.979260e-01 8.630060e-01
5.002520e-01 1.367608e-09 1.951870e-01 8.617860e-01
5.004198e-01 1.368910e-09 2.064170e-01 8.623240e-01
5.008007e-01 1.461558e-09 1.881750e-01 8.614160e-01
5.002301e-01 1.348917e-09 1.932770e-01 8.631560e-01
5.006751e-01 1.459839e-09 1.803630e-01 8.622520e-01
