# dim  N   mc   rho  Brute 
# 1    1 500000 1
#
# Theoretical Energy = 5.000000e-01
# Energy     Variance     CPU time     Acceptance
1.419763e+00 2.260422e-06 4.054950e-01 8.732040e-01
1.365811e+00 2.143890e-06 4.014880e-01 8.720540e-01
1.330404e+00 1.992600e-06 4.207450e-01 8.721600e-01
1.284122e+00 1.871854e-06 4.432970e-01 8.721960e-01
1.228022e+00 1.748707e-06 4.200640e-01 8.731800e-01
1.194690e+00 1.667772e-06 3.983570e-01 8.730680e-01
1.167546e+00 1.577438e-06 4.089320e-01 8.735500e-01
1.131170e+00 1.476369e-06 3.822770e-01 8.724280e-01
1.092670e+00 1.429463e-06 3.934210e-01 8.708000e-01
1.067364e+00 1.343756e-06 3.898800e-01 8.717700e-01
1.051607e+00 1.293862e-06 3.896850e-01 8.720540e-01
1.012913e+00 1.209148e-06 4.407250e-01 8.706220e-01
9.963151e-01 1.156970e-06 4.550930e-01 8.717740e-01
9.795893e-01 1.119243e-06 4.647910e-01 8.704840e-01
9.559273e-01 1.075049e-06 4.555100e-01 8.706320e-01
9.379251e-01 1.015207e-06 4.489890e-01 8.710120e-01
9.168260e-01 9.829078e-07 3.848650e-01 8.698680e-01
8.985138e-01 9.403028e-07 4.392870e-01 8.698860e-01
8.885608e-01 8.982240e-07 4.079500e-01 8.706100e-01
8.706331e-01 8.618300e-07 3.916080e-01 8.690120e-01
8.672049e-01 8.301436e-07 4.178090e-01 8.701220e-01
8.481097e-01 8.023177e-07 3.795230e-01 8.696440e-01
8.345390e-01 7.597424e-07 4.181660e-01 8.692060e-01
8.265173e-01 7.427779e-07 3.932890e-01 8.684880e-01
8.041153e-01 6.962464e-07 4.403380e-01 8.695220e-01
8.033084e-01 6.927580e-07 4.006960e-01 8.685440e-01
7.957781e-01 6.583207e-07 4.506800e-01 8.686340e-01
7.628683e-01 6.184942e-07 4.036950e-01 8.685240e-01
7.684060e-01 6.138477e-07 4.354700e-01 8.677980e-01
7.553419e-01 5.862704e-07 3.887090e-01 8.693640e-01
7.530991e-01 5.783447e-07 3.996090e-01 8.686600e-01
7.463398e-01 5.594134e-07 3.809980e-01 8.679220e-01
7.337212e-01 5.277520e-07 3.722830e-01 8.689560e-01
7.346197e-01 5.248257e-07 4.020280e-01 8.675840e-01
7.190779e-01 4.939147e-07 3.832040e-01 8.686740e-01
7.199296e-01 4.895258e-07 3.960750e-01 8.683360e-01
7.112596e-01 4.663935e-07 4.481190e-01 8.677960e-01
7.040893e-01 4.531530e-07 3.880460e-01 8.678160e-01
6.974529e-01 4.413988e-07 3.765280e-01 8.670400e-01
6.885560e-01 4.234533e-07 3.824800e-01 8.674420e-01
6.748827e-01 4.097664e-07 3.740110e-01 8.671620e-01
6.749031e-01 4.010826e-07 4.459350e-01 8.666020e-01
6.715178e-01 3.828920e-07 4.047930e-01 8.670340e-01
6.743448e-01 3.736142e-07 4.431320e-01 8.686980e-01
6.628162e-01 3.614225e-07 4.098750e-01 8.681460e-01
6.583939e-01 3.522535e-07 4.192810e-01 8.670320e-01
6.551414e-01 3.442132e-07 4.434130e-01 8.669320e-01
6.439847e-01 3.265325e-07 4.060530e-01 8.675880e-01
6.447299e-01 3.264278e-07 4.325170e-01 8.668600e-01
6.415313e-01 3.163105e-07 3.843260e-01 8.659400e-01
6.359175e-01 3.074694e-07 3.805470e-01 8.672520e-01
6.366278e-01 3.028069e-07 3.797850e-01 8.655840e-01
6.302422e-01 2.880860e-07 3.808440e-01 8.663060e-01
6.291765e-01 2.791891e-07 3.835690e-01 8.676040e-01
6.228147e-01 2.727812e-07 3.999780e-01 8.665100e-01
6.216960e-01 2.677746e-07 3.886700e-01 8.672680e-01
6.179068e-01 2.597414e-07 3.986710e-01 8.661020e-01
6.103773e-01 2.551370e-07 4.065750e-01 8.658360e-01
6.130073e-01 2.455857e-07 4.095570e-01 8.667460e-01
5.992567e-01 2.296961e-07 4.006310e-01 8.680000e-01
6.018179e-01 2.278905e-07 4.097670e-01 8.668920e-01
6.015286e-01 2.253344e-07 4.054540e-01 8.664660e-01
5.993939e-01 2.232950e-07 4.014020e-01 8.658340e-01
5.939960e-01 2.102281e-07 3.804670e-01 8.668160e-01
5.927284e-01 2.081401e-07 3.794510e-01 8.671680e-01
5.928555e-01 2.001810e-07 4.017640e-01 8.677840e-01
5.884787e-01 2.020020e-07 4.204500e-01 8.661020e-01
5.847021e-01 1.932395e-07 4.298090e-01 8.664600e-01
5.821850e-01 1.828831e-07 4.678110e-01 8.669640e-01
5.837552e-01 1.831844e-07 4.637120e-01 8.658860e-01
5.808090e-01 1.773256e-07 4.391490e-01 8.670680e-01
5.736725e-01 1.715327e-07 3.945800e-01 8.674700e-01
5.778198e-01 1.710269e-07 4.376330e-01 8.664600e-01
5.682347e-01 1.621646e-07 3.846900e-01 8.664280e-01
5.715784e-01 1.595015e-07 4.208280e-01 8.673420e-01
5.725556e-01 1.582535e-07 3.927140e-01 8.661980e-01
5.717254e-01 1.548313e-07 4.077660e-01 8.660320e-01
5.687731e-01 1.538422e-07 4.196270e-01 8.655680e-01
5.614826e-01 1.446270e-07 4.142780e-01 8.655960e-01
5.631187e-01 1.445402e-07 3.804790e-01 8.651940e-01
5.626341e-01 1.399587e-07 4.039660e-01 8.657780e-01
5.618720e-01 1.350156e-07 4.311780e-01 8.661680e-01
5.608810e-01 1.345204e-07 3.924510e-01 8.663880e-01
5.562290e-01 1.285924e-07 4.345020e-01 8.666600e-01
5.576717e-01 1.275466e-07 3.919380e-01 8.653200e-01
5.557271e-01 1.239425e-07 3.818610e-01 8.652220e-01
5.539539e-01 1.221264e-07 3.933900e-01 8.660280e-01
5.528660e-01 1.150430e-07 3.907730e-01 8.671200e-01
5.514568e-01 1.161935e-07 4.284630e-01 8.654900e-01
5.504602e-01 1.135366e-07 4.024380e-01 8.659320e-01
5.499415e-01 1.115926e-07 3.909240e-01 8.649620e-01
5.433172e-01 1.051050e-07 4.501650e-01 8.660540e-01
5.434340e-01 1.010773e-07 5.278390e-01 8.663500e-01
5.480612e-01 1.024377e-07 4.993950e-01 8.667140e-01
5.444030e-01 9.939595e-08 4.885250e-01 8.661380e-01
5.439340e-01 9.733729e-08 4.338070e-01 8.663620e-01
5.440051e-01 9.632610e-08 4.291330e-01 8.656160e-01
5.439769e-01 9.329770e-08 4.514210e-01 8.663420e-01
5.388585e-01 9.080554e-08 4.349720e-01 8.657500e-01
5.394541e-01 8.949282e-08 4.023110e-01 8.653060e-01
5.392669e-01 8.689965e-08 3.962240e-01 8.667280e-01
5.360433e-01 8.391167e-08 4.105670e-01 8.665280e-01
5.366833e-01 8.364737e-08 4.173450e-01 8.656400e-01
5.376236e-01 8.251742e-08 4.066330e-01 8.650140e-01
5.353414e-01 7.906262e-08 3.947490e-01 8.660420e-01
5.332562e-01 7.691900e-08 3.917810e-01 8.666940e-01
5.354617e-01 7.713423e-08 4.093000e-01 8.652460e-01
5.335257e-01 7.423775e-08 4.129070e-01 8.653800e-01
5.320140e-01 7.352489e-08 4.047400e-01 8.652160e-01
5.319168e-01 7.086171e-08 4.433310e-01 8.671440e-01
5.304080e-01 7.017636e-08 3.951220e-01 8.651120e-01
5.286634e-01 6.691662e-08 4.059250e-01 8.664320e-01
5.307890e-01 6.749839e-08 3.941600e-01 8.668180e-01
5.303062e-01 6.636940e-08 3.884360e-01 8.663880e-01
5.274101e-01 6.389361e-08 4.084090e-01 8.653440e-01
5.275244e-01 6.244011e-08 3.879620e-01 8.655660e-01
5.263007e-01 6.143399e-08 4.172740e-01 8.659120e-01
5.257699e-01 5.990608e-08 4.612390e-01 8.658200e-01
5.251647e-01 5.826872e-08 4.393980e-01 8.651560e-01
5.270223e-01 5.893572e-08 5.523490e-01 8.644060e-01
5.268341e-01 5.706255e-08 4.297640e-01 8.648760e-01
5.247485e-01 5.516474e-08 3.939540e-01 8.656400e-01
5.234747e-01 5.355418e-08 4.131280e-01 8.665520e-01
5.223233e-01 5.264603e-08 4.520730e-01 8.661840e-01
5.219558e-01 5.097828e-08 4.348510e-01 8.660160e-01
5.227307e-01 5.191583e-08 4.061870e-01 8.648940e-01
5.216563e-01 4.966863e-08 4.239280e-01 8.661340e-01
5.218794e-01 4.921014e-08 3.831050e-01 8.651640e-01
5.229119e-01 4.915172e-08 4.019830e-01 8.643440e-01
5.205398e-01 4.708791e-08 3.899830e-01 8.657340e-01
5.199762e-01 4.668001e-08 3.998410e-01 8.652860e-01
5.189673e-01 4.467693e-08 3.881310e-01 8.661420e-01
5.186578e-01 4.403828e-08 4.149210e-01 8.662320e-01
5.181814e-01 4.308391e-08 4.275620e-01 8.645340e-01
5.177672e-01 4.194032e-08 4.094520e-01 8.665760e-01
5.180424e-01 4.166175e-08 4.369610e-01 8.654400e-01
5.156424e-01 3.958667e-08 3.896640e-01 8.662960e-01
5.171444e-01 3.938050e-08 4.046800e-01 8.662800e-01
5.193864e-01 3.988583e-08 4.211540e-01 8.664480e-01
5.174314e-01 3.893738e-08 4.056010e-01 8.658260e-01
5.152024e-01 3.728080e-08 4.005520e-01 8.661340e-01
5.150965e-01 3.609034e-08 3.816230e-01 8.667280e-01
5.152348e-01 3.604754e-08 3.934880e-01 8.654760e-01
5.158434e-01 3.557084e-08 4.897880e-01 8.666280e-01
5.134995e-01 3.409318e-08 3.886210e-01 8.654120e-01
5.132776e-01 3.364244e-08 3.972120e-01 8.658840e-01
5.138640e-01 3.327223e-08 4.115040e-01 8.661280e-01
5.132592e-01 3.314729e-08 4.228360e-01 8.649300e-01
5.135925e-01 3.217673e-08 3.788840e-01 8.655440e-01
5.131016e-01 3.160761e-08 3.830520e-01 8.653040e-01
5.129666e-01 3.044243e-08 3.729820e-01 8.660780e-01
5.121207e-01 3.041464e-08 4.338550e-01 8.662900e-01
5.119828e-01 3.033019e-08 4.332980e-01 8.663240e-01
5.123717e-01 2.926291e-08 4.203260e-01 8.653760e-01
5.117095e-01 2.858820e-08 4.198370e-01 8.660200e-01
5.129277e-01 2.870026e-08 4.146420e-01 8.659740e-01
5.125380e-01 2.795784e-08 3.981860e-01 8.669820e-01
5.124702e-01 2.795920e-08 3.881110e-01 8.656460e-01
5.089986e-01 2.622501e-08 3.727600e-01 8.674100e-01
5.105955e-01 2.638110e-08 4.056030e-01 8.663620e-01
5.112439e-01 2.615254e-08 3.689030e-01 8.664860e-01
5.106222e-01 2.571747e-08 3.856780e-01 8.640180e-01
5.110432e-01 2.578879e-08 3.871270e-01 8.651160e-01
5.102192e-01 2.496762e-08 3.774950e-01 8.657680e-01
5.099260e-01 2.424926e-08 4.066830e-01 8.666500e-01
5.101348e-01 2.411969e-08 4.810460e-01 8.656080e-01
5.102306e-01 2.390031e-08 4.742030e-01 8.655880e-01
5.101493e-01 2.397340e-08 4.699410e-01 8.652240e-01
5.087202e-01 2.284356e-08 4.285840e-01 8.651300e-01
5.087534e-01 2.240658e-08 4.402310e-01 8.654460e-01
5.106779e-01 2.299479e-08 4.524190e-01 8.645060e-01
5.079289e-01 2.145511e-08 4.994710e-01 8.662040e-01
5.079487e-01 2.111887e-08 4.175930e-01 8.671540e-01
5.087280e-01 2.125145e-08 3.942170e-01 8.655520e-01
5.086394e-01 2.088008e-08 4.129230e-01 8.661820e-01
5.078035e-01 2.038764e-08 4.134410e-01 8.657880e-01
5.069785e-01 1.958481e-08 3.992630e-01 8.654880e-01
5.092712e-01 2.030212e-08 4.157650e-01 8.652380e-01
5.070250e-01 1.911577e-08 4.326150e-01 8.658140e-01
5.068311e-01 1.892018e-08 4.185200e-01 8.672220e-01
5.066019e-01 1.832762e-08 4.030350e-01 8.669560e-01
5.082698e-01 1.877699e-08 4.086760e-01 8.657120e-01
5.067001e-01 1.849135e-08 4.045110e-01 8.659900e-01
5.073361e-01 1.791043e-08 3.860210e-01 8.657980e-01
5.068631e-01 1.815956e-08 4.059260e-01 8.653140e-01
5.066887e-01 1.747407e-08 4.025570e-01 8.653200e-01
5.066248e-01 1.755548e-08 4.223150e-01 8.658080e-01
5.069383e-01 1.726663e-08 4.063410e-01 8.670640e-01
5.072489e-01 1.753869e-08 4.350160e-01 8.652220e-01
5.073327e-01 1.727439e-08 4.107230e-01 8.657600e-01
5.066433e-01 1.678395e-08 4.181000e-01 8.650280e-01
5.053470e-01 1.588232e-08 4.028340e-01 8.665440e-01
5.063439e-01 1.606635e-08 4.365420e-01 8.667980e-01
5.061310e-01 1.599412e-08 4.185370e-01 8.665160e-01
5.051326e-01 1.522800e-08 4.152550e-01 8.659400e-01
5.057944e-01 1.558100e-08 4.227250e-01 8.661120e-01
5.070307e-01 1.612586e-08 4.211810e-01 8.654900e-01
5.055637e-01 1.505699e-08 4.281600e-01 8.654400e-01
5.044019e-01 1.451518e-08 4.049780e-01 8.661760e-01
5.062551e-01 1.531017e-08 3.898230e-01 8.653960e-01
5.064517e-01 1.489429e-08 4.314620e-01 8.656700e-01
5.059750e-01 1.462037e-08 4.269920e-01 8.659040e-01
5.041837e-01 1.401057e-08 4.193340e-01 8.670100e-01
5.035070e-01 1.333394e-08 4.108970e-01 8.663040e-01
5.042239e-01 1.383879e-08 4.688110e-01 8.662280e-01
5.042886e-01 1.372309e-08 4.710590e-01 8.654640e-01
5.052279e-01 1.387361e-08 4.296030e-01 8.669020e-01
5.057830e-01 1.407844e-08 4.586450e-01 8.662000e-01
5.052970e-01 1.375876e-08 3.991710e-01 8.655160e-01
5.053059e-01 1.348436e-08 4.097960e-01 8.656740e-01
5.051116e-01 1.337160e-08 3.849130e-01 8.658820e-01
5.050656e-01 1.315951e-08 3.818380e-01 8.660980e-01
5.049730e-01 1.298104e-08 4.033780e-01 8.658960e-01
5.049417e-01 1.299072e-08 4.019390e-01 8.659780e-01
5.044529e-01 1.266605e-08 4.042350e-01 8.665000e-01
5.061058e-01 1.326920e-08 4.450900e-01 8.655600e-01
5.042670e-01 1.219452e-08 4.414250e-01 8.655560e-01
5.030809e-01 1.184386e-08 4.711250e-01 8.664700e-01
5.036258e-01 1.206377e-08 4.605800e-01 8.659400e-01
5.035059e-01 1.192761e-08 4.724480e-01 8.655340e-01
5.039775e-01 1.191346e-08 4.507060e-01 8.660740e-01
5.041715e-01 1.190585e-08 4.431500e-01 8.664360e-01
5.038982e-01 1.170498e-08 4.285370e-01 8.657980e-01
5.039006e-01 1.174232e-08 4.316220e-01 8.660440e-01
5.035414e-01 1.152796e-08 4.545590e-01 8.661040e-01
5.034347e-01 1.140325e-08 4.236960e-01 8.661200e-01
5.039537e-01 1.134213e-08 4.191500e-01 8.664660e-01
5.038300e-01 1.131809e-08 4.115530e-01 8.659420e-01
5.034396e-01 1.120176e-08 4.004430e-01 8.660420e-01
5.042863e-01 1.112035e-08 4.053180e-01 8.660200e-01
5.035788e-01 1.122676e-08 3.850580e-01 8.665840e-01
5.031992e-01 1.084078e-08 4.196940e-01 8.662380e-01
5.026691e-01 1.058164e-08 3.863750e-01 8.671780e-01
5.038448e-01 1.088250e-08 4.090680e-01 8.651620e-01
5.028975e-01 1.071247e-08 4.104460e-01 8.658600e-01
5.030743e-01 1.039204e-08 4.237250e-01 8.662560e-01
5.037163e-01 1.064536e-08 4.066560e-01 8.654060e-01
5.030194e-01 1.040998e-08 3.981960e-01 8.657660e-01
5.027126e-01 1.013245e-08 3.937100e-01 8.656860e-01
5.039700e-01 1.064763e-08 4.342870e-01 8.655700e-01
5.034715e-01 1.032549e-08 4.075390e-01 8.655720e-01
5.026817e-01 9.909015e-09 4.040550e-01 8.652520e-01
5.031706e-01 1.010858e-08 4.341850e-01 8.658360e-01
5.034563e-01 1.009039e-08 4.398080e-01 8.656540e-01
5.034406e-01 1.013902e-08 5.074160e-01 8.663660e-01
5.036056e-01 1.013099e-08 4.798500e-01 8.656680e-01
5.033370e-01 9.982989e-09 4.505830e-01 8.667860e-01
5.030836e-01 9.836382e-09 5.569710e-01 8.667320e-01
5.034083e-01 9.800232e-09 4.939390e-01 8.670440e-01
5.035577e-01 1.009513e-08 4.673250e-01 8.664660e-01
5.030319e-01 9.704575e-09 4.091660e-01 8.666920e-01
5.027879e-01 9.582465e-09 4.916530e-01 8.661120e-01
5.031592e-01 9.751140e-09 4.095900e-01 8.659260e-01
5.031642e-01 9.661841e-09 4.106460e-01 8.662180e-01
5.031831e-01 9.688874e-09 4.095470e-01 8.653300e-01
5.031769e-01 9.429223e-09 4.528900e-01 8.663780e-01
5.028944e-01 9.533205e-09 4.333080e-01 8.672520e-01
5.029059e-01 9.264122e-09 4.092750e-01 8.662500e-01
5.019188e-01 9.050346e-09 4.391890e-01 8.657360e-01
5.028365e-01 9.330491e-09 4.426940e-01 8.657880e-01
5.023983e-01 9.241820e-09 4.236620e-01 8.659600e-01
5.026741e-01 9.345973e-09 4.185620e-01 8.656000e-01
5.027943e-01 9.125711e-09 3.888260e-01 8.652820e-01
5.023018e-01 8.993776e-09 4.021280e-01 8.666600e-01
5.028319e-01 8.970460e-09 4.428210e-01 8.662720e-01
5.019881e-01 8.676621e-09 4.260000e-01 8.672580e-01
5.033134e-01 9.174925e-09 3.939330e-01 8.660900e-01
5.017743e-01 8.719811e-09 4.413950e-01 8.669500e-01
5.031345e-01 9.146043e-09 4.019130e-01 8.662340e-01
5.025343e-01 8.844667e-09 4.142780e-01 8.669500e-01
5.033584e-01 8.956895e-09 4.222250e-01 8.654840e-01
5.021306e-01 8.709661e-09 4.170940e-01 8.670920e-01
5.024467e-01 8.705449e-09 4.212050e-01 8.662580e-01
5.025630e-01 8.879547e-09 3.968500e-01 8.659680e-01
5.019565e-01 8.640062e-09 4.343430e-01 8.662620e-01
5.018381e-01 8.488550e-09 4.093370e-01 8.669880e-01
5.025665e-01 8.834870e-09 4.025220e-01 8.669320e-01
5.023015e-01 8.681028e-09 4.191140e-01 8.664840e-01
5.024969e-01 8.673564e-09 4.224330e-01 8.663620e-01
5.024611e-01 8.653204e-09 4.034590e-01 8.663660e-01
5.022688e-01 8.410173e-09 4.113820e-01 8.661100e-01
5.022874e-01 8.571640e-09 3.916890e-01 8.670220e-01
5.022585e-01 8.426281e-09 4.112160e-01 8.657500e-01
5.022442e-01 8.311988e-09 4.158000e-01 8.660080e-01
5.022649e-01 8.315288e-09 3.576520e-01 8.658760e-01
5.026114e-01 8.496428e-09 3.967200e-01 8.659620e-01
5.018431e-01 8.074688e-09 3.928030e-01 8.671080e-01
5.025129e-01 8.650399e-09 3.985240e-01 8.659420e-01
5.025991e-01 8.381706e-09 3.879170e-01 8.665880e-01
5.023212e-01 8.516712e-09 4.116990e-01 8.653480e-01
5.027567e-01 8.532732e-09 3.935370e-01 8.650940e-01
5.020186e-01 8.268869e-09 4.343780e-01 8.658360e-01
5.025314e-01 8.309846e-09 4.243390e-01 8.658940e-01
5.021305e-01 8.275162e-09 4.464450e-01 8.656740e-01
5.015935e-01 7.992587e-09 4.444920e-01 8.664840e-01
5.023868e-01 8.292426e-09 4.587380e-01 8.662300e-01
5.017860e-01 8.014918e-09 4.640050e-01 8.663180e-01
5.018452e-01 8.071328e-09 4.626510e-01 8.661740e-01
5.018861e-01 7.996855e-09 4.805530e-01 8.661920e-01
5.017059e-01 7.929649e-09 4.014850e-01 8.667260e-01
5.019248e-01 7.875336e-09 4.263150e-01 8.664540e-01
5.022806e-01 8.205325e-09 4.143940e-01 8.663680e-01
5.023643e-01 8.115310e-09 4.490490e-01 8.664020e-01
5.021533e-01 8.233691e-09 4.321240e-01 8.664880e-01
5.020065e-01 7.998587e-09 3.960700e-01 8.657720e-01
5.015694e-01 7.721262e-09 4.079960e-01 8.663580e-01
5.021923e-01 8.052174e-09 4.152610e-01 8.664720e-01
5.025235e-01 8.159523e-09 5.195710e-01 8.665840e-01
5.017188e-01 7.992076e-09 3.943710e-01 8.661800e-01
5.023996e-01 8.026760e-09 3.844180e-01 8.660060e-01
5.017400e-01 7.824782e-09 4.073400e-01 8.666880e-01
5.017806e-01 7.856070e-09 4.231240e-01 8.660600e-01
5.022387e-01 7.946310e-09 4.353850e-01 8.660300e-01
5.024345e-01 7.906952e-09 4.301040e-01 8.669120e-01
5.020703e-01 7.766721e-09 4.064550e-01 8.657880e-01
5.016356e-01 7.876389e-09 4.083180e-01 8.664880e-01
5.020556e-01 7.816635e-09 4.056100e-01 8.673600e-01
5.019287e-01 7.820366e-09 4.379540e-01 8.667340e-01
5.020784e-01 7.893633e-09 3.946170e-01 8.668520e-01
5.020102e-01 7.673341e-09 4.370310e-01 8.658920e-01
5.025266e-01 8.009072e-09 3.944110e-01 8.661520e-01
5.018848e-01 7.750976e-09 3.856980e-01 8.656660e-01
5.015551e-01 7.595489e-09 4.008240e-01 8.665980e-01
5.021037e-01 7.823478e-09 4.066550e-01 8.662300e-01
5.014035e-01 7.616809e-09 4.060320e-01 8.669020e-01
5.023136e-01 7.764162e-09 4.626480e-01 8.658500e-01
5.020483e-01 7.635912e-09 3.979130e-01 8.654780e-01
5.019540e-01 7.850042e-09 3.845650e-01 8.662500e-01
5.019975e-01 7.713551e-09 4.104620e-01 8.652620e-01
5.023152e-01 7.817130e-09 4.272260e-01 8.655940e-01
5.028552e-01 7.930706e-09 4.166400e-01 8.653360e-01
5.016593e-01 7.594054e-09 4.052490e-01 8.661220e-01
5.015310e-01 7.549266e-09 4.222280e-01 8.668220e-01
5.018497e-01 7.765779e-09 3.778470e-01 8.661600e-01
5.022183e-01 7.761761e-09 4.123680e-01 8.652280e-01
5.017894e-01 7.613256e-09 4.101980e-01 8.659760e-01
5.026536e-01 7.823991e-09 4.175570e-01 8.655780e-01
5.025628e-01 7.880465e-09 4.250660e-01 8.661460e-01
5.016943e-01 7.470469e-09 4.084850e-01 8.666520e-01
5.020427e-01 7.890344e-09 4.012460e-01 8.666780e-01
5.017031e-01 7.600188e-09 4.037410e-01 8.664840e-01
5.021138e-01 7.609388e-09 3.909350e-01 8.658100e-01
5.013339e-01 7.468049e-09 3.951090e-01 8.672180e-01
5.020875e-01 7.672766e-09 4.394250e-01 8.656540e-01
5.019922e-01 7.660968e-09 4.046450e-01 8.650740e-01
5.016784e-01 7.426881e-09 4.463560e-01 8.656560e-01
5.018516e-01 7.475313e-09 3.931950e-01 8.668640e-01
5.021166e-01 7.583852e-09 4.261500e-01 8.651600e-01
5.017820e-01 7.367930e-09 3.924090e-01 8.655400e-01
5.016197e-01 7.439876e-09 4.647870e-01 8.656620e-01
5.020709e-01 7.556052e-09 3.998070e-01 8.662900e-01
5.020321e-01 7.517955e-09 4.007800e-01 8.660000e-01
5.022042e-01 7.597581e-09 4.091330e-01 8.654920e-01
5.016840e-01 7.461254e-09 4.061160e-01 8.662620e-01
5.024545e-01 7.833219e-09 4.125990e-01 8.661760e-01
5.027126e-01 7.776122e-09 4.142240e-01 8.653540e-01
5.017676e-01 7.576820e-09 4.178470e-01 8.664480e-01
5.025185e-01 7.872957e-09 3.945330e-01 8.665740e-01
5.025778e-01 7.710920e-09 4.086980e-01 8.653200e-01
5.017530e-01 7.376115e-09 4.409800e-01 8.667840e-01
5.019588e-01 7.447744e-09 4.030950e-01 8.657760e-01
5.017387e-01 7.293195e-09 4.451770e-01 8.658320e-01
5.019977e-01 7.483997e-09 4.301280e-01 8.664560e-01
5.012163e-01 7.210129e-09 3.786130e-01 8.670020e-01
5.016138e-01 7.405130e-09 4.473880e-01 8.658820e-01
5.021036e-01 7.403285e-09 4.269150e-01 8.653120e-01
5.016061e-01 7.347221e-09 4.551950e-01 8.668400e-01
5.017022e-01 7.264680e-09 4.548300e-01 8.670740e-01
5.019936e-01 7.406363e-09 4.567020e-01 8.668240e-01
5.016086e-01 7.162162e-09 4.371680e-01 8.665940e-01
5.008918e-01 7.009423e-09 4.032830e-01 8.668580e-01
5.014913e-01 7.265302e-09 4.072070e-01 8.662820e-01
5.019488e-01 7.364034e-09 4.247350e-01 8.665120e-01
5.017459e-01 7.188248e-09 4.012030e-01 8.658360e-01
5.017319e-01 7.182667e-09 4.023710e-01 8.658580e-01
5.011866e-01 7.176503e-09 4.168170e-01 8.668940e-01
5.026975e-01 7.606204e-09 4.510440e-01 8.643760e-01
5.017010e-01 7.424686e-09 4.419690e-01 8.666980e-01
5.028751e-01 7.678656e-09 3.933410e-01 8.654240e-01
5.020422e-01 7.492758e-09 3.754370e-01 8.657940e-01
5.023587e-01 7.389443e-09 4.060090e-01 8.660160e-01
5.014667e-01 7.128575e-09 4.110040e-01 8.670340e-01
5.014562e-01 7.195459e-09 4.208810e-01 8.661400e-01
5.023637e-01 7.503835e-09 4.082760e-01 8.660280e-01
5.021427e-01 7.283291e-09 3.997050e-01 8.660980e-01
5.015807e-01 7.283938e-09 4.319380e-01 8.664700e-01
5.020380e-01 7.378738e-09 4.185810e-01 8.657320e-01
5.022356e-01 7.440792e-09 4.121900e-01 8.655940e-01
5.020814e-01 7.350573e-09 4.058280e-01 8.659660e-01
5.020496e-01 7.425491e-09 4.103000e-01 8.660100e-01
5.022515e-01 7.322634e-09 4.025330e-01 8.648240e-01
5.023242e-01 7.454680e-09 4.192470e-01 8.653440e-01
5.019871e-01 7.309897e-09 4.083980e-01 8.657640e-01
5.019287e-01 7.418293e-09 4.128290e-01 8.659060e-01
5.011463e-01 6.875353e-09 4.305260e-01 8.670440e-01
5.012957e-01 7.128842e-09 4.213440e-01 8.662220e-01
5.019891e-01 7.187003e-09 4.339070e-01 8.660120e-01
5.022304e-01 7.266757e-09 4.171810e-01 8.653780e-01
5.018384e-01 7.299391e-09 4.189450e-01 8.666840e-01
5.013476e-01 7.194105e-09 4.182130e-01 8.665360e-01
5.020056e-01 7.194520e-09 4.127130e-01 8.658260e-01
5.017024e-01 7.113931e-09 4.375030e-01 8.662800e-01
5.019941e-01 7.204105e-09 4.421310e-01 8.655000e-01
5.015374e-01 7.221984e-09 4.376710e-01 8.659000e-01
5.017759e-01 7.229048e-09 3.883380e-01 8.662340e-01
5.018048e-01 7.177777e-09 4.024200e-01 8.662640e-01
5.015835e-01 7.080540e-09 3.790440e-01 8.674660e-01
5.013083e-01 7.027090e-09 3.816590e-01 8.664140e-01
5.011038e-01 6.837868e-09 4.552540e-01 8.674340e-01
5.015500e-01 7.182441e-09 4.181080e-01 8.659440e-01
5.026616e-01 7.486570e-09 4.376330e-01 8.651640e-01
5.018285e-01 7.287029e-09 4.220910e-01 8.667260e-01
5.017913e-01 7.062197e-09 4.525260e-01 8.660820e-01
5.017629e-01 7.195063e-09 4.243360e-01 8.653760e-01
5.016224e-01 7.057267e-09 4.180790e-01 8.656880e-01
5.019085e-01 6.949245e-09 4.162920e-01 8.654140e-01
5.011804e-01 6.901416e-09 4.536340e-01 8.668240e-01
5.018181e-01 7.115884e-09 4.435730e-01 8.656680e-01
5.020515e-01 7.215585e-09 4.394390e-01 8.656740e-01
5.017309e-01 7.136754e-09 4.583450e-01 8.657080e-01
5.013375e-01 6.866755e-09 4.324350e-01 8.659340e-01
5.010196e-01 6.791929e-09 4.471360e-01 8.673100e-01
5.020084e-01 7.159284e-09 4.592130e-01 8.661200e-01
5.015206e-01 6.997294e-09 5.004020e-01 8.653080e-01
5.015735e-01 6.927374e-09 4.568350e-01 8.657900e-01
5.014918e-01 6.934566e-09 4.193060e-01 8.658440e-01
5.014740e-01 6.966708e-09 4.195020e-01 8.661440e-01
5.019935e-01 7.278830e-09 4.131060e-01 8.652840e-01
5.017079e-01 7.058878e-09 4.165680e-01 8.670140e-01
5.016657e-01 7.030091e-09 4.631830e-01 8.659700e-01
5.016201e-01 6.940313e-09 4.213170e-01 8.656460e-01
5.018691e-01 7.121001e-09 4.106320e-01 8.662520e-01
5.018023e-01 7.006081e-09 4.232920e-01 8.659860e-01
5.024867e-01 7.326131e-09 4.119780e-01 8.655440e-01
5.013296e-01 6.870839e-09 3.919820e-01 8.655140e-01
5.013793e-01 6.861082e-09 3.961050e-01 8.657380e-01
5.020521e-01 7.145055e-09 3.969850e-01 8.655000e-01
5.022643e-01 7.212913e-09 3.749340e-01 8.652400e-01
5.015222e-01 6.948962e-09 3.817030e-01 8.655640e-01
5.024857e-01 7.298470e-09 4.100630e-01 8.665800e-01
5.014426e-01 6.819355e-09 4.388090e-01 8.660240e-01
5.018497e-01 6.980165e-09 4.635550e-01 8.654740e-01
5.019511e-01 7.085526e-09 4.233870e-01 8.664160e-01
5.020809e-01 7.011288e-09 3.977580e-01 8.659920e-01
5.016407e-01 6.926557e-09 3.822810e-01 8.658820e-01
5.020545e-01 7.060443e-09 4.177710e-01 8.658960e-01
5.019412e-01 7.143860e-09 4.083990e-01 8.650820e-01
5.014878e-01 6.788152e-09 4.093600e-01 8.659160e-01
5.016027e-01 6.945189e-09 4.167900e-01 8.667760e-01
5.017127e-01 6.865483e-09 4.539200e-01 8.664240e-01
5.021235e-01 7.079210e-09 4.624760e-01 8.653060e-01
5.011579e-01 6.580382e-09 4.561270e-01 8.662680e-01
5.016052e-01 6.873380e-09 4.799200e-01 8.650640e-01
5.013151e-01 6.846745e-09 4.766890e-01 8.665980e-01
5.020307e-01 6.947958e-09 4.790780e-01 8.654720e-01
5.018688e-01 7.008855e-09 4.591080e-01 8.658560e-01
5.021685e-01 7.096768e-09 4.689080e-01 8.655120e-01
5.020664e-01 7.013634e-09 4.556670e-01 8.655460e-01
5.019909e-01 7.093919e-09 4.312090e-01 8.661280e-01
5.016819e-01 7.007758e-09 4.638690e-01 8.668400e-01
5.014748e-01 6.666522e-09 4.221230e-01 8.664760e-01
5.014415e-01 6.627961e-09 4.759880e-01 8.659800e-01
5.015840e-01 6.850714e-09 4.532910e-01 8.666420e-01
5.016671e-01 6.869382e-09 4.545810e-01 8.660720e-01
5.016816e-01 6.720678e-09 4.609820e-01 8.661000e-01
5.021864e-01 7.024354e-09 4.628490e-01 8.652160e-01
5.019681e-01 7.042398e-09 4.457310e-01 8.660360e-01
5.021306e-01 7.006841e-09 4.761640e-01 8.664400e-01
5.022173e-01 7.132015e-09 4.706290e-01 8.653600e-01
5.020145e-01 6.982733e-09 4.797300e-01 8.660800e-01
5.008836e-01 6.638782e-09 4.801270e-01 8.665940e-01
5.012326e-01 6.813143e-09 4.510810e-01 8.661400e-01
5.023944e-01 7.011411e-09 4.191000e-01 8.657060e-01
5.011448e-01 6.701057e-09 4.578260e-01 8.657020e-01
5.014456e-01 6.847142e-09 4.561190e-01 8.659680e-01
5.019862e-01 7.191356e-09 4.749140e-01 8.653620e-01
5.017780e-01 6.877686e-09 4.209330e-01 8.666620e-01
5.013615e-01 6.633999e-09 4.964570e-01 8.668560e-01
5.021419e-01 6.952564e-09 4.293460e-01 8.656320e-01
5.019550e-01 6.909774e-09 4.498350e-01 8.651480e-01
5.014491e-01 6.721406e-09 4.783910e-01 8.656600e-01
5.022666e-01 6.793628e-09 4.423410e-01 8.661620e-01
5.019530e-01 6.852210e-09 4.616860e-01 8.655540e-01
5.011958e-01 6.538269e-09 4.498430e-01 8.649380e-01
5.014536e-01 6.781332e-09 4.542670e-01 8.666380e-01
5.017157e-01 6.840971e-09 4.310530e-01 8.656060e-01
5.017570e-01 6.706421e-09 4.320880e-01 8.658240e-01
5.012885e-01 6.584026e-09 4.614530e-01 8.661220e-01
5.008711e-01 6.386582e-09 4.652630e-01 8.673560e-01
5.022140e-01 7.076322e-09 4.494910e-01 8.660260e-01
5.020866e-01 6.706443e-09 4.087280e-01 8.658240e-01
5.012238e-01 6.598010e-09 3.833090e-01 8.663140e-01
5.019229e-01 6.812200e-09 3.927300e-01 8.660620e-01
5.014421e-01 6.661722e-09 4.352490e-01 8.665540e-01
5.019915e-01 6.784071e-09 4.616410e-01 8.660840e-01
5.022420e-01 6.929037e-09 4.795000e-01 8.659520e-01
5.009876e-01 6.534068e-09 4.719940e-01 8.670400e-01
5.012984e-01 6.622269e-09 4.388290e-01 8.664280e-01
5.009625e-01 6.387566e-09 4.616180e-01 8.662340e-01
5.014643e-01 6.611473e-09 4.593390e-01 8.658260e-01
5.015214e-01 6.672188e-09 4.630080e-01 8.668080e-01
5.017623e-01 6.615630e-09 4.359900e-01 8.653840e-01
5.018584e-01 6.775185e-09 4.937060e-01 8.665860e-01
5.023424e-01 6.841729e-09 4.585160e-01 8.652060e-01
5.017657e-01 6.733288e-09 4.617640e-01 8.660140e-01
5.021423e-01 6.814908e-09 4.454800e-01 8.658600e-01
5.011686e-01 6.511837e-09 4.558850e-01 8.660880e-01
5.013800e-01 6.650692e-09 4.008850e-01 8.660380e-01
5.011905e-01 6.572190e-09 4.466400e-01 8.664740e-01
5.018698e-01 6.698154e-09 4.429570e-01 8.661260e-01
5.010997e-01 6.499084e-09 4.654430e-01 8.663440e-01
5.017385e-01 6.727224e-09 4.828900e-01 8.660800e-01
5.017076e-01 6.637555e-09 4.662000e-01 8.656940e-01
5.017657e-01 6.615166e-09 4.760470e-01 8.655740e-01
5.022016e-01 6.768315e-09 4.579700e-01 8.644480e-01
5.018471e-01 6.795592e-09 4.317150e-01 8.660780e-01
5.010858e-01 6.418637e-09 4.319330e-01 8.668740e-01
5.006477e-01 6.292784e-09 4.256690e-01 8.664540e-01
5.016348e-01 6.788313e-09 4.667540e-01 8.662960e-01
5.021067e-01 6.814566e-09 4.759710e-01 8.660340e-01
5.014490e-01 6.547860e-09 4.483750e-01 8.662020e-01
5.014032e-01 6.455917e-09 4.804560e-01 8.659120e-01
5.017865e-01 6.633964e-09 4.632640e-01 8.661320e-01
5.020766e-01 6.600933e-09 4.471350e-01 8.650180e-01
5.014861e-01 6.449650e-09 4.689590e-01 8.655480e-01
5.021591e-01 6.755867e-09 4.662530e-01 8.658600e-01
5.017712e-01 6.672428e-09 4.708890e-01 8.649860e-01
5.020167e-01 6.500017e-09 4.612840e-01 8.654440e-01
5.017198e-01 6.753388e-09 4.481870e-01 8.659860e-01
5.023037e-01 6.722790e-09 4.522210e-01 8.647400e-01
5.011130e-01 6.411631e-09 4.715750e-01 8.674960e-01
5.010187e-01 6.308024e-09 4.645470e-01 8.661140e-01
5.019965e-01 6.747590e-09 4.651330e-01 8.659040e-01
5.018002e-01 6.460085e-09 4.640890e-01 8.655680e-01
5.016160e-01 6.568445e-09 4.509240e-01 8.658260e-01
5.017159e-01 6.537721e-09 4.661110e-01 8.651740e-01
5.017876e-01 6.539499e-09 4.496930e-01 8.650960e-01
5.014866e-01 6.415465e-09 4.688860e-01 8.665760e-01
5.020720e-01 6.546001e-09 4.421680e-01 8.651180e-01
5.019767e-01 6.632281e-09 4.726320e-01 8.655620e-01
5.016701e-01 6.534931e-09 4.702340e-01 8.664480e-01
5.018082e-01 6.630823e-09 4.750840e-01 8.662160e-01
5.017100e-01 6.439862e-09 4.507660e-01 8.659540e-01
5.012789e-01 6.278266e-09 4.567640e-01 8.652700e-01
5.014331e-01 6.553149e-09 4.706850e-01 8.658700e-01
5.015545e-01 6.443544e-09 4.784770e-01 8.659720e-01
5.017423e-01 6.500618e-09 4.910210e-01 8.660740e-01
5.019882e-01 6.725835e-09 4.708390e-01 8.669820e-01
5.016051e-01 6.494150e-09 4.777080e-01 8.656680e-01
5.017379e-01 6.508786e-09 4.683560e-01 8.655680e-01
5.015220e-01 6.428709e-09 4.497040e-01 8.659420e-01
5.017866e-01 6.601126e-09 4.911170e-01 8.658040e-01
5.021792e-01 6.714727e-09 4.304470e-01 8.661940e-01
5.021622e-01 6.785053e-09 4.572130e-01 8.654040e-01
5.022471e-01 6.599577e-09 4.542440e-01 8.647960e-01
5.015839e-01 6.494135e-09 4.404080e-01 8.655980e-01
5.014389e-01 6.375837e-09 4.680730e-01 8.659500e-01
5.016038e-01 6.464154e-09 4.343870e-01 8.658960e-01
5.020967e-01 6.433577e-09 4.544120e-01 8.647040e-01
5.015201e-01 6.353496e-09 3.719470e-01 8.660320e-01
5.013845e-01 6.426839e-09 3.722840e-01 8.657300e-01
5.019082e-01 6.607127e-09 3.514670e-01 8.664160e-01
5.018953e-01 6.525544e-09 3.488890e-01 8.651620e-01
5.018085e-01 6.517625e-09 3.649120e-01 8.659480e-01
5.016955e-01 6.390374e-09 3.565510e-01 8.659360e-01
5.014305e-01 6.356438e-09 3.671290e-01 8.656580e-01
5.017893e-01 6.446200e-09 3.617320e-01 8.652120e-01
5.012654e-01 6.364985e-09 3.560720e-01 8.658280e-01
5.016862e-01 6.339059e-09 3.771570e-01 8.654220e-01
5.023011e-01 6.613503e-09 3.940070e-01 8.655700e-01
5.017755e-01 6.475151e-09 4.353230e-01 8.655180e-01
5.015914e-01 6.456325e-09 4.057930e-01 8.655540e-01
5.016129e-01 6.403205e-09 4.348110e-01 8.652820e-01
5.011230e-01 6.279911e-09 3.877690e-01 8.668140e-01
5.013392e-01 6.291814e-09 3.888650e-01 8.661120e-01
5.013793e-01 6.294097e-09 3.951520e-01 8.654080e-01
5.018193e-01 6.438431e-09 3.914640e-01 8.658180e-01
5.017438e-01 6.440359e-09 3.865470e-01 8.662860e-01
5.017608e-01 6.395632e-09 4.017920e-01 8.660820e-01
5.018275e-01 6.340570e-09 4.588960e-01 8.647120e-01
5.020513e-01 6.440531e-09 4.745880e-01 8.651780e-01
5.018236e-01 6.409161e-09 4.516990e-01 8.659260e-01
5.017101e-01 6.510818e-09 4.326430e-01 8.657920e-01
5.011879e-01 6.169315e-09 4.818270e-01 8.649440e-01
5.016426e-01 6.318790e-09 4.606810e-01 8.654320e-01
5.008964e-01 6.056132e-09 4.776020e-01 8.662580e-01
5.018519e-01 6.231523e-09 4.551570e-01 8.653320e-01
5.012327e-01 6.314187e-09 4.455780e-01 8.656700e-01
5.016036e-01 6.312785e-09 4.474340e-01 8.654400e-01
5.015112e-01 6.291576e-09 4.593540e-01 8.660580e-01
5.015835e-01 6.402456e-09 4.857530e-01 8.659360e-01
5.023851e-01 6.564205e-09 4.560110e-01 8.661060e-01
5.013173e-01 6.201209e-09 4.473770e-01 8.662300e-01
5.022336e-01 6.602055e-09 4.666000e-01 8.655280e-01
5.015814e-01 6.252503e-09 4.451610e-01 8.655200e-01
5.011218e-01 6.104754e-09 4.701390e-01 8.658920e-01
5.015219e-01 6.291077e-09 4.517550e-01 8.661660e-01
5.013709e-01 6.093675e-09 4.623310e-01 8.656860e-01
5.013122e-01 6.205920e-09 4.455100e-01 8.661500e-01
5.014538e-01 6.157528e-09 4.169370e-01 8.662260e-01
5.013958e-01 6.283580e-09 4.609050e-01 8.652120e-01
5.012017e-01 6.091330e-09 4.457250e-01 8.662680e-01
5.013182e-01 6.194773e-09 4.840210e-01 8.656940e-01
5.016414e-01 6.264681e-09 4.408080e-01 8.659300e-01
5.014149e-01 6.124749e-09 4.506250e-01 8.658160e-01
5.008899e-01 6.084098e-09 4.750020e-01 8.665100e-01
5.013476e-01 6.153999e-09 4.425440e-01 8.658460e-01
5.014952e-01 6.235523e-09 3.934390e-01 8.660880e-01
5.019233e-01 6.395489e-09 3.760830e-01 8.661260e-01
5.019386e-01 6.370755e-09 4.145260e-01 8.661600e-01
5.017040e-01 6.256730e-09 4.776090e-01 8.657040e-01
5.013749e-01 6.023640e-09 4.491700e-01 8.661220e-01
5.018812e-01 6.285390e-09 4.061100e-01 8.666440e-01
5.013930e-01 6.112506e-09 4.186940e-01 8.668740e-01
5.014177e-01 6.104379e-09 3.803330e-01 8.660980e-01
5.016611e-01 6.201779e-09 4.046740e-01 8.657280e-01
5.018031e-01 6.318207e-09 4.369300e-01 8.663720e-01
5.018914e-01 6.307557e-09 4.292500e-01 8.656140e-01
5.011338e-01 6.052503e-09 4.616250e-01 8.658660e-01
5.018993e-01 6.286381e-09 4.308590e-01 8.661080e-01
5.010976e-01 6.051465e-09 4.425100e-01 8.660600e-01
5.015856e-01 6.088306e-09 4.565550e-01 8.654040e-01
5.013319e-01 6.235358e-09 4.429140e-01 8.663260e-01
5.013520e-01 6.039212e-09 4.440280e-01 8.655900e-01
5.016064e-01 6.056894e-09 4.152400e-01 8.654740e-01
5.016962e-01 6.151700e-09 4.502270e-01 8.661000e-01
5.009559e-01 5.908692e-09 4.026080e-01 8.659920e-01
5.019216e-01 6.423463e-09 4.336800e-01 8.651520e-01
5.015862e-01 6.092433e-09 4.044930e-01 8.657140e-01
5.020521e-01 6.428277e-09 3.773260e-01 8.652960e-01
5.014054e-01 6.130676e-09 3.643400e-01 8.655320e-01
5.018508e-01 6.205230e-09 4.350640e-01 8.647680e-01
5.017362e-01 6.313286e-09 4.167090e-01 8.657140e-01
5.021311e-01 6.364258e-09 4.158630e-01 8.646000e-01
5.016693e-01 6.208181e-09 3.880770e-01 8.650800e-01
5.015677e-01 5.987921e-09 4.249040e-01 8.649620e-01
5.016357e-01 6.206401e-09 3.840760e-01 8.655040e-01
5.013817e-01 6.119767e-09 3.798170e-01 8.664820e-01
5.015243e-01 6.074378e-09 3.782410e-01 8.649580e-01
5.014769e-01 6.061760e-09 3.790850e-01 8.664180e-01
5.011045e-01 5.917035e-09 3.632050e-01 8.666560e-01
5.019957e-01 6.189041e-09 3.794360e-01 8.647800e-01
5.015170e-01 6.142063e-09 3.593350e-01 8.658300e-01
5.011767e-01 5.907021e-09 3.697410e-01 8.664400e-01
5.018510e-01 6.209870e-09 3.844290e-01 8.657640e-01
5.019652e-01 6.235123e-09 4.354070e-01 8.654740e-01
5.019999e-01 6.259551e-09 5.214680e-01 8.647540e-01
5.016594e-01 6.180255e-09 4.626010e-01 8.652640e-01
5.017926e-01 6.100269e-09 5.380910e-01 8.646280e-01
5.011576e-01 5.999923e-09 4.245460e-01 8.654520e-01
5.011269e-01 5.970382e-09 4.719460e-01 8.653600e-01
5.013405e-01 5.930945e-09 3.892330e-01 8.655620e-01
5.016341e-01 6.182744e-09 4.087400e-01 8.657120e-01
5.010444e-01 5.920459e-09 4.590970e-01 8.659780e-01
5.014966e-01 6.095315e-09 3.986410e-01 8.661560e-01
5.017675e-01 6.092913e-09 4.024630e-01 8.656020e-01
5.013209e-01 6.065845e-09 3.995420e-01 8.659520e-01
5.017382e-01 6.206303e-09 4.526330e-01 8.645640e-01
5.016873e-01 6.073116e-09 3.996040e-01 8.658540e-01
5.021421e-01 6.220058e-09 4.197730e-01 8.649320e-01
5.016550e-01 6.015955e-09 4.629740e-01 8.654680e-01
5.019311e-01 6.083834e-09 4.789930e-01 8.647220e-01
5.016894e-01 6.063409e-09 4.248010e-01 8.650640e-01
5.016023e-01 6.036497e-09 4.450630e-01 8.651700e-01
5.008897e-01 5.811840e-09 3.757410e-01 8.655920e-01
5.014731e-01 6.055212e-09 4.298670e-01 8.650160e-01
5.013896e-01 6.009948e-09 4.421910e-01 8.661180e-01
5.018365e-01 6.080770e-09 4.662640e-01 8.655660e-01
5.008169e-01 5.641709e-09 4.534900e-01 8.663440e-01
5.018770e-01 6.169023e-09 4.738210e-01 8.643680e-01
5.016521e-01 6.119477e-09 4.383940e-01 8.652800e-01
5.017539e-01 6.039781e-09 4.482190e-01 8.657660e-01
5.012909e-01 5.797701e-09 4.402830e-01 8.650700e-01
5.014763e-01 5.932158e-09 4.149140e-01 8.652140e-01
5.009694e-01 5.763974e-09 4.408290e-01 8.657240e-01
5.013182e-01 5.976416e-09 4.568310e-01 8.663140e-01
5.013194e-01 5.895037e-09 4.085360e-01 8.656420e-01
5.011887e-01 5.829819e-09 4.100530e-01 8.662660e-01
5.016448e-01 5.998137e-09 4.518320e-01 8.662580e-01
5.012085e-01 5.833270e-09 3.969520e-01 8.653460e-01
5.018627e-01 6.026123e-09 4.541960e-01 8.648660e-01
5.020740e-01 6.215290e-09 4.438930e-01 8.647840e-01
5.016552e-01 5.895750e-09 4.538010e-01 8.652160e-01
5.014250e-01 5.913882e-09 3.969130e-01 8.661740e-01
5.013419e-01 5.928304e-09 4.126780e-01 8.646520e-01
5.015048e-01 6.011010e-09 4.126210e-01 8.653920e-01
5.014975e-01 5.861632e-09 4.164110e-01 8.665200e-01
5.014679e-01 6.003519e-09 4.151830e-01 8.652580e-01
5.012624e-01 5.773422e-09 4.150900e-01 8.648960e-01
5.019026e-01 5.973416e-09 3.980900e-01 8.651260e-01
5.017192e-01 6.021122e-09 4.375400e-01 8.652980e-01
5.016310e-01 5.999869e-09 4.223290e-01 8.659560e-01
5.019225e-01 6.116200e-09 4.456230e-01 8.650420e-01
5.014302e-01 5.857591e-09 4.443390e-01 8.649280e-01
5.015164e-01 5.924354e-09 4.408400e-01 8.644580e-01
5.008561e-01 5.706772e-09 4.629370e-01 8.670200e-01
5.011818e-01 5.707072e-09 4.234040e-01 8.645880e-01
5.007104e-01 5.704343e-09 4.407510e-01 8.670400e-01
5.016539e-01 5.992149e-09 4.052070e-01 8.654200e-01
5.015965e-01 5.993778e-09 3.823210e-01 8.655520e-01
5.017654e-01 5.944593e-09 3.827610e-01 8.654300e-01
5.017997e-01 5.914520e-09 4.227880e-01 8.643640e-01
5.014899e-01 5.961419e-09 4.053120e-01 8.654120e-01
5.010411e-01 5.690792e-09 3.794300e-01 8.664320e-01
5.019831e-01 6.181909e-09 4.254850e-01 8.654340e-01
5.017403e-01 5.986132e-09 4.345600e-01 8.651200e-01
5.016665e-01 5.873398e-09 3.857380e-01 8.654440e-01
5.014749e-01 5.862125e-09 4.031000e-01 8.659900e-01
5.010759e-01 5.784951e-09 3.932240e-01 8.655780e-01
5.011621e-01 5.709838e-09 4.415430e-01 8.658280e-01
5.018086e-01 6.000610e-09 4.417500e-01 8.656920e-01
5.015866e-01 5.895172e-09 4.101160e-01 8.650220e-01
5.014725e-01 5.810047e-09 4.010610e-01 8.651120e-01
5.006242e-01 5.468584e-09 4.403040e-01 8.659120e-01
5.019708e-01 5.922733e-09 4.508910e-01 8.651740e-01
5.013951e-01 5.752276e-09 3.898570e-01 8.659740e-01
5.011869e-01 5.716167e-09 3.863790e-01 8.658540e-01
5.014876e-01 5.839252e-09 3.894990e-01 8.651220e-01
5.019463e-01 6.037202e-09 4.259740e-01 8.648540e-01
5.015136e-01 5.746639e-09 4.064250e-01 8.658720e-01
5.017170e-01 5.945290e-09 4.105140e-01 8.645160e-01
5.014880e-01 5.811428e-09 4.401360e-01 8.653500e-01
5.017390e-01 5.993274e-09 4.099620e-01 8.654740e-01
5.015237e-01 5.750044e-09 4.247870e-01 8.651360e-01
5.015549e-01 5.808747e-09 3.995060e-01 8.652780e-01
5.015186e-01 5.791522e-09 4.148810e-01 8.652300e-01
5.012154e-01 5.635267e-09 4.131320e-01 8.660620e-01
5.015946e-01 5.855424e-09 4.014290e-01 8.660540e-01
5.013568e-01 5.815004e-09 4.262820e-01 8.656880e-01
5.013266e-01 5.673895e-09 4.109120e-01 8.652640e-01
5.014641e-01 5.797028e-09 3.968200e-01 8.656820e-01
5.011832e-01 5.733301e-09 3.849470e-01 8.652600e-01
5.016224e-01 5.732441e-09 3.899950e-01 8.656480e-01
5.016296e-01 5.767171e-09 3.817450e-01 8.663320e-01
5.014842e-01 5.667396e-09 3.980600e-01 8.657000e-01
5.019095e-01 5.804556e-09 3.763280e-01 8.643720e-01
5.011301e-01 5.605515e-09 4.306730e-01 8.655440e-01
5.012835e-01 5.757338e-09 4.085200e-01 8.659000e-01
5.009675e-01 5.549988e-09 4.100040e-01 8.656040e-01
5.010222e-01 5.624184e-09 4.472970e-01 8.661820e-01
5.014493e-01 5.763400e-09 4.342100e-01 8.661040e-01
5.019817e-01 5.817335e-09 4.236710e-01 8.651600e-01
5.011229e-01 5.665003e-09 4.388340e-01 8.660880e-01
5.009709e-01 5.640479e-09 4.270600e-01 8.656360e-01
5.011611e-01 5.600248e-09 4.053130e-01 8.661960e-01
5.015985e-01 5.725552e-09 3.949710e-01 8.656880e-01
5.018814e-01 5.801924e-09 4.423850e-01 8.649580e-01
5.013415e-01 5.831088e-09 4.347860e-01 8.650260e-01
5.016034e-01 5.782170e-09 3.921680e-01 8.656680e-01
5.013808e-01 5.659299e-09 3.648120e-01 8.657420e-01
5.019361e-01 6.027886e-09 3.635590e-01 8.655580e-01
5.019828e-01 5.916886e-09 4.194160e-01 8.647920e-01
5.016709e-01 5.780766e-09 5.058510e-01 8.665500e-01
5.015595e-01 5.594775e-09 4.709020e-01 8.651020e-01
5.015019e-01 5.681818e-09 4.295240e-01 8.648520e-01
5.014938e-01 5.672227e-09 4.368530e-01 8.657020e-01
5.013335e-01 5.600895e-09 4.289660e-01 8.648100e-01
5.014754e-01 5.690751e-09 4.067050e-01 8.656960e-01
5.007175e-01 5.407864e-09 4.395660e-01 8.652680e-01
5.015893e-01 5.801081e-09 3.942380e-01 8.652060e-01
5.018234e-01 5.818120e-09 4.018030e-01 8.650860e-01
5.020039e-01 5.813924e-09 4.418100e-01 8.642020e-01
5.016325e-01 5.657221e-09 4.345430e-01 8.649460e-01
5.015776e-01 5.515832e-09 4.540820e-01 8.651660e-01
5.013117e-01 5.562048e-09 4.426830e-01 8.655580e-01
5.015388e-01 5.729036e-09 3.845330e-01 8.660400e-01
5.015225e-01 5.767682e-09 4.611580e-01 8.662820e-01
5.012205e-01 5.645800e-09 4.363160e-01 8.654320e-01
5.011779e-01 5.523599e-09 3.831560e-01 8.648200e-01
5.016206e-01 5.544617e-09 4.364610e-01 8.643920e-01
5.015983e-01 5.676263e-09 3.979810e-01 8.654180e-01
5.022591e-01 5.805262e-09 4.224730e-01 8.642220e-01
5.008556e-01 5.445564e-09 4.310530e-01 8.662700e-01
5.008543e-01 5.424834e-09 4.002460e-01 8.670920e-01
5.008760e-01 5.378407e-09 5.297300e-01 8.661160e-01
5.008487e-01 5.450109e-09 4.017610e-01 8.664660e-01
5.014761e-01 5.700156e-09 3.881820e-01 8.652240e-01
5.012710e-01 5.513783e-09 4.113060e-01 8.654940e-01
5.020357e-01 5.762413e-09 4.175020e-01 8.648320e-01
5.015511e-01 5.650402e-09 4.248190e-01 8.655120e-01
5.010953e-01 5.534310e-09 4.060860e-01 8.659660e-01
5.015621e-01 5.622691e-09 4.035280e-01 8.654280e-01
5.017159e-01 5.681668e-09 4.101890e-01 8.649920e-01
5.012017e-01 5.579607e-09 4.132860e-01 8.665640e-01
5.012236e-01 5.628889e-09 4.045180e-01 8.658640e-01
5.013904e-01 5.512316e-09 3.916130e-01 8.645100e-01
5.013265e-01 5.519896e-09 4.119100e-01 8.654320e-01
5.015847e-01 5.686459e-09 4.362160e-01 8.650300e-01
5.016883e-01 5.605128e-09 3.914740e-01 8.652600e-01
5.005624e-01 5.274127e-09 4.067650e-01 8.665140e-01
5.009493e-01 5.448094e-09 4.091790e-01 8.660200e-01
5.015573e-01 5.617511e-09 3.895740e-01 8.655620e-01
5.006614e-01 5.338257e-09 4.065820e-01 8.659060e-01
5.011779e-01 5.458085e-09 4.287630e-01 8.649700e-01
5.009250e-01 5.473165e-09 4.095470e-01 8.663360e-01
5.022036e-01 5.795696e-09 4.179830e-01 8.641160e-01
5.013894e-01 5.624956e-09 4.344090e-01 8.661220e-01
5.015463e-01 5.670514e-09 4.470630e-01 8.655060e-01
5.014428e-01 5.600330e-09 4.165300e-01 8.658560e-01
5.013792e-01 5.408649e-09 4.249130e-01 8.664420e-01
5.011023e-01 5.487287e-09 4.443050e-01 8.653600e-01
5.008501e-01 5.352454e-09 4.419170e-01 8.659640e-01
5.015193e-01 5.617415e-09 4.508380e-01 8.656080e-01
5.015386e-01 5.562127e-09 4.610150e-01 8.645620e-01
5.009077e-01 5.418499e-09 4.619450e-01 8.663140e-01
5.012925e-01 5.424703e-09 4.544660e-01 8.659980e-01
5.012318e-01 5.485991e-09 4.518470e-01 8.657120e-01
5.003946e-01 5.148606e-09 4.538310e-01 8.662480e-01
5.014940e-01 5.494058e-09 4.576080e-01 8.650400e-01
5.013362e-01 5.522277e-09 4.654940e-01 8.657340e-01
5.013219e-01 5.469973e-09 4.398880e-01 8.658100e-01
5.017644e-01 5.582379e-09 4.596880e-01 8.656780e-01
5.012417e-01 5.544981e-09 4.404650e-01 8.657120e-01
5.013647e-01 5.548913e-09 4.716540e-01 8.657220e-01
5.011546e-01 5.399915e-09 4.348900e-01 8.652000e-01
5.017582e-01 5.638618e-09 4.415550e-01 8.651280e-01
5.012139e-01 5.433078e-09 4.625010e-01 8.658400e-01
5.013331e-01 5.425192e-09 4.382800e-01 8.650040e-01
5.017112e-01 5.588168e-09 4.559950e-01 8.647620e-01
5.009567e-01 5.238925e-09 4.295690e-01 8.657160e-01
5.015053e-01 5.569032e-09 4.409890e-01 8.653100e-01
5.010510e-01 5.349790e-09 4.264920e-01 8.663860e-01
5.011300e-01 5.438987e-09 4.555830e-01 8.666040e-01
5.014489e-01 5.412333e-09 4.621860e-01 8.657520e-01
5.011000e-01 5.431412e-09 4.045430e-01 8.655660e-01
5.007960e-01 5.247262e-09 4.298840e-01 8.657280e-01
5.008064e-01 5.129116e-09 4.332990e-01 8.658840e-01
5.013347e-01 5.492131e-09 4.517070e-01 8.657220e-01
5.013014e-01 5.401486e-09 4.482680e-01 8.655800e-01
5.013815e-01 5.457859e-09 4.403480e-01 8.654740e-01
5.010411e-01 5.380098e-09 4.495330e-01 8.655020e-01
5.014859e-01 5.407567e-09 4.313840e-01 8.654080e-01
5.017592e-01 5.511656e-09 4.155110e-01 8.654620e-01
5.008895e-01 5.266894e-09 4.599940e-01 8.657140e-01
5.016461e-01 5.463638e-09 4.419370e-01 8.646100e-01
5.012005e-01 5.375011e-09 4.086560e-01 8.657340e-01
5.016390e-01 5.519299e-09 4.216560e-01 8.649360e-01
5.014778e-01 5.379243e-09 4.096700e-01 8.650260e-01
5.008227e-01 5.237016e-09 3.798170e-01 8.654920e-01
5.013648e-01 5.379554e-09 3.976650e-01 8.657140e-01
5.011533e-01 5.231449e-09 3.888820e-01 8.648980e-01
5.014271e-01 5.387964e-09 4.246450e-01 8.652960e-01
5.014551e-01 5.365185e-09 4.555220e-01 8.648220e-01
5.012943e-01 5.311751e-09 4.207900e-01 8.651460e-01
5.022931e-01 5.692856e-09 4.037600e-01 8.640520e-01
5.006958e-01 5.151960e-09 4.051410e-01 8.666700e-01
5.013572e-01 5.411426e-09 3.912620e-01 8.655340e-01
5.013054e-01 5.319672e-09 4.479230e-01 8.660960e-01
5.015459e-01 5.435928e-09 4.906090e-01 8.654500e-01
5.010826e-01 5.356848e-09 4.789900e-01 8.657440e-01
5.010168e-01 5.226761e-09 5.674590e-01 8.654920e-01
5.020314e-01 5.579938e-09 5.031940e-01 8.653120e-01
5.015903e-01 5.327384e-09 4.728450e-01 8.660120e-01
5.012505e-01 5.396712e-09 4.828510e-01 8.658020e-01
5.014726e-01 5.336043e-09 4.620800e-01 8.652720e-01
5.012515e-01 5.264398e-09 4.155050e-01 8.646540e-01
5.015917e-01 5.391666e-09 4.315950e-01 8.651800e-01
5.013364e-01 5.389392e-09 3.989550e-01 8.656100e-01
5.012126e-01 5.376824e-09 3.998400e-01 8.654960e-01
5.018719e-01 5.466320e-09 3.920950e-01 8.643660e-01
5.011329e-01 5.311021e-09 4.268880e-01 8.658440e-01
5.011082e-01 5.344138e-09 4.187580e-01 8.662260e-01
5.011109e-01 5.275478e-09 4.203130e-01 8.646420e-01
5.012259e-01 5.236625e-09 4.150150e-01 8.653640e-01
5.010567e-01 5.236307e-09 4.348450e-01 8.663620e-01
5.015616e-01 5.403770e-09 4.382600e-01 8.662220e-01
5.012272e-01 5.250020e-09 4.242130e-01 8.656420e-01
5.012118e-01 5.247705e-09 4.234580e-01 8.656520e-01
5.012956e-01 5.122186e-09 4.198600e-01 8.642260e-01
5.012530e-01 5.234965e-09 4.132530e-01 8.653900e-01
5.016994e-01 5.342303e-09 3.997390e-01 8.650600e-01
5.013376e-01 5.354794e-09 4.044400e-01 8.653780e-01
5.008453e-01 5.184205e-09 4.471100e-01 8.655280e-01
5.015375e-01 5.313733e-09 4.325090e-01 8.655260e-01
5.013042e-01 5.314951e-09 4.694360e-01 8.652860e-01
5.009700e-01 5.161244e-09 4.002230e-01 8.657340e-01
5.007285e-01 5.107968e-09 4.492870e-01 8.656680e-01
5.015670e-01 5.447802e-09 4.521880e-01 8.651320e-01
5.007835e-01 5.083048e-09 4.490730e-01 8.651120e-01
5.013338e-01 5.325651e-09 4.550750e-01 8.660140e-01
5.007926e-01 5.119213e-09 4.204770e-01 8.657340e-01
5.016225e-01 5.420301e-09 4.238030e-01 8.651220e-01
5.010564e-01 5.237582e-09 4.446950e-01 8.661440e-01
5.018219e-01 5.432672e-09 4.600020e-01 8.649620e-01
5.017755e-01 5.306537e-09 4.154700e-01 8.640680e-01
5.013943e-01 5.199068e-09 4.175150e-01 8.651600e-01
5.018179e-01 5.390776e-09 3.914970e-01 8.647240e-01
5.014844e-01 5.313309e-09 4.339200e-01 8.649960e-01
5.011110e-01 5.227361e-09 3.982590e-01 8.657380e-01
5.014661e-01 5.325182e-09 4.349260e-01 8.639600e-01
5.011661e-01 5.163371e-09 4.152310e-01 8.657780e-01
5.007619e-01 5.079615e-09 4.390260e-01 8.653700e-01
5.015935e-01 5.308668e-09 4.192500e-01 8.650720e-01
5.013730e-01 5.274246e-09 3.950800e-01 8.645620e-01
5.011929e-01 5.207055e-09 4.531760e-01 8.654660e-01
5.016606e-01 5.252861e-09 4.838220e-01 8.646180e-01
5.017488e-01 5.251621e-09 4.779840e-01 8.643840e-01
5.015810e-01 5.335951e-09 4.703650e-01 8.644480e-01
5.014564e-01 5.262386e-09 5.153660e-01 8.650000e-01
5.016106e-01 5.313061e-09 5.181700e-01 8.643840e-01
5.010578e-01 5.017648e-09 5.208540e-01 8.655400e-01
5.018760e-01 5.425074e-09 4.521440e-01 8.646860e-01
5.016779e-01 5.332972e-09 4.049320e-01 8.657240e-01
5.011817e-01 5.191716e-09 4.351440e-01 8.659660e-01
5.011161e-01 5.164561e-09 3.935870e-01 8.650540e-01
5.020116e-01 5.377049e-09 4.056410e-01 8.647580e-01
5.009865e-01 5.140967e-09 4.091170e-01 8.652980e-01
5.009730e-01 5.089276e-09 4.368980e-01 8.649300e-01
5.014672e-01 5.228701e-09 4.213370e-01 8.649960e-01
5.008419e-01 4.944553e-09 3.927710e-01 8.657100e-01
5.011296e-01 5.202642e-09 3.898770e-01 8.656900e-01
5.010242e-01 5.101777e-09 3.889640e-01 8.660220e-01
5.014550e-01 5.268444e-09 3.814980e-01 8.649020e-01
5.013009e-01 5.216780e-09 4.034290e-01 8.658540e-01
5.010910e-01 5.186597e-09 4.024030e-01 8.651720e-01
5.014911e-01 5.162137e-09 4.079620e-01 8.649780e-01
5.015517e-01 5.203210e-09 4.239260e-01 8.648280e-01
5.009323e-01 5.037515e-09 4.059100e-01 8.652960e-01
5.009742e-01 5.197021e-09 3.989490e-01 8.660580e-01
5.016036e-01 5.198186e-09 4.117490e-01 8.651560e-01
5.013478e-01 5.141106e-09 4.173860e-01 8.644860e-01
5.019703e-01 5.335290e-09 4.067210e-01 8.642160e-01
5.007705e-01 4.991631e-09 3.897360e-01 8.657520e-01
5.011272e-01 5.049851e-09 4.053330e-01 8.649060e-01
5.012898e-01 5.097831e-09 4.042560e-01 8.658760e-01
5.010493e-01 5.123872e-09 4.287730e-01 8.659440e-01
5.014176e-01 5.181755e-09 4.164740e-01 8.646940e-01
5.014526e-01 5.184121e-09 4.261300e-01 8.653500e-01
5.013424e-01 5.154428e-09 4.198210e-01 8.649800e-01
5.009230e-01 5.095226e-09 4.627210e-01 8.660980e-01
5.012660e-01 5.149580e-09 4.319120e-01 8.656560e-01
5.015153e-01 5.115983e-09 4.468730e-01 8.641180e-01
5.011629e-01 5.037451e-09 3.967660e-01 8.651160e-01
5.008838e-01 4.919043e-09 4.585150e-01 8.660840e-01
5.012415e-01 5.069744e-09 4.236230e-01 8.654200e-01
5.013423e-01 5.127234e-09 3.873540e-01 8.647720e-01
5.010617e-01 5.049517e-09 4.048920e-01 8.650400e-01
5.023444e-01 5.424651e-09 4.126860e-01 8.645340e-01
5.014851e-01 5.107019e-09 4.032960e-01 8.648480e-01
5.010997e-01 5.183767e-09 4.262660e-01 8.663580e-01
5.014412e-01 5.131539e-09 3.807440e-01 8.649180e-01
5.010492e-01 4.988923e-09 4.474680e-01 8.656120e-01
5.010129e-01 4.989720e-09 4.241950e-01 8.651320e-01
5.015095e-01 5.077202e-09 3.932790e-01 8.651140e-01
5.013842e-01 5.028722e-09 4.056110e-01 8.653600e-01
5.006363e-01 4.874475e-09 4.083530e-01 8.654480e-01
5.015847e-01 5.082613e-09 4.048410e-01 8.652600e-01
5.009954e-01 5.036511e-09 4.205920e-01 8.655600e-01
5.016094e-01 5.149647e-09 4.217020e-01 8.645720e-01
5.008891e-01 4.893669e-09 4.128710e-01 8.657080e-01
5.012149e-01 5.055144e-09 4.306330e-01 8.654280e-01
5.006798e-01 4.818238e-09 4.040730e-01 8.654420e-01
5.005075e-01 4.818461e-09 4.004320e-01 8.664060e-01
5.018936e-01 5.227796e-09 4.832580e-01 8.644300e-01
5.014299e-01 5.045608e-09 4.165450e-01 8.652120e-01
5.018164e-01 5.160471e-09 3.904090e-01 8.640840e-01
5.009729e-01 4.976692e-09 4.594800e-01 8.658460e-01
5.011659e-01 4.985164e-09 3.701280e-01 8.652080e-01
5.013727e-01 5.044787e-09 4.717280e-01 8.654940e-01
5.012968e-01 4.940937e-09 4.574710e-01 8.648660e-01
5.013143e-01 4.960832e-09 4.310400e-01 8.642560e-01
5.009694e-01 4.825091e-09 4.055850e-01 8.653940e-01
5.016439e-01 5.091944e-09 4.467100e-01 8.649180e-01
5.009556e-01 4.932070e-09 4.201460e-01 8.655300e-01
5.008111e-01 4.960797e-09 4.335360e-01 8.664160e-01
5.012083e-01 4.943848e-09 4.339950e-01 8.643260e-01
5.013863e-01 4.984331e-09 4.250490e-01 8.649160e-01
5.016740e-01 5.124186e-09 4.547930e-01 8.646740e-01
5.005610e-01 4.858326e-09 4.120330e-01 8.659000e-01
5.011755e-01 4.999771e-09 3.949560e-01 8.659060e-01
5.022971e-01 5.256347e-09 4.279730e-01 8.647280e-01
5.013047e-01 5.027480e-09 3.901650e-01 8.652780e-01
5.008278e-01 4.855153e-09 3.996580e-01 8.657660e-01
5.012682e-01 4.963809e-09 4.177760e-01 8.648840e-01
5.014422e-01 4.998442e-09 4.313310e-01 8.649980e-01
5.012987e-01 4.990820e-09 3.988830e-01 8.650500e-01
5.012426e-01 5.007515e-09 4.121740e-01 8.651520e-01
5.016507e-01 5.012263e-09 4.523630e-01 8.647920e-01
5.006057e-01 4.804313e-09 4.148800e-01 8.663280e-01
5.013867e-01 4.928193e-09 4.414140e-01 8.651500e-01
5.012437e-01 4.922470e-09 3.991260e-01 8.652960e-01
5.016585e-01 5.172626e-09 4.837000e-01 8.652900e-01
5.017762e-01 5.042264e-09 4.183150e-01 8.643220e-01
5.011483e-01 4.925354e-09 4.254020e-01 8.654980e-01
5.010504e-01 4.958573e-09 4.111350e-01 8.658800e-01
5.012514e-01 4.963833e-09 4.083170e-01 8.658580e-01
5.011668e-01 5.015849e-09 3.916000e-01 8.654780e-01
5.008162e-01 4.769580e-09 4.049430e-01 8.660000e-01
5.014576e-01 4.943536e-09 4.159440e-01 8.645480e-01
5.012168e-01 4.960536e-09 3.970040e-01 8.653040e-01
5.013935e-01 5.058006e-09 3.913590e-01 8.651740e-01
5.014231e-01 5.046252e-09 4.250450e-01 8.651240e-01
5.012500e-01 4.956896e-09 3.956310e-01 8.646620e-01
5.013858e-01 4.917449e-09 3.942200e-01 8.652520e-01
5.014641e-01 5.044782e-09 4.013700e-01 8.654440e-01
5.013216e-01 4.919915e-09 5.030290e-01 8.657700e-01
5.013650e-01 5.013666e-09 4.298950e-01 8.648520e-01
5.010915e-01 4.951070e-09 3.938340e-01 8.654560e-01
5.007972e-01 4.839334e-09 4.183700e-01 8.653640e-01
