# dim  N   mc   rho  Brute 
# 2    2 262394 1
#
# Theoretical Energy = 2.000000e+00
# Energy     Variance     CPU time     Acceptance
3.262280e+00 4.821367e-05 1.083155e+00 8.613993e-01
3.258676e+00 4.622375e-05 1.031867e+00 8.613135e-01
3.268557e+00 4.972983e-05 9.025630e-01 8.614431e-01
3.253911e+00 4.710031e-05 8.699950e-01 8.606418e-01
3.253122e+00 5.047719e-05 8.789970e-01 8.603493e-01
3.253934e+00 4.772113e-05 8.770190e-01 8.606733e-01
3.251973e+00 4.738267e-05 8.780110e-01 8.608667e-01
3.263041e+00 5.527346e-05 8.903660e-01 8.611458e-01
3.258617e+00 4.925198e-05 8.858010e-01 8.610544e-01
3.261401e+00 5.287746e-05 8.620550e-01 8.617518e-01
3.264639e+00 5.174069e-05 8.967670e-01 8.619986e-01
3.270535e+00 5.051020e-05 8.780330e-01 8.607085e-01
3.274796e+00 5.009350e-05 8.577380e-01 8.615860e-01
3.246211e+00 4.663442e-05 8.659050e-01 8.610953e-01
3.267604e+00 4.880401e-05 8.656410e-01 8.611592e-01
3.252574e+00 4.843600e-05 8.542240e-01 8.610934e-01
3.259455e+00 4.956339e-05 8.835160e-01 8.605675e-01
3.256862e+00 4.743234e-05 8.883060e-01 8.614479e-01
3.275630e+00 6.689592e-05 8.692470e-01 8.617994e-01
3.260158e+00 4.851820e-05 8.716650e-01 8.609620e-01
3.255596e+00 4.793021e-05 8.854320e-01 8.610325e-01
3.249762e+00 4.779797e-05 8.700820e-01 8.610277e-01
3.239536e+00 5.410779e-05 8.820050e-01 8.608676e-01
3.260061e+00 5.786071e-05 8.706030e-01 8.609610e-01
3.257482e+00 5.452602e-05 8.763850e-01 8.605532e-01
3.242380e+00 5.589063e-05 8.769620e-01 8.607962e-01
3.237948e+00 5.015866e-05 8.828890e-01 8.609677e-01
3.237536e+00 4.602814e-05 8.891660e-01 8.608914e-01
3.254627e+00 4.756065e-05 8.768410e-01 8.606409e-01
3.241635e+00 4.789133e-05 8.757410e-01 8.604637e-01
3.250062e+00 4.744388e-05 8.578290e-01 8.609162e-01
3.236724e+00 5.194523e-05 8.706110e-01 8.612097e-01
3.237104e+00 4.711198e-05 8.711860e-01 8.610163e-01
3.239093e+00 4.924880e-05 8.675530e-01 8.613659e-01
3.245651e+00 4.681280e-05 8.800500e-01 8.610629e-01
3.253447e+00 4.990687e-05 8.598520e-01 8.604837e-01
3.258343e+00 5.003285e-05 8.691300e-01 8.614412e-01
3.249042e+00 4.756495e-05 8.774130e-01 8.621196e-01
3.248061e+00 4.901967e-05 8.620810e-01 8.606914e-01
3.245556e+00 4.733294e-05 8.731930e-01 8.612830e-01
3.254254e+00 5.162930e-05 8.649980e-01 8.611573e-01
3.246060e+00 5.288635e-05 8.718890e-01 8.609972e-01
3.241854e+00 4.724757e-05 8.593920e-01 8.608676e-01
3.247570e+00 4.840693e-05 8.722340e-01 8.612992e-01
3.248096e+00 4.739318e-05 8.680310e-01 8.605103e-01
3.244835e+00 4.757180e-05 8.733200e-01 8.616022e-01
3.237653e+00 5.750790e-05 8.552040e-01 8.615841e-01
3.227943e+00 4.596701e-05 8.521310e-01 8.613602e-01
3.254551e+00 4.918189e-05 8.642420e-01 8.610382e-01
3.242250e+00 4.778850e-05 8.661630e-01 8.608619e-01
3.237573e+00 4.870341e-05 9.008600e-01 8.609886e-01
3.236689e+00 4.692666e-05 8.765620e-01 8.609810e-01
3.246496e+00 4.790716e-05 8.697700e-01 8.607304e-01
3.240593e+00 4.629815e-05 8.631620e-01 8.613964e-01
3.245766e+00 5.373041e-05 8.548720e-01 8.606656e-01
3.238280e+00 4.701452e-05 8.759820e-01 8.605027e-01
3.228838e+00 4.849177e-05 8.710820e-01 8.608619e-01
3.240193e+00 5.031822e-05 8.625810e-01 8.611001e-01
3.243459e+00 5.153735e-05 8.643170e-01 8.608228e-01
3.253912e+00 5.489513e-05 8.506880e-01 8.610363e-01
3.241137e+00 4.752494e-05 8.651060e-01 8.618280e-01
3.232947e+00 4.699550e-05 8.521840e-01 8.608733e-01
3.231779e+00 4.658038e-05 8.788000e-01 8.606399e-01
3.242632e+00 4.680431e-05 8.861000e-01 8.612154e-01
3.231229e+00 4.614130e-05 8.820550e-01 8.613126e-01
3.231306e+00 4.738966e-05 8.865030e-01 8.609315e-01
3.238335e+00 4.718144e-05 8.739740e-01 8.605542e-01
3.246871e+00 4.708420e-05 8.810950e-01 8.613049e-01
3.239976e+00 4.789911e-05 8.685900e-01 8.614269e-01
3.241204e+00 4.850090e-05 8.979110e-01 8.611668e-01
3.237799e+00 4.710797e-05 8.681960e-01 8.606904e-01
3.230247e+00 5.037832e-05 9.061520e-01 8.610467e-01
3.231860e+00 4.784946e-05 8.710850e-01 8.611344e-01
3.241918e+00 4.782488e-05 8.775400e-01 8.609048e-01
3.237218e+00 4.896404e-05 8.640380e-01 8.611239e-01
3.240468e+00 4.768180e-05 8.780650e-01 8.607847e-01
3.232028e+00 4.629725e-05 8.772620e-01 8.612821e-01
3.236430e+00 5.609563e-05 8.592290e-01 8.612849e-01
3.271575e+00 7.375923e-04 8.626430e-01 8.607009e-01
3.245481e+00 2.226365e-04 8.810690e-01 8.613859e-01
3.234254e+00 4.965111e-05 8.694670e-01 8.609286e-01
3.239396e+00 4.937066e-05 8.845260e-01 8.613745e-01
3.238489e+00 4.886025e-05 8.618340e-01 8.619252e-01
3.237195e+00 4.682729e-05 8.568760e-01 8.612078e-01
3.235269e+00 4.832560e-05 8.505450e-01 8.610344e-01
3.230249e+00 4.645014e-05 8.501780e-01 8.610077e-01
3.229485e+00 4.927871e-05 8.675720e-01 8.609124e-01
3.245528e+00 5.190912e-05 8.712370e-01 8.610429e-01
3.231317e+00 4.700146e-05 8.700900e-01 8.614078e-01
3.258074e+00 5.706752e-05 8.760690e-01 8.610972e-01
3.238125e+00 4.731838e-05 8.768980e-01 8.608028e-01
3.239501e+00 4.620119e-05 8.786370e-01 8.610725e-01
3.241246e+00 4.750478e-05 8.677220e-01 8.607685e-01
3.235667e+00 5.272527e-05 8.578280e-01 8.608305e-01
3.241846e+00 4.770640e-05 8.975410e-01 8.615346e-01
3.228356e+00 4.867519e-05 8.631330e-01 8.605856e-01
3.231690e+00 4.654061e-05 8.689510e-01 8.610934e-01
3.232335e+00 4.630278e-05 8.875840e-01 8.615469e-01
3.233223e+00 4.729806e-05 8.557700e-01 8.613707e-01
3.218699e+00 5.143413e-05 8.693410e-01 8.608714e-01
3.232265e+00 4.608388e-05 8.763550e-01 8.607447e-01
3.242025e+00 4.931965e-05 8.835880e-01 8.612525e-01
3.242968e+00 5.262187e-05 8.589770e-01 8.613507e-01
3.230276e+00 5.337876e-05 8.592690e-01 8.611096e-01
3.229157e+00 4.655862e-05 8.689120e-01 8.618118e-01
3.236064e+00 5.259631e-05 8.664820e-01 8.609591e-01
3.234122e+00 6.456879e-05 8.617130e-01 8.612935e-01
3.232959e+00 4.942597e-05 8.503990e-01 8.601311e-01
3.235180e+00 5.002081e-05 8.603080e-01 8.609019e-01
3.229624e+00 4.594757e-05 8.733630e-01 8.602579e-01
3.232783e+00 4.667180e-05 8.622290e-01 8.611192e-01
3.236991e+00 4.721737e-05 8.590000e-01 8.612144e-01
3.244020e+00 4.815820e-05 8.582650e-01 8.609534e-01
3.226711e+00 4.750822e-05 8.623990e-01 8.605504e-01
3.232429e+00 4.684398e-05 8.681410e-01 8.612411e-01
3.230516e+00 4.665261e-05 8.774050e-01 8.612697e-01
3.225348e+00 4.641509e-05 8.820220e-01 8.607657e-01
3.234770e+00 4.962294e-05 8.569730e-01 8.617861e-01
3.243237e+00 6.226325e-05 8.627670e-01 8.614326e-01
3.233042e+00 4.909513e-05 8.601250e-01 8.618833e-01
3.227508e+00 4.870527e-05 8.826300e-01 8.611458e-01
3.229818e+00 5.252048e-05 8.571480e-01 8.612001e-01
3.221446e+00 4.529490e-05 8.769970e-01 8.604751e-01
3.248433e+00 5.471084e-05 8.783060e-01 8.615107e-01
3.229517e+00 4.947026e-05 8.782860e-01 8.611144e-01
3.246632e+00 5.358198e-05 8.837620e-01 8.607771e-01
3.240803e+00 4.707886e-05 8.658380e-01 8.616794e-01
3.232962e+00 4.561048e-05 8.750300e-01 8.609181e-01
3.225754e+00 4.632411e-05 8.524240e-01 8.611801e-01
3.226680e+00 4.613869e-05 8.631260e-01 8.607647e-01
3.230403e+00 4.559052e-05 8.787970e-01 8.602359e-01
3.237308e+00 4.687637e-05 8.769220e-01 8.614955e-01
3.234503e+00 4.563657e-05 8.957870e-01 8.619643e-01
3.217981e+00 4.512916e-05 8.779980e-01 8.607390e-01
3.218867e+00 4.623829e-05 8.726950e-01 8.602026e-01
3.239796e+00 4.656142e-05 8.624590e-01 8.615698e-01
3.230994e+00 4.713991e-05 8.972250e-01 8.619662e-01
3.234872e+00 4.798862e-05 8.753060e-01 8.617213e-01
3.229642e+00 4.784191e-05 8.671220e-01 8.615755e-01
3.232426e+00 4.900029e-05 8.527790e-01 8.618261e-01
3.227925e+00 4.766132e-05 8.728090e-01 8.608943e-01
3.230564e+00 4.721091e-05 8.625500e-01 8.609810e-01
3.220871e+00 4.674608e-05 8.778960e-01 8.613269e-01
3.237330e+00 4.663990e-05 8.584250e-01 8.613716e-01
3.228907e+00 4.691629e-05 8.730090e-01 8.613859e-01
3.227705e+00 4.647293e-05 8.707120e-01 8.609534e-01
3.233504e+00 4.831772e-05 8.756620e-01 8.605504e-01
3.226302e+00 4.821285e-05 8.722840e-01 8.611049e-01
3.222145e+00 4.922395e-05 8.689320e-01 8.614545e-01
3.227441e+00 4.795872e-05 8.735810e-01 8.616117e-01
3.231757e+00 5.016411e-05 8.730940e-01 8.611601e-01
3.234020e+00 4.775234e-05 8.584430e-01 8.616565e-01
3.250600e+00 5.795867e-05 8.782730e-01 8.613173e-01
3.229489e+00 4.976256e-05 8.598340e-01 8.606132e-01
3.219803e+00 4.641018e-05 8.871660e-01 8.614183e-01
3.237666e+00 4.638074e-05 8.655500e-01 8.615431e-01
3.235820e+00 4.737922e-05 8.663730e-01 8.614136e-01
3.229805e+00 5.035862e-05 8.601290e-01 8.612240e-01
3.227980e+00 4.658947e-05 8.648170e-01 8.612764e-01
3.260564e+00 8.003372e-04 8.761040e-01 8.615393e-01
3.230197e+00 4.572296e-05 8.668330e-01 8.616432e-01
3.236188e+00 6.441926e-05 8.555890e-01 8.612392e-01
3.232678e+00 4.533006e-05 8.722430e-01 8.617099e-01
3.235059e+00 4.642392e-05 8.721010e-01 8.611182e-01
3.225928e+00 4.522249e-05 8.704620e-01 8.606609e-01
3.224259e+00 4.656579e-05 8.628790e-01 8.609400e-01
3.224755e+00 4.476311e-05 8.563290e-01 8.609029e-01
3.215863e+00 4.531111e-05 8.589800e-01 8.613373e-01
3.228936e+00 4.604307e-05 8.629020e-01 8.607009e-01
3.218776e+00 4.487195e-05 8.678450e-01 8.610734e-01
3.235804e+00 5.279596e-05 8.685560e-01 8.618061e-01
3.237576e+00 4.644637e-05 8.619960e-01 8.619843e-01
3.233619e+00 4.907069e-05 8.647820e-01 8.616384e-01
3.241962e+00 4.726146e-05 8.751050e-01 8.620033e-01
3.244000e+00 4.926780e-05 8.769980e-01 8.615031e-01
3.234900e+00 4.823092e-05 8.714350e-01 8.615527e-01
3.225208e+00 4.739224e-05 8.720940e-01 8.607028e-01
3.226495e+00 4.679087e-05 8.807510e-01 8.609000e-01
3.233093e+00 4.869835e-05 8.556910e-01 8.618452e-01
3.230901e+00 4.472088e-05 8.718090e-01 8.611982e-01
3.231552e+00 4.841822e-05 8.752450e-01 8.619042e-01
3.233611e+00 4.579556e-05 8.653610e-01 8.615165e-01
3.227864e+00 4.936598e-05 8.557600e-01 8.618356e-01
3.232696e+00 4.601237e-05 8.808260e-01 8.620433e-01
3.230768e+00 5.091535e-05 8.728920e-01 8.610696e-01
3.223293e+00 4.594162e-05 8.590430e-01 8.605208e-01
3.230451e+00 4.641154e-05 8.563900e-01 8.609200e-01
3.233463e+00 4.534611e-05 8.653250e-01 8.614345e-01
3.225706e+00 4.542453e-05 8.760010e-01 8.613421e-01
3.230563e+00 4.655192e-05 8.848280e-01 8.614002e-01
3.232881e+00 4.649395e-05 8.642980e-01 8.614688e-01
3.234053e+00 4.638856e-05 8.779450e-01 8.609286e-01
3.222517e+00 4.630572e-05 8.766090e-01 8.608943e-01
3.224817e+00 4.482164e-05 8.643940e-01 8.611058e-01
3.231648e+00 4.863573e-05 8.653350e-01 8.612573e-01
3.231116e+00 4.892383e-05 8.672400e-01 8.617880e-01
3.230529e+00 4.971000e-05 9.026220e-01 8.614841e-01
3.234169e+00 4.709827e-05 8.659810e-01 8.613183e-01
3.218157e+00 4.518084e-05 8.759850e-01 8.603169e-01
3.236672e+00 5.846141e-05 8.601880e-01 8.614469e-01
3.219237e+00 4.780291e-05 8.822210e-01 8.615689e-01
3.228164e+00 4.455225e-05 8.817190e-01 8.616794e-01
3.223340e+00 4.849486e-05 8.692210e-01 8.614945e-01
3.238238e+00 4.536914e-05 8.711850e-01 8.621882e-01
3.232042e+00 4.785941e-05 8.832250e-01 8.619947e-01
3.222460e+00 4.595492e-05 8.825890e-01 8.608257e-01
3.233569e+00 5.338139e-05 8.623390e-01 8.605008e-01
3.237175e+00 7.773426e-05 8.638680e-01 8.611849e-01
3.216470e+00 4.459162e-05 8.591980e-01 8.609943e-01
3.238440e+00 4.797440e-05 8.597090e-01 8.615555e-01
3.225988e+00 4.552912e-05 8.699800e-01 8.612678e-01
3.240172e+00 4.691139e-05 8.812530e-01 8.621567e-01
3.213717e+00 4.610678e-05 8.749450e-01 8.609438e-01
3.225308e+00 4.576504e-05 8.721880e-01 8.619471e-01
3.224814e+00 4.600858e-05 8.635140e-01 8.614336e-01
3.234776e+00 4.680792e-05 8.621450e-01 8.620605e-01
3.223376e+00 4.860605e-05 8.769570e-01 8.609591e-01
3.250974e+00 4.139631e-04 8.638780e-01 8.615498e-01
3.235995e+00 4.883758e-05 8.561890e-01 8.617365e-01
3.226744e+00 4.719557e-05 8.760720e-01 8.612783e-01
3.227501e+00 4.693594e-05 8.699020e-01 8.617880e-01
3.226347e+00 4.571780e-05 8.651090e-01 8.612992e-01
3.226198e+00 4.663734e-05 8.739920e-01 8.609200e-01
3.232523e+00 5.395746e-05 8.715100e-01 8.615374e-01
3.229254e+00 4.879603e-05 8.702900e-01 8.616851e-01
3.223541e+00 4.516879e-05 8.661560e-01 8.610687e-01
3.223281e+00 4.442750e-05 8.630770e-01 8.613202e-01
3.230533e+00 5.497520e-05 8.791150e-01 8.614555e-01
3.230196e+00 4.750682e-05 8.893890e-01 8.604770e-01
3.223772e+00 4.548474e-05 8.596530e-01 8.616908e-01
3.227149e+00 4.690664e-05 8.772710e-01 8.618194e-01
3.223590e+00 4.482612e-05 8.671580e-01 8.619747e-01
3.235670e+00 4.828753e-05 8.747280e-01 8.616346e-01
3.225996e+00 4.484007e-05 8.665100e-01 8.615736e-01
3.225396e+00 4.670498e-05 8.673220e-01 8.612983e-01
3.222922e+00 4.470047e-05 8.574340e-01 8.608314e-01
3.221894e+00 4.682904e-05 8.834520e-01 8.620271e-01
3.230321e+00 1.391295e-04 8.868950e-01 8.613936e-01
3.219724e+00 5.079240e-05 8.663190e-01 8.613145e-01
3.226860e+00 4.811597e-05 8.872660e-01 8.609791e-01
3.230041e+00 4.866601e-05 8.820240e-01 8.612716e-01
3.217870e+00 4.417787e-05 8.649080e-01 8.612678e-01
3.228649e+00 4.721965e-05 8.601150e-01 8.617718e-01
3.222663e+00 5.125897e-05 8.830460e-01 8.607666e-01
3.218131e+00 4.517493e-05 8.844820e-01 8.608972e-01
3.245521e+00 9.846289e-05 8.543280e-01 8.625902e-01
3.220992e+00 4.519185e-05 8.741990e-01 8.612926e-01
3.221036e+00 4.573040e-05 8.653860e-01 8.617737e-01
3.221156e+00 5.330830e-05 8.794650e-01 8.615269e-01
3.233039e+00 4.758417e-05 8.572800e-01 8.613859e-01
3.223835e+00 4.531883e-05 8.644070e-01 8.612706e-01
3.226157e+00 5.012280e-05 8.707170e-01 8.609867e-01
3.229874e+00 4.522045e-05 8.830500e-01 8.614469e-01
3.227788e+00 5.196492e-05 8.517400e-01 8.614755e-01
3.238789e+00 4.618681e-05 8.702930e-01 8.621710e-01
3.232776e+00 4.994017e-05 8.632390e-01 8.610001e-01
3.226139e+00 4.511095e-05 8.846650e-01 8.622615e-01
3.219105e+00 4.498978e-05 8.652250e-01 8.613488e-01
3.227433e+00 4.565198e-05 8.849470e-01 8.609534e-01
3.222504e+00 4.537743e-05 8.673690e-01 8.613307e-01
3.227410e+00 4.705561e-05 9.036020e-01 8.616937e-01
3.217648e+00 4.582779e-05 8.506600e-01 8.609324e-01
3.218089e+00 4.577710e-05 8.689820e-01 8.613307e-01
3.221464e+00 4.748948e-05 8.654900e-01 8.614898e-01
3.235877e+00 4.660252e-05 8.772320e-01 8.621624e-01
3.222684e+00 4.788453e-05 8.676470e-01 8.615832e-01
3.221320e+00 4.451905e-05 8.569990e-01 8.609743e-01
3.222150e+00 4.778614e-05 8.751960e-01 8.610810e-01
3.221922e+00 4.527780e-05 8.601670e-01 8.614155e-01
3.223072e+00 4.692164e-05 8.646000e-01 8.612954e-01
3.215660e+00 4.401502e-05 8.633230e-01 8.617375e-01
3.226652e+00 4.669192e-05 8.496410e-01 8.615717e-01
3.226513e+00 4.536752e-05 8.640380e-01 8.617251e-01
3.227695e+00 4.670023e-05 8.658350e-01 8.608286e-01
3.216140e+00 4.432789e-05 8.832870e-01 8.613678e-01
3.218187e+00 4.666900e-05 8.665290e-01 8.615136e-01
3.232456e+00 4.713861e-05 8.809690e-01 8.615107e-01
3.224394e+00 5.149503e-05 8.778380e-01 8.610429e-01
3.232079e+00 4.957681e-05 8.803270e-01 8.608476e-01
3.234727e+00 6.232019e-05 8.551400e-01 8.615860e-01
3.216661e+00 4.430180e-05 9.013340e-01 8.623063e-01
3.222616e+00 4.385172e-05 8.713930e-01 8.617832e-01
3.233004e+00 4.835884e-05 8.671490e-01 8.618976e-01
3.221962e+00 4.561279e-05 8.577360e-01 8.618414e-01
3.222271e+00 4.794242e-05 8.732530e-01 8.618337e-01
3.227443e+00 4.611827e-05 8.583670e-01 8.616375e-01
3.225771e+00 4.703156e-05 8.786370e-01 8.611878e-01
3.227310e+00 4.630474e-05 8.597150e-01 8.616289e-01
3.226624e+00 5.518483e-05 8.613100e-01 8.620691e-01
3.225401e+00 4.723075e-05 8.568000e-01 8.618328e-01
3.216683e+00 4.406871e-05 8.565890e-01 8.615660e-01
3.222940e+00 4.573061e-05 8.562200e-01 8.613250e-01
3.224978e+00 5.039981e-05 8.809590e-01 8.605732e-01
3.226374e+00 4.583138e-05 8.690010e-01 8.616508e-01
3.221761e+00 4.743166e-05 8.580460e-01 8.604980e-01
3.219601e+00 4.450219e-05 8.551250e-01 8.612411e-01
3.215048e+00 4.594444e-05 8.960900e-01 8.608209e-01
3.232006e+00 5.684876e-05 8.558900e-01 8.610363e-01
3.229276e+00 5.545322e-05 8.849170e-01 8.611268e-01
3.223676e+00 4.406814e-05 8.624520e-01 8.617175e-01
3.235015e+00 4.518480e-05 8.759400e-01 8.614898e-01
3.222791e+00 4.507901e-05 8.591400e-01 8.618204e-01
3.229728e+00 4.605224e-05 8.616900e-01 8.619281e-01
3.216434e+00 4.427958e-05 8.534260e-01 8.614488e-01
3.226438e+00 4.872146e-05 8.592060e-01 8.615365e-01
3.229192e+00 4.604772e-05 8.567130e-01 8.619319e-01
3.218562e+00 4.669309e-05 8.696570e-01 8.620548e-01
3.223374e+00 4.604823e-05 8.778460e-01 8.610439e-01
3.227848e+00 4.551238e-05 9.022810e-01 8.615279e-01
3.230113e+00 5.822848e-05 8.796810e-01 8.615136e-01
3.231790e+00 4.533589e-05 8.813520e-01 8.617899e-01
3.220983e+00 4.520114e-05 8.506260e-01 8.612992e-01
3.238215e+00 2.139509e-04 8.721210e-01 8.619709e-01
3.225653e+00 4.552282e-05 8.576120e-01 8.608695e-01
3.222940e+00 4.522493e-05 8.659390e-01 8.610830e-01
3.224160e+00 5.579306e-05 8.661140e-01 8.613450e-01
3.233711e+00 4.608680e-05 8.703500e-01 8.617280e-01
3.219826e+00 4.641050e-05 8.676060e-01 8.610782e-01
3.223174e+00 4.594580e-05 8.640550e-01 8.622444e-01
3.217523e+00 4.668710e-05 8.636120e-01 8.612087e-01
3.220194e+00 4.599658e-05 8.633550e-01 8.614440e-01
3.233888e+00 4.905662e-05 8.676470e-01 8.616070e-01
3.224252e+00 4.514813e-05 8.556370e-01 8.617537e-01
3.221822e+00 4.690915e-05 8.758200e-01 8.611382e-01
3.227694e+00 4.558457e-05 8.784310e-01 8.611906e-01
3.221254e+00 4.736080e-05 8.726530e-01 8.616003e-01
3.227610e+00 4.533369e-05 8.919480e-01 8.616222e-01
3.229866e+00 5.396679e-05 8.628920e-01 8.615012e-01
3.223329e+00 4.522112e-05 8.776050e-01 8.612230e-01
3.221503e+00 4.663105e-05 8.719510e-01 8.614965e-01
3.216508e+00 4.831112e-05 8.600740e-01 8.612287e-01
3.221257e+00 4.459809e-05 8.626320e-01 8.612459e-01
3.223708e+00 4.690663e-05 8.654430e-01 8.619986e-01
3.229163e+00 6.240746e-05 8.712750e-01 8.617909e-01
3.222991e+00 4.614613e-05 8.893620e-01 8.614669e-01
3.227849e+00 4.541697e-05 8.615590e-01 8.613907e-01
3.220175e+00 4.425877e-05 8.564280e-01 8.619376e-01
3.234354e+00 6.234173e-05 8.852230e-01 8.609915e-01
3.222275e+00 4.510429e-05 8.744200e-01 8.625312e-01
3.230123e+00 4.494359e-05 8.556670e-01 8.616908e-01
3.228337e+00 4.532867e-05 8.729980e-01 8.619462e-01
3.223391e+00 5.771237e-05 8.709890e-01 8.623978e-01
3.216190e+00 4.481401e-05 8.708800e-01 8.622387e-01
3.229587e+00 4.833343e-05 9.213930e-01 8.617975e-01
3.227036e+00 4.882169e-05 8.740060e-01 8.614231e-01
3.223205e+00 4.446496e-05 8.688120e-01 8.620195e-01
3.231532e+00 6.256004e-05 8.875110e-01 8.613364e-01
3.217039e+00 5.133972e-05 8.809230e-01 8.615651e-01
3.225463e+00 4.586901e-05 8.513060e-01 8.621500e-01
3.225761e+00 4.597052e-05 8.721260e-01 8.617232e-01
3.225846e+00 4.693126e-05 8.511540e-01 8.613097e-01
3.222201e+00 4.750770e-05 8.667230e-01 8.618414e-01
3.216356e+00 4.388156e-05 8.645070e-01 8.609753e-01
3.215442e+00 4.815844e-05 8.746490e-01 8.612935e-01
3.223594e+00 4.434185e-05 8.855010e-01 8.615908e-01
3.224643e+00 4.828623e-05 8.812250e-01 8.613602e-01
3.222489e+00 4.553538e-05 8.720950e-01 8.616079e-01
3.215484e+00 4.902512e-05 8.829860e-01 8.616489e-01
3.220082e+00 4.648708e-05 8.751740e-01 8.620386e-01
3.231984e+00 4.754980e-05 8.909200e-01 8.619595e-01
3.230846e+00 4.686632e-05 8.636130e-01 8.620862e-01
3.217918e+00 4.595860e-05 8.771750e-01 8.616870e-01
3.261878e+00 1.995759e-03 8.653040e-01 8.619061e-01
3.226304e+00 5.441430e-05 8.699500e-01 8.612811e-01
3.229515e+00 4.518979e-05 8.705550e-01 8.623053e-01
3.218206e+00 4.421542e-05 8.621190e-01 8.613354e-01
3.229463e+00 4.654255e-05 8.674000e-01 8.612525e-01
3.231921e+00 4.721168e-05 8.656040e-01 8.617794e-01
3.219988e+00 4.440474e-05 8.826130e-01 8.618013e-01
3.222848e+00 4.593519e-05 8.680920e-01 8.612487e-01
3.225471e+00 4.774531e-05 8.733430e-01 8.615651e-01
3.216346e+00 4.804164e-05 8.578820e-01 8.614040e-01
3.219928e+00 4.440881e-05 8.800600e-01 8.615012e-01
3.229914e+00 4.624446e-05 8.611170e-01 8.619995e-01
3.236063e+00 4.776196e-05 8.766170e-01 8.617413e-01
3.213949e+00 4.394198e-05 8.747860e-01 8.614469e-01
3.227697e+00 4.749276e-05 8.901690e-01 8.612030e-01
3.220067e+00 4.932170e-05 8.860560e-01 8.616041e-01
3.223916e+00 4.625201e-05 8.715290e-01 8.626207e-01
3.220779e+00 4.520541e-05 8.558450e-01 8.614764e-01
3.226362e+00 4.629732e-05 8.826680e-01 8.613307e-01
3.223047e+00 4.497913e-05 8.765400e-01 8.620214e-01
3.228496e+00 4.618986e-05 8.696440e-01 8.616108e-01
3.222513e+00 4.645678e-05 8.784280e-01 8.616356e-01
3.231073e+00 4.450894e-05 8.629960e-01 8.613011e-01
3.223994e+00 4.661048e-05 8.674270e-01 8.612468e-01
3.223287e+00 4.574679e-05 8.798000e-01 8.616489e-01
3.213798e+00 4.522209e-05 8.695650e-01 8.610753e-01
3.230657e+00 4.919257e-05 8.494450e-01 8.620033e-01
3.221082e+00 4.464025e-05 8.661430e-01 8.617299e-01
3.224858e+00 4.564447e-05 8.684570e-01 8.617728e-01
3.228956e+00 5.239818e-05 8.659480e-01 8.608505e-01
3.215972e+00 4.447619e-05 8.694790e-01 8.616384e-01
3.220507e+00 4.854617e-05 8.798460e-01 8.612020e-01
3.219319e+00 4.636971e-05 8.647280e-01 8.616546e-01
3.227031e+00 4.556030e-05 8.567420e-01 8.617337e-01
3.222001e+00 4.582881e-05 8.761740e-01 8.619833e-01
3.212274e+00 4.411138e-05 8.747200e-01 8.612564e-01
3.221309e+00 4.695892e-05 8.723580e-01 8.616575e-01
3.221482e+00 4.624939e-05 8.860870e-01 8.621348e-01
3.224919e+00 4.446254e-05 8.830270e-01 8.625331e-01
3.223035e+00 5.165096e-05 8.712850e-01 8.613974e-01
3.211841e+00 4.636391e-05 8.637320e-01 8.616622e-01
3.229958e+00 4.984293e-05 8.710460e-01 8.614078e-01
3.238282e+00 4.779981e-05 8.763560e-01 8.620052e-01
3.218904e+00 6.102918e-05 8.807400e-01 8.614698e-01
3.221886e+00 4.438338e-05 8.643910e-01 8.620243e-01
3.219130e+00 4.461291e-05 8.620840e-01 8.616136e-01
3.227277e+00 4.742090e-05 8.766940e-01 8.613049e-01
3.214892e+00 4.442747e-05 8.634880e-01 8.617689e-01
3.222685e+00 4.867287e-05 8.665100e-01 8.616880e-01
3.231439e+00 4.552924e-05 8.683170e-01 8.621243e-01
3.213271e+00 4.551002e-05 8.982900e-01 8.617489e-01
3.231219e+00 5.898987e-05 8.596860e-01 8.616041e-01
3.207887e+00 4.343023e-05 8.776370e-01 8.618194e-01
3.218925e+00 4.583703e-05 8.663770e-01 8.612697e-01
3.220024e+00 4.596298e-05 8.736030e-01 8.623454e-01
3.218615e+00 4.528319e-05 8.729170e-01 8.619662e-01
3.226254e+00 5.021018e-05 8.906810e-01 8.614421e-01
3.211832e+00 5.311927e-05 8.614290e-01 8.619138e-01
3.214568e+00 4.498870e-05 8.827500e-01 8.607933e-01
3.221748e+00 5.048565e-05 8.611870e-01 8.614545e-01
3.224109e+00 4.555600e-05 8.823090e-01 8.617080e-01
3.233789e+00 4.630516e-05 8.766880e-01 8.619119e-01
3.217233e+00 4.468339e-05 8.676390e-01 8.614040e-01
3.217387e+00 4.546299e-05 8.876010e-01 8.611106e-01
3.216262e+00 4.509976e-05 8.578270e-01 8.615479e-01
3.227953e+00 4.702033e-05 8.554310e-01 8.612163e-01
3.229127e+00 4.805758e-05 8.744770e-01 8.618957e-01
3.216072e+00 4.451045e-05 8.707620e-01 8.613097e-01
3.225471e+00 4.791243e-05 8.754400e-01 8.615069e-01
3.231011e+00 5.645521e-05 8.696990e-01 8.612440e-01
3.217906e+00 4.495028e-05 8.798260e-01 8.616337e-01
3.229011e+00 5.219633e-05 8.576590e-01 8.618042e-01
3.229992e+00 4.513098e-05 8.779960e-01 8.621262e-01
3.216318e+00 4.420561e-05 8.490150e-01 8.617289e-01
3.215241e+00 4.505309e-05 8.799690e-01 8.619757e-01
3.220031e+00 4.887068e-05 8.626340e-01 8.617651e-01
3.224812e+00 4.989641e-05 8.713940e-01 8.610153e-01
3.217651e+00 4.399822e-05 8.726200e-01 8.620424e-01
3.222553e+00 4.544459e-05 8.791720e-01 8.615098e-01
3.222334e+00 4.419881e-05 8.718780e-01 8.616451e-01
3.223904e+00 4.874064e-05 8.674720e-01 8.615774e-01
3.226244e+00 4.569583e-05 8.628110e-01 8.619052e-01
3.219882e+00 4.468145e-05 8.758280e-01 8.617375e-01
3.227812e+00 4.896303e-05 8.600010e-01 8.622939e-01
3.221038e+00 4.723668e-05 8.824050e-01 8.622063e-01
3.230467e+00 4.580894e-05 8.656770e-01 8.613878e-01
3.213184e+00 4.391569e-05 8.828060e-01 8.620881e-01
3.224124e+00 4.602319e-05 8.573470e-01 8.616861e-01
3.224778e+00 4.471560e-05 8.680470e-01 8.610372e-01
3.221056e+00 4.457020e-05 8.711990e-01 8.623606e-01
3.216873e+00 4.670828e-05 8.725660e-01 8.619242e-01
3.228788e+00 7.485732e-05 8.756630e-01 8.614622e-01
3.221069e+00 4.553104e-05 8.709050e-01 8.623463e-01
3.231966e+00 4.678641e-05 8.696930e-01 8.614317e-01
3.224341e+00 4.996411e-05 8.631250e-01 8.623034e-01
3.222591e+00 5.186649e-05 8.643340e-01 8.609867e-01
3.224391e+00 4.818774e-05 8.771040e-01 8.620119e-01
3.209642e+00 4.505141e-05 8.616340e-01 8.608876e-01
3.219047e+00 4.453193e-05 8.538550e-01 8.608352e-01
3.223547e+00 4.553475e-05 8.665650e-01 8.617566e-01
3.229403e+00 4.451019e-05 8.721450e-01 8.623111e-01
3.221420e+00 4.566633e-05 8.700830e-01 8.615508e-01
3.220364e+00 4.498189e-05 8.692810e-01 8.618890e-01
3.230182e+00 4.657965e-05 8.575600e-01 8.617823e-01
3.219844e+00 4.663204e-05 8.703700e-01 8.620262e-01
3.231097e+00 6.240417e-05 8.792350e-01 8.614412e-01
3.231426e+00 4.518877e-05 8.652040e-01 8.621853e-01
3.221796e+00 4.560630e-05 8.768870e-01 8.619395e-01
3.224600e+00 4.873492e-05 8.904500e-01 8.620662e-01
3.241056e+00 4.307641e-04 8.552850e-01 8.619242e-01
3.221922e+00 4.435932e-05 8.636830e-01 8.615450e-01
3.227306e+00 4.709861e-05 8.643200e-01 8.616746e-01
3.226981e+00 4.631916e-05 8.509460e-01 8.616003e-01
3.210745e+00 7.252662e-05 8.508130e-01 8.615746e-01
3.217321e+00 4.508568e-05 8.824000e-01 8.618194e-01
3.223751e+00 4.671232e-05 8.764800e-01 8.619233e-01
3.226862e+00 4.628629e-05 8.836510e-01 8.616241e-01
3.221654e+00 4.417615e-05 8.735270e-01 8.623330e-01
3.213590e+00 4.580225e-05 8.850250e-01 8.613602e-01
3.225129e+00 4.495274e-05 8.633730e-01 8.611554e-01
3.219630e+00 4.581365e-05 8.690070e-01 8.615508e-01
3.232477e+00 4.637003e-05 8.655310e-01 8.618985e-01
3.217765e+00 4.852396e-05 9.031060e-01 8.613897e-01
3.229945e+00 5.537899e-05 8.646140e-01 8.614545e-01
3.228196e+00 7.660801e-05 8.512080e-01 8.619824e-01
3.207259e+00 4.345612e-05 8.692020e-01 8.619462e-01
3.211949e+00 4.405359e-05 8.701140e-01 8.622720e-01
3.224171e+00 4.918483e-05 8.788490e-01 8.619242e-01
3.214087e+00 4.460388e-05 8.502100e-01 8.617270e-01
3.223174e+00 4.531910e-05 8.831200e-01 8.617365e-01
3.226696e+00 4.765617e-05 8.838360e-01 8.617261e-01
3.220839e+00 5.534316e-05 8.651490e-01 8.612630e-01
3.222526e+00 4.397586e-05 8.624280e-01 8.618490e-01
3.233479e+00 5.591781e-05 8.792560e-01 8.620395e-01
3.220489e+00 4.487988e-05 8.837390e-01 8.610648e-01
3.232823e+00 5.482134e-05 8.481130e-01 8.622939e-01
3.217353e+00 4.621893e-05 8.770940e-01 8.616098e-01
3.230919e+00 4.556239e-05 8.706410e-01 8.620252e-01
3.230223e+00 4.652326e-05 9.187660e-01 8.620224e-01
3.222698e+00 4.547290e-05 9.991980e-01 8.626636e-01
3.219997e+00 4.613759e-05 8.743730e-01 8.611392e-01
3.217328e+00 4.365857e-05 8.704160e-01 8.625331e-01
3.220979e+00 4.511440e-05 8.682480e-01 8.620834e-01
3.212722e+00 4.653398e-05 8.614780e-01 8.616965e-01
3.220935e+00 4.575463e-05 8.621790e-01 8.615231e-01
3.224550e+00 4.652544e-05 8.533720e-01 8.610677e-01
3.226290e+00 4.388218e-05 9.119520e-01 8.616841e-01
3.216131e+00 4.871317e-05 8.581400e-01 8.615298e-01
3.223166e+00 4.444873e-05 8.769090e-01 8.622158e-01
3.212038e+00 4.424756e-05 8.623990e-01 8.622005e-01
3.213679e+00 4.494231e-05 8.616070e-01 8.616260e-01
3.214257e+00 5.042632e-05 8.714960e-01 8.615946e-01
3.212792e+00 4.545731e-05 8.776070e-01 8.627208e-01
3.217972e+00 4.860463e-05 8.777180e-01 8.611744e-01
3.215278e+00 4.498043e-05 8.717240e-01 8.618709e-01
3.229526e+00 4.485321e-05 8.631180e-01 8.624788e-01
3.206850e+00 4.435948e-05 8.586010e-01 8.621348e-01
3.223881e+00 4.437202e-05 8.625210e-01 8.618051e-01
3.214390e+00 4.345544e-05 8.758710e-01 8.614012e-01
3.230854e+00 1.437224e-04 8.652970e-01 8.620024e-01
3.214785e+00 4.561024e-05 8.668620e-01 8.615546e-01
3.216588e+00 5.335564e-05 8.619090e-01 8.617184e-01
3.223268e+00 4.656268e-05 8.813930e-01 8.621805e-01
3.230197e+00 6.222611e-05 8.845830e-01 8.623816e-01
3.235448e+00 4.596996e-05 8.679340e-01 8.617985e-01
3.219516e+00 4.715831e-05 8.713000e-01 8.623053e-01
3.220104e+00 4.526578e-05 8.773620e-01 8.613764e-01
3.230518e+00 5.207106e-05 8.718020e-01 8.619890e-01
3.224625e+00 4.802774e-05 8.655100e-01 8.628313e-01
3.218587e+00 5.074701e-05 8.650390e-01 8.617651e-01
3.221607e+00 4.881925e-05 8.546980e-01 8.624321e-01
3.220836e+00 4.558307e-05 8.769200e-01 8.617547e-01
3.225396e+00 4.553814e-05 8.689230e-01 8.620576e-01
3.216830e+00 4.633527e-05 8.765640e-01 8.618433e-01
3.219450e+00 4.491771e-05 8.623670e-01 8.618614e-01
3.233852e+00 8.127268e-05 8.647310e-01 8.627503e-01
3.216140e+00 7.356828e-05 8.838040e-01 8.616384e-01
3.230846e+00 4.652639e-05 8.556780e-01 8.618671e-01
3.222444e+00 4.741605e-05 8.774900e-01 8.620729e-01
3.219536e+00 5.938104e-05 8.764100e-01 8.619128e-01
3.219636e+00 4.647347e-05 8.715970e-01 8.616832e-01
3.219283e+00 4.386254e-05 8.686570e-01 8.617975e-01
3.219317e+00 4.527385e-05 8.759870e-01 8.617947e-01
3.216379e+00 4.489459e-05 8.694180e-01 8.610991e-01
3.213849e+00 4.405508e-05 8.583330e-01 8.618461e-01
3.223604e+00 4.803820e-05 8.726190e-01 8.619604e-01
3.227066e+00 4.844428e-05 8.570000e-01 8.620900e-01
3.218077e+00 4.549171e-05 8.689500e-01 8.617518e-01
3.220914e+00 4.614641e-05 8.720740e-01 8.617385e-01
3.223554e+00 4.557682e-05 8.773620e-01 8.617804e-01
3.224206e+00 4.513074e-05 8.676310e-01 8.615736e-01
3.219287e+00 4.473885e-05 8.739780e-01 8.619595e-01
3.211722e+00 4.480574e-05 8.657310e-01 8.615403e-01
3.235235e+00 4.644987e-05 8.663070e-01 8.626941e-01
3.226712e+00 4.741753e-05 8.701380e-01 8.623025e-01
3.219604e+00 4.471471e-05 8.738480e-01 8.621072e-01
3.213633e+00 4.406983e-05 8.737160e-01 8.622758e-01
3.216868e+00 5.138826e-05 8.790100e-01 8.621500e-01
3.216733e+00 4.547579e-05 8.709430e-01 8.618680e-01
3.226860e+00 5.044444e-05 8.856880e-01 8.621891e-01
3.219896e+00 4.506972e-05 8.600910e-01 8.618013e-01
3.218669e+00 4.489567e-05 8.778150e-01 8.621348e-01
3.216400e+00 4.435882e-05 8.642460e-01 8.621253e-01
3.216037e+00 4.543492e-05 8.651020e-01 8.616927e-01
3.214074e+00 4.420720e-05 8.728080e-01 8.617127e-01
3.214215e+00 4.479154e-05 8.663250e-01 8.614993e-01
3.221208e+00 4.468820e-05 8.739420e-01 8.617461e-01
3.226739e+00 5.612651e-05 8.609780e-01 8.620767e-01
3.222119e+00 4.584430e-05 8.634480e-01 8.618223e-01
3.216647e+00 4.430045e-05 8.562850e-01 8.618185e-01
3.216425e+00 5.362564e-05 8.633490e-01 8.610344e-01
3.225524e+00 4.673254e-05 8.657150e-01 8.616279e-01
3.212677e+00 4.375472e-05 8.663310e-01 8.617089e-01
3.218829e+00 4.572764e-05 8.636830e-01 8.618928e-01
3.214901e+00 4.383807e-05 8.583400e-01 8.617299e-01
3.225116e+00 4.653644e-05 8.617690e-01 8.621243e-01
3.216344e+00 4.452243e-05 8.765610e-01 8.619786e-01
3.221685e+00 4.502106e-05 8.687360e-01 8.619252e-01
3.220782e+00 4.494779e-05 8.859580e-01 8.628475e-01
3.228724e+00 4.673207e-05 8.621000e-01 8.623901e-01
3.213670e+00 4.457005e-05 8.575430e-01 8.618442e-01
3.218374e+00 4.485044e-05 8.811880e-01 8.620624e-01
3.216760e+00 5.096789e-05 8.628770e-01 8.613250e-01
3.216689e+00 4.499059e-05 8.846810e-01 8.611134e-01
3.226017e+00 4.406324e-05 8.729770e-01 8.624130e-01
3.221317e+00 4.444231e-05 8.564570e-01 8.622368e-01
3.221670e+00 4.478061e-05 8.635610e-01 8.621577e-01
3.215539e+00 4.487567e-05 8.640820e-01 8.620214e-01
3.244094e+00 9.847041e-05 8.547720e-01 8.617099e-01
3.230522e+00 1.504470e-04 8.687050e-01 8.619157e-01
3.222951e+00 7.183253e-05 8.831410e-01 8.623215e-01
3.213870e+00 4.506996e-05 8.648290e-01 8.615717e-01
3.228757e+00 4.747092e-05 8.705430e-01 8.625702e-01
3.221106e+00 4.824821e-05 8.666470e-01 8.624616e-01
3.223903e+00 5.795454e-05 8.851970e-01 8.627579e-01
3.207602e+00 4.319340e-05 8.885930e-01 8.615927e-01
3.215237e+00 4.389205e-05 8.631380e-01 8.615546e-01
3.222593e+00 5.083547e-05 8.766390e-01 8.619624e-01
3.230685e+00 4.715171e-05 8.559020e-01 8.621034e-01
3.213871e+00 4.626577e-05 8.645070e-01 8.617327e-01
3.220336e+00 4.399471e-05 8.640460e-01 8.621939e-01
3.218833e+00 4.496657e-05 8.652770e-01 8.619290e-01
3.222260e+00 4.593566e-05 8.890450e-01 8.618004e-01
3.223630e+00 5.687034e-05 8.708710e-01 8.623558e-01
3.222859e+00 4.759844e-05 8.759570e-01 8.620224e-01
3.206817e+00 4.599542e-05 8.715780e-01 8.616841e-01
3.221789e+00 4.477040e-05 8.665250e-01 8.619080e-01
3.217938e+00 4.807329e-05 8.660160e-01 8.620491e-01
3.219388e+00 4.501857e-05 8.695180e-01 8.618728e-01
3.216296e+00 4.589402e-05 8.644830e-01 8.620996e-01
3.221493e+00 4.354635e-05 8.757400e-01 8.626321e-01
3.218227e+00 4.481796e-05 8.597100e-01 8.615479e-01
3.224124e+00 5.804330e-05 8.718480e-01 8.632000e-01
3.221137e+00 5.908384e-05 8.603780e-01 8.624626e-01
3.219582e+00 4.558684e-05 8.768580e-01 8.612059e-01
3.214353e+00 4.522548e-05 8.619670e-01 8.619843e-01
3.218623e+00 5.097822e-05 8.758250e-01 8.622568e-01
3.213339e+00 4.552586e-05 8.622590e-01 8.612221e-01
3.206855e+00 4.571640e-05 8.673320e-01 8.629466e-01
3.219806e+00 4.621789e-05 8.665340e-01 8.622892e-01
3.223540e+00 4.591256e-05 8.580270e-01 8.619547e-01
3.230656e+00 7.703925e-05 8.553700e-01 8.628799e-01
3.215988e+00 4.494636e-05 8.592320e-01 8.614136e-01
3.216081e+00 4.957892e-05 8.709480e-01 8.619995e-01
3.222379e+00 4.531947e-05 8.517780e-01 8.614402e-01
3.219395e+00 4.625377e-05 8.631040e-01 8.625407e-01
3.215746e+00 4.411972e-05 8.654580e-01 8.622329e-01
3.214074e+00 4.444555e-05 8.565650e-01 8.625740e-01
3.219649e+00 4.485000e-05 8.763760e-01 8.621138e-01
3.224157e+00 5.278395e-05 8.828440e-01 8.621891e-01
3.209637e+00 4.499558e-05 8.733200e-01 8.616375e-01
3.216704e+00 4.356235e-05 8.602310e-01 8.619528e-01
3.209359e+00 4.920974e-05 8.620230e-01 8.622339e-01
3.210829e+00 4.346399e-05 8.709860e-01 8.619890e-01
3.225022e+00 4.695138e-05 8.559840e-01 8.617527e-01
3.218137e+00 4.483181e-05 8.775700e-01 8.618652e-01
3.215823e+00 4.481963e-05 8.848350e-01 8.621129e-01
3.209709e+00 4.400905e-05 8.566470e-01 8.619223e-01
3.215164e+00 4.702867e-05 8.717700e-01 8.617204e-01
3.207927e+00 4.499112e-05 8.742430e-01 8.613640e-01
3.226641e+00 4.847081e-05 8.702640e-01 8.616813e-01
3.224987e+00 4.524785e-05 8.820850e-01 8.620319e-01
3.226377e+00 5.099676e-05 8.768200e-01 8.619890e-01
3.227365e+00 7.838625e-05 8.699620e-01 8.622892e-01
3.217536e+00 4.570973e-05 8.824160e-01 8.621891e-01
3.215355e+00 4.816457e-05 8.663320e-01 8.621510e-01
3.220672e+00 4.578475e-05 8.766130e-01 8.618595e-01
3.208925e+00 4.926310e-05 8.770650e-01 8.617156e-01
3.214214e+00 6.162898e-05 8.627200e-01 8.615822e-01
3.224275e+00 4.423750e-05 8.637980e-01 8.622434e-01
3.228063e+00 4.710956e-05 8.966530e-01 8.621205e-01
3.223485e+00 4.684435e-05 8.601940e-01 8.621577e-01
3.217469e+00 4.498327e-05 8.693010e-01 8.617594e-01
3.216851e+00 4.672158e-05 8.765030e-01 8.625712e-01
3.210036e+00 4.797371e-05 8.907600e-01 8.626731e-01
3.213910e+00 4.535162e-05 8.650400e-01 8.624797e-01
3.223095e+00 4.807993e-05 8.589770e-01 8.611878e-01
3.225077e+00 4.668217e-05 8.932010e-01 8.622987e-01
3.218689e+00 4.400899e-05 8.688260e-01 8.616765e-01
3.216869e+00 4.734523e-05 8.759890e-01 8.624321e-01
3.210499e+00 5.251109e-05 8.662460e-01 8.622672e-01
3.212712e+00 4.853932e-05 8.773330e-01 8.627979e-01
3.213932e+00 4.435053e-05 8.801440e-01 8.620986e-01
3.215251e+00 4.509499e-05 8.947540e-01 8.621529e-01
3.221783e+00 6.949778e-05 8.670250e-01 8.623720e-01
3.219392e+00 5.105353e-05 8.667760e-01 8.618337e-01
3.218846e+00 4.441252e-05 8.835830e-01 8.615736e-01
3.206982e+00 4.362091e-05 8.655240e-01 8.620567e-01
3.223214e+00 4.595533e-05 8.888540e-01 8.623444e-01
3.226888e+00 5.241081e-05 8.804870e-01 8.620243e-01
3.217372e+00 4.537580e-05 8.758450e-01 8.626531e-01
3.209366e+00 6.475851e-05 8.776040e-01 8.613345e-01
3.218529e+00 4.770473e-05 8.841660e-01 8.619443e-01
3.215621e+00 4.520169e-05 8.627520e-01 8.621100e-01
3.224006e+00 4.629528e-05 8.686470e-01 8.621348e-01
3.213016e+00 4.774434e-05 8.584460e-01 8.621510e-01
3.212098e+00 4.456434e-05 8.710520e-01 8.621243e-01
3.210540e+00 4.499070e-05 8.604550e-01 8.618680e-01
3.219885e+00 4.497077e-05 8.790810e-01 8.621339e-01
3.218883e+00 4.500862e-05 8.737140e-01 8.624883e-01
3.219640e+00 4.792553e-05 8.729540e-01 8.617613e-01
3.216974e+00 4.496092e-05 8.591930e-01 8.621624e-01
3.210891e+00 4.498517e-05 8.825420e-01 8.625216e-01
3.218578e+00 4.468685e-05 8.611800e-01 8.623825e-01
3.215265e+00 4.707259e-05 8.638630e-01 8.618194e-01
3.225480e+00 4.583494e-05 8.637870e-01 8.617156e-01
3.219653e+00 4.830408e-05 8.783040e-01 8.625769e-01
3.211535e+00 4.568858e-05 8.564550e-01 8.618528e-01
3.214770e+00 4.541027e-05 8.575950e-01 8.623034e-01
3.218293e+00 4.750228e-05 8.893910e-01 8.625416e-01
3.214476e+00 4.379509e-05 8.761450e-01 8.624149e-01
3.215984e+00 4.464334e-05 8.728050e-01 8.623549e-01
3.217381e+00 4.435836e-05 8.766340e-01 8.619814e-01
3.220323e+00 4.705591e-05 8.665600e-01 8.617289e-01
3.219278e+00 4.683044e-05 8.699310e-01 8.622730e-01
3.231087e+00 4.526856e-05 8.830910e-01 8.620738e-01
3.217545e+00 4.427169e-05 8.714510e-01 8.624264e-01
3.207346e+00 4.437557e-05 8.747430e-01 8.616013e-01
3.207487e+00 4.447636e-05 8.766970e-01 8.618671e-01
3.212968e+00 4.528326e-05 8.793500e-01 8.626760e-01
3.214035e+00 4.412453e-05 8.852680e-01 8.619166e-01
3.229125e+00 5.315661e-05 8.776690e-01 8.625216e-01
3.217364e+00 4.809096e-05 8.620210e-01 8.616575e-01
3.214517e+00 4.592864e-05 8.688750e-01 8.613631e-01
3.216994e+00 4.462575e-05 8.818830e-01 8.626931e-01
3.222540e+00 4.535323e-05 8.610220e-01 8.617766e-01
3.221256e+00 4.542366e-05 8.613440e-01 8.624416e-01
3.219515e+00 4.435216e-05 8.763910e-01 8.625959e-01
3.228087e+00 5.058174e-05 8.629560e-01 8.629742e-01
3.204474e+00 4.350768e-05 8.789200e-01 8.620491e-01
3.216614e+00 4.637138e-05 8.629470e-01 8.618633e-01
3.219044e+00 4.431265e-05 8.676180e-01 8.626312e-01
3.226055e+00 5.023942e-05 8.702420e-01 8.626626e-01
3.215715e+00 4.360670e-05 8.619830e-01 8.622368e-01
3.215517e+00 4.615367e-05 8.620900e-01 8.614679e-01
3.220992e+00 4.567818e-05 8.822800e-01 8.624235e-01
3.207547e+00 4.265152e-05 8.686080e-01 8.623940e-01
3.201167e+00 4.356943e-05 8.626870e-01 8.622720e-01
3.214232e+00 4.625313e-05 8.639010e-01 8.623654e-01
3.221729e+00 4.486490e-05 8.717960e-01 8.625721e-01
3.208974e+00 4.389723e-05 8.692630e-01 8.621005e-01
3.208186e+00 4.307570e-05 8.578860e-01 8.625235e-01
3.213755e+00 4.565932e-05 8.790570e-01 8.626226e-01
3.214267e+00 4.452717e-05 8.829720e-01 8.625978e-01
3.209102e+00 4.307171e-05 8.625020e-01 8.626312e-01
3.211423e+00 4.367740e-05 8.603040e-01 8.620957e-01
3.204606e+00 4.442456e-05 8.803760e-01 8.626255e-01
3.208833e+00 4.468298e-05 8.505980e-01 8.623463e-01
3.212654e+00 4.472544e-05 8.726990e-01 8.623978e-01
3.210693e+00 4.627196e-05 8.643960e-01 8.615660e-01
3.222880e+00 4.742091e-05 8.709290e-01 8.621853e-01
3.210825e+00 4.455187e-05 8.633270e-01 8.616641e-01
3.232102e+00 1.881727e-04 8.619940e-01 8.626455e-01
3.217196e+00 4.430888e-05 8.628460e-01 8.626217e-01
3.211947e+00 4.369942e-05 8.898340e-01 8.617909e-01
3.209209e+00 4.757740e-05 8.720550e-01 8.626931e-01
3.213836e+00 4.821331e-05 8.729530e-01 8.621462e-01
3.216530e+00 4.484810e-05 8.890540e-01 8.623435e-01
3.209466e+00 4.453381e-05 8.632310e-01 8.620481e-01
3.210675e+00 4.316977e-05 8.794900e-01 8.625435e-01
3.218679e+00 4.448145e-05 8.784310e-01 8.623215e-01
3.208259e+00 4.627731e-05 8.603240e-01 8.622539e-01
3.207205e+00 4.405392e-05 8.583300e-01 8.615793e-01
3.211902e+00 4.542040e-05 8.509440e-01 8.620214e-01
3.204711e+00 4.371135e-05 8.492000e-01 8.621329e-01
3.208471e+00 4.779792e-05 8.659530e-01 8.616422e-01
3.224893e+00 4.776229e-05 8.631020e-01 8.624911e-01
3.214919e+00 4.556971e-05 8.810790e-01 8.616489e-01
3.222596e+00 4.479374e-05 8.601790e-01 8.622253e-01
3.213978e+00 4.446238e-05 8.710690e-01 8.618499e-01
3.216828e+00 4.490386e-05 8.642900e-01 8.625655e-01
3.209530e+00 5.007165e-05 8.609520e-01 8.621662e-01
3.213297e+00 5.034951e-05 8.788240e-01 8.627531e-01
3.206287e+00 4.337948e-05 8.843470e-01 8.617728e-01
3.215603e+00 4.728088e-05 8.792030e-01 8.616899e-01
3.211706e+00 4.603878e-05 8.720660e-01 8.623053e-01
3.214558e+00 4.486785e-05 8.601370e-01 8.622549e-01
3.212577e+00 4.433505e-05 8.802230e-01 8.626483e-01
3.208734e+00 4.481553e-05 8.655640e-01 8.621558e-01
3.206899e+00 4.408982e-05 8.578070e-01 8.617813e-01
3.216928e+00 4.396944e-05 8.616350e-01 8.627455e-01
3.212069e+00 4.391147e-05 8.578520e-01 8.627589e-01
3.209851e+00 4.425922e-05 8.839160e-01 8.618785e-01
3.223451e+00 4.571275e-05 8.590740e-01 8.623444e-01
3.215488e+00 4.741766e-05 8.634180e-01 8.620614e-01
3.218733e+00 4.527659e-05 8.585450e-01 8.620729e-01
3.211458e+00 4.565125e-05 8.739010e-01 8.626407e-01
3.205766e+00 4.515867e-05 8.826890e-01 8.621005e-01
3.220897e+00 4.556780e-05 8.516660e-01 8.618032e-01
3.223380e+00 5.069081e-05 8.568890e-01 8.621300e-01
3.211476e+00 4.452495e-05 8.864920e-01 8.627217e-01
3.216349e+00 4.498078e-05 8.620360e-01 8.623578e-01
3.216394e+00 4.628154e-05 8.744110e-01 8.623158e-01
3.220241e+00 4.476675e-05 8.698450e-01 8.620462e-01
3.214563e+00 4.418442e-05 8.638140e-01 8.621634e-01
3.219646e+00 4.785336e-05 8.584190e-01 8.617747e-01
3.213595e+00 4.616953e-05 8.841260e-01 8.619909e-01
3.205773e+00 4.511049e-05 8.690000e-01 8.626445e-01
3.212158e+00 4.736505e-05 8.687810e-01 8.609458e-01
3.207046e+00 4.441743e-05 8.576840e-01 8.625959e-01
3.213178e+00 4.606223e-05 8.681390e-01 8.621272e-01
3.213281e+00 4.425790e-05 8.777470e-01 8.620757e-01
3.205842e+00 4.374227e-05 8.774000e-01 8.622025e-01
3.204619e+00 4.301682e-05 8.635850e-01 8.629494e-01
3.202830e+00 4.621235e-05 8.711640e-01 8.624244e-01
3.217841e+00 4.911288e-05 8.532040e-01 8.627646e-01
3.214382e+00 4.429520e-05 8.836840e-01 8.634887e-01
3.217251e+00 4.558037e-05 8.712440e-01 8.624635e-01
3.215576e+00 4.544669e-05 8.657700e-01 8.623092e-01
3.223658e+00 4.491884e-05 8.619680e-01 8.626379e-01
3.228618e+00 6.716324e-05 8.650410e-01 8.631952e-01
3.208242e+00 4.395781e-05 8.634430e-01 8.626541e-01
3.220031e+00 4.673134e-05 8.560540e-01 8.628475e-01
3.209299e+00 4.526201e-05 8.592670e-01 8.620300e-01
3.212683e+00 5.197283e-05 8.631790e-01 8.621377e-01
3.208588e+00 4.567174e-05 8.718890e-01 8.621367e-01
3.217393e+00 4.873380e-05 8.586080e-01 8.626026e-01
3.220083e+00 6.782105e-05 8.592880e-01 8.619833e-01
3.217920e+00 4.388666e-05 8.652340e-01 8.624216e-01
3.202679e+00 4.359486e-05 8.781440e-01 8.622672e-01
3.205026e+00 4.517995e-05 8.720930e-01 8.616337e-01
3.214714e+00 4.427831e-05 8.882120e-01 8.630113e-01
3.206023e+00 4.472137e-05 8.606880e-01 8.625912e-01
3.215066e+00 4.461166e-05 8.580790e-01 8.619681e-01
3.222984e+00 4.935743e-05 8.495370e-01 8.621529e-01
3.202991e+00 4.525231e-05 8.792840e-01 8.628246e-01
3.225350e+00 1.997730e-04 8.646180e-01 8.615670e-01
3.207365e+00 4.404779e-05 8.690290e-01 8.627131e-01
3.204633e+00 4.461688e-05 8.622060e-01 8.624502e-01
3.204124e+00 4.476679e-05 8.625840e-01 8.624749e-01
3.215770e+00 5.311502e-05 8.765190e-01 8.622177e-01
3.209640e+00 4.429787e-05 8.696560e-01 8.621701e-01
3.210889e+00 5.155927e-05 8.833220e-01 8.621948e-01
3.219311e+00 4.425077e-05 8.701640e-01 8.625197e-01
3.218374e+00 6.435884e-05 8.699560e-01 8.621205e-01
3.222333e+00 5.333610e-05 8.702930e-01 8.625292e-01
3.206107e+00 4.804749e-05 8.492910e-01 8.620043e-01
3.208774e+00 4.491021e-05 8.638370e-01 8.629952e-01
3.215876e+00 4.567154e-05 8.633810e-01 8.618995e-01
3.215979e+00 4.452215e-05 8.651500e-01 8.621662e-01
3.213398e+00 4.412022e-05 8.710260e-01 8.623654e-01
3.222014e+00 5.581697e-05 8.506570e-01 8.632457e-01
3.219091e+00 4.472438e-05 8.671500e-01 8.626217e-01
3.221098e+00 6.249558e-05 8.767910e-01 8.629818e-01
3.216785e+00 4.918399e-05 8.925530e-01 8.624997e-01
3.214190e+00 5.447914e-05 8.621200e-01 8.626083e-01
3.215722e+00 4.573644e-05 8.789170e-01 8.625998e-01
3.214308e+00 4.441969e-05 8.722540e-01 8.619471e-01
3.217585e+00 4.537838e-05 8.496630e-01 8.615917e-01
3.215764e+00 4.493585e-05 8.590750e-01 8.622406e-01
3.212926e+00 4.409597e-05 8.654170e-01 8.620357e-01
3.203206e+00 4.454819e-05 8.486280e-01 8.624845e-01
3.214387e+00 4.451722e-05 8.693010e-01 8.629161e-01
3.214205e+00 4.437715e-05 8.565370e-01 8.624149e-01
3.218517e+00 5.677913e-05 8.574840e-01 8.629713e-01
3.215210e+00 5.023534e-05 8.501360e-01 8.626045e-01
3.210358e+00 4.472127e-05 8.521110e-01 8.617299e-01
3.220842e+00 4.453473e-05 8.678480e-01 8.626169e-01
3.214278e+00 4.421101e-05 8.580230e-01 8.626922e-01
3.206035e+00 4.511943e-05 8.591940e-01 8.622387e-01
3.214595e+00 8.043324e-05 8.564050e-01 8.618795e-01
3.207219e+00 4.438782e-05 8.535040e-01 8.621586e-01
3.209341e+00 4.339605e-05 8.680870e-01 8.623844e-01
3.201712e+00 4.559295e-05 8.834510e-01 8.621396e-01
3.216179e+00 5.036173e-05 8.598700e-01 8.622234e-01
3.204282e+00 4.328085e-05 8.701490e-01 8.628970e-01
3.199441e+00 4.377984e-05 8.716710e-01 8.627465e-01
3.210280e+00 4.556736e-05 8.759790e-01 8.622672e-01
3.210230e+00 4.569251e-05 8.768930e-01 8.626664e-01
3.211173e+00 4.440442e-05 8.596750e-01 8.625883e-01
3.209420e+00 4.696998e-05 8.651600e-01 8.624387e-01
3.204241e+00 4.490520e-05 8.780030e-01 8.621377e-01
3.207965e+00 4.399991e-05 8.697900e-01 8.627217e-01
3.219739e+00 4.864706e-05 8.655640e-01 8.633229e-01
3.214680e+00 4.597622e-05 8.569720e-01 8.624950e-01
3.210608e+00 4.562694e-05 8.529690e-01 8.622872e-01
3.198311e+00 4.373013e-05 8.627420e-01 8.626369e-01
3.214426e+00 4.786944e-05 8.702070e-01 8.625054e-01
3.210356e+00 4.510639e-05 8.617340e-01 8.626426e-01
3.205889e+00 4.572624e-05 8.607480e-01 8.631285e-01
3.204563e+00 4.317227e-05 8.681680e-01 8.626331e-01
3.208880e+00 4.396323e-05 8.774590e-01 8.627655e-01
3.217656e+00 4.475424e-05 8.730910e-01 8.629170e-01
3.204203e+00 4.398628e-05 8.687340e-01 8.624864e-01
3.209457e+00 4.578007e-05 8.721890e-01 8.625855e-01
3.206478e+00 5.024412e-05 8.680410e-01 8.622463e-01
3.213873e+00 4.537954e-05 8.768540e-01 8.624950e-01
3.212427e+00 4.522521e-05 8.747620e-01 8.622558e-01
3.204663e+00 4.504673e-05 8.698260e-01 8.623235e-01
3.220234e+00 4.629757e-05 8.568810e-01 8.625959e-01
3.211836e+00 4.371254e-05 8.969810e-01 8.626321e-01
3.210323e+00 4.435455e-05 8.813780e-01 8.630990e-01
3.201654e+00 4.367889e-05 8.781400e-01 8.625940e-01
3.211201e+00 4.431052e-05 8.510320e-01 8.634591e-01
3.215400e+00 4.731521e-05 8.616650e-01 8.620290e-01
3.212937e+00 4.664489e-05 8.564250e-01 8.626750e-01
3.215182e+00 4.688976e-05 8.639580e-01 8.624102e-01
3.201580e+00 4.630823e-05 8.643200e-01 8.627503e-01
3.217433e+00 4.889792e-05 8.578300e-01 8.625054e-01
3.213873e+00 5.205647e-05 8.699850e-01 8.631971e-01
3.212366e+00 4.509813e-05 8.555120e-01 8.631181e-01
3.217698e+00 4.952022e-05 8.616420e-01 8.625759e-01
3.202434e+00 4.421863e-05 8.572260e-01 8.630752e-01
3.213043e+00 4.684335e-05 8.672430e-01 8.630342e-01
3.209441e+00 4.449171e-05 8.730760e-01 8.626865e-01
3.213481e+00 6.164011e-05 8.562880e-01 8.623530e-01
3.209515e+00 4.667310e-05 8.817080e-01 8.625807e-01
3.208834e+00 4.339836e-05 8.855420e-01 8.619700e-01
3.202678e+00 4.371070e-05 8.628950e-01 8.630704e-01
3.218425e+00 4.669461e-05 8.613150e-01 8.623692e-01
3.219804e+00 4.653998e-05 8.904630e-01 8.635106e-01
3.208439e+00 4.545175e-05 8.526840e-01 8.630714e-01
3.210677e+00 4.537309e-05 8.741980e-01 8.624473e-01
3.209818e+00 4.388332e-05 8.919440e-01 8.622711e-01
3.211960e+00 4.519395e-05 8.690970e-01 8.627046e-01
3.205359e+00 4.534361e-05 8.715490e-01 8.625150e-01
3.212937e+00 4.454483e-05 8.851710e-01 8.628256e-01
3.206444e+00 4.439363e-05 8.566580e-01 8.620319e-01
3.207780e+00 4.470200e-05 8.769850e-01 8.630961e-01
3.212545e+00 4.434904e-05 8.573120e-01 8.617766e-01
3.204688e+00 4.399652e-05 8.610820e-01 8.625169e-01
3.201192e+00 4.871763e-05 8.591510e-01 8.614155e-01
3.207754e+00 4.347533e-05 8.857360e-01 8.628132e-01
3.206123e+00 4.448273e-05 8.700170e-01 8.630923e-01
3.211653e+00 4.571549e-05 8.602880e-01 8.627541e-01
3.207647e+00 4.711842e-05 8.694880e-01 8.625540e-01
3.208895e+00 4.489178e-05 8.642030e-01 8.628141e-01
3.202226e+00 4.571350e-05 8.648740e-01 8.632838e-01
3.197796e+00 4.387398e-05 8.618630e-01 8.626293e-01
3.210117e+00 6.836806e-05 8.638020e-01 8.623759e-01
3.209556e+00 4.538486e-05 8.700260e-01 8.630333e-01
3.206726e+00 4.744681e-05 8.570830e-01 8.626865e-01
3.214500e+00 7.317338e-05 8.629440e-01 8.627779e-01
3.212552e+00 4.708375e-05 8.640220e-01 8.631619e-01
3.209020e+00 4.510927e-05 8.778750e-01 8.621815e-01
3.202095e+00 4.948698e-05 8.824160e-01 8.626979e-01
3.208646e+00 4.589425e-05 8.628720e-01 8.624530e-01
3.212695e+00 5.122662e-05 8.634800e-01 8.624206e-01
3.205993e+00 4.357251e-05 8.648600e-01 8.626360e-01
3.220051e+00 4.480484e-05 8.805460e-01 8.624264e-01
3.209589e+00 4.407000e-05 8.737850e-01 8.626455e-01
3.214955e+00 7.089691e-05 8.513850e-01 8.625693e-01
3.211293e+00 4.969910e-05 8.626890e-01 8.629542e-01
3.204279e+00 4.465201e-05 8.697870e-01 8.627951e-01
3.206032e+00 4.960027e-05 8.550550e-01 8.628208e-01
3.207360e+00 4.561376e-05 8.776930e-01 8.619671e-01
3.207437e+00 4.438275e-05 8.608160e-01 8.620538e-01
3.210914e+00 4.868460e-05 8.686560e-01 8.625245e-01
3.213549e+00 4.482797e-05 8.688090e-01 8.621882e-01
3.205604e+00 4.475292e-05 8.691630e-01 8.630161e-01
3.213679e+00 4.643974e-05 8.745720e-01 8.627055e-01
3.214617e+00 4.762663e-05 8.883850e-01 8.628475e-01
3.205380e+00 4.333823e-05 8.893100e-01 8.628484e-01
3.217644e+00 4.713734e-05 8.938360e-01 8.632372e-01
3.210595e+00 4.522805e-05 8.612180e-01 8.631495e-01
3.207271e+00 4.488602e-05 8.663620e-01 8.633467e-01
3.214608e+00 4.540447e-05 8.697080e-01 8.629923e-01
3.213016e+00 4.484939e-05 8.691320e-01 8.621767e-01
3.205842e+00 4.529729e-05 8.619210e-01 8.627341e-01
3.216739e+00 4.907029e-05 8.711300e-01 8.624502e-01
3.211754e+00 4.469427e-05 8.857180e-01 8.633458e-01
3.208827e+00 4.431018e-05 8.628990e-01 8.630466e-01
3.217893e+00 4.834555e-05 8.690610e-01 8.625769e-01
3.211634e+00 4.521919e-05 8.600530e-01 8.626855e-01
3.207835e+00 4.448065e-05 8.704590e-01 8.626798e-01
3.210063e+00 4.723669e-05 8.580230e-01 8.625292e-01
3.204280e+00 4.529434e-05 8.641520e-01 8.623987e-01
3.205391e+00 4.675343e-05 8.511890e-01 8.622882e-01
3.196359e+00 4.329923e-05 8.630610e-01 8.631104e-01
3.215844e+00 6.480422e-05 8.732920e-01 8.628789e-01
3.201707e+00 4.638130e-05 8.596040e-01 8.626360e-01
3.215767e+00 4.902638e-05 8.565140e-01 8.628799e-01
3.210802e+00 4.437997e-05 8.529030e-01 8.620395e-01
3.211998e+00 4.469300e-05 8.724740e-01 8.628056e-01
3.210880e+00 4.553806e-05 8.650110e-01 8.630838e-01
3.212982e+00 4.561982e-05 8.591220e-01 8.632705e-01
3.205257e+00 4.389100e-05 8.695240e-01 8.628217e-01
3.205797e+00 4.449849e-05 8.622350e-01 8.628437e-01
3.213411e+00 4.872323e-05 8.700310e-01 8.634753e-01
3.207324e+00 4.529043e-05 8.697840e-01 8.637745e-01
3.213356e+00 5.240509e-05 8.582710e-01 8.630314e-01
3.217798e+00 5.817443e-05 8.742130e-01 8.631057e-01
3.207171e+00 6.164387e-05 8.852600e-01 8.628675e-01
3.214213e+00 6.793447e-05 8.560040e-01 8.628580e-01
3.208306e+00 4.561457e-05 8.652920e-01 8.629132e-01
3.209111e+00 4.760401e-05 8.700760e-01 8.626169e-01
3.223300e+00 5.073293e-05 8.561300e-01 8.626531e-01
3.206613e+00 4.356089e-05 8.730050e-01 8.622482e-01
3.206815e+00 4.396167e-05 8.801660e-01 8.632877e-01
3.207985e+00 4.517110e-05 8.640550e-01 8.630390e-01
3.209095e+00 4.526848e-05 8.732070e-01 8.631066e-01
3.202284e+00 4.449279e-05 8.727980e-01 8.623901e-01
3.203427e+00 4.512195e-05 8.526770e-01 8.628894e-01
3.208798e+00 4.365994e-05 8.650380e-01 8.630647e-01
3.222097e+00 4.731208e-05 8.931450e-01 8.624140e-01
3.199817e+00 4.493230e-05 8.618840e-01 8.630723e-01
3.212106e+00 4.566783e-05 8.692150e-01 8.623425e-01
3.209231e+00 4.616885e-05 8.801630e-01 8.620195e-01
3.208560e+00 4.844508e-05 8.503650e-01 8.630456e-01
3.198807e+00 4.579800e-05 8.597740e-01 8.630714e-01
3.217488e+00 4.615733e-05 8.877520e-01 8.635830e-01
3.202769e+00 5.356272e-05 8.671590e-01 8.633058e-01
3.194326e+00 4.274053e-05 8.735340e-01 8.631219e-01
3.204335e+00 4.466443e-05 8.510050e-01 8.624063e-01
3.199563e+00 4.827958e-05 8.798700e-01 8.620472e-01
3.214993e+00 4.620276e-05 8.628040e-01 8.636211e-01
3.208684e+00 4.528222e-05 8.874980e-01 8.624854e-01
3.212801e+00 4.410659e-05 8.581710e-01 8.623997e-01
3.206497e+00 5.755507e-05 8.578790e-01 8.632114e-01
3.203897e+00 4.541600e-05 8.696750e-01 8.628303e-01
3.199158e+00 5.181913e-05 8.524570e-01 8.629694e-01
3.207845e+00 4.744809e-05 8.617870e-01 8.630047e-01
3.213021e+00 5.325924e-05 8.627900e-01 8.633220e-01
3.213174e+00 6.378906e-05 8.561160e-01 8.622853e-01
3.199220e+00 4.394002e-05 8.587690e-01 8.617928e-01
3.199436e+00 4.477737e-05 8.606940e-01 8.628113e-01
3.211082e+00 4.793264e-05 8.518210e-01 8.633848e-01
