# dim  N   mc   rho  Brute 
# 2    2 262394 1
#
# Theoretical Energy = 2.000000e+00
# Energy     Variance     CPU time     Acceptance
3.298441e+00 1.570679e-03 8.764430e-01 8.607466e-01
3.262160e+00 4.651897e-05 8.792850e-01 8.613564e-01
3.251244e+00 4.938397e-05 8.506250e-01 8.623149e-01
3.231782e+00 5.396170e-05 8.591560e-01 8.610172e-01
3.221482e+00 4.609661e-05 8.592290e-01 8.621348e-01
3.221389e+00 4.867929e-05 8.785360e-01 8.619271e-01
3.213201e+00 4.442299e-05 8.975890e-01 8.627027e-01
3.215992e+00 4.409277e-05 8.704950e-01 8.621215e-01
3.223601e+00 5.632660e-05 8.607800e-01 8.626341e-01
3.197935e+00 4.320539e-05 8.571450e-01 8.627551e-01
3.216120e+00 4.860064e-05 8.574300e-01 8.631933e-01
3.193655e+00 4.302987e-05 8.840120e-01 8.632314e-01
3.191611e+00 4.491236e-05 8.844970e-01 8.639489e-01
3.193900e+00 4.388735e-05 8.565060e-01 8.649255e-01
3.174360e+00 4.437882e-05 8.643920e-01 8.649112e-01
3.170313e+00 5.675546e-05 8.695100e-01 8.659630e-01
3.166374e+00 5.536397e-05 8.569590e-01 8.664165e-01
3.147879e+00 4.262403e-05 8.854060e-01 8.678533e-01
3.146878e+00 4.197364e-05 8.827210e-01 8.675961e-01
3.131030e+00 4.035442e-05 8.838720e-01 8.683716e-01
3.129440e+00 4.155590e-05 8.672050e-01 8.695035e-01
3.128997e+00 4.169782e-05 8.572110e-01 8.694835e-01
3.112305e+00 4.208282e-05 8.625700e-01 8.707678e-01
3.115031e+00 4.326387e-05 8.738730e-01 8.712633e-01
3.110989e+00 4.142582e-05 8.652690e-01 8.706802e-01
3.111924e+00 4.076044e-05 8.634080e-01 8.709060e-01
3.110675e+00 4.130006e-05 8.620830e-01 8.714119e-01
3.105867e+00 3.993496e-05 8.579120e-01 8.715167e-01
3.103164e+00 3.952301e-05 8.591500e-01 8.716272e-01
3.111141e+00 7.746485e-05 8.578430e-01 8.719159e-01
3.099728e+00 4.828247e-05 8.504900e-01 8.726095e-01
3.091911e+00 3.953593e-05 8.794370e-01 8.728887e-01
3.096773e+00 4.111059e-05 8.669050e-01 8.731612e-01
3.087188e+00 3.926444e-05 8.771020e-01 8.737671e-01
3.087695e+00 3.986105e-05 8.630760e-01 8.739158e-01
3.086356e+00 3.884352e-05 8.821470e-01 8.734994e-01
3.078801e+00 3.813000e-05 8.486300e-01 8.742788e-01
3.080928e+00 4.042142e-05 8.715730e-01 8.741034e-01
3.084329e+00 3.875703e-05 8.642540e-01 8.745674e-01
3.078087e+00 3.854573e-05 8.818210e-01 8.748942e-01
3.075516e+00 3.854136e-05 8.706030e-01 8.749390e-01
3.084782e+00 4.395810e-05 8.860640e-01 8.746189e-01
3.074653e+00 3.853103e-05 8.693110e-01 8.750476e-01
3.072731e+00 3.818034e-05 8.632580e-01 8.737347e-01
3.074875e+00 3.803897e-05 8.638500e-01 8.749857e-01
3.072765e+00 3.974511e-05 8.568470e-01 8.749209e-01
3.081551e+00 4.076725e-05 8.665720e-01 8.755783e-01
3.081529e+00 4.431967e-05 8.762980e-01 8.753582e-01
3.090946e+00 4.711639e-05 8.724050e-01 8.754707e-01
3.078844e+00 3.865417e-05 8.645590e-01 8.755993e-01
3.076622e+00 4.054191e-05 8.565510e-01 8.745274e-01
3.074612e+00 4.137958e-05 8.689360e-01 8.750419e-01
3.079022e+00 3.947233e-05 8.631130e-01 8.749914e-01
3.082878e+00 4.812387e-05 8.714060e-01 8.753363e-01
3.087104e+00 4.061517e-05 8.764820e-01 8.754669e-01
3.078918e+00 4.115563e-05 8.680860e-01 8.748914e-01
3.078062e+00 4.529730e-05 8.565040e-01 8.760804e-01
3.085049e+00 4.147292e-05 8.770550e-01 8.760099e-01
3.076524e+00 4.244238e-05 8.635170e-01 8.759737e-01
3.086470e+00 5.022043e-05 8.737330e-01 8.753106e-01
3.076570e+00 3.850755e-05 8.627370e-01 8.762281e-01
3.081928e+00 3.887734e-05 8.761110e-01 8.751305e-01
3.078711e+00 5.059559e-05 8.886190e-01 8.747132e-01
3.084259e+00 4.110081e-05 8.899760e-01 8.753287e-01
3.073427e+00 3.800038e-05 1.019142e+00 8.759137e-01
3.087025e+00 5.028199e-05 8.902050e-01 8.753239e-01
3.089817e+00 5.003367e-05 8.834940e-01 8.752420e-01
3.077607e+00 6.164189e-05 8.792330e-01 8.754326e-01
3.076285e+00 3.877912e-05 8.534420e-01 8.750124e-01
3.071314e+00 3.847888e-05 8.708760e-01 8.760509e-01
3.080956e+00 7.641517e-05 8.697870e-01 8.751753e-01
3.080516e+00 3.837085e-05 8.596650e-01 8.749581e-01
3.076533e+00 4.351297e-05 8.753740e-01 8.750400e-01
3.083520e+00 3.943545e-05 8.578910e-01 8.759213e-01
3.083994e+00 3.811380e-05 8.707650e-01 8.756374e-01
3.077857e+00 3.847765e-05 8.731870e-01 8.751953e-01
3.081900e+00 3.915564e-05 8.745130e-01 8.753030e-01
3.074169e+00 3.935794e-05 8.643310e-01 8.754173e-01
3.081729e+00 3.885873e-05 8.518010e-01 8.759566e-01
3.072457e+00 3.795359e-05 8.887730e-01 8.764044e-01
3.068182e+00 3.768060e-05 8.663240e-01 8.752649e-01
3.072762e+00 3.774890e-05 8.592240e-01 8.752172e-01
3.076965e+00 4.124476e-05 8.522310e-01 8.757946e-01
3.075432e+00 4.083232e-05 8.621030e-01 8.756774e-01
3.084155e+00 3.952763e-05 8.626840e-01 8.755879e-01
3.079964e+00 3.964048e-05 8.846220e-01 8.757146e-01
3.077220e+00 3.804196e-05 8.634290e-01 8.749324e-01
3.077018e+00 3.872157e-05 8.748860e-01 8.756679e-01
3.079942e+00 3.887036e-05 8.808630e-01 8.749543e-01
3.081621e+00 3.969690e-05 8.627770e-01 8.761014e-01
3.085457e+00 4.881926e-05 8.601970e-01 8.755183e-01
3.077333e+00 3.833349e-05 8.521130e-01 8.760947e-01
3.078277e+00 3.894905e-05 8.873450e-01 8.758280e-01
3.078103e+00 3.847683e-05 8.731270e-01 8.757632e-01
3.074575e+00 3.992248e-05 8.773610e-01 8.762129e-01
3.072988e+00 3.847226e-05 8.721460e-01 8.752839e-01
3.083026e+00 3.894729e-05 8.735710e-01 8.761185e-01
3.071479e+00 3.884319e-05 8.767170e-01 8.754954e-01
3.087205e+00 3.876813e-05 8.724360e-01 8.747542e-01
3.084819e+00 3.847886e-05 8.751280e-01 8.758394e-01
3.077317e+00 4.255628e-05 8.777760e-01 8.752144e-01
3.078636e+00 3.816545e-05 8.754140e-01 8.753821e-01
3.074911e+00 3.832367e-05 8.950640e-01 8.754259e-01
3.086486e+00 4.028349e-05 8.698570e-01 8.754488e-01
3.079217e+00 3.868216e-05 8.620510e-01 8.749705e-01
3.080392e+00 3.972094e-05 8.660850e-01 8.746522e-01
3.073700e+00 3.777201e-05 8.764420e-01 8.750772e-01
3.079236e+00 3.841384e-05 8.710720e-01 8.762834e-01
3.079971e+00 3.962086e-05 8.640230e-01 8.744655e-01
3.079427e+00 3.808900e-05 8.665990e-01 8.750972e-01
3.081198e+00 3.935467e-05 8.672810e-01 8.758413e-01
3.078541e+00 3.902155e-05 8.703360e-01 8.757489e-01
3.088397e+00 4.478992e-05 8.623390e-01 8.753773e-01
3.086248e+00 4.229606e-05 8.596290e-01 8.749524e-01
3.080398e+00 3.821963e-05 8.664410e-01 8.746418e-01
3.089182e+00 8.242084e-05 8.614970e-01 8.756660e-01
3.085995e+00 4.422297e-05 8.700070e-01 8.759775e-01
3.076896e+00 3.809094e-05 8.642460e-01 8.760614e-01
3.072972e+00 3.869092e-05 8.639600e-01 8.752696e-01
3.082493e+00 4.071652e-05 8.655560e-01 8.757336e-01
3.078483e+00 3.985188e-05 8.597640e-01 8.744207e-01
3.085053e+00 3.872994e-05 8.994720e-01 8.760033e-01
3.084823e+00 3.896371e-05 8.585440e-01 8.753782e-01
3.076654e+00 3.781359e-05 8.830190e-01 8.749829e-01
3.087043e+00 4.736208e-05 8.672510e-01 8.754831e-01
3.078660e+00 4.102488e-05 8.631980e-01 8.747447e-01
3.077200e+00 3.859254e-05 8.574110e-01 8.753573e-01
3.088898e+00 4.013635e-05 8.716820e-01 8.753506e-01
3.079320e+00 3.805874e-05 8.764760e-01 8.766511e-01
3.078532e+00 3.842955e-05 8.769570e-01 8.747609e-01
3.076928e+00 3.944567e-05 8.562700e-01 8.756546e-01
3.076498e+00 3.931245e-05 8.626920e-01 8.757832e-01
3.076903e+00 3.863578e-05 8.680160e-01 8.753983e-01
3.077349e+00 3.841164e-05 8.637610e-01 8.754497e-01
3.080393e+00 4.106773e-05 8.774530e-01 8.750715e-01
3.080756e+00 3.908110e-05 8.513140e-01 8.751086e-01
3.082909e+00 4.046188e-05 8.696700e-01 8.752210e-01
3.078833e+00 3.843082e-05 8.706110e-01 8.745150e-01
3.075931e+00 4.024873e-05 8.633660e-01 8.753163e-01
3.079132e+00 3.862541e-05 8.618280e-01 8.756584e-01
3.078453e+00 3.874540e-05 8.621500e-01 8.759299e-01
3.079634e+00 3.873460e-05 8.489210e-01 8.753678e-01
3.078452e+00 3.865554e-05 8.796080e-01 8.761986e-01
3.082429e+00 4.143535e-05 8.863490e-01 8.761347e-01
3.076348e+00 3.837042e-05 8.942670e-01 8.760156e-01
3.078999e+00 4.108610e-05 8.517480e-01 8.755154e-01
3.086674e+00 4.278414e-05 8.793700e-01 8.753887e-01
3.075906e+00 3.948512e-05 8.739090e-01 8.760366e-01
3.076508e+00 3.878376e-05 8.724910e-01 8.757203e-01
3.074100e+00 3.895747e-05 8.612900e-01 8.751877e-01
3.071501e+00 3.798261e-05 8.627230e-01 8.752763e-01
3.080634e+00 3.899121e-05 8.725150e-01 8.753497e-01
3.084991e+00 4.106309e-05 8.714270e-01 8.756364e-01
3.081752e+00 4.091392e-05 8.718850e-01 8.754078e-01
3.074635e+00 3.958683e-05 8.726850e-01 8.743331e-01
3.079180e+00 3.784907e-05 8.757500e-01 8.759080e-01
3.079440e+00 4.072085e-05 8.689110e-01 8.757260e-01
3.084792e+00 4.087197e-05 8.691980e-01 8.748094e-01
3.074652e+00 3.850131e-05 8.685780e-01 8.750857e-01
3.081410e+00 3.902004e-05 8.687580e-01 8.748428e-01
3.080426e+00 3.961665e-05 8.695060e-01 8.755097e-01
3.071956e+00 3.840310e-05 8.923190e-01 8.758289e-01
3.077844e+00 3.879236e-05 9.001330e-01 8.758260e-01
3.080003e+00 3.872625e-05 8.763850e-01 8.753401e-01
3.078719e+00 4.492660e-05 9.062190e-01 8.747952e-01
3.076130e+00 3.796279e-05 8.657150e-01 8.758956e-01
3.080458e+00 3.924924e-05 8.711880e-01 8.754411e-01
3.076092e+00 3.824665e-05 8.695340e-01 8.758832e-01
3.083834e+00 4.028112e-05 8.657940e-01 8.751963e-01
3.082312e+00 3.926232e-05 8.781540e-01 8.765425e-01
3.088635e+00 1.423507e-04 8.872880e-01 8.747532e-01
3.084808e+00 4.282643e-05 8.757930e-01 8.754230e-01
3.083335e+00 3.937130e-05 8.809560e-01 8.758108e-01
3.082965e+00 3.881534e-05 8.930100e-01 8.757555e-01
3.088903e+00 3.996564e-05 8.491300e-01 8.754459e-01
3.076598e+00 3.906779e-05 8.648790e-01 8.751439e-01
3.074228e+00 3.814860e-05 8.725930e-01 8.747551e-01
3.089952e+00 4.265319e-05 8.855900e-01 8.758108e-01
3.073596e+00 3.765794e-05 8.964990e-01 8.745836e-01
3.082798e+00 3.916123e-05 8.818180e-01 8.752277e-01
3.079239e+00 4.024646e-05 8.494980e-01 8.747285e-01
3.080149e+00 3.843040e-05 8.746970e-01 8.760480e-01
3.082349e+00 3.893061e-05 8.722350e-01 8.753935e-01
3.079801e+00 3.881317e-05 8.787970e-01 8.762500e-01
3.082377e+00 4.287900e-05 8.556790e-01 8.752868e-01
3.083215e+00 4.047210e-05 9.060300e-01 8.758527e-01
3.082245e+00 4.496991e-05 8.887900e-01 8.751839e-01
3.077546e+00 3.974568e-05 8.644130e-01 8.751039e-01
3.074976e+00 3.960658e-05 8.651550e-01 8.752134e-01
3.072014e+00 3.858464e-05 8.493490e-01 8.754497e-01
3.081068e+00 3.840431e-05 8.629800e-01 8.750838e-01
3.082093e+00 4.043124e-05 8.758490e-01 8.759642e-01
3.070936e+00 3.991038e-05 8.565460e-01 8.750057e-01
3.076082e+00 3.794222e-05 8.652950e-01 8.754230e-01
3.084785e+00 3.894619e-05 8.559940e-01 8.755069e-01
3.076704e+00 3.877564e-05 8.562870e-01 8.751553e-01
3.085347e+00 4.239420e-05 8.692420e-01 8.751553e-01
3.085293e+00 4.024389e-05 8.696600e-01 8.754049e-01
3.082238e+00 3.939787e-05 8.564080e-01 8.760995e-01
3.076579e+00 3.929827e-05 8.766780e-01 8.753487e-01
3.085399e+00 3.967214e-05 8.600210e-01 8.751324e-01
3.078604e+00 4.226022e-05 8.842080e-01 8.747628e-01
3.080286e+00 4.614124e-05 8.486260e-01 8.750248e-01
3.076476e+00 3.835150e-05 8.759080e-01 8.750581e-01
3.078451e+00 3.832788e-05 8.693830e-01 8.759451e-01
3.084472e+00 3.893581e-05 8.565640e-01 8.750133e-01
3.085862e+00 4.036851e-05 8.738640e-01 8.751229e-01
3.083559e+00 4.458268e-05 8.625570e-01 8.758299e-01
3.081668e+00 4.147080e-05 8.552880e-01 8.758546e-01
3.073068e+00 4.121848e-05 8.584960e-01 8.753077e-01
3.078330e+00 4.022127e-05 8.620660e-01 8.755669e-01
3.074601e+00 3.788436e-05 8.696500e-01 8.748514e-01
3.081399e+00 5.876894e-05 8.635850e-01 8.750324e-01
3.086416e+00 5.386409e-05 8.742750e-01 8.759709e-01
3.071807e+00 3.782184e-05 8.650960e-01 8.754164e-01
3.080521e+00 3.858440e-05 8.763220e-01 8.759375e-01
3.085391e+00 3.882574e-05 8.702170e-01 8.757860e-01
3.081159e+00 3.959980e-05 8.710480e-01 8.754888e-01
3.077034e+00 3.873444e-05 8.654890e-01 8.754507e-01
3.083445e+00 4.583212e-05 8.787220e-01 8.759833e-01
3.073519e+00 3.950183e-05 8.676490e-01 8.752820e-01
3.079489e+00 3.825342e-05 8.697620e-01 8.756412e-01
3.075890e+00 3.847493e-05 8.562860e-01 8.750943e-01
3.078011e+00 4.376192e-05 8.648570e-01 8.759251e-01
3.071642e+00 3.792096e-05 8.716500e-01 8.755316e-01
3.081517e+00 3.940815e-05 8.803850e-01 8.757289e-01
3.083171e+00 3.935216e-05 8.864630e-01 8.752563e-01
3.082644e+00 4.028911e-05 8.779580e-01 8.759690e-01
3.084663e+00 4.378271e-05 8.629380e-01 8.752572e-01
3.078487e+00 3.802443e-05 8.735230e-01 8.755726e-01
3.077187e+00 3.830661e-05 8.562970e-01 8.752048e-01
3.081817e+00 3.838539e-05 8.775120e-01 8.749914e-01
3.080443e+00 3.853097e-05 8.562800e-01 8.754030e-01
3.082665e+00 4.164751e-05 8.922240e-01 8.755469e-01
3.081251e+00 4.226862e-05 8.559370e-01 8.755793e-01
3.074493e+00 3.949985e-05 8.649610e-01 8.753687e-01
3.074680e+00 3.975880e-05 8.731730e-01 8.749438e-01
3.086529e+00 3.968599e-05 8.551040e-01 8.762615e-01
3.082511e+00 3.946404e-05 8.679110e-01 8.754611e-01
3.087699e+00 6.295871e-05 8.735830e-01 8.761052e-01
3.081539e+00 3.847402e-05 8.560140e-01 8.759251e-01
3.083089e+00 4.441211e-05 8.855270e-01 8.752553e-01
3.070720e+00 3.769852e-05 8.661610e-01 8.752677e-01
3.079735e+00 3.842354e-05 8.699940e-01 8.741901e-01
3.072108e+00 3.794023e-05 8.642510e-01 8.755069e-01
3.083866e+00 3.875811e-05 8.753010e-01 8.752210e-01
3.073942e+00 3.821507e-05 8.666360e-01 8.751639e-01
3.077344e+00 3.827205e-05 8.728600e-01 8.755307e-01
3.074311e+00 3.770595e-05 8.528090e-01 8.748437e-01
3.086267e+00 4.637351e-05 8.831870e-01 8.755107e-01
3.081342e+00 4.061875e-05 8.630950e-01 8.753697e-01
3.087778e+00 4.281299e-05 9.023560e-01 8.751667e-01
3.079698e+00 3.837003e-05 8.578580e-01 8.755088e-01
3.076016e+00 3.910782e-05 8.632030e-01 8.754945e-01
3.082112e+00 3.929072e-05 8.580010e-01 8.747675e-01
3.089007e+00 6.989354e-05 8.547580e-01 8.751124e-01
3.081301e+00 5.861812e-05 8.772610e-01 8.754840e-01
3.080204e+00 4.224884e-05 8.753930e-01 8.750953e-01
3.075060e+00 3.918019e-05 8.673200e-01 8.756231e-01
3.083758e+00 3.977812e-05 8.716680e-01 8.752572e-01
3.084497e+00 4.266576e-05 8.508750e-01 8.757822e-01
3.080430e+00 4.098028e-05 8.697650e-01 8.758565e-01
3.080154e+00 4.093268e-05 8.722560e-01 8.752029e-01
3.077988e+00 3.843650e-05 8.864490e-01 8.763491e-01
3.076452e+00 3.779658e-05 8.752840e-01 8.761919e-01
3.076831e+00 3.849229e-05 8.656190e-01 8.753563e-01
3.080288e+00 3.831375e-05 8.566000e-01 8.739481e-01
3.074630e+00 5.522785e-05 8.654010e-01 8.765063e-01
3.082371e+00 4.008784e-05 8.513480e-01 8.755145e-01
3.078509e+00 3.956907e-05 8.856970e-01 8.756098e-01
3.084210e+00 3.990796e-05 8.836790e-01 8.754869e-01
3.072103e+00 3.794256e-05 8.683310e-01 8.758556e-01
3.079493e+00 3.859463e-05 8.687050e-01 8.759737e-01
3.084842e+00 3.949660e-05 8.677110e-01 8.755012e-01
3.081054e+00 3.869316e-05 8.623290e-01 8.759585e-01
3.085079e+00 3.969036e-05 8.760160e-01 8.752115e-01
3.080653e+00 3.873823e-05 8.650780e-01 8.758060e-01
3.081832e+00 3.889232e-05 8.698270e-01 8.761871e-01
3.080074e+00 3.888349e-05 8.710630e-01 8.757241e-01
3.081904e+00 3.886240e-05 8.645990e-01 8.753916e-01
3.083004e+00 3.958408e-05 8.750030e-01 8.753401e-01
3.074298e+00 3.795047e-05 8.918770e-01 8.747723e-01
3.079416e+00 3.942230e-05 8.664710e-01 8.752582e-01
3.080086e+00 4.415058e-05 8.711550e-01 8.756145e-01
3.088236e+00 3.986987e-05 8.648900e-01 8.749428e-01
3.087676e+00 4.346343e-05 8.584590e-01 8.750457e-01
3.078183e+00 3.923723e-05 8.599960e-01 8.748361e-01
3.085091e+00 4.253541e-05 8.962880e-01 8.759861e-01
3.080371e+00 3.871004e-05 8.669970e-01 8.751591e-01
3.081914e+00 4.030167e-05 8.495120e-01 8.760728e-01
3.077527e+00 3.850308e-05 8.534580e-01 8.751458e-01
3.084370e+00 1.348538e-04 8.888090e-01 8.756688e-01
3.076019e+00 3.770745e-05 8.612090e-01 8.760357e-01
3.072981e+00 3.784576e-05 8.703290e-01 8.753678e-01
3.082320e+00 3.896044e-05 9.072110e-01 8.754678e-01
3.076006e+00 3.901792e-05 8.815670e-01 8.762033e-01
3.077320e+00 3.924339e-05 8.694040e-01 8.761567e-01
3.079462e+00 4.217297e-05 8.645070e-01 8.757898e-01
3.078845e+00 3.921644e-05 8.675320e-01 8.754221e-01
3.081539e+00 3.962081e-05 8.809570e-01 8.743740e-01
3.090498e+00 4.054860e-05 8.763350e-01 8.754554e-01
3.080337e+00 4.037357e-05 8.534170e-01 8.753049e-01
3.080742e+00 3.812550e-05 8.770110e-01 8.753916e-01
3.085023e+00 4.091608e-05 8.770100e-01 8.749676e-01
3.081620e+00 3.820622e-05 8.691200e-01 8.750962e-01
3.085098e+00 3.947735e-05 8.760460e-01 8.752096e-01
3.089034e+00 4.048040e-05 8.716440e-01 8.756355e-01
3.079944e+00 3.921996e-05 8.800580e-01 8.751448e-01
3.093319e+00 4.412779e-05 8.696520e-01 8.757193e-01
3.080715e+00 4.197971e-05 8.787990e-01 8.748018e-01
3.075996e+00 3.832406e-05 8.652390e-01 8.756507e-01
3.079884e+00 3.841501e-05 8.780900e-01 8.754716e-01
3.078699e+00 4.029377e-05 8.632330e-01 8.752906e-01
3.082887e+00 4.032943e-05 8.966880e-01 8.750467e-01
3.081727e+00 3.853117e-05 8.579530e-01 8.754478e-01
3.079789e+00 3.937544e-05 8.892530e-01 8.746198e-01
3.078189e+00 3.857826e-05 8.754350e-01 8.761586e-01
3.078903e+00 3.808240e-05 8.711900e-01 8.754230e-01
3.077790e+00 3.930899e-05 8.686250e-01 8.756021e-01
3.085115e+00 3.924387e-05 8.901890e-01 8.745770e-01
3.084691e+00 4.199578e-05 8.706140e-01 8.756584e-01
3.082692e+00 3.852950e-05 8.649170e-01 8.748466e-01
3.085303e+00 4.157800e-05 8.690140e-01 8.747475e-01
3.077946e+00 3.887179e-05 8.683040e-01 8.745684e-01
3.077909e+00 3.882452e-05 8.603660e-01 8.750638e-01
3.075717e+00 3.762921e-05 8.802250e-01 8.750372e-01
3.083408e+00 3.906477e-05 8.716610e-01 8.752287e-01
3.093216e+00 9.401258e-05 8.762050e-01 8.756650e-01
3.085390e+00 3.837696e-05 8.710400e-01 8.756384e-01
3.085834e+00 4.566716e-05 8.969960e-01 8.745084e-01
3.077734e+00 3.813407e-05 8.719230e-01 8.750991e-01
3.076367e+00 3.838845e-05 8.690760e-01 8.747913e-01
3.076016e+00 3.987802e-05 8.701960e-01 8.757422e-01
3.071913e+00 3.801492e-05 8.586910e-01 8.756727e-01
3.085912e+00 4.058999e-05 8.591590e-01 8.751267e-01
3.086350e+00 3.903285e-05 8.775770e-01 8.748314e-01
3.079438e+00 4.236511e-05 8.883700e-01 8.757108e-01
3.081479e+00 3.857579e-05 8.694000e-01 8.748037e-01
3.084225e+00 6.396480e-05 8.694690e-01 8.756155e-01
3.077129e+00 3.830139e-05 8.747950e-01 8.755593e-01
3.078539e+00 3.802133e-05 8.613060e-01 8.756403e-01
3.078677e+00 3.953219e-05 8.629780e-01 8.751000e-01
3.083957e+00 4.029394e-05 8.689710e-01 8.753802e-01
3.081597e+00 4.051677e-05 8.770290e-01 8.753592e-01
3.075532e+00 4.007043e-05 8.563810e-01 8.756860e-01
3.082751e+00 3.894599e-05 8.695140e-01 8.751620e-01
3.082525e+00 4.139206e-05 8.547390e-01 8.747818e-01
3.080829e+00 3.843084e-05 8.777680e-01 8.748819e-01
3.073438e+00 3.908788e-05 8.768400e-01 8.751181e-01
3.085704e+00 8.119958e-05 8.649290e-01 8.754240e-01
3.082343e+00 3.913327e-05 8.733010e-01 8.751848e-01
3.079645e+00 5.191289e-05 8.620590e-01 8.760147e-01
3.081003e+00 4.125780e-05 8.671050e-01 8.748476e-01
3.083280e+00 3.871877e-05 8.694560e-01 8.752963e-01
3.079176e+00 4.104577e-05 8.692760e-01 8.754878e-01
3.069281e+00 3.858498e-05 8.810710e-01 8.755669e-01
3.085541e+00 4.050385e-05 8.601800e-01 8.749981e-01
3.084738e+00 5.722690e-05 8.687580e-01 8.753497e-01
3.081396e+00 3.856112e-05 8.725340e-01 8.753983e-01
3.079243e+00 3.895038e-05 8.779800e-01 8.754316e-01
3.079861e+00 3.847673e-05 8.687250e-01 8.747704e-01
3.079537e+00 3.891496e-05 8.713560e-01 8.753754e-01
3.074303e+00 3.974969e-05 8.688880e-01 8.747809e-01
3.072597e+00 3.829047e-05 8.904230e-01 8.759080e-01
3.078837e+00 3.959643e-05 8.810110e-01 8.752468e-01
3.084654e+00 3.857448e-05 8.826220e-01 8.757898e-01
3.075659e+00 3.963477e-05 8.645620e-01 8.755288e-01
3.079640e+00 4.138504e-05 8.589210e-01 8.749686e-01
3.079430e+00 3.875501e-05 8.800180e-01 8.746322e-01
3.076161e+00 3.863575e-05 8.629170e-01 8.755002e-01
3.082248e+00 3.858594e-05 8.764120e-01 8.748942e-01
3.077504e+00 3.870929e-05 8.706650e-01 8.750171e-01
3.087368e+00 4.005284e-05 8.649400e-01 8.756993e-01
3.080822e+00 3.850719e-05 8.801800e-01 8.746475e-01
3.071712e+00 3.931077e-05 8.570190e-01 8.758489e-01
3.081562e+00 3.835373e-05 8.662400e-01 8.749304e-01
3.085884e+00 3.873806e-05 8.579920e-01 8.751172e-01
3.075505e+00 3.895854e-05 8.682920e-01 8.757717e-01
3.087300e+00 5.774360e-05 8.710210e-01 8.757117e-01
3.072882e+00 3.785371e-05 8.557750e-01 8.754087e-01
3.075719e+00 3.867502e-05 8.559790e-01 8.748066e-01
3.080276e+00 3.859114e-05 8.774960e-01 8.760395e-01
3.082536e+00 3.955021e-05 8.688910e-01 8.756298e-01
3.079906e+00 3.948899e-05 8.673280e-01 8.755345e-01
3.083276e+00 3.926578e-05 8.579410e-01 8.758222e-01
3.086034e+00 3.931972e-05 8.744660e-01 8.752515e-01
3.080914e+00 4.109697e-05 8.604250e-01 8.757251e-01
3.074393e+00 4.308842e-05 8.569410e-01 8.763729e-01
3.079334e+00 4.046099e-05 8.628810e-01 8.749314e-01
3.084833e+00 4.032813e-05 8.562010e-01 8.755678e-01
3.078515e+00 3.843132e-05 8.645370e-01 8.746913e-01
3.082758e+00 4.138309e-05 8.863770e-01 8.758613e-01
3.074438e+00 3.877914e-05 8.761940e-01 8.748914e-01
3.074134e+00 3.981395e-05 8.841720e-01 8.753211e-01
3.079487e+00 3.919656e-05 8.567900e-01 8.758346e-01
3.077032e+00 3.908977e-05 8.701030e-01 8.751372e-01
3.071578e+00 3.937344e-05 8.638250e-01 8.748199e-01
3.077266e+00 3.959813e-05 8.589790e-01 8.762300e-01
3.078597e+00 3.888050e-05 8.740960e-01 8.745112e-01
3.081826e+00 3.948580e-05 8.917410e-01 8.758651e-01
3.080286e+00 3.890950e-05 8.687830e-01 8.756736e-01
3.073576e+00 3.755106e-05 8.570400e-01 8.745446e-01
3.081880e+00 4.032746e-05 8.552090e-01 8.750896e-01
3.077797e+00 4.144221e-05 8.816920e-01 8.758927e-01
3.079661e+00 3.882077e-05 8.504750e-01 8.751982e-01
3.076347e+00 3.889738e-05 8.578460e-01 8.750791e-01
3.083009e+00 4.021040e-05 8.709200e-01 8.755431e-01
3.079067e+00 3.811605e-05 8.623310e-01 8.756479e-01
3.074733e+00 3.805357e-05 8.855170e-01 8.752201e-01
3.083468e+00 4.124962e-05 8.499930e-01 8.752058e-01
3.079520e+00 3.936878e-05 8.588850e-01 8.749752e-01
3.081105e+00 4.825184e-05 8.654300e-01 8.756355e-01
3.084797e+00 5.349548e-05 8.639140e-01 8.756288e-01
3.075606e+00 4.303412e-05 8.619210e-01 8.753802e-01
3.081946e+00 3.865244e-05 8.626770e-01 8.754983e-01
3.077307e+00 3.918452e-05 8.550780e-01 8.758203e-01
3.078811e+00 3.873486e-05 8.871300e-01 8.754688e-01
3.073653e+00 3.810535e-05 8.628510e-01 8.753925e-01
3.076704e+00 3.829871e-05 8.631620e-01 8.753506e-01
3.076696e+00 3.911165e-05 8.889140e-01 8.748752e-01
3.080851e+00 4.036530e-05 8.592680e-01 8.756688e-01
3.070401e+00 3.833452e-05 8.641280e-01 8.753411e-01
3.079980e+00 3.883662e-05 8.841150e-01 8.750410e-01
3.082682e+00 4.065280e-05 8.693740e-01 8.755278e-01
3.081408e+00 3.952087e-05 8.610060e-01 8.751591e-01
3.072834e+00 4.029608e-05 8.774300e-01 8.755764e-01
3.077213e+00 3.881827e-05 8.880140e-01 8.761090e-01
3.075797e+00 4.120794e-05 8.793140e-01 8.746713e-01
3.076536e+00 3.910268e-05 8.671560e-01 8.754707e-01
3.073576e+00 4.501501e-05 8.763910e-01 8.761576e-01
3.073418e+00 3.770997e-05 8.730370e-01 8.757241e-01
3.084927e+00 5.153760e-05 8.697530e-01 8.757517e-01
3.087436e+00 4.124200e-05 8.644540e-01 8.744665e-01
3.088414e+00 7.763688e-05 8.705730e-01 8.751362e-01
3.084951e+00 4.022094e-05 8.654970e-01 8.757508e-01
3.078058e+00 3.852505e-05 8.657350e-01 8.752525e-01
3.076867e+00 3.873708e-05 8.686640e-01 8.754831e-01
3.086414e+00 4.396046e-05 8.639210e-01 8.758127e-01
3.085447e+00 4.315301e-05 8.721010e-01 8.756517e-01
3.081848e+00 3.982240e-05 8.863040e-01 8.756888e-01
3.082260e+00 3.913301e-05 8.598940e-01 8.756965e-01
3.078490e+00 3.955458e-05 8.656240e-01 8.755926e-01
3.079604e+00 3.809286e-05 8.524470e-01 8.750200e-01
3.080390e+00 3.858551e-05 8.699830e-01 8.754211e-01
3.077145e+00 4.057171e-05 8.640380e-01 8.758708e-01
3.083685e+00 3.933866e-05 8.832500e-01 8.753897e-01
3.080120e+00 4.102544e-05 8.735850e-01 8.757594e-01
3.082673e+00 3.880484e-05 8.691830e-01 8.753573e-01
3.079911e+00 3.906010e-05 8.684790e-01 8.749447e-01
3.083221e+00 6.203612e-05 8.645120e-01 8.757279e-01
3.082975e+00 4.269191e-05 8.708210e-01 8.751305e-01
3.073907e+00 3.797367e-05 8.650410e-01 8.758384e-01
3.076953e+00 4.305922e-05 8.711440e-01 8.757689e-01
3.081061e+00 3.954801e-05 8.715650e-01 8.755669e-01
3.085178e+00 3.940460e-05 8.774670e-01 8.755116e-01
3.077165e+00 4.214698e-05 8.809340e-01 8.746942e-01
3.083166e+00 4.699733e-05 8.619090e-01 8.759499e-01
3.081186e+00 3.831601e-05 8.710350e-01 8.743883e-01
3.082342e+00 3.948304e-05 8.762020e-01 8.759394e-01
3.081758e+00 4.398275e-05 9.021920e-01 8.758118e-01
3.078779e+00 4.699157e-05 8.522650e-01 8.746532e-01
3.074839e+00 3.761332e-05 8.754900e-01 8.752973e-01
3.086510e+00 4.231910e-05 8.689750e-01 8.754364e-01
3.069048e+00 3.806684e-05 8.750490e-01 8.758461e-01
3.076806e+00 3.861402e-05 8.686170e-01 8.755555e-01
3.077225e+00 3.913057e-05 8.625450e-01 8.747875e-01
3.081399e+00 3.960145e-05 8.662620e-01 8.749848e-01
3.081460e+00 3.917585e-05 8.885670e-01 8.745027e-01
3.078034e+00 3.911958e-05 8.788120e-01 8.763682e-01
3.082613e+00 3.994075e-05 8.700810e-01 8.746656e-01
3.075381e+00 5.380006e-05 8.808530e-01 8.761652e-01
3.075886e+00 3.820314e-05 8.699530e-01 8.756755e-01
3.083814e+00 4.044628e-05 8.635860e-01 8.751277e-01
3.068057e+00 3.744746e-05 8.794630e-01 8.755259e-01
3.072085e+00 3.830639e-05 8.750290e-01 8.758851e-01
3.081194e+00 3.967339e-05 8.690260e-01 8.749647e-01
3.076484e+00 3.835328e-05 8.789610e-01 8.751143e-01
3.076801e+00 3.861239e-05 8.637870e-01 8.756565e-01
3.085615e+00 4.014832e-05 8.856800e-01 8.751077e-01
3.083683e+00 4.916469e-05 8.725100e-01 8.754040e-01
3.073842e+00 3.838680e-05 8.797100e-01 8.749457e-01
3.082267e+00 4.135937e-05 8.632350e-01 8.748056e-01
3.083084e+00 4.076403e-05 8.651450e-01 8.757765e-01
3.201696e+00 1.561786e-02 8.612190e-01 8.760052e-01
3.129551e+00 3.970955e-05 8.902500e-01 8.759690e-01
3.096045e+00 3.817276e-05 8.824700e-01 8.752715e-01
3.094566e+00 3.988344e-05 8.719150e-01 8.751753e-01
3.083952e+00 3.864086e-05 8.782340e-01 8.750810e-01
3.081419e+00 4.007027e-05 8.708880e-01 8.755012e-01
3.081982e+00 4.139631e-05 8.797890e-01 8.752668e-01
3.078139e+00 3.836111e-05 8.716700e-01 8.750486e-01
3.081452e+00 3.856128e-05 8.774930e-01 8.745941e-01
3.079195e+00 3.856999e-05 8.733900e-01 8.761081e-01
3.082616e+00 5.280926e-05 8.731050e-01 8.756612e-01
3.085047e+00 3.890823e-05 8.649900e-01 8.756336e-01
3.077412e+00 3.822273e-05 8.564280e-01 8.751886e-01
3.081937e+00 4.004197e-05 8.672500e-01 8.757822e-01
3.077414e+00 4.086140e-05 8.621910e-01 8.745150e-01
3.085872e+00 4.110062e-05 8.721890e-01 8.755355e-01
3.084480e+00 4.127131e-05 8.815890e-01 8.748552e-01
3.079763e+00 3.840386e-05 8.511240e-01 8.751963e-01
3.073099e+00 3.859828e-05 8.661310e-01 8.750962e-01
3.084691e+00 4.143280e-05 8.845850e-01 8.758241e-01
3.079443e+00 3.831821e-05 8.716190e-01 8.758394e-01
3.081607e+00 3.946436e-05 8.590590e-01 8.754392e-01
3.077622e+00 3.847627e-05 8.598690e-01 8.761424e-01
3.081332e+00 4.026420e-05 8.591190e-01 8.753230e-01
3.079501e+00 4.017051e-05 8.796770e-01 8.754297e-01
3.075369e+00 3.840566e-05 8.562710e-01 8.754783e-01
3.083263e+00 6.423033e-05 8.853780e-01 8.757975e-01
3.075914e+00 4.159446e-05 8.617930e-01 8.753830e-01
3.077532e+00 3.912323e-05 8.739990e-01 8.760461e-01
3.073557e+00 3.911830e-05 8.578990e-01 8.754221e-01
3.076804e+00 3.903106e-05 8.627370e-01 8.753573e-01
3.076756e+00 3.865028e-05 8.757140e-01 8.755212e-01
3.077467e+00 4.223818e-05 8.719950e-01 8.760833e-01
3.076462e+00 3.885077e-05 8.555870e-01 8.756088e-01
3.084295e+00 4.607230e-05 8.579340e-01 8.753096e-01
3.082008e+00 4.140889e-05 8.695470e-01 8.755012e-01
3.076594e+00 3.883692e-05 8.550120e-01 8.750810e-01
3.072821e+00 3.908446e-05 8.630760e-01 8.757222e-01
3.077905e+00 3.907036e-05 8.787220e-01 8.752668e-01
3.076876e+00 3.846707e-05 8.699510e-01 8.751248e-01
3.083371e+00 3.928081e-05 8.739650e-01 8.757432e-01
3.074250e+00 3.773770e-05 8.740960e-01 8.759556e-01
3.077113e+00 3.941688e-05 8.553320e-01 8.751410e-01
3.071339e+00 3.889461e-05 8.637170e-01 8.754097e-01
3.070831e+00 3.855180e-05 8.837420e-01 8.753640e-01
3.076966e+00 4.037518e-05 8.726490e-01 8.750981e-01
3.080502e+00 3.928179e-05 8.765640e-01 8.754783e-01
3.075987e+00 3.897795e-05 8.620510e-01 8.756012e-01
3.081289e+00 4.320577e-05 8.752510e-01 8.758603e-01
3.072435e+00 3.772652e-05 8.656450e-01 8.758442e-01
3.076842e+00 3.817886e-05 8.615300e-01 8.754535e-01
3.082907e+00 4.152752e-05 8.688500e-01 8.752048e-01
3.079056e+00 3.850308e-05 8.640280e-01 8.750753e-01
3.071513e+00 3.796864e-05 8.805610e-01 8.753630e-01
3.075523e+00 3.909456e-05 8.685990e-01 8.751486e-01
3.084241e+00 4.066626e-05 8.618400e-01 8.761852e-01
3.074731e+00 4.085492e-05 8.828110e-01 8.753668e-01
3.070773e+00 3.834612e-05 8.868480e-01 8.753554e-01
3.076881e+00 3.906414e-05 8.632050e-01 8.756193e-01
3.088089e+00 5.052193e-05 8.701330e-01 8.755174e-01
3.073116e+00 3.856960e-05 8.850100e-01 8.748314e-01
3.083521e+00 3.997321e-05 8.791940e-01 8.748447e-01
3.076363e+00 3.919086e-05 8.728230e-01 8.754545e-01
3.076807e+00 3.895403e-05 8.630650e-01 8.756555e-01
3.081899e+00 3.823543e-05 8.703400e-01 8.753725e-01
3.086481e+00 4.182551e-05 8.820410e-01 8.749428e-01
3.074261e+00 3.947083e-05 8.791280e-01 8.754964e-01
3.082045e+00 4.065188e-05 8.637090e-01 8.757565e-01
3.082981e+00 3.866919e-05 8.794630e-01 8.758623e-01
3.081882e+00 3.938727e-05 8.790110e-01 8.753173e-01
3.075519e+00 3.794734e-05 8.559720e-01 8.756469e-01
3.079186e+00 3.941904e-05 8.589270e-01 8.754297e-01
3.086791e+00 3.934719e-05 8.636970e-01 8.749476e-01
3.071667e+00 3.831865e-05 8.573010e-01 8.751944e-01
3.078466e+00 3.850934e-05 8.870480e-01 8.754468e-01
3.070778e+00 3.836078e-05 8.591850e-01 8.753773e-01
3.079526e+00 4.056918e-05 8.713560e-01 8.752734e-01
3.076445e+00 3.883044e-05 8.714460e-01 8.752430e-01
3.079729e+00 3.868548e-05 8.517280e-01 8.760547e-01
3.084983e+00 3.868528e-05 8.624180e-01 8.746808e-01
3.080409e+00 3.838398e-05 8.656320e-01 8.751944e-01
3.079056e+00 3.896862e-05 8.767690e-01 8.753640e-01
3.072698e+00 3.905239e-05 8.579700e-01 8.754602e-01
3.073519e+00 3.783378e-05 8.630050e-01 8.758746e-01
3.082245e+00 4.133258e-05 8.637520e-01 8.754869e-01
3.073813e+00 3.792705e-05 8.632520e-01 8.755393e-01
3.081158e+00 4.158840e-05 8.700210e-01 8.762929e-01
3.073428e+00 4.221721e-05 8.715130e-01 8.752544e-01
3.077859e+00 3.916792e-05 8.752660e-01 8.755116e-01
3.070773e+00 3.811864e-05 8.697290e-01 8.752039e-01
3.081295e+00 5.019428e-05 8.690870e-01 8.753401e-01
3.076123e+00 3.925796e-05 8.497980e-01 8.750191e-01
3.081445e+00 4.009976e-05 8.632210e-01 8.753211e-01
3.082102e+00 3.843275e-05 8.712250e-01 8.751343e-01
3.081907e+00 4.006697e-05 8.761140e-01 8.747799e-01
3.072808e+00 4.143431e-05 8.639240e-01 8.753268e-01
3.078302e+00 3.852454e-05 8.704960e-01 8.760252e-01
3.083278e+00 3.926045e-05 8.918280e-01 8.757022e-01
3.072736e+00 3.951465e-05 8.944350e-01 8.751019e-01
3.086504e+00 4.000638e-05 8.828290e-01 8.756955e-01
3.080994e+00 3.879070e-05 8.683210e-01 8.753887e-01
3.080863e+00 4.559669e-05 8.561030e-01 8.758804e-01
3.080573e+00 3.906938e-05 8.749320e-01 8.756822e-01
3.082417e+00 4.076178e-05 8.799940e-01 8.747380e-01
3.083355e+00 3.815212e-05 8.816640e-01 8.755907e-01
3.084079e+00 4.190423e-05 8.857730e-01 8.751391e-01
3.080239e+00 4.434065e-05 8.812310e-01 8.755269e-01
3.083009e+00 3.901253e-05 8.731280e-01 8.754364e-01
3.085095e+00 3.936289e-05 8.680780e-01 8.754697e-01
3.084346e+00 4.013179e-05 8.525690e-01 8.747456e-01
3.070970e+00 3.881571e-05 8.763430e-01 8.750534e-01
3.073323e+00 3.851279e-05 8.630940e-01 8.757432e-01
3.083498e+00 4.113672e-05 8.585740e-01 8.752458e-01
3.077057e+00 3.914048e-05 8.653280e-01 8.756231e-01
3.071413e+00 3.815572e-05 8.759920e-01 8.755126e-01
3.073422e+00 3.792968e-05 8.633050e-01 8.757698e-01
3.087400e+00 3.909501e-05 8.921360e-01 8.755126e-01
3.080488e+00 3.893813e-05 8.698090e-01 8.752935e-01
3.083624e+00 3.932952e-05 8.632050e-01 8.756155e-01
3.075365e+00 3.814081e-05 8.634250e-01 8.754926e-01
3.081234e+00 3.933755e-05 8.704260e-01 8.752696e-01
3.077446e+00 3.837866e-05 8.703120e-01 8.748618e-01
3.075110e+00 3.798773e-05 8.760720e-01 8.750095e-01
3.075590e+00 3.929753e-05 8.636440e-01 8.759652e-01
3.079758e+00 3.942950e-05 8.705300e-01 8.754449e-01
3.084205e+00 4.031906e-05 8.672320e-01 8.748580e-01
3.092767e+00 5.221267e-05 8.648310e-01 8.757879e-01
3.077506e+00 3.871359e-05 8.774700e-01 8.750686e-01
3.079926e+00 3.863484e-05 8.771540e-01 8.759080e-01
3.074161e+00 4.043332e-05 8.638910e-01 8.753516e-01
3.080380e+00 3.845581e-05 8.689810e-01 8.752487e-01
3.088527e+00 4.169349e-05 8.641860e-01 8.750819e-01
3.083454e+00 3.834823e-05 8.687080e-01 8.754678e-01
3.074763e+00 3.936059e-05 8.693220e-01 8.753478e-01
3.074808e+00 3.982170e-05 8.624170e-01 8.756393e-01
3.073190e+00 3.868881e-05 8.617860e-01 8.758070e-01
3.080743e+00 3.972078e-05 8.799090e-01 8.755459e-01
3.079360e+00 3.877971e-05 8.654360e-01 8.755736e-01
3.084931e+00 3.919819e-05 8.826800e-01 8.754002e-01
3.077495e+00 3.879383e-05 8.786960e-01 8.750591e-01
3.073409e+00 4.151507e-05 8.841030e-01 8.753601e-01
3.075653e+00 3.867801e-05 8.626820e-01 8.753211e-01
3.079733e+00 3.824904e-05 8.830870e-01 8.760023e-01
3.076048e+00 3.984401e-05 8.711100e-01 8.756888e-01
3.079190e+00 3.878331e-05 8.877340e-01 8.757165e-01
3.077603e+00 3.821312e-05 8.687570e-01 8.753497e-01
3.083392e+00 3.857824e-05 8.640520e-01 8.754992e-01
3.083507e+00 4.474568e-05 8.755260e-01 8.757975e-01
3.084883e+00 3.991296e-05 8.686360e-01 8.757717e-01
3.088081e+00 5.270336e-05 8.851640e-01 8.753287e-01
3.087741e+00 3.838299e-05 8.620290e-01 8.754373e-01
3.081962e+00 3.988174e-05 8.690020e-01 8.753821e-01
3.081861e+00 3.871137e-05 8.639450e-01 8.757260e-01
3.081352e+00 4.139678e-05 8.573490e-01 8.757565e-01
3.079820e+00 4.052677e-05 8.689220e-01 8.751496e-01
3.082187e+00 3.882902e-05 8.571690e-01 8.747056e-01
3.090623e+00 4.060909e-05 8.492810e-01 8.752992e-01
3.080346e+00 3.847053e-05 8.638780e-01 8.751677e-01
3.083044e+00 3.961731e-05 8.699500e-01 8.761452e-01
3.074602e+00 3.884013e-05 8.752840e-01 8.745236e-01
3.074178e+00 3.825433e-05 8.634950e-01 8.749505e-01
3.082554e+00 3.906894e-05 8.885580e-01 8.755193e-01
3.074508e+00 3.807486e-05 8.742120e-01 8.754078e-01
3.122961e+00 2.405548e-03 8.656940e-01 8.753525e-01
3.084941e+00 3.944523e-05 8.769540e-01 8.758270e-01
3.081599e+00 3.877449e-05 8.731670e-01 8.749914e-01
3.085191e+00 4.486975e-05 8.756200e-01 8.761185e-01
3.083489e+00 4.342034e-05 8.626130e-01 8.754973e-01
3.077512e+00 3.984148e-05 8.641030e-01 8.750734e-01
3.082633e+00 3.880154e-05 8.708170e-01 8.747771e-01
3.077068e+00 4.256474e-05 8.698680e-01 8.751744e-01
3.079550e+00 4.098351e-05 8.616250e-01 8.758194e-01
3.075510e+00 3.941534e-05 8.591940e-01 8.760195e-01
3.079613e+00 3.876104e-05 8.695740e-01 8.753392e-01
3.083571e+00 4.178389e-05 8.558000e-01 8.748952e-01
3.079756e+00 4.405423e-05 8.695730e-01 8.754669e-01
3.071119e+00 3.820947e-05 8.614940e-01 8.756183e-01
3.079788e+00 3.897291e-05 8.908660e-01 8.752963e-01
3.075575e+00 3.868137e-05 8.564280e-01 8.760385e-01
3.079132e+00 3.914110e-05 8.651710e-01 8.752372e-01
3.079965e+00 3.822545e-05 8.822860e-01 8.759061e-01
3.082444e+00 3.916803e-05 8.690940e-01 8.755021e-01
3.079214e+00 3.923591e-05 8.581220e-01 8.750648e-01
3.076598e+00 4.159539e-05 8.878040e-01 8.760509e-01
3.078022e+00 3.834161e-05 8.723920e-01 8.759585e-01
3.088990e+00 7.306638e-05 8.694830e-01 8.756269e-01
3.077344e+00 3.966798e-05 8.912890e-01 8.754669e-01
3.075975e+00 4.193217e-05 8.658140e-01 8.758480e-01
3.077282e+00 3.811524e-05 8.752790e-01 8.757594e-01
3.080976e+00 3.945291e-05 8.574980e-01 8.753535e-01
3.083309e+00 4.036363e-05 8.580300e-01 8.755497e-01
3.071828e+00 3.778998e-05 8.817170e-01 8.747065e-01
3.080464e+00 4.116572e-05 8.693410e-01 8.752620e-01
3.075561e+00 3.803866e-05 8.511050e-01 8.755240e-01
3.075837e+00 4.043058e-05 8.921530e-01 8.755421e-01
3.081622e+00 4.563937e-05 8.616150e-01 8.750896e-01
3.074490e+00 3.751838e-05 8.645270e-01 8.759347e-01
3.080999e+00 4.085119e-05 8.776440e-01 8.750857e-01
3.074927e+00 4.243538e-05 8.655890e-01 8.754964e-01
3.075814e+00 3.885853e-05 8.717280e-01 8.753278e-01
3.076149e+00 3.806813e-05 8.791110e-01 8.754983e-01
3.081904e+00 4.253905e-05 8.505560e-01 8.754621e-01
3.079952e+00 3.869356e-05 8.640920e-01 8.749571e-01
3.077313e+00 3.889216e-05 8.857950e-01 8.747999e-01
3.077704e+00 3.856242e-05 8.692550e-01 8.753773e-01
3.073713e+00 3.841511e-05 8.818790e-01 8.752935e-01
3.084196e+00 4.356174e-05 8.542020e-01 8.762729e-01
3.076182e+00 3.888689e-05 8.664520e-01 8.752344e-01
3.076497e+00 4.221926e-05 8.701010e-01 8.753821e-01
3.086397e+00 4.175117e-05 8.632570e-01 8.755840e-01
3.081945e+00 3.875872e-05 8.647370e-01 8.749152e-01
3.079841e+00 3.839435e-05 8.794440e-01 8.756507e-01
3.075399e+00 3.965421e-05 8.992910e-01 8.750962e-01
3.077244e+00 3.877883e-05 8.709690e-01 8.750467e-01
3.085919e+00 4.557485e-05 8.623430e-01 8.753954e-01
3.084383e+00 3.923754e-05 8.658040e-01 8.750581e-01
3.077156e+00 3.863677e-05 8.636990e-01 8.758213e-01
3.076041e+00 3.911675e-05 8.630350e-01 8.758318e-01
3.084726e+00 3.998282e-05 8.784810e-01 8.751791e-01
3.080267e+00 3.942445e-05 8.655220e-01 8.754068e-01
3.084376e+00 4.123519e-05 8.586540e-01 8.753192e-01
3.085883e+00 3.886411e-05 8.697020e-01 8.751134e-01
3.074801e+00 4.003131e-05 8.582480e-01 8.751715e-01
3.078022e+00 3.881276e-05 8.785470e-01 8.762557e-01
3.072488e+00 3.901938e-05 8.837160e-01 8.754659e-01
3.082215e+00 3.851033e-05 8.504720e-01 8.761700e-01
3.078686e+00 3.886815e-05 8.758540e-01 8.754716e-01
3.080055e+00 4.242910e-05 8.715190e-01 8.754602e-01
3.083543e+00 4.078996e-05 8.681270e-01 8.756307e-01
3.080058e+00 3.924034e-05 8.631200e-01 8.752658e-01
3.078364e+00 3.949859e-05 8.830170e-01 8.755412e-01
3.075727e+00 3.891885e-05 8.640380e-01 8.760128e-01
3.078773e+00 4.213884e-05 8.819600e-01 8.758003e-01
3.084622e+00 4.056461e-05 8.570270e-01 8.755221e-01
3.077078e+00 3.843989e-05 8.977970e-01 8.755069e-01
3.076752e+00 4.007164e-05 8.704980e-01 8.751391e-01
3.079319e+00 3.832164e-05 8.852920e-01 8.752553e-01
3.076796e+00 3.905630e-05 8.626520e-01 8.755888e-01
3.081204e+00 4.348980e-05 8.695220e-01 8.752087e-01
3.078136e+00 4.241909e-05 8.501590e-01 8.758470e-01
3.078272e+00 3.930283e-05 8.557270e-01 8.750753e-01
3.077184e+00 3.916794e-05 8.881660e-01 8.754878e-01
3.090931e+00 4.156830e-05 8.709060e-01 8.749867e-01
3.078574e+00 3.883736e-05 8.520000e-01 8.757851e-01
3.083408e+00 3.914488e-05 8.810740e-01 8.759175e-01
3.086952e+00 3.964704e-05 8.743300e-01 8.747266e-01
3.098941e+00 2.839586e-04 8.963120e-01 8.753116e-01
3.079509e+00 4.105913e-05 8.741640e-01 8.752858e-01
3.073141e+00 3.904311e-05 8.888050e-01 8.752468e-01
3.076109e+00 3.809403e-05 8.626880e-01 8.755154e-01
3.075741e+00 3.835841e-05 8.708830e-01 8.756955e-01
3.081480e+00 3.959862e-05 8.757950e-01 8.753382e-01
3.076121e+00 3.842193e-05 8.787290e-01 8.747237e-01
3.077146e+00 3.919746e-05 8.762160e-01 8.761976e-01
3.081177e+00 3.818518e-05 8.958060e-01 8.748495e-01
3.081441e+00 3.914646e-05 8.583380e-01 8.754583e-01
3.079024e+00 4.006962e-05 8.710470e-01 8.752239e-01
3.079896e+00 3.891067e-05 8.802600e-01 8.753382e-01
3.076495e+00 3.907051e-05 8.812850e-01 8.750105e-01
3.078284e+00 3.798221e-05 8.642490e-01 8.750838e-01
3.088800e+00 4.495928e-05 8.737860e-01 8.746875e-01
3.072645e+00 3.881530e-05 8.630380e-01 8.756631e-01
3.080822e+00 3.932986e-05 8.764730e-01 8.746589e-01
3.081956e+00 3.897854e-05 8.558840e-01 8.755145e-01
3.080041e+00 3.925920e-05 8.681850e-01 8.749104e-01
3.071347e+00 3.809987e-05 8.516450e-01 8.760338e-01
3.072617e+00 4.142507e-05 8.757170e-01 8.755574e-01
3.082105e+00 3.868889e-05 8.624630e-01 8.760290e-01
3.083527e+00 4.010605e-05 8.535350e-01 8.753868e-01
3.087286e+00 4.536712e-05 8.710100e-01 8.758079e-01
3.081672e+00 4.018214e-05 8.579250e-01 8.756650e-01
3.074689e+00 3.847370e-05 8.631620e-01 8.757289e-01
3.075321e+00 3.811587e-05 8.792370e-01 8.749190e-01
3.073936e+00 3.834485e-05 8.761220e-01 8.754049e-01
3.075386e+00 3.861935e-05 8.681940e-01 8.756336e-01
3.075605e+00 3.786709e-05 8.739210e-01 8.753487e-01
3.089679e+00 4.328619e-05 8.642280e-01 8.749295e-01
3.081484e+00 4.327215e-05 8.655320e-01 8.756126e-01
3.071942e+00 3.829365e-05 8.701960e-01 8.751658e-01
3.075586e+00 3.770162e-05 8.813470e-01 8.748618e-01
3.077253e+00 3.862825e-05 8.641320e-01 8.748742e-01
3.088067e+00 4.093827e-05 8.624960e-01 8.748466e-01
3.079173e+00 3.844989e-05 8.687260e-01 8.749895e-01
3.072493e+00 3.780336e-05 8.668110e-01 8.748695e-01
3.073529e+00 3.893785e-05 8.765460e-01 8.756164e-01
3.076661e+00 3.805093e-05 8.905420e-01 8.752715e-01
3.074152e+00 3.902630e-05 8.678350e-01 8.749409e-01
3.076316e+00 3.885353e-05 8.553420e-01 8.753830e-01
3.079610e+00 4.048642e-05 8.722370e-01 8.751877e-01
3.085547e+00 4.890315e-05 8.772100e-01 8.758156e-01
3.072058e+00 3.861206e-05 8.621220e-01 8.753382e-01
3.077655e+00 3.843619e-05 8.657800e-01 8.754154e-01
3.079233e+00 4.001897e-05 8.791400e-01 8.757193e-01
3.076336e+00 3.920862e-05 8.761990e-01 8.749514e-01
3.082932e+00 3.973109e-05 8.718910e-01 8.754526e-01
3.084545e+00 3.877234e-05 8.802320e-01 8.751715e-01
3.076800e+00 3.848690e-05 8.597470e-01 8.757089e-01
3.081524e+00 3.885212e-05 8.631650e-01 8.755850e-01
3.072317e+00 3.865142e-05 8.698310e-01 8.752048e-01
3.079984e+00 3.894905e-05 8.746080e-01 8.752001e-01
3.081082e+00 3.799298e-05 8.765760e-01 8.756193e-01
3.079473e+00 3.957958e-05 8.632970e-01 8.750648e-01
3.078979e+00 3.939604e-05 8.634250e-01 8.756850e-01
3.082602e+00 4.791244e-05 8.775040e-01 8.752734e-01
3.081589e+00 4.040933e-05 8.688570e-01 8.753039e-01
3.080978e+00 3.830714e-05 8.564350e-01 8.743797e-01
3.073129e+00 3.763243e-05 8.629100e-01 8.750905e-01
3.069309e+00 3.788984e-05 8.850590e-01 8.750629e-01
3.079059e+00 3.866803e-05 8.663200e-01 8.757403e-01
3.074392e+00 3.797541e-05 8.639880e-01 8.755431e-01
3.081490e+00 3.913184e-05 8.524700e-01 8.750514e-01
3.067318e+00 3.817152e-05 8.625850e-01 8.750124e-01
3.071278e+00 3.825639e-05 8.830130e-01 8.760614e-01
3.078003e+00 4.160857e-05 8.814770e-01 8.759204e-01
3.072218e+00 3.989374e-05 8.870210e-01 8.759547e-01
3.080216e+00 3.906543e-05 8.964920e-01 8.755583e-01
3.073651e+00 3.857442e-05 8.576820e-01 8.757736e-01
3.075177e+00 3.964825e-05 8.659670e-01 8.758318e-01
3.076108e+00 3.965993e-05 8.975480e-01 8.752830e-01
3.092088e+00 4.131858e-05 8.552030e-01 8.758280e-01
3.073995e+00 3.766670e-05 8.832580e-01 8.755888e-01
3.079059e+00 4.102988e-05 8.637590e-01 8.748866e-01
3.082134e+00 4.057036e-05 8.649800e-01 8.753554e-01
3.087789e+00 7.093897e-05 8.487360e-01 8.751334e-01
3.077055e+00 3.989452e-05 8.692590e-01 8.751153e-01
3.072956e+00 3.802234e-05 8.886190e-01 8.745493e-01
3.079607e+00 3.870852e-05 8.766260e-01 8.758146e-01
3.085197e+00 4.696264e-05 8.777110e-01 8.765206e-01
3.074811e+00 3.884484e-05 8.640030e-01 8.761414e-01
3.076047e+00 3.860298e-05 8.679540e-01 8.750114e-01
3.081052e+00 3.895241e-05 8.647270e-01 8.755440e-01
3.081377e+00 3.860918e-05 8.776970e-01 8.755193e-01
3.078320e+00 4.054297e-05 8.694420e-01 8.755764e-01
3.075610e+00 3.806225e-05 8.751750e-01 8.751382e-01
3.074767e+00 3.802701e-05 8.738630e-01 8.752077e-01
3.074925e+00 3.774119e-05 8.538280e-01 8.746437e-01
3.079968e+00 3.871524e-05 8.652810e-01 8.754078e-01
3.073503e+00 3.818471e-05 8.576460e-01 8.759042e-01
3.080891e+00 4.799725e-05 8.659890e-01 8.754630e-01
3.081963e+00 3.894823e-05 8.556450e-01 8.753087e-01
3.082137e+00 3.804065e-05 8.711710e-01 8.745036e-01
3.075346e+00 4.025906e-05 8.708790e-01 8.749638e-01
3.089912e+00 4.131579e-05 8.724570e-01 8.750305e-01
3.070642e+00 3.884157e-05 8.607840e-01 8.749266e-01
3.080555e+00 4.386034e-05 8.636020e-01 8.758384e-01
3.082713e+00 4.464221e-05 8.688090e-01 8.761376e-01
3.080739e+00 3.870589e-05 8.704860e-01 8.758289e-01
3.080531e+00 3.887628e-05 8.660320e-01 8.752906e-01
3.081207e+00 5.218625e-05 8.712660e-01 8.760195e-01
3.083005e+00 4.004401e-05 8.702970e-01 8.761243e-01
3.080188e+00 3.986735e-05 8.844340e-01 8.757050e-01
3.079856e+00 4.071997e-05 8.586270e-01 8.757594e-01
3.080755e+00 4.420108e-05 8.596890e-01 8.758060e-01
3.073784e+00 3.805622e-05 8.764510e-01 8.755335e-01
3.082258e+00 4.019222e-05 8.760900e-01 8.755154e-01
3.084422e+00 4.907471e-05 8.615500e-01 8.743893e-01
3.078897e+00 3.993314e-05 8.830780e-01 8.752449e-01
3.075084e+00 3.882452e-05 8.505200e-01 8.754507e-01
3.072099e+00 3.785554e-05 8.758190e-01 8.757451e-01
3.080197e+00 3.917018e-05 8.813010e-01 8.750572e-01
3.076812e+00 3.874972e-05 8.790410e-01 8.756936e-01
3.080773e+00 3.958499e-05 8.563650e-01 8.755088e-01
3.074869e+00 4.021731e-05 9.025460e-01 8.757946e-01
3.073695e+00 3.927434e-05 8.690290e-01 8.759728e-01
3.081848e+00 4.694680e-05 8.767630e-01 8.750667e-01
3.071057e+00 3.944880e-05 8.781260e-01 8.747561e-01
3.073993e+00 3.941300e-05 8.691640e-01 8.749552e-01
3.081542e+00 3.857360e-05 8.505710e-01 8.757298e-01
3.080205e+00 4.220556e-05 8.686970e-01 8.747361e-01
3.077981e+00 3.930687e-05 8.486550e-01 8.746208e-01
3.076100e+00 3.801634e-05 8.639910e-01 8.750467e-01
3.076039e+00 3.819150e-05 8.825330e-01 8.752820e-01
3.077165e+00 3.838479e-05 8.927230e-01 8.752725e-01
3.085854e+00 3.886469e-05 8.824000e-01 8.757736e-01
3.083809e+00 4.190973e-05 8.768800e-01 8.754954e-01
3.086200e+00 4.268364e-05 8.655140e-01 8.757832e-01
3.079972e+00 3.784082e-05 8.688380e-01 8.758461e-01
3.080261e+00 3.843167e-05 8.636920e-01 8.754364e-01
3.073471e+00 3.830413e-05 8.727820e-01 8.756060e-01
3.081956e+00 4.239920e-05 8.590220e-01 8.752630e-01
3.069053e+00 3.860776e-05 8.707400e-01 8.753344e-01
3.077878e+00 4.012847e-05 8.552540e-01 8.754859e-01
3.085081e+00 3.894062e-05 8.672080e-01 8.751315e-01
3.070576e+00 3.753698e-05 8.816540e-01 8.751839e-01
3.074317e+00 4.004167e-05 8.871820e-01 8.748142e-01
3.085782e+00 7.438029e-05 8.724260e-01 8.757108e-01
3.081170e+00 3.935421e-05 8.598520e-01 8.755974e-01
3.084981e+00 4.005697e-05 8.703350e-01 8.758946e-01
3.077773e+00 3.826627e-05 8.751670e-01 8.751744e-01
3.090495e+00 7.107955e-05 8.620380e-01 8.754392e-01
3.083503e+00 3.942354e-05 8.830160e-01 8.748437e-01
3.081867e+00 3.862471e-05 8.582190e-01 8.759108e-01
3.081327e+00 3.906266e-05 8.724010e-01 8.747885e-01
3.084842e+00 3.836139e-05 8.954160e-01 8.757698e-01
3.075833e+00 4.141017e-05 8.772410e-01 8.755783e-01
3.077080e+00 3.981302e-05 8.555150e-01 8.749829e-01
3.078912e+00 3.817720e-05 8.757160e-01 8.756298e-01
3.075550e+00 3.881739e-05 8.755840e-01 8.759451e-01
3.072142e+00 3.884353e-05 8.834850e-01 8.751439e-01
3.078845e+00 3.878714e-05 8.568480e-01 8.756593e-01
3.083935e+00 4.018519e-05 8.759070e-01 8.756984e-01
3.080734e+00 3.964626e-05 8.724020e-01 8.748685e-01
3.082242e+00 3.961057e-05 8.587910e-01 8.752334e-01
3.081162e+00 3.854216e-05 8.756770e-01 8.758994e-01
3.075840e+00 3.842619e-05 8.910250e-01 8.746275e-01
3.072981e+00 3.860536e-05 8.605850e-01 8.755402e-01
3.084676e+00 3.890018e-05 8.749030e-01 8.759032e-01
3.075996e+00 4.072225e-05 8.655290e-01 8.761185e-01
3.081995e+00 6.798828e-05 8.769050e-01 8.761519e-01
3.077025e+00 3.911246e-05 8.646080e-01 8.757327e-01
3.089189e+00 4.311897e-05 8.636970e-01 8.753935e-01
3.078033e+00 3.853970e-05 8.562750e-01 8.756879e-01
3.081203e+00 4.203579e-05 8.640150e-01 8.753239e-01
3.075872e+00 3.782504e-05 8.657460e-01 8.752115e-01
3.081955e+00 3.945815e-05 8.629970e-01 8.764091e-01
3.077542e+00 3.852402e-05 8.654110e-01 8.750667e-01
3.077521e+00 3.838647e-05 8.634340e-01 8.755526e-01
3.074625e+00 3.981611e-05 8.659310e-01 8.756126e-01
3.076394e+00 3.928273e-05 8.848190e-01 8.756860e-01
3.080034e+00 4.414688e-05 8.666050e-01 8.754002e-01
3.079038e+00 3.890199e-05 9.257060e-01 8.756793e-01
3.089713e+00 4.011363e-05 8.861970e-01 8.752811e-01
3.091749e+00 3.860076e-05 8.677410e-01 8.749209e-01
3.085470e+00 4.705752e-05 8.873920e-01 8.750781e-01
3.080078e+00 3.873252e-05 8.668190e-01 8.757746e-01
3.075895e+00 3.971737e-05 8.987610e-01 8.751686e-01
3.085510e+00 4.676894e-05 8.841240e-01 8.754783e-01
3.079425e+00 3.941701e-05 8.784600e-01 8.757632e-01
3.073575e+00 3.843618e-05 8.803730e-01 8.752068e-01
3.081227e+00 3.916122e-05 8.732070e-01 8.752029e-01
3.072020e+00 3.796292e-05 8.589290e-01 8.750915e-01
3.079893e+00 3.964457e-05 9.000320e-01 8.759356e-01
3.079275e+00 4.273477e-05 9.140850e-01 8.754345e-01
3.071405e+00 3.871029e-05 8.822340e-01 8.754125e-01
3.083738e+00 4.000269e-05 8.623210e-01 8.747904e-01
3.081783e+00 3.927562e-05 8.873340e-01 8.747313e-01
3.069327e+00 3.840556e-05 8.706690e-01 8.747742e-01
3.084760e+00 4.427693e-05 8.639790e-01 8.764253e-01
3.075856e+00 3.813117e-05 8.693730e-01 8.748152e-01
3.082251e+00 3.866058e-05 8.799510e-01 8.762214e-01
3.074409e+00 3.799009e-05 8.722900e-01 8.757622e-01
3.084962e+00 4.265933e-05 8.960370e-01 8.763129e-01
3.083652e+00 3.899391e-05 8.607180e-01 8.760385e-01
3.076055e+00 3.890105e-05 8.626530e-01 8.756622e-01
3.078982e+00 3.964235e-05 8.723390e-01 8.757517e-01
3.075954e+00 3.827408e-05 8.570810e-01 8.752182e-01
3.084726e+00 3.897435e-05 8.625050e-01 8.761662e-01
3.076466e+00 3.903890e-05 8.766120e-01 8.754249e-01
3.074338e+00 3.783424e-05 8.790030e-01 8.757212e-01
3.087268e+00 4.044634e-05 8.737730e-01 8.750943e-01
3.078540e+00 3.935537e-05 8.660210e-01 8.758222e-01
3.079410e+00 4.037432e-05 8.834590e-01 8.759499e-01
3.075182e+00 5.827139e-05 8.956320e-01 8.752277e-01
3.075608e+00 3.869517e-05 8.841530e-01 8.753735e-01
3.072522e+00 3.900367e-05 8.782450e-01 8.754716e-01
3.082981e+00 4.509821e-05 8.581650e-01 8.753983e-01
3.079813e+00 3.918669e-05 8.923860e-01 8.760833e-01
3.084688e+00 4.383942e-05 8.587580e-01 8.752944e-01
3.078801e+00 3.986721e-05 8.959830e-01 8.758403e-01
3.077140e+00 4.135959e-05 8.775220e-01 8.744207e-01
3.080280e+00 4.024336e-05 8.970070e-01 8.755421e-01
3.084368e+00 3.866808e-05 8.637040e-01 8.746360e-01
3.080371e+00 3.796327e-05 8.562440e-01 8.756622e-01
3.079215e+00 4.097908e-05 8.565530e-01 8.753744e-01
3.078612e+00 3.903557e-05 8.959360e-01 8.753601e-01
3.078814e+00 3.934435e-05 8.609630e-01 8.755793e-01
3.077159e+00 3.868041e-05 8.843810e-01 8.752401e-01
3.079635e+00 3.938796e-05 8.696270e-01 8.747018e-01
3.080120e+00 3.818287e-05 8.776900e-01 8.754926e-01
3.090690e+00 1.480335e-04 8.561620e-01 8.747304e-01
3.086458e+00 4.054143e-05 8.715200e-01 8.749657e-01
3.079752e+00 4.137891e-05 8.854170e-01 8.750457e-01
3.080498e+00 3.991923e-05 8.721060e-01 8.761395e-01
3.079910e+00 4.172252e-05 8.884830e-01 8.756212e-01
3.071927e+00 3.826528e-05 8.629090e-01 8.750953e-01
3.092546e+00 5.402467e-05 8.709700e-01 8.754516e-01
3.087966e+00 3.924023e-05 8.691030e-01 8.757327e-01
3.081980e+00 3.874761e-05 8.825090e-01 8.753439e-01
3.083211e+00 4.013482e-05 8.490710e-01 8.753306e-01
3.079545e+00 3.829303e-05 8.642350e-01 8.749724e-01
3.083250e+00 3.839859e-05 8.652110e-01 8.754049e-01
3.075433e+00 3.938909e-05 8.774470e-01 8.754097e-01
3.082231e+00 3.825017e-05 8.626480e-01 8.751410e-01
3.080240e+00 3.810201e-05 8.656310e-01 8.753525e-01
3.086381e+00 4.397455e-05 8.834420e-01 8.756879e-01
3.088864e+00 4.035846e-05 8.813280e-01 8.748552e-01
3.081759e+00 4.936987e-05 8.742290e-01 8.749571e-01
3.085400e+00 4.084524e-05 8.889590e-01 8.750591e-01
3.089989e+00 4.994804e-05 8.819830e-01 8.753954e-01
3.076132e+00 3.972293e-05 8.813280e-01 8.757365e-01
3.077343e+00 4.034171e-05 8.720610e-01 8.758260e-01
3.075741e+00 3.843719e-05 8.734420e-01 8.743550e-01
3.078479e+00 4.900863e-05 8.724840e-01 8.747866e-01
3.077792e+00 3.810959e-05 8.585300e-01 8.750800e-01
3.083873e+00 4.087201e-05 8.760370e-01 8.760757e-01
3.077267e+00 3.947300e-05 8.832310e-01 8.753030e-01
3.081524e+00 3.939493e-05 8.695630e-01 8.756393e-01
3.077035e+00 3.793772e-05 8.840670e-01 8.747008e-01
3.080468e+00 4.078018e-05 8.631870e-01 8.759070e-01
3.079082e+00 3.911426e-05 8.633060e-01 8.753773e-01
3.078750e+00 3.846591e-05 8.582280e-01 8.755135e-01
3.087858e+00 4.255169e-05 8.784890e-01 8.756688e-01
3.081912e+00 4.019682e-05 8.624810e-01 8.750924e-01
3.075328e+00 3.821327e-05 8.748680e-01 8.753592e-01
3.079032e+00 4.107835e-05 8.636050e-01 8.751372e-01
3.073803e+00 3.925905e-05 8.712960e-01 8.752029e-01
3.078066e+00 3.799738e-05 8.927820e-01 8.751067e-01
3.071649e+00 3.878866e-05 8.775910e-01 8.751305e-01
3.077344e+00 3.823219e-05 8.723420e-01 8.754678e-01
3.074598e+00 3.810183e-05 8.586540e-01 8.743359e-01
3.076809e+00 3.777140e-05 8.841800e-01 8.752391e-01
3.083863e+00 3.859304e-05 8.759610e-01 8.752601e-01
3.081120e+00 3.856973e-05 8.717720e-01 8.753840e-01
3.080333e+00 3.989953e-05 8.698460e-01 8.759499e-01
3.077036e+00 3.862947e-05 8.630700e-01 8.747266e-01
3.075898e+00 3.943030e-05 8.875830e-01 8.752334e-01
