# dim  N   mc   rho  Brute 
# 2    2 262394 1
#
# Theoretical Energy = 2.000000e+00
# Energy     Variance     CPU time     Acceptance
3.274026e+00 4.885312e-05 8.732180e-01 8.614221e-01
3.279940e+00 5.068629e-05 8.808270e-01 8.615212e-01
3.267629e+00 9.626134e-05 8.792190e-01 8.604541e-01
3.246995e+00 4.700545e-05 8.655430e-01 8.604046e-01
3.253096e+00 4.857059e-05 8.698630e-01 8.608057e-01
3.239705e+00 4.751518e-05 8.766440e-01 8.609658e-01
3.248739e+00 5.752778e-05 8.917920e-01 8.613583e-01
3.246454e+00 4.834606e-05 8.571940e-01 8.612182e-01
3.245659e+00 4.854540e-05 8.641330e-01 8.606771e-01
3.239022e+00 5.000722e-05 8.592230e-01 8.611668e-01
3.250836e+00 4.782157e-05 8.558260e-01 8.610858e-01
3.232729e+00 4.654367e-05 8.694040e-01 8.619824e-01
3.240048e+00 4.835948e-05 8.697840e-01 8.612659e-01
3.236163e+00 4.806214e-05 8.639240e-01 8.610896e-01
3.244535e+00 5.035584e-05 8.662480e-01 8.606895e-01
3.248997e+00 4.716944e-05 8.685920e-01 8.605142e-01
3.234983e+00 5.269507e-05 8.581580e-01 8.608333e-01
3.226159e+00 4.632695e-05 8.746040e-01 8.606923e-01
3.235209e+00 5.543024e-05 8.796960e-01 8.606094e-01
3.222608e+00 4.551814e-05 8.654900e-01 8.611963e-01
3.241594e+00 4.991780e-05 8.695260e-01 8.609620e-01
3.238351e+00 5.238009e-05 8.781920e-01 8.603836e-01
3.226179e+00 4.897027e-05 8.763020e-01 8.605513e-01
3.236108e+00 4.727266e-05 8.628100e-01 8.616556e-01
3.223873e+00 4.799769e-05 8.631690e-01 8.613802e-01
3.228104e+00 4.903256e-05 8.920820e-01 8.607752e-01
3.237700e+00 4.714397e-05 8.813770e-01 8.610153e-01
3.229559e+00 4.590926e-05 8.648880e-01 8.614488e-01
3.235170e+00 4.709106e-05 8.843620e-01 8.610001e-01
3.215418e+00 4.698336e-05 8.992870e-01 8.611725e-01
3.231154e+00 4.851164e-05 8.678270e-01 8.609600e-01
3.232114e+00 4.792570e-05 8.709420e-01 8.612697e-01
3.238426e+00 7.049105e-05 8.510160e-01 8.615612e-01
3.228487e+00 5.535782e-05 8.836840e-01 8.614078e-01
3.232810e+00 4.569633e-05 8.678840e-01 8.616498e-01
3.225802e+00 4.622956e-05 8.559420e-01 8.611744e-01
3.242165e+00 4.801814e-05 8.702420e-01 8.613278e-01
3.233592e+00 4.910834e-05 8.653310e-01 8.608190e-01
3.237359e+00 4.573508e-05 8.668840e-01 8.614221e-01
3.236135e+00 6.117005e-05 8.791070e-01 8.624502e-01
3.237508e+00 4.744590e-05 8.693710e-01 8.614031e-01
3.232377e+00 4.556400e-05 8.589870e-01 8.614707e-01
3.228084e+00 4.595953e-05 8.735510e-01 8.618194e-01
3.229247e+00 4.750286e-05 8.770780e-01 8.623549e-01
3.232570e+00 5.356153e-05 8.635120e-01 8.615527e-01
3.230670e+00 4.579013e-05 8.505780e-01 8.619595e-01
3.229673e+00 4.477599e-05 8.789230e-01 8.612221e-01
3.230938e+00 4.587810e-05 8.717070e-01 8.616394e-01
3.226407e+00 4.521303e-05 8.705550e-01 8.612316e-01
3.222192e+00 4.530384e-05 8.646350e-01 8.613926e-01
3.231709e+00 4.882354e-05 8.638030e-01 8.620405e-01
3.223655e+00 4.705855e-05 8.591770e-01 8.605389e-01
3.218572e+00 4.644887e-05 8.783480e-01 8.611325e-01
3.218219e+00 4.479260e-05 8.579350e-01 8.613097e-01
3.225749e+00 4.995689e-05 8.665700e-01 8.619681e-01
3.236414e+00 8.914774e-05 8.782440e-01 8.610553e-01
3.227624e+00 4.694830e-05 8.697240e-01 8.613364e-01
3.233934e+00 1.188207e-04 8.883260e-01 8.613831e-01
3.229696e+00 4.586303e-05 8.631570e-01 8.615212e-01
3.228374e+00 4.641090e-05 8.623180e-01 8.611563e-01
3.234929e+00 4.547719e-05 8.837270e-01 8.620443e-01
3.228152e+00 4.582257e-05 8.741400e-01 8.611944e-01
3.213002e+00 4.522307e-05 8.651510e-01 8.617108e-01
3.233101e+00 4.850405e-05 8.775780e-01 8.622529e-01
3.223429e+00 4.377466e-05 8.629070e-01 8.613078e-01
3.231891e+00 4.704736e-05 8.744970e-01 8.616346e-01
3.231968e+00 4.738552e-05 8.517240e-01 8.616108e-01
3.226822e+00 4.508555e-05 8.788750e-01 8.623215e-01
3.220042e+00 4.501500e-05 8.506040e-01 8.615041e-01
3.222761e+00 4.480800e-05 8.734490e-01 8.609572e-01
3.244747e+00 1.387161e-04 8.634700e-01 8.612964e-01
3.227030e+00 4.603718e-05 8.889780e-01 8.616146e-01
3.220016e+00 4.544345e-05 8.769100e-01 8.615536e-01
3.225182e+00 5.238255e-05 8.558390e-01 8.614145e-01
3.232466e+00 5.493616e-05 8.837520e-01 8.615774e-01
3.223405e+00 4.526581e-05 8.766400e-01 8.612078e-01
3.224534e+00 4.636464e-05 8.627660e-01 8.613821e-01
3.222834e+00 4.452671e-05 8.521390e-01 8.618423e-01
3.236992e+00 5.105929e-05 8.698660e-01 8.618137e-01
3.223937e+00 5.076866e-05 8.618150e-01 8.614279e-01
3.224454e+00 5.480125e-05 8.596580e-01 8.616965e-01
3.224522e+00 4.449685e-05 8.829240e-01 8.612173e-01
3.224140e+00 4.517333e-05 8.685040e-01 8.615336e-01
3.226150e+00 4.575544e-05 8.635820e-01 8.620148e-01
3.221535e+00 4.675522e-05 8.696600e-01 8.614869e-01
3.226285e+00 4.997215e-05 8.570070e-01 8.612440e-01
3.226897e+00 4.716285e-05 8.728750e-01 8.620414e-01
3.221472e+00 4.855282e-05 8.741650e-01 8.603827e-01
3.224443e+00 5.011527e-05 8.707880e-01 8.616403e-01
3.228636e+00 4.701985e-05 8.502880e-01 8.616537e-01
3.227239e+00 4.955316e-05 8.835450e-01 8.612020e-01
3.218826e+00 4.473837e-05 8.635420e-01 8.619252e-01
3.218967e+00 4.598683e-05 8.753960e-01 8.617442e-01
3.216653e+00 4.363139e-05 8.677870e-01 8.616184e-01
3.217378e+00 4.679697e-05 8.705940e-01 8.622920e-01
3.236184e+00 5.319819e-05 8.585800e-01 8.617537e-01
3.228355e+00 4.549646e-05 8.659960e-01 8.618356e-01
3.218325e+00 4.383056e-05 8.609260e-01 8.612649e-01
3.229421e+00 4.628956e-05 8.629710e-01 8.615717e-01
3.229438e+00 4.734957e-05 8.878650e-01 8.618938e-01
3.223014e+00 4.868563e-05 8.595020e-01 8.610610e-01
3.219566e+00 4.528382e-05 8.833990e-01 8.618023e-01
3.226844e+00 4.394331e-05 8.776180e-01 8.625197e-01
3.223168e+00 4.499316e-05 8.693120e-01 8.619766e-01
3.219512e+00 4.416013e-05 8.499490e-01 8.616146e-01
3.220548e+00 4.465373e-05 8.680880e-01 8.622882e-01
3.220087e+00 4.764868e-05 8.647440e-01 8.619433e-01
3.220650e+00 5.200584e-05 8.707740e-01 8.621643e-01
3.218357e+00 4.465212e-05 8.708350e-01 8.618461e-01
3.208002e+00 4.418310e-05 8.677380e-01 8.624378e-01
3.234244e+00 6.382436e-05 8.537930e-01 8.620491e-01
3.221255e+00 5.037553e-05 8.756510e-01 8.611087e-01
3.221868e+00 4.658527e-05 8.569700e-01 8.619881e-01
3.216998e+00 4.395797e-05 8.636920e-01 8.619128e-01
3.223973e+00 5.299382e-05 8.644510e-01 8.621500e-01
3.217461e+00 4.376877e-05 8.719740e-01 8.616432e-01
3.211698e+00 4.763853e-05 8.573110e-01 8.622025e-01
3.216830e+00 4.461835e-05 8.736540e-01 8.616765e-01
3.220345e+00 4.463595e-05 8.741390e-01 8.626331e-01
3.211803e+00 4.568995e-05 8.663510e-01 8.617861e-01
3.221040e+00 4.630024e-05 8.667020e-01 8.622872e-01
3.225532e+00 4.936832e-05 8.565880e-01 8.625283e-01
3.226509e+00 4.512580e-05 8.618580e-01 8.621034e-01
3.218888e+00 4.606389e-05 8.637340e-01 8.617127e-01
3.220227e+00 4.455950e-05 8.513950e-01 8.617394e-01
3.212892e+00 4.598129e-05 8.738940e-01 8.618204e-01
3.225354e+00 4.613929e-05 8.944120e-01 8.634601e-01
3.222778e+00 5.110929e-05 8.648530e-01 8.620529e-01
3.217401e+00 4.506315e-05 8.628050e-01 8.622482e-01
3.214742e+00 4.414245e-05 8.899020e-01 8.612811e-01
3.223867e+00 4.582832e-05 8.662680e-01 8.620633e-01
3.220416e+00 4.413043e-05 8.578660e-01 8.619547e-01
3.217316e+00 4.824204e-05 8.566290e-01 8.622911e-01
3.224212e+00 4.702972e-05 8.722190e-01 8.619404e-01
3.221880e+00 4.874475e-05 8.855040e-01 8.620014e-01
3.216197e+00 4.406671e-05 8.813840e-01 8.621110e-01
3.213792e+00 4.730074e-05 8.759300e-01 8.617308e-01
3.232361e+00 4.532799e-05 8.709750e-01 8.622663e-01
3.221105e+00 4.689125e-05 8.887810e-01 8.627246e-01
3.217554e+00 4.485277e-05 8.502220e-01 8.628780e-01
3.211841e+00 4.497510e-05 8.635180e-01 8.623749e-01
3.213377e+00 4.532211e-05 8.661540e-01 8.622348e-01
3.220899e+00 4.601112e-05 8.660680e-01 8.623997e-01
3.212058e+00 4.450991e-05 8.738020e-01 8.613497e-01
3.208283e+00 4.395211e-05 8.771550e-01 8.624368e-01
3.213028e+00 4.632866e-05 8.621560e-01 8.616708e-01
3.221570e+00 4.586140e-05 8.643460e-01 8.619528e-01
3.218938e+00 4.749198e-05 8.762110e-01 8.616213e-01
3.220904e+00 4.824545e-05 8.623220e-01 8.616013e-01
3.211259e+00 4.432945e-05 8.668410e-01 8.623177e-01
3.210977e+00 4.405799e-05 8.680200e-01 8.617708e-01
3.210358e+00 4.635885e-05 8.590490e-01 8.621653e-01
3.220550e+00 4.602579e-05 8.634740e-01 8.615736e-01
3.225805e+00 4.821293e-05 8.771240e-01 8.620452e-01
3.214410e+00 4.623975e-05 9.044480e-01 8.624283e-01
3.217616e+00 4.449287e-05 8.762220e-01 8.624664e-01
3.212453e+00 4.417792e-05 8.734960e-01 8.625502e-01
3.214003e+00 4.588223e-05 8.494010e-01 8.626226e-01
3.220711e+00 4.676660e-05 8.707600e-01 8.620186e-01
3.213152e+00 4.435346e-05 8.808910e-01 8.624683e-01
3.210011e+00 4.621212e-05 8.515730e-01 8.621710e-01
3.226588e+00 4.617532e-05 8.734040e-01 8.632019e-01
3.202053e+00 4.507745e-05 8.715710e-01 8.624102e-01
3.220393e+00 4.665370e-05 8.831290e-01 8.627522e-01
3.206366e+00 4.492057e-05 8.645280e-01 8.620252e-01
3.215715e+00 4.794684e-05 8.504780e-01 8.623320e-01
3.225269e+00 4.731115e-05 8.664270e-01 8.627874e-01
3.211944e+00 4.512038e-05 8.763670e-01 8.624054e-01
3.215976e+00 4.500206e-05 8.638620e-01 8.626064e-01
3.213927e+00 4.531869e-05 8.540740e-01 8.624130e-01
3.209386e+00 4.612331e-05 8.695580e-01 8.626674e-01
3.207621e+00 4.386475e-05 8.734120e-01 8.615060e-01
3.216642e+00 4.650453e-05 8.566370e-01 8.627160e-01
3.208761e+00 4.513268e-05 8.660370e-01 8.630847e-01
3.214148e+00 4.892034e-05 8.634080e-01 8.630399e-01
3.209388e+00 4.485535e-05 8.672730e-01 8.621920e-01
3.205575e+00 4.446209e-05 8.663030e-01 8.621215e-01
3.205467e+00 4.313101e-05 8.701140e-01 8.623063e-01
3.204423e+00 4.380933e-05 8.762080e-01 8.628370e-01
3.222028e+00 5.212896e-05 8.662250e-01 8.624092e-01
3.211202e+00 4.552579e-05 8.567280e-01 8.628465e-01
3.201511e+00 4.370934e-05 8.717710e-01 8.623997e-01
3.205148e+00 4.459024e-05 8.812170e-01 8.620367e-01
3.202460e+00 4.937797e-05 8.686280e-01 8.626855e-01
3.198063e+00 4.722073e-05 8.876010e-01 8.621034e-01
3.208808e+00 4.879240e-05 9.018690e-01 8.626684e-01
3.201033e+00 4.639691e-05 8.853170e-01 8.624235e-01
3.220184e+00 4.546138e-05 8.636680e-01 8.627636e-01
3.211805e+00 4.399583e-05 8.566830e-01 8.631362e-01
3.207538e+00 4.318540e-05 8.699760e-01 8.629485e-01
3.215314e+00 4.547884e-05 8.845700e-01 8.624235e-01
3.208296e+00 4.618587e-05 8.783980e-01 8.626407e-01
3.212023e+00 5.189842e-05 8.628130e-01 8.632295e-01
3.200082e+00 4.500368e-05 8.846170e-01 8.625378e-01
3.213487e+00 4.683717e-05 8.658420e-01 8.624854e-01
3.205881e+00 4.426164e-05 8.725060e-01 8.621872e-01
3.203537e+00 4.401358e-05 8.616770e-01 8.629123e-01
3.219123e+00 7.288309e-05 8.754860e-01 8.631047e-01
3.214509e+00 4.570974e-05 8.915270e-01 8.635868e-01
3.214327e+00 5.866207e-05 8.703030e-01 8.632391e-01
3.201721e+00 4.413054e-05 8.635530e-01 8.630561e-01
3.200232e+00 4.689849e-05 8.733210e-01 8.632734e-01
3.205224e+00 4.313107e-05 8.706860e-01 8.633601e-01
3.196491e+00 4.383920e-05 8.569010e-01 8.625578e-01
3.211593e+00 4.620087e-05 8.793420e-01 8.633229e-01
3.197838e+00 4.537239e-05 8.806860e-01 8.635716e-01
3.207094e+00 6.769590e-05 8.719860e-01 8.636202e-01
3.206794e+00 4.889170e-05 8.772880e-01 8.628846e-01
3.200331e+00 4.475200e-05 8.496360e-01 8.626846e-01
3.198097e+00 4.387380e-05 8.993820e-01 8.633515e-01
3.198902e+00 4.387008e-05 8.889780e-01 8.627913e-01
3.210421e+00 4.605571e-05 8.674380e-01 8.635192e-01
3.209604e+00 4.683452e-05 8.768880e-01 8.633467e-01
3.195810e+00 4.427317e-05 8.713370e-01 8.631400e-01
3.204280e+00 4.605213e-05 8.584330e-01 8.630142e-01
3.210618e+00 4.462289e-05 8.504110e-01 8.639889e-01
3.203440e+00 4.403302e-05 8.731630e-01 8.631343e-01
3.201746e+00 4.502636e-05 8.509840e-01 8.632448e-01
3.199058e+00 4.412031e-05 8.642220e-01 8.632067e-01
3.192830e+00 4.427926e-05 8.667880e-01 8.635163e-01
3.199056e+00 4.451402e-05 8.874460e-01 8.627465e-01
3.201268e+00 4.621679e-05 8.587840e-01 8.634039e-01
3.193643e+00 4.439503e-05 8.709390e-01 8.630237e-01
3.203196e+00 5.326517e-05 8.712160e-01 8.627417e-01
3.192042e+00 4.798891e-05 8.751170e-01 8.632591e-01
3.198850e+00 5.422045e-05 8.905390e-01 8.633648e-01
3.191106e+00 4.380093e-05 8.609650e-01 8.628837e-01
3.204321e+00 4.393787e-05 8.729950e-01 8.630771e-01
3.196551e+00 4.521212e-05 8.653670e-01 8.635849e-01
3.189542e+00 5.230613e-05 8.576740e-01 8.630847e-01
3.196249e+00 5.313557e-05 8.834500e-01 8.633639e-01
3.197111e+00 5.142875e-05 8.588980e-01 8.626769e-01
3.192755e+00 4.371908e-05 9.071040e-01 8.630799e-01
3.198480e+00 5.377436e-05 8.758760e-01 8.635268e-01
3.185912e+00 4.224690e-05 8.577110e-01 8.633153e-01
3.194304e+00 4.607083e-05 8.733420e-01 8.644376e-01
3.193063e+00 4.482715e-05 8.511830e-01 8.638850e-01
3.192333e+00 4.360399e-05 8.941860e-01 8.641385e-01
3.193146e+00 4.339820e-05 8.706700e-01 8.634896e-01
3.192701e+00 4.457054e-05 8.640180e-01 8.637355e-01
3.197967e+00 4.458952e-05 8.646800e-01 8.635287e-01
3.190505e+00 4.496359e-05 8.646160e-01 8.636630e-01
3.190776e+00 4.317932e-05 8.708830e-01 8.635087e-01
3.204637e+00 5.408020e-05 8.626010e-01 8.639746e-01
3.192136e+00 4.365716e-05 8.755400e-01 8.646596e-01
3.186720e+00 4.546154e-05 8.697140e-01 8.636707e-01
3.200073e+00 5.214143e-05 8.714820e-01 8.639193e-01
3.193924e+00 4.540452e-05 8.832320e-01 8.640937e-01
3.188718e+00 4.290357e-05 8.693900e-01 8.637469e-01
3.197718e+00 4.558569e-05 8.677490e-01 8.640680e-01
3.195550e+00 4.512218e-05 8.689720e-01 8.638784e-01
3.185995e+00 4.362878e-05 8.658190e-01 8.639174e-01
3.188023e+00 4.639475e-05 8.614090e-01 8.641261e-01
3.190341e+00 4.476312e-05 8.662150e-01 8.640441e-01
3.192264e+00 4.627348e-05 8.856840e-01 8.639555e-01
3.194094e+00 4.557051e-05 8.839940e-01 8.638755e-01
3.184328e+00 4.402217e-05 8.764850e-01 8.642881e-01
3.194128e+00 4.488459e-05 8.579470e-01 8.642680e-01
3.190155e+00 4.327564e-05 8.657200e-01 8.638850e-01
3.191935e+00 4.429280e-05 8.882460e-01 8.638422e-01
3.183276e+00 4.603359e-05 8.725580e-01 8.639270e-01
3.184979e+00 4.904048e-05 8.781880e-01 8.639336e-01
3.176102e+00 4.480058e-05 8.802360e-01 8.644919e-01
3.187431e+00 5.368967e-05 8.633240e-01 8.639108e-01
3.182725e+00 4.357636e-05 8.639940e-01 8.644843e-01
3.183065e+00 4.392866e-05 8.616240e-01 8.643147e-01
3.178431e+00 4.701543e-05 8.859190e-01 8.642261e-01
3.185486e+00 4.480177e-05 8.863330e-01 8.653847e-01
3.198297e+00 4.463125e-05 8.644090e-01 8.649474e-01
3.179847e+00 4.512411e-05 8.624520e-01 8.642766e-01
3.179563e+00 4.314752e-05 8.733300e-01 8.643995e-01
3.179825e+00 4.416597e-05 8.781330e-01 8.637212e-01
3.195530e+00 4.712921e-05 8.662830e-01 8.644929e-01
3.183682e+00 4.839522e-05 8.835840e-01 8.646139e-01
3.177794e+00 4.393917e-05 8.726340e-01 8.643538e-01
3.177942e+00 4.786795e-05 9.272100e-01 8.646949e-01
3.180402e+00 4.447545e-05 8.690420e-01 8.650188e-01
3.175298e+00 4.346517e-05 8.702190e-01 8.646758e-01
3.186383e+00 4.395809e-05 8.866070e-01 8.647787e-01
3.178672e+00 4.410284e-05 8.762310e-01 8.653313e-01
3.174570e+00 4.504232e-05 8.640390e-01 8.643347e-01
3.184582e+00 4.677152e-05 8.904430e-01 8.653647e-01
3.183463e+00 4.547939e-05 8.681080e-01 8.650655e-01
3.178649e+00 4.257739e-05 8.604630e-01 8.655762e-01
3.170700e+00 4.298344e-05 8.749320e-01 8.645910e-01
3.182161e+00 4.327171e-05 8.662510e-01 8.653837e-01
3.183049e+00 4.518396e-05 8.701660e-01 8.652503e-01
3.181374e+00 4.627805e-05 8.636040e-01 8.652170e-01
3.170591e+00 4.227540e-05 8.768880e-01 8.642271e-01
3.173644e+00 4.568229e-05 8.644750e-01 8.644634e-01
3.172242e+00 4.498370e-05 8.635200e-01 8.651322e-01
3.170303e+00 4.262927e-05 8.553950e-01 8.656486e-01
3.175121e+00 4.382238e-05 8.662100e-01 8.651532e-01
3.181896e+00 4.602714e-05 8.579160e-01 8.655343e-01
3.170509e+00 4.335722e-05 8.778480e-01 8.649864e-01
3.173356e+00 4.529374e-05 8.591040e-01 8.657182e-01
3.175441e+00 4.641240e-05 8.703750e-01 8.650103e-01
3.178842e+00 4.360772e-05 8.769660e-01 8.650369e-01
3.169524e+00 4.939701e-05 8.703720e-01 8.659859e-01
3.171835e+00 4.458133e-05 8.831850e-01 8.654685e-01
3.177811e+00 4.554032e-05 8.539250e-01 8.649521e-01
3.165129e+00 4.433687e-05 8.809590e-01 8.644834e-01
3.169695e+00 4.531349e-05 8.654060e-01 8.653094e-01
3.179399e+00 4.389237e-05 8.699160e-01 8.658363e-01
3.160776e+00 4.269126e-05 8.919270e-01 8.658696e-01
3.171576e+00 4.424052e-05 8.821330e-01 8.653475e-01
3.168800e+00 4.372799e-05 8.906000e-01 8.652856e-01
3.168186e+00 4.292178e-05 8.756160e-01 8.662184e-01
3.173747e+00 4.353631e-05 8.537300e-01 8.664299e-01
3.163964e+00 4.421942e-05 8.670440e-01 8.656124e-01
3.168137e+00 6.530170e-05 8.726960e-01 8.666061e-01
3.164246e+00 4.302940e-05 8.715810e-01 8.654419e-01
3.170933e+00 4.358467e-05 8.757270e-01 8.656334e-01
3.170595e+00 4.306560e-05 8.718870e-01 8.660469e-01
3.164935e+00 5.612032e-05 8.626950e-01 8.662336e-01
3.165683e+00 4.524612e-05 8.775050e-01 8.660821e-01
3.167225e+00 4.489329e-05 8.768690e-01 8.665137e-01
3.157007e+00 4.255746e-05 8.703130e-01 8.652846e-01
3.159144e+00 4.306600e-05 8.643440e-01 8.660688e-01
3.169217e+00 4.510706e-05 8.632590e-01 8.660354e-01
3.155910e+00 4.209333e-05 8.624020e-01 8.663984e-01
3.168931e+00 4.366869e-05 8.688790e-01 8.662736e-01
3.160927e+00 4.351394e-05 8.738750e-01 8.663051e-01
3.161251e+00 4.309920e-05 8.631310e-01 8.666909e-01
3.159684e+00 4.237715e-05 8.768710e-01 8.662708e-01
3.160231e+00 4.316390e-05 8.637150e-01 8.668862e-01
3.149109e+00 4.304714e-05 8.694750e-01 8.664947e-01
3.155417e+00 4.340441e-05 8.719320e-01 8.668148e-01
3.154997e+00 4.433261e-05 8.738850e-01 8.663451e-01
3.156052e+00 4.277823e-05 8.505730e-01 8.664823e-01
3.152927e+00 4.213979e-05 8.844750e-01 8.662870e-01
3.159457e+00 4.353305e-05 8.649020e-01 8.677771e-01
3.159085e+00 4.306129e-05 8.782840e-01 8.665442e-01
3.154690e+00 4.275533e-05 8.781180e-01 8.661412e-01
3.161662e+00 5.258641e-05 8.785350e-01 8.672388e-01
3.154720e+00 4.269541e-05 8.644830e-01 8.674122e-01
3.160800e+00 4.269240e-05 8.677470e-01 8.671587e-01
3.160189e+00 4.311681e-05 8.775280e-01 8.665223e-01
3.162011e+00 6.214212e-05 8.902740e-01 8.666757e-01
3.159521e+00 4.632190e-05 8.693970e-01 8.677971e-01
3.158495e+00 4.447144e-05 8.629430e-01 8.667062e-01
3.158255e+00 5.159478e-05 8.517630e-01 8.666376e-01
3.155067e+00 4.361201e-05 8.634810e-01 8.667805e-01
3.146078e+00 4.388581e-05 8.717800e-01 8.673579e-01
3.147992e+00 4.275659e-05 8.800730e-01 8.673102e-01
3.152890e+00 4.552632e-05 8.814640e-01 8.675818e-01
3.145685e+00 4.228683e-05 8.780600e-01 8.667043e-01
3.145313e+00 4.529182e-05 8.583770e-01 8.670473e-01
3.148493e+00 4.194128e-05 8.659690e-01 8.667338e-01
3.149303e+00 4.190511e-05 8.830000e-01 8.674493e-01
3.148184e+00 4.253266e-05 8.760290e-01 8.677533e-01
3.149124e+00 4.387955e-05 8.585770e-01 8.666109e-01
3.152498e+00 4.325405e-05 8.629420e-01 8.674408e-01
3.149868e+00 4.362731e-05 8.672050e-01 8.682468e-01
3.150297e+00 4.268417e-05 8.671560e-01 8.680963e-01
3.149712e+00 4.210998e-05 8.696530e-01 8.671864e-01
3.147612e+00 4.779091e-05 8.717180e-01 8.678209e-01
3.147546e+00 4.252237e-05 8.680790e-01 8.676504e-01
3.143064e+00 4.230348e-05 8.639410e-01 8.681696e-01
3.143227e+00 4.505519e-05 8.791100e-01 8.677075e-01
3.140792e+00 4.316896e-05 8.497680e-01 8.680963e-01
3.143826e+00 4.665677e-05 8.586770e-01 8.672731e-01
3.145175e+00 4.157261e-05 8.825060e-01 8.678104e-01
3.133043e+00 4.248325e-05 8.789850e-01 8.672683e-01
3.147151e+00 4.303335e-05 8.576750e-01 8.676446e-01
3.133434e+00 4.176188e-05 8.755530e-01 8.679438e-01
3.149543e+00 4.608273e-05 8.628300e-01 8.674903e-01
3.135430e+00 4.504134e-05 8.630820e-01 8.678123e-01
3.146487e+00 4.490056e-05 8.664590e-01 8.677523e-01
3.145403e+00 4.360555e-05 8.696760e-01 8.674389e-01
3.146364e+00 4.223627e-05 8.980690e-01 8.670282e-01
3.137399e+00 4.279413e-05 8.636770e-01 8.677256e-01
3.145814e+00 4.451232e-05 8.674080e-01 8.677475e-01
3.143175e+00 8.675648e-05 8.747320e-01 8.682439e-01
3.144460e+00 4.410744e-05 8.717990e-01 8.677323e-01
3.143357e+00 4.189953e-05 8.704660e-01 8.684164e-01
3.134179e+00 4.281481e-05 8.777720e-01 8.684831e-01
3.140873e+00 4.216177e-05 8.566480e-01 8.684307e-01
3.143255e+00 4.328944e-05 8.797240e-01 8.688242e-01
3.139505e+00 4.231425e-05 8.564340e-01 8.688556e-01
3.144031e+00 4.318606e-05 8.855810e-01 8.680143e-01
3.135202e+00 4.236944e-05 8.628540e-01 8.683907e-01
3.131802e+00 4.509796e-05 8.971400e-01 8.690138e-01
3.137965e+00 4.275666e-05 8.835750e-01 8.687842e-01
3.135980e+00 4.115629e-05 8.636110e-01 8.682411e-01
3.137091e+00 4.240888e-05 8.645270e-01 8.689966e-01
3.149712e+00 4.471135e-05 8.724170e-01 8.684488e-01
3.134171e+00 4.197343e-05 8.935980e-01 8.679524e-01
3.129056e+00 4.144545e-05 8.624820e-01 8.686822e-01
3.141518e+00 4.266278e-05 8.793930e-01 8.685765e-01
3.132999e+00 4.175444e-05 8.761160e-01 8.685555e-01
3.145636e+00 4.358812e-05 8.703750e-01 8.687222e-01
3.138389e+00 4.243791e-05 8.596410e-01 8.685622e-01
3.132356e+00 4.099614e-05 8.702280e-01 8.697207e-01
3.134890e+00 4.175539e-05 8.740110e-01 8.689509e-01
3.136783e+00 4.387494e-05 8.540230e-01 8.686593e-01
3.124591e+00 4.335468e-05 8.771850e-01 8.686289e-01
3.130451e+00 4.240216e-05 8.639400e-01 8.680420e-01
3.131348e+00 4.091362e-05 8.650170e-01 8.690490e-01
3.137294e+00 4.110644e-05 8.733150e-01 8.692501e-01
3.129357e+00 4.345320e-05 8.570300e-01 8.686470e-01
3.130582e+00 4.075947e-05 8.974810e-01 8.691615e-01
3.125489e+00 4.069117e-05 8.720060e-01 8.693453e-01
3.132144e+00 4.114514e-05 8.823910e-01 8.694416e-01
3.134808e+00 4.255709e-05 8.798350e-01 8.684288e-01
3.139535e+00 4.448290e-05 8.742140e-01 8.683821e-01
3.122786e+00 4.196247e-05 8.835770e-01 8.689175e-01
3.131578e+00 4.168920e-05 8.692410e-01 8.688289e-01
3.136884e+00 4.704588e-05 8.594950e-01 8.695254e-01
3.124822e+00 4.106512e-05 8.504370e-01 8.693434e-01
3.125581e+00 4.174127e-05 8.754050e-01 8.685869e-01
3.131130e+00 5.127838e-05 8.866650e-01 8.690357e-01
3.125126e+00 4.240426e-05 8.603390e-01 8.689280e-01
3.127248e+00 4.331995e-05 8.574920e-01 8.702914e-01
3.131092e+00 4.373466e-05 8.964160e-01 8.691615e-01
3.118707e+00 4.187940e-05 8.843180e-01 8.687117e-01
3.135519e+00 6.133009e-05 8.779990e-01 8.694501e-01
3.122673e+00 4.064834e-05 8.659090e-01 8.693377e-01
3.136135e+00 4.277194e-05 8.923310e-01 8.693329e-01
3.127745e+00 5.035941e-05 8.688520e-01 8.701380e-01
3.139667e+00 8.348827e-05 8.657170e-01 8.699608e-01
3.131831e+00 4.418274e-05 8.710410e-01 8.694330e-01
3.125459e+00 4.225094e-05 8.713350e-01 8.694892e-01
3.119975e+00 4.101103e-05 8.785030e-01 8.695397e-01
3.126794e+00 4.090249e-05 8.574650e-01 8.687994e-01
3.130413e+00 5.369464e-05 8.528500e-01 8.696436e-01
3.117565e+00 4.036779e-05 8.589510e-01 8.699418e-01
3.120252e+00 4.230955e-05 8.720160e-01 8.695511e-01
3.128046e+00 4.696900e-05 8.716770e-01 8.699932e-01
3.128366e+00 5.083430e-05 8.775550e-01 8.703476e-01
3.122227e+00 4.130892e-05 8.661220e-01 8.697979e-01
3.122623e+00 4.226516e-05 8.719280e-01 8.699513e-01
3.125831e+00 4.106617e-05 8.706450e-01 8.697264e-01
3.125003e+00 4.468370e-05 8.923720e-01 8.697931e-01
3.117408e+00 4.286015e-05 8.649700e-01 8.698903e-01
3.122521e+00 4.145829e-05 8.782410e-01 8.699684e-01
3.120662e+00 4.120712e-05 8.592100e-01 8.693549e-01
3.129459e+00 4.241761e-05 8.707230e-01 8.693339e-01
3.114465e+00 4.057169e-05 8.553100e-01 8.699542e-01
3.118561e+00 4.052065e-05 8.761200e-01 8.705925e-01
3.117444e+00 4.008846e-05 8.677760e-01 8.700094e-01
3.130355e+00 4.365771e-05 8.753230e-01 8.703086e-01
3.123854e+00 4.219237e-05 8.707170e-01 8.704982e-01
3.123164e+00 4.322140e-05 8.534270e-01 8.694263e-01
3.121134e+00 4.112450e-05 8.665060e-01 8.704124e-01
3.111939e+00 4.137175e-05 8.797440e-01 8.703248e-01
3.119831e+00 4.226274e-05 8.577710e-01 8.708374e-01
3.130436e+00 4.424449e-05 8.655750e-01 8.707249e-01
3.119838e+00 4.115802e-05 8.857950e-01 8.706859e-01
3.114899e+00 4.249646e-05 8.564670e-01 8.709488e-01
3.114767e+00 4.092802e-05 8.699330e-01 8.696921e-01
3.113454e+00 4.563396e-05 8.622540e-01 8.699951e-01
3.128525e+00 4.418789e-05 8.599950e-01 8.704286e-01
3.115580e+00 4.023660e-05 8.577550e-01 8.702390e-01
3.119238e+00 4.322035e-05 8.741540e-01 8.698836e-01
3.114809e+00 4.134672e-05 8.766390e-01 8.709422e-01
3.121652e+00 4.149745e-05 8.522060e-01 8.706992e-01
3.120720e+00 4.233906e-05 8.545170e-01 8.706992e-01
3.117793e+00 4.071962e-05 8.533920e-01 8.701866e-01
3.122541e+00 4.284080e-05 8.783760e-01 8.701590e-01
3.113801e+00 4.042091e-05 8.765410e-01 8.706859e-01
3.128184e+00 4.247864e-05 8.528690e-01 8.711623e-01
3.119439e+00 4.345018e-05 8.593970e-01 8.702895e-01
3.108363e+00 4.038583e-05 8.582020e-01 8.701685e-01
3.110277e+00 4.008443e-05 8.567070e-01 8.704744e-01
3.120806e+00 4.154538e-05 8.702430e-01 8.706678e-01
3.116458e+00 4.080216e-05 8.741640e-01 8.708564e-01
3.106347e+00 4.010916e-05 8.763470e-01 8.696169e-01
3.123841e+00 4.483999e-05 8.613270e-01 8.701018e-01
3.119194e+00 4.584310e-05 8.632150e-01 8.706097e-01
3.116722e+00 4.119491e-05 8.585000e-01 8.712995e-01
3.110324e+00 4.085361e-05 8.812280e-01 8.709993e-01
3.117640e+00 4.044270e-05 8.643200e-01 8.708174e-01
3.116756e+00 4.117419e-05 9.054800e-01 8.711080e-01
3.118697e+00 4.266836e-05 8.656940e-01 8.704629e-01
3.117385e+00 4.130075e-05 8.734180e-01 8.704401e-01
3.112858e+00 4.165929e-05 8.683270e-01 8.711737e-01
3.114466e+00 4.090000e-05 8.770350e-01 8.708488e-01
3.119446e+00 4.031766e-05 8.728490e-01 8.710498e-01
3.116951e+00 4.088656e-05 8.683130e-01 8.708860e-01
3.117544e+00 4.310825e-05 8.570230e-01 8.709850e-01
3.114584e+00 4.074493e-05 8.707220e-01 8.713681e-01
3.120068e+00 4.093106e-05 8.604760e-01 8.706325e-01
3.113800e+00 4.190945e-05 8.716980e-01 8.701161e-01
3.115376e+00 4.194369e-05 8.594890e-01 8.710289e-01
3.109870e+00 4.154254e-05 8.767610e-01 8.706897e-01
3.111975e+00 4.287220e-05 8.784770e-01 8.703410e-01
3.114723e+00 4.081227e-05 8.870210e-01 8.709822e-01
3.117288e+00 4.121012e-05 8.734820e-01 8.712785e-01
3.110607e+00 4.099686e-05 8.704510e-01 8.705506e-01
3.115347e+00 4.165447e-05 8.773100e-01 8.716005e-01
3.118462e+00 5.889226e-05 8.595180e-01 8.709555e-01
3.107454e+00 4.196417e-05 8.855580e-01 8.717635e-01
3.113628e+00 4.673816e-05 8.903430e-01 8.709574e-01
3.115417e+00 4.818894e-05 8.758720e-01 8.710965e-01
3.116002e+00 4.094347e-05 8.756680e-01 8.712051e-01
3.108761e+00 4.637394e-05 8.632950e-01 8.712804e-01
3.114318e+00 4.183746e-05 8.568440e-01 8.717339e-01
3.111543e+00 4.048823e-05 8.688170e-01 8.715291e-01
3.120398e+00 4.635320e-05 8.642880e-01 8.710994e-01
3.109901e+00 4.202054e-05 8.732130e-01 8.718511e-01
3.114774e+00 4.185666e-05 9.029990e-01 8.718254e-01
3.119086e+00 4.121448e-05 8.999680e-01 8.713395e-01
3.110884e+00 4.046259e-05 8.664360e-01 8.713700e-01
3.111996e+00 4.188624e-05 8.513060e-01 8.712690e-01
3.111112e+00 4.056366e-05 8.787670e-01 8.705010e-01
3.118742e+00 3.990494e-05 8.930400e-01 8.707240e-01
3.115686e+00 4.084117e-05 9.141880e-01 8.711451e-01
3.117171e+00 4.777230e-05 8.659880e-01 8.710336e-01
3.123197e+00 4.248524e-05 8.781510e-01 8.715091e-01
3.109539e+00 4.062308e-05 8.837150e-01 8.717863e-01
3.106229e+00 3.991305e-05 8.572630e-01 8.714014e-01
3.105988e+00 4.121113e-05 8.889340e-01 8.716682e-01
3.105014e+00 4.295828e-05 8.705550e-01 8.716930e-01
3.112531e+00 4.234217e-05 8.675560e-01 8.712976e-01
3.118309e+00 4.090521e-05 8.505460e-01 8.711270e-01
3.111383e+00 4.068499e-05 8.636030e-01 8.711222e-01
3.112808e+00 4.140993e-05 8.775030e-01 8.717082e-01
3.117708e+00 4.071069e-05 8.570040e-01 8.718444e-01
3.103739e+00 4.066752e-05 8.815960e-01 8.716415e-01
3.104105e+00 3.993122e-05 8.772680e-01 8.709241e-01
3.108979e+00 4.039261e-05 8.501650e-01 8.716577e-01
3.103215e+00 3.984928e-05 8.682260e-01 8.721112e-01
3.113142e+00 4.252933e-05 8.870070e-01 8.714681e-01
3.110081e+00 4.066388e-05 8.634440e-01 8.711785e-01
3.116088e+00 4.101143e-05 8.762680e-01 8.716872e-01
3.108570e+00 4.151409e-05 8.773710e-01 8.713385e-01
3.106825e+00 4.247360e-05 8.773640e-01 8.711375e-01
3.103728e+00 4.503938e-05 8.732880e-01 8.715424e-01
3.114023e+00 4.175045e-05 8.587850e-01 8.718168e-01
3.105624e+00 4.034089e-05 8.721530e-01 8.713471e-01
3.101143e+00 3.999815e-05 8.507790e-01 8.716205e-01
3.100437e+00 3.964540e-05 8.846070e-01 8.720159e-01
3.102886e+00 3.978553e-05 8.558950e-01 8.714462e-01
3.106094e+00 4.070855e-05 8.756010e-01 8.717454e-01
3.104313e+00 4.143158e-05 8.678990e-01 8.720140e-01
3.107045e+00 4.124685e-05 8.703530e-01 8.719407e-01
3.098996e+00 4.006584e-05 8.609180e-01 8.709469e-01
3.093967e+00 4.052833e-05 8.655530e-01 8.708202e-01
3.106664e+00 4.056466e-05 8.562420e-01 8.716510e-01
3.107877e+00 4.007369e-05 8.645430e-01 8.716596e-01
3.106677e+00 4.144124e-05 8.566590e-01 8.716339e-01
3.096979e+00 4.104325e-05 8.685900e-01 8.722284e-01
3.110451e+00 5.438173e-05 8.612590e-01 8.721455e-01
3.114307e+00 5.252086e-05 8.526230e-01 8.715519e-01
3.109063e+00 4.392835e-05 8.573500e-01 8.718940e-01
3.105356e+00 4.012248e-05 8.855210e-01 8.721722e-01
3.099841e+00 4.343204e-05 8.770270e-01 8.719369e-01
3.106524e+00 4.454723e-05 8.668040e-01 8.718883e-01
3.103471e+00 3.963599e-05 8.680200e-01 8.722189e-01
3.107564e+00 4.174130e-05 8.732510e-01 8.717206e-01
3.099733e+00 4.018206e-05 8.921600e-01 8.717091e-01
3.112390e+00 4.501106e-05 8.708380e-01 8.722808e-01
3.106708e+00 4.016304e-05 8.615870e-01 8.720369e-01
3.099969e+00 3.962545e-05 8.689070e-01 8.722961e-01
3.109081e+00 4.448857e-05 8.835240e-01 8.722379e-01
3.096833e+00 4.022661e-05 8.826270e-01 8.720340e-01
3.101990e+00 4.189225e-05 8.860420e-01 8.718864e-01
3.103950e+00 4.029577e-05 8.741650e-01 8.720093e-01
3.108331e+00 7.479961e-05 8.661760e-01 8.719912e-01
3.099155e+00 3.955337e-05 8.825520e-01 8.724418e-01
3.096101e+00 4.076138e-05 8.716800e-01 8.722456e-01
3.095784e+00 3.966694e-05 8.634240e-01 8.725066e-01
3.106021e+00 4.066792e-05 8.810020e-01 8.722951e-01
3.103064e+00 4.396826e-05 8.699540e-01 8.714586e-01
3.100480e+00 4.018254e-05 8.568960e-01 8.723656e-01
3.096994e+00 5.459729e-05 8.780860e-01 8.723256e-01
3.097432e+00 4.141877e-05 8.721580e-01 8.722389e-01
3.103684e+00 4.220532e-05 8.629520e-01 8.715224e-01
3.099032e+00 4.045848e-05 8.681240e-01 8.720483e-01
3.098199e+00 3.963966e-05 8.599150e-01 8.722484e-01
3.108589e+00 4.183559e-05 8.576880e-01 8.722884e-01
3.105937e+00 4.328203e-05 8.765690e-01 8.720131e-01
3.106806e+00 4.344528e-05 8.633830e-01 8.719788e-01
3.100982e+00 3.997493e-05 8.881910e-01 8.720178e-01
3.101487e+00 4.040391e-05 8.674670e-01 8.723046e-01
3.092046e+00 4.068969e-05 8.749740e-01 8.725466e-01
3.103037e+00 4.038616e-05 8.687920e-01 8.720998e-01
3.093669e+00 3.968975e-05 8.790740e-01 8.724990e-01
3.098114e+00 3.942385e-05 8.701210e-01 8.730068e-01
3.095460e+00 3.979265e-05 8.579150e-01 8.726000e-01
3.097490e+00 3.973624e-05 8.641760e-01 8.723446e-01
3.109366e+00 5.673428e-05 8.732570e-01 8.724009e-01
3.098623e+00 3.984833e-05 8.659930e-01 8.728229e-01
3.098776e+00 4.077272e-05 8.573660e-01 8.722427e-01
3.101257e+00 4.129381e-05 8.705830e-01 8.734146e-01
3.099058e+00 4.027931e-05 8.664430e-01 8.727410e-01
3.093716e+00 3.975423e-05 8.703270e-01 8.722189e-01
3.098093e+00 4.030486e-05 8.730070e-01 8.728629e-01
3.100349e+00 3.965249e-05 8.493720e-01 8.733431e-01
3.103165e+00 4.078038e-05 8.837710e-01 8.729001e-01
3.102654e+00 3.993184e-05 8.712310e-01 8.721493e-01
3.092045e+00 3.944732e-05 8.651090e-01 8.718120e-01
3.089150e+00 3.943386e-05 8.625540e-01 8.724942e-01
3.090440e+00 4.028604e-05 8.713820e-01 8.723808e-01
3.092480e+00 3.945803e-05 8.523920e-01 8.725695e-01
3.094494e+00 4.816445e-05 8.727170e-01 8.726143e-01
3.096145e+00 3.942513e-05 8.776950e-01 8.722284e-01
3.099227e+00 3.998846e-05 8.519840e-01 8.725676e-01
3.089803e+00 3.964080e-05 8.753870e-01 8.712385e-01
3.100479e+00 4.291749e-05 8.601650e-01 8.729296e-01
3.100275e+00 3.994185e-05 8.639520e-01 8.724980e-01
3.099775e+00 4.135007e-05 8.668640e-01 8.726276e-01
3.096430e+00 4.107129e-05 8.574340e-01 8.723523e-01
3.090089e+00 4.196016e-05 8.818790e-01 8.727553e-01
3.095345e+00 4.072542e-05 8.697560e-01 8.731497e-01
3.106171e+00 4.383843e-05 8.601500e-01 8.727867e-01
3.090695e+00 4.037151e-05 8.700910e-01 8.724647e-01
3.090082e+00 4.188902e-05 8.562540e-01 8.726267e-01
3.095653e+00 4.005465e-05 8.804210e-01 8.728887e-01
3.093972e+00 4.329905e-05 8.582990e-01 8.735775e-01
3.085251e+00 3.987461e-05 8.699350e-01 8.726047e-01
3.091779e+00 4.063233e-05 8.723240e-01 8.725543e-01
3.094309e+00 4.132232e-05 8.635860e-01 8.731574e-01
3.095751e+00 3.966886e-05 8.716390e-01 8.726076e-01
3.076526e+00 3.846711e-05 8.617380e-01 8.713757e-01
3.096790e+00 4.038407e-05 8.641040e-01 8.728153e-01
3.094232e+00 4.053266e-05 8.626850e-01 8.736690e-01
3.091138e+00 3.930083e-05 8.604230e-01 8.726953e-01
3.095512e+00 4.000331e-05 8.672610e-01 8.728420e-01
3.100896e+00 4.087980e-05 8.896420e-01 8.733355e-01
3.096334e+00 3.960607e-05 8.713810e-01 8.735404e-01
3.094709e+00 4.237025e-05 8.733250e-01 8.722884e-01
3.096446e+00 3.995610e-05 8.738980e-01 8.728286e-01
3.085134e+00 3.897337e-05 8.736370e-01 8.727610e-01
3.091382e+00 3.984027e-05 8.766450e-01 8.724142e-01
3.095935e+00 4.011511e-05 8.858570e-01 8.732926e-01
3.090811e+00 5.343737e-05 8.789010e-01 8.724742e-01
3.092676e+00 4.273829e-05 8.699150e-01 8.731078e-01
3.097825e+00 3.975259e-05 8.692640e-01 8.728191e-01
3.088339e+00 4.269931e-05 8.666010e-01 8.731431e-01
3.086633e+00 3.983890e-05 8.774260e-01 8.737014e-01
3.094596e+00 4.061421e-05 8.637290e-01 8.733422e-01
3.088366e+00 3.950028e-05 8.634850e-01 8.726886e-01
3.084920e+00 3.964228e-05 8.592190e-01 8.733603e-01
3.085287e+00 3.965944e-05 8.520290e-01 8.732898e-01
3.099952e+00 4.164949e-05 8.575400e-01 8.732822e-01
3.085847e+00 3.980480e-05 8.572340e-01 8.736442e-01
3.083087e+00 3.938879e-05 8.724720e-01 8.734708e-01
3.083893e+00 3.828142e-05 8.643350e-01 8.734194e-01
3.090494e+00 4.020879e-05 8.746150e-01 8.730259e-01
3.088242e+00 4.078944e-05 8.696640e-01 8.730116e-01
3.093083e+00 3.942185e-05 8.631270e-01 8.726448e-01
3.086171e+00 4.118647e-05 8.762340e-01 8.730354e-01
3.095521e+00 4.198704e-05 8.672260e-01 8.731678e-01
3.095249e+00 4.164385e-05 8.736020e-01 8.736318e-01
3.092301e+00 4.014904e-05 8.689880e-01 8.738195e-01
3.093547e+00 4.534944e-05 8.729460e-01 8.728563e-01
3.089079e+00 4.057230e-05 8.725420e-01 8.736852e-01
3.090946e+00 3.977952e-05 8.660720e-01 8.736976e-01
3.092189e+00 3.942129e-05 8.785360e-01 8.733031e-01
3.088269e+00 4.035014e-05 8.718350e-01 8.728344e-01
3.097579e+00 4.143544e-05 8.697770e-01 8.739177e-01
3.097141e+00 4.316580e-05 8.568190e-01 8.734956e-01
3.091712e+00 3.993961e-05 8.773460e-01 8.734575e-01
3.090115e+00 4.343098e-05 8.725350e-01 8.737385e-01
3.097098e+00 4.220675e-05 8.649970e-01 8.742359e-01
3.091647e+00 3.980684e-05 8.722630e-01 8.726181e-01
3.093296e+00 4.390501e-05 8.816700e-01 8.736671e-01
3.097730e+00 4.405060e-05 8.705490e-01 8.733003e-01
3.095377e+00 4.608837e-05 8.526870e-01 8.741158e-01
3.094181e+00 4.547830e-05 8.566110e-01 8.732888e-01
3.087537e+00 4.096778e-05 8.694850e-01 8.734060e-01
3.087394e+00 3.898395e-05 8.722800e-01 8.738291e-01
3.090612e+00 5.558078e-05 8.503930e-01 8.730421e-01
3.091011e+00 3.938790e-05 8.694910e-01 8.741130e-01
3.092888e+00 4.021275e-05 8.724250e-01 8.735261e-01
3.095828e+00 5.679575e-05 8.644260e-01 8.739758e-01
3.083454e+00 4.019615e-05 8.659490e-01 8.735137e-01
3.088526e+00 4.022166e-05 8.751780e-01 8.735870e-01
3.084385e+00 4.047028e-05 8.733880e-01 8.732298e-01
3.085263e+00 4.138308e-05 8.640920e-01 8.728896e-01
3.085821e+00 4.145729e-05 8.782870e-01 8.735346e-01
3.086039e+00 3.866041e-05 8.633650e-01 8.736109e-01
3.085130e+00 3.997321e-05 8.668650e-01 8.731116e-01
3.090228e+00 4.057092e-05 8.812320e-01 8.730792e-01
3.089040e+00 4.030838e-05 8.527920e-01 8.728506e-01
3.085844e+00 3.987895e-05 8.505430e-01 8.738271e-01
3.087614e+00 4.069208e-05 8.596110e-01 8.737214e-01
3.087281e+00 3.967655e-05 8.585020e-01 8.738119e-01
3.089165e+00 3.930186e-05 8.811190e-01 8.739243e-01
3.092923e+00 3.971293e-05 8.830040e-01 8.738319e-01
3.085388e+00 4.014687e-05 8.710070e-01 8.739167e-01
3.088765e+00 4.056712e-05 8.636030e-01 8.736518e-01
3.081886e+00 3.855390e-05 8.731210e-01 8.739758e-01
3.084285e+00 4.090386e-05 8.568570e-01 8.736823e-01
3.084903e+00 4.034023e-05 8.575770e-01 8.739472e-01
3.085761e+00 4.165127e-05 8.775080e-01 8.734432e-01
3.085242e+00 4.062277e-05 8.719270e-01 8.739948e-01
3.081741e+00 3.891218e-05 8.706450e-01 8.744036e-01
3.084827e+00 4.003888e-05 8.704610e-01 8.743588e-01
3.088329e+00 4.208979e-05 8.635850e-01 8.737004e-01
3.082755e+00 3.880305e-05 8.661350e-01 8.743693e-01
3.081886e+00 3.978027e-05 8.653830e-01 8.736147e-01
3.083997e+00 4.052222e-05 8.827250e-01 8.746532e-01
3.089256e+00 4.110954e-05 8.583160e-01 8.748104e-01
3.083638e+00 3.954187e-05 8.592560e-01 8.736004e-01
3.084977e+00 4.980660e-05 8.566210e-01 8.740196e-01
3.079803e+00 3.885121e-05 8.766710e-01 8.741330e-01
3.081522e+00 3.951753e-05 8.648990e-01 8.733069e-01
3.081072e+00 4.982491e-05 8.732050e-01 8.734956e-01
3.077837e+00 3.859890e-05 8.633690e-01 8.739853e-01
3.086754e+00 3.909391e-05 8.707630e-01 8.740387e-01
3.088213e+00 3.998815e-05 8.636690e-01 8.737928e-01
3.080834e+00 3.828564e-05 8.699340e-01 8.733689e-01
3.086034e+00 3.989531e-05 8.630930e-01 8.736928e-01
3.087447e+00 3.983373e-05 8.709470e-01 8.743521e-01
3.079296e+00 3.934025e-05 8.818660e-01 8.743264e-01
3.084813e+00 3.946590e-05 8.654680e-01 8.742225e-01
3.086360e+00 4.408699e-05 8.649510e-01 8.748018e-01
3.077746e+00 3.951832e-05 8.702560e-01 8.734756e-01
3.082382e+00 4.052219e-05 8.657360e-01 8.741730e-01
3.076562e+00 3.895384e-05 8.575340e-01 8.739339e-01
3.084512e+00 3.980197e-05 8.520390e-01 8.741101e-01
3.081138e+00 4.048651e-05 8.787300e-01 8.743845e-01
3.084925e+00 4.034478e-05 8.810410e-01 8.749543e-01
3.080839e+00 4.440398e-05 8.710940e-01 8.742378e-01
3.082074e+00 3.957465e-05 8.752120e-01 8.734556e-01
3.084302e+00 4.001826e-05 8.765080e-01 8.745398e-01
3.083325e+00 3.941028e-05 8.670300e-01 8.746418e-01
3.081208e+00 4.181604e-05 8.642240e-01 8.737843e-01
3.081138e+00 4.582887e-05 8.789890e-01 8.750048e-01
3.084227e+00 3.982043e-05 8.876080e-01 8.740549e-01
3.074689e+00 3.798589e-05 8.645030e-01 8.740939e-01
3.086567e+00 3.954108e-05 8.791130e-01 8.739577e-01
3.086289e+00 4.153144e-05 8.735790e-01 8.735165e-01
3.081969e+00 3.965492e-05 8.669550e-01 8.742749e-01
3.079579e+00 3.922381e-05 8.701870e-01 8.744407e-01
3.079633e+00 3.910820e-05 8.706820e-01 8.739872e-01
3.086229e+00 4.042567e-05 8.806870e-01 8.743121e-01
3.081583e+00 4.043493e-05 8.694570e-01 8.744579e-01
3.075923e+00 3.843902e-05 8.498030e-01 8.744798e-01
3.086493e+00 3.882994e-05 8.574790e-01 8.750391e-01
3.093120e+00 3.952580e-05 8.618830e-01 8.747027e-01
3.091030e+00 4.209511e-05 8.701860e-01 8.738710e-01
3.080105e+00 3.881915e-05 8.717990e-01 8.746341e-01
3.085742e+00 3.983482e-05 8.609440e-01 8.739920e-01
3.080609e+00 3.867919e-05 8.782030e-01 8.739653e-01
3.077556e+00 4.010165e-05 8.704290e-01 8.739196e-01
3.080616e+00 3.985461e-05 8.710240e-01 8.744388e-01
3.077917e+00 3.903495e-05 8.583050e-01 8.749829e-01
3.082607e+00 3.970861e-05 8.840830e-01 8.748561e-01
3.094133e+00 2.580552e-04 8.767580e-01 8.749476e-01
3.082691e+00 4.090616e-05 8.586340e-01 8.745960e-01
3.079417e+00 3.919162e-05 8.668510e-01 8.737719e-01
3.082331e+00 3.961490e-05 8.528860e-01 8.737614e-01
3.090453e+00 3.980205e-05 8.711960e-01 8.747361e-01
3.082943e+00 4.002581e-05 8.716900e-01 8.748580e-01
3.081470e+00 3.880612e-05 8.635310e-01 8.738996e-01
3.079402e+00 3.961147e-05 9.026990e-01 8.744131e-01
3.083996e+00 3.981704e-05 8.762640e-01 8.743445e-01
3.083183e+00 4.000713e-05 8.764240e-01 8.745103e-01
3.077988e+00 3.827980e-05 8.660930e-01 8.743721e-01
3.074682e+00 3.949849e-05 8.647330e-01 8.747237e-01
3.086463e+00 6.184151e-05 8.692190e-01 8.746599e-01
3.086715e+00 4.088585e-05 8.698860e-01 8.741930e-01
3.074114e+00 3.816566e-05 8.771030e-01 8.742264e-01
3.081883e+00 3.973683e-05 8.696830e-01 8.746360e-01
3.088096e+00 4.039550e-05 8.681770e-01 8.744836e-01
3.084834e+00 4.576351e-05 8.622940e-01 8.741578e-01
3.081170e+00 3.909214e-05 8.766800e-01 8.748628e-01
3.077670e+00 4.018714e-05 8.692370e-01 8.743340e-01
3.079901e+00 4.349628e-05 8.780440e-01 8.738557e-01
3.081290e+00 4.171285e-05 8.816110e-01 8.752068e-01
3.086854e+00 4.036458e-05 8.880970e-01 8.744941e-01
3.078873e+00 3.833591e-05 8.762280e-01 8.755231e-01
3.082905e+00 3.901164e-05 8.651560e-01 8.743273e-01
3.082936e+00 3.961048e-05 8.751140e-01 8.743921e-01
3.084521e+00 3.920428e-05 8.703040e-01 8.744931e-01
3.092055e+00 4.029914e-05 8.633430e-01 8.752601e-01
3.075926e+00 3.841196e-05 8.782690e-01 8.744846e-01
3.078466e+00 3.922887e-05 8.503490e-01 8.747399e-01
3.079937e+00 3.858835e-05 8.493100e-01 8.743759e-01
3.086576e+00 3.956357e-05 8.700630e-01 8.749686e-01
3.080483e+00 3.931754e-05 8.774850e-01 8.745979e-01
3.086146e+00 3.920588e-05 8.702130e-01 8.753087e-01
3.080251e+00 3.979870e-05 8.675380e-01 8.740844e-01
3.081700e+00 4.356000e-05 8.778280e-01 8.746046e-01
3.077137e+00 3.845464e-05 8.644540e-01 8.744131e-01
3.072621e+00 3.867941e-05 8.573390e-01 8.747713e-01
3.077168e+00 3.854940e-05 8.638770e-01 8.756269e-01
3.076884e+00 4.017642e-05 8.734200e-01 8.747037e-01
3.079829e+00 3.915637e-05 8.725260e-01 8.746913e-01
3.074951e+00 3.922098e-05 8.634480e-01 8.747266e-01
3.082935e+00 3.949330e-05 8.648840e-01 8.753983e-01
3.079789e+00 4.024042e-05 8.632090e-01 8.754373e-01
3.074084e+00 3.812498e-05 8.738960e-01 8.750324e-01
3.078662e+00 3.872435e-05 8.662460e-01 8.753268e-01
3.077990e+00 3.929564e-05 8.697750e-01 8.748152e-01
3.088469e+00 4.147504e-05 8.513050e-01 8.751744e-01
3.075990e+00 3.833555e-05 8.710820e-01 8.747361e-01
3.076554e+00 3.865063e-05 8.635700e-01 8.740225e-01
3.089249e+00 7.721550e-05 8.710630e-01 8.752353e-01
3.079255e+00 3.973494e-05 8.596060e-01 8.741177e-01
3.077385e+00 3.841147e-05 8.639700e-01 8.747399e-01
3.088110e+00 4.585202e-05 8.693120e-01 8.744045e-01
3.076711e+00 3.964385e-05 8.664480e-01 8.757222e-01
3.076794e+00 3.817147e-05 8.563830e-01 8.755040e-01
3.081601e+00 4.486579e-05 8.686130e-01 8.744607e-01
3.074279e+00 3.826203e-05 8.666790e-01 8.740949e-01
3.076163e+00 3.864485e-05 8.788760e-01 8.747475e-01
3.078880e+00 3.804173e-05 8.598500e-01 8.742035e-01
3.081903e+00 3.943339e-05 8.567990e-01 8.750572e-01
3.078903e+00 3.897764e-05 8.660010e-01 8.751610e-01
3.090393e+00 3.924960e-05 8.570530e-01 8.749905e-01
3.084544e+00 4.052927e-05 8.663010e-01 8.748180e-01
3.082846e+00 4.056836e-05 8.657500e-01 8.752334e-01
3.078543e+00 3.941896e-05 8.649370e-01 8.747399e-01
3.073767e+00 3.953798e-05 8.641750e-01 8.745770e-01
3.085380e+00 4.140914e-05 8.517530e-01 8.754649e-01
3.085989e+00 3.947948e-05 8.552340e-01 8.751315e-01
3.081118e+00 4.118878e-05 8.668170e-01 8.741206e-01
3.079189e+00 3.845158e-05 8.755740e-01 8.752344e-01
3.072066e+00 3.854722e-05 8.664100e-01 8.752229e-01
3.079127e+00 4.066573e-05 8.694820e-01 8.750486e-01
3.077520e+00 3.969192e-05 8.556910e-01 8.746970e-01
3.080780e+00 3.884955e-05 8.804210e-01 8.755707e-01
3.083324e+00 3.992173e-05 8.671140e-01 8.754268e-01
3.084047e+00 4.160162e-05 8.886010e-01 8.748618e-01
3.080473e+00 4.074541e-05 8.731130e-01 8.754154e-01
3.077830e+00 3.860885e-05 8.758520e-01 8.744102e-01
3.085640e+00 4.335016e-05 8.638270e-01 8.748018e-01
3.083118e+00 4.042699e-05 8.788430e-01 8.750286e-01
3.080550e+00 3.903640e-05 8.566560e-01 8.749981e-01
3.069599e+00 4.014936e-05 8.600600e-01 8.745455e-01
3.074639e+00 3.904570e-05 8.657380e-01 8.755021e-01
3.072551e+00 3.776229e-05 8.560990e-01 8.746399e-01
3.077672e+00 3.912096e-05 8.516500e-01 8.745808e-01
3.077665e+00 3.935468e-05 8.713640e-01 8.742225e-01
3.079556e+00 4.675316e-05 8.782980e-01 8.751200e-01
3.078026e+00 3.924503e-05 8.958400e-01 8.739948e-01
3.078748e+00 3.838127e-05 8.695680e-01 8.745046e-01
3.073140e+00 3.932544e-05 8.630770e-01 8.745379e-01
3.077861e+00 3.941888e-05 8.674420e-01 8.749009e-01
3.076400e+00 3.892275e-05 8.828180e-01 8.744445e-01
3.085699e+00 4.574307e-05 8.798140e-01 8.751286e-01
3.079822e+00 5.340578e-05 8.655740e-01 8.754106e-01
3.083998e+00 3.884214e-05 8.746320e-01 8.748723e-01
3.081756e+00 3.914307e-05 8.575010e-01 8.752973e-01
3.086907e+00 4.019349e-05 8.694220e-01 8.741711e-01
3.074311e+00 4.245780e-05 8.619330e-01 8.753325e-01
3.073471e+00 3.905416e-05 8.829390e-01 8.744455e-01
3.082987e+00 4.599503e-05 8.687800e-01 8.745913e-01
3.081310e+00 3.918387e-05 8.598770e-01 8.746942e-01
3.083619e+00 3.932357e-05 8.689450e-01 8.748371e-01
3.082512e+00 4.033001e-05 8.750130e-01 8.747904e-01
3.077972e+00 3.901677e-05 8.843340e-01 8.755726e-01
3.076313e+00 3.917939e-05 8.570370e-01 8.744969e-01
3.076298e+00 3.939479e-05 8.751210e-01 8.756669e-01
3.077071e+00 3.831510e-05 8.656090e-01 8.747142e-01
3.075098e+00 3.920573e-05 8.616160e-01 8.742587e-01
3.082568e+00 4.016418e-05 8.588070e-01 8.748666e-01
3.079158e+00 3.872757e-05 8.753170e-01 8.751686e-01
3.084804e+00 3.911037e-05 8.740940e-01 8.756107e-01
3.078307e+00 7.488013e-05 8.618680e-01 8.754811e-01
3.078671e+00 3.887813e-05 8.724620e-01 8.747342e-01
3.078960e+00 3.909435e-05 8.782160e-01 8.748409e-01
3.081985e+00 3.917546e-05 8.766950e-01 8.745379e-01
3.080859e+00 3.934386e-05 8.754830e-01 8.751534e-01
3.075348e+00 3.826122e-05 8.582710e-01 8.751181e-01
3.081909e+00 3.985863e-05 8.827430e-01 8.745103e-01
3.073687e+00 4.004161e-05 8.643360e-01 8.757756e-01
3.078480e+00 3.910412e-05 8.870980e-01 8.751906e-01
3.079529e+00 4.076834e-05 8.593770e-01 8.743979e-01
3.076162e+00 3.992748e-05 8.789500e-01 8.752715e-01
3.076775e+00 3.867200e-05 8.602020e-01 8.752296e-01
3.080249e+00 4.166710e-05 8.673460e-01 8.755040e-01
3.082140e+00 4.078915e-05 8.635910e-01 8.744912e-01
3.073102e+00 3.802555e-05 8.853340e-01 8.740758e-01
3.083294e+00 3.951286e-05 8.696110e-01 8.754707e-01
3.077010e+00 3.909080e-05 8.652620e-01 8.754926e-01
3.081599e+00 3.933583e-05 8.557030e-01 8.748199e-01
3.082531e+00 3.939943e-05 8.806900e-01 8.751353e-01
3.078566e+00 3.980276e-05 8.695040e-01 8.748028e-01
3.081875e+00 3.923855e-05 8.794390e-01 8.746732e-01
3.073038e+00 3.888586e-05 8.645670e-01 8.756393e-01
3.078670e+00 3.820833e-05 8.579150e-01 8.750619e-01
3.076127e+00 3.898551e-05 8.573880e-01 8.753821e-01
3.075450e+00 3.867104e-05 8.710430e-01 8.750953e-01
3.081657e+00 4.072340e-05 8.636190e-01 8.752906e-01
3.077120e+00 3.981142e-05 8.701520e-01 8.752544e-01
3.075053e+00 3.872416e-05 8.568480e-01 8.748037e-01
3.078693e+00 4.058463e-05 8.677040e-01 8.751362e-01
3.071254e+00 5.027877e-05 8.647390e-01 8.754964e-01
3.078292e+00 3.847695e-05 8.647120e-01 8.751982e-01
3.076950e+00 3.882491e-05 8.714960e-01 8.755602e-01
3.077184e+00 3.890781e-05 8.641210e-01 8.751667e-01
3.080583e+00 3.817850e-05 8.891200e-01 8.746780e-01
3.072939e+00 3.806082e-05 8.704970e-01 8.757031e-01
3.081938e+00 3.911563e-05 8.798600e-01 8.748981e-01
3.077508e+00 3.961538e-05 8.695100e-01 8.749238e-01
3.075589e+00 4.094302e-05 8.737640e-01 8.747590e-01
3.074608e+00 3.762475e-05 8.503600e-01 8.754249e-01
3.077431e+00 3.892264e-05 8.667800e-01 8.754459e-01
3.076265e+00 3.892322e-05 8.830260e-01 8.756212e-01
3.073319e+00 3.843527e-05 8.578610e-01 8.752487e-01
3.071396e+00 3.941281e-05 8.686010e-01 8.757089e-01
3.081671e+00 4.047488e-05 8.797990e-01 8.755231e-01
3.078400e+00 3.920041e-05 8.627400e-01 8.752468e-01
3.078676e+00 3.855839e-05 8.690490e-01 8.749143e-01
3.076330e+00 3.819533e-05 8.844330e-01 8.752830e-01
3.074317e+00 3.881062e-05 8.562720e-01 8.748409e-01
3.076509e+00 4.404898e-05 8.780720e-01 8.758337e-01
3.075394e+00 3.964107e-05 8.774590e-01 8.750581e-01
3.084246e+00 4.030081e-05 8.655350e-01 8.753392e-01
3.085555e+00 3.950064e-05 8.634490e-01 8.753582e-01
3.073660e+00 3.912295e-05 8.566970e-01 8.754240e-01
3.078010e+00 3.881890e-05 8.669330e-01 8.747828e-01
3.075241e+00 3.781220e-05 8.561040e-01 8.754649e-01
3.075854e+00 3.869467e-05 8.733740e-01 8.756336e-01
3.075395e+00 4.308663e-05 8.629550e-01 8.752029e-01
3.077473e+00 3.897752e-05 8.701360e-01 8.753192e-01
3.074884e+00 3.920546e-05 8.631540e-01 8.750829e-01
3.071501e+00 3.804297e-05 8.682010e-01 8.752820e-01
3.075672e+00 3.879121e-05 8.775440e-01 8.752896e-01
3.078046e+00 3.851786e-05 8.599450e-01 8.759947e-01
3.072954e+00 3.956678e-05 8.887640e-01 8.755802e-01
3.075416e+00 3.911717e-05 8.697550e-01 8.750324e-01
3.083583e+00 3.883081e-05 8.736580e-01 8.750791e-01
3.078608e+00 4.208169e-05 8.550640e-01 8.750591e-01
3.079980e+00 3.885796e-05 8.947780e-01 8.753106e-01
3.081657e+00 4.799706e-05 8.786830e-01 8.748133e-01
3.077556e+00 3.876959e-05 8.723720e-01 8.749638e-01
3.080766e+00 3.987912e-05 8.600650e-01 8.753859e-01
3.083143e+00 4.377482e-05 8.772660e-01 8.756584e-01
3.079397e+00 3.965701e-05 8.549520e-01 8.758118e-01
3.076734e+00 3.840434e-05 8.688160e-01 8.751343e-01
3.073222e+00 3.799200e-05 8.806510e-01 8.752763e-01
3.078392e+00 4.039243e-05 8.868620e-01 8.752344e-01
3.078543e+00 3.919744e-05 8.701870e-01 8.751486e-01
3.074420e+00 3.788664e-05 8.786680e-01 8.752582e-01
3.077770e+00 3.955074e-05 8.714150e-01 8.753125e-01
3.077080e+00 4.323224e-05 8.652730e-01 8.751629e-01
3.077120e+00 4.195764e-05 8.724850e-01 8.752858e-01
3.072792e+00 3.868846e-05 8.653630e-01 8.753192e-01
3.079572e+00 3.886127e-05 8.807390e-01 8.748685e-01
3.080961e+00 4.758241e-05 8.770570e-01 8.751058e-01
3.077556e+00 3.893442e-05 8.842750e-01 8.755107e-01
3.081340e+00 3.820618e-05 8.732490e-01 8.750991e-01
3.072176e+00 3.902870e-05 8.718560e-01 8.758327e-01
3.077200e+00 3.934580e-05 8.661370e-01 8.746046e-01
3.076953e+00 3.922125e-05 8.702760e-01 8.749285e-01
3.084092e+00 4.689819e-05 8.652730e-01 8.744931e-01
3.078034e+00 3.844989e-05 8.734710e-01 8.751496e-01
3.077498e+00 3.883223e-05 8.789570e-01 8.752877e-01
3.083354e+00 3.992572e-05 8.636390e-01 8.750829e-01
3.085599e+00 4.181108e-05 8.714830e-01 8.753011e-01
3.077473e+00 3.895409e-05 8.574330e-01 8.752401e-01
3.082495e+00 4.108313e-05 8.623260e-01 8.751296e-01
3.083735e+00 3.895150e-05 8.562810e-01 8.751810e-01
3.085532e+00 4.289085e-05 8.713880e-01 8.748923e-01
3.071034e+00 3.833662e-05 8.722300e-01 8.753954e-01
3.082676e+00 3.902534e-05 8.692560e-01 8.751324e-01
3.079575e+00 4.139914e-05 8.639020e-01 8.752992e-01
3.080235e+00 3.958627e-05 8.656370e-01 8.752696e-01
3.082217e+00 3.885594e-05 8.562710e-01 8.749028e-01
3.073753e+00 4.214211e-05 8.709630e-01 8.754373e-01
3.086343e+00 7.524740e-05 8.815890e-01 8.751315e-01
3.094075e+00 4.969124e-05 8.685140e-01 8.755593e-01
3.075154e+00 4.122971e-05 8.597900e-01 8.753382e-01
3.080510e+00 4.230048e-05 8.508850e-01 8.749047e-01
3.074314e+00 3.756578e-05 8.687510e-01 8.752287e-01
3.075503e+00 3.885176e-05 8.735510e-01 8.747952e-01
3.088781e+00 1.140299e-04 8.636700e-01 8.756145e-01
3.075053e+00 3.816322e-05 8.697810e-01 8.757517e-01
3.081527e+00 3.912717e-05 8.590410e-01 8.753449e-01
3.078462e+00 4.509860e-05 8.665530e-01 8.755069e-01
3.078818e+00 3.946656e-05 8.546830e-01 8.753430e-01
3.074842e+00 4.023748e-05 8.777290e-01 8.754945e-01
3.081825e+00 3.916503e-05 8.574620e-01 8.754821e-01
3.079706e+00 3.900908e-05 8.635070e-01 8.753525e-01
3.084009e+00 3.987244e-05 8.709540e-01 8.751200e-01
3.082885e+00 3.908102e-05 8.929130e-01 8.754697e-01
3.080458e+00 3.950211e-05 8.686880e-01 8.754116e-01
3.081419e+00 3.936596e-05 8.769870e-01 8.753630e-01
3.074649e+00 4.073273e-05 8.640320e-01 8.759337e-01
3.079373e+00 3.839715e-05 8.833780e-01 8.751896e-01
3.079771e+00 4.011629e-05 8.725810e-01 8.755154e-01
3.084823e+00 4.066741e-05 8.506090e-01 8.753001e-01
3.076179e+00 3.816264e-05 8.795050e-01 8.749724e-01
3.075676e+00 4.154074e-05 8.732470e-01 8.749057e-01
3.077973e+00 4.008763e-05 8.661400e-01 8.755764e-01
3.078904e+00 3.813923e-05 8.692630e-01 8.755393e-01
3.072755e+00 3.875465e-05 8.708760e-01 8.752325e-01
3.084420e+00 4.002374e-05 8.713630e-01 8.751705e-01
3.078253e+00 3.897763e-05 8.579840e-01 8.759813e-01
3.080669e+00 3.923956e-05 8.642510e-01 8.759585e-01
3.078104e+00 3.953568e-05 8.569790e-01 8.755421e-01
3.082749e+00 3.867914e-05 8.783050e-01 8.751039e-01
3.083898e+00 3.814139e-05 8.711280e-01 8.747923e-01
3.085274e+00 4.090466e-05 8.723510e-01 8.750353e-01
3.071946e+00 3.753528e-05 8.692690e-01 8.760290e-01
3.076540e+00 3.977790e-05 8.642300e-01 8.757203e-01
3.075774e+00 3.978698e-05 8.707750e-01 8.753916e-01
3.074657e+00 3.782995e-05 8.594830e-01 8.752163e-01
3.072326e+00 3.799830e-05 8.667460e-01 8.756193e-01
3.075153e+00 3.855785e-05 8.629740e-01 8.750972e-01
3.080406e+00 3.914671e-05 8.531130e-01 8.749152e-01
3.077482e+00 3.886606e-05 8.780070e-01 8.757403e-01
