# dim  N   mc   rho  Brute 
# 2    2 262394 1
#
# Theoretical Energy = 2.000000e+00
# Energy     Variance     CPU time     Acceptance
3.255586e+00 5.465465e-05 8.675840e-01 8.605456e-01
3.264905e+00 4.816927e-05 8.958320e-01 8.621043e-01
3.258939e+00 5.152984e-05 8.664460e-01 8.614317e-01
3.244664e+00 4.737747e-05 8.687880e-01 8.609477e-01
3.246192e+00 4.912780e-05 8.586440e-01 8.616155e-01
3.241650e+00 5.671003e-05 8.753460e-01 8.606637e-01
3.247545e+00 6.841277e-05 8.510380e-01 8.616651e-01
3.235338e+00 4.789160e-05 8.633070e-01 8.605199e-01
3.223695e+00 4.681861e-05 8.706140e-01 8.606237e-01
3.234536e+00 4.647652e-05 8.663060e-01 8.614231e-01
3.217777e+00 4.592185e-05 8.752330e-01 8.599292e-01
3.241192e+00 5.075163e-05 8.765530e-01 8.616479e-01
3.226224e+00 5.087809e-05 8.664350e-01 8.603827e-01
3.231268e+00 4.734923e-05 8.833070e-01 8.614307e-01
3.237093e+00 4.810618e-05 8.707870e-01 8.612735e-01
3.229615e+00 4.812377e-05 8.844760e-01 8.608619e-01
3.223593e+00 4.537217e-05 8.899770e-01 8.611192e-01
3.224222e+00 4.670124e-05 8.750210e-01 8.618595e-01
3.237571e+00 4.793587e-05 8.625740e-01 8.616155e-01
3.232292e+00 4.568205e-05 8.740030e-01 8.607857e-01
3.222742e+00 4.452338e-05 8.786170e-01 8.618414e-01
3.227063e+00 4.649090e-05 8.751750e-01 8.609543e-01
3.223790e+00 4.673259e-05 8.844270e-01 8.609029e-01
3.221151e+00 4.580934e-05 8.638080e-01 8.617213e-01
3.227394e+00 4.506011e-05 8.722750e-01 8.612564e-01
3.229046e+00 4.779689e-05 8.561020e-01 8.615879e-01
3.221234e+00 4.831208e-05 8.743480e-01 8.610782e-01
3.217255e+00 4.991899e-05 8.631510e-01 8.608895e-01
3.244378e+00 4.692418e-05 8.889540e-01 8.617394e-01
3.222876e+00 4.871342e-05 8.666710e-01 8.614336e-01
3.221269e+00 4.618146e-05 8.651630e-01 8.616546e-01
3.223416e+00 4.537196e-05 8.900340e-01 8.617699e-01
3.231996e+00 4.971194e-05 8.707290e-01 8.609934e-01
3.226940e+00 6.185225e-05 8.917930e-01 8.615660e-01
3.223352e+00 4.630969e-05 8.759760e-01 8.617003e-01
3.227125e+00 4.597278e-05 8.570760e-01 8.616794e-01
3.231009e+00 7.239726e-05 8.576340e-01 8.619585e-01
3.231703e+00 4.732688e-05 8.632580e-01 8.619585e-01
3.221448e+00 5.100520e-05 8.759250e-01 8.611268e-01
3.215306e+00 4.402412e-05 8.879430e-01 8.615832e-01
3.227410e+00 4.593195e-05 8.763750e-01 8.618442e-01
3.224391e+00 4.424920e-05 8.732140e-01 8.615736e-01
3.219847e+00 4.838270e-05 8.656120e-01 8.607819e-01
3.222726e+00 4.495612e-05 8.774130e-01 8.618947e-01
3.208546e+00 4.367617e-05 9.082500e-01 8.616213e-01
3.225523e+00 4.847168e-05 8.611400e-01 8.614602e-01
3.224041e+00 4.498735e-05 8.683340e-01 8.615012e-01
3.224452e+00 4.597798e-05 8.673470e-01 8.621205e-01
3.214765e+00 5.410365e-05 8.713360e-01 8.612916e-01
3.226167e+00 4.840796e-05 8.758340e-01 8.620033e-01
3.220326e+00 4.554411e-05 8.558560e-01 8.613878e-01
3.220570e+00 4.674154e-05 8.701740e-01 8.620367e-01
3.224296e+00 4.503430e-05 8.593810e-01 8.620757e-01
3.218403e+00 4.520541e-05 8.528130e-01 8.618318e-01
3.219065e+00 4.619870e-05 8.933610e-01 8.620862e-01
3.216315e+00 4.374643e-05 8.743610e-01 8.611277e-01
3.228367e+00 4.486545e-05 8.725690e-01 8.618737e-01
3.213778e+00 4.361951e-05 8.585260e-01 8.623558e-01
3.226080e+00 6.009975e-05 8.544990e-01 8.619214e-01
3.215439e+00 4.481570e-05 8.700120e-01 8.623987e-01
3.218711e+00 5.322975e-05 8.563840e-01 8.619786e-01
3.210632e+00 4.391415e-05 8.844870e-01 8.613488e-01
3.223825e+00 4.462370e-05 8.996050e-01 8.611811e-01
3.232868e+00 4.737246e-05 8.822390e-01 8.618747e-01
3.205362e+00 4.452930e-05 8.691970e-01 8.612201e-01
3.211939e+00 4.367707e-05 8.865120e-01 8.625226e-01
3.217663e+00 4.582364e-05 8.579300e-01 8.629428e-01
3.220311e+00 4.589009e-05 8.649050e-01 8.622215e-01
3.225305e+00 4.730233e-05 8.816980e-01 8.621205e-01
3.224151e+00 4.736278e-05 8.707400e-01 8.623663e-01
3.227356e+00 4.522863e-05 8.681410e-01 8.625531e-01
3.202148e+00 4.401086e-05 8.848000e-01 8.625207e-01
3.210552e+00 4.430143e-05 8.787990e-01 8.621415e-01
3.213134e+00 4.518987e-05 8.687330e-01 8.621882e-01
3.214462e+00 6.651068e-05 8.681730e-01 8.631466e-01
3.217321e+00 5.943288e-05 8.624310e-01 8.625616e-01
3.207370e+00 4.316343e-05 8.703670e-01 8.624044e-01
3.211411e+00 4.366602e-05 8.749440e-01 8.630466e-01
3.214769e+00 4.513993e-05 8.597460e-01 8.617204e-01
3.208505e+00 4.573591e-05 8.684090e-01 8.626769e-01
3.209108e+00 4.416587e-05 8.797150e-01 8.627646e-01
3.213311e+00 4.492385e-05 8.662510e-01 8.632953e-01
3.208741e+00 4.481847e-05 8.697330e-01 8.626379e-01
3.208866e+00 4.923306e-05 8.826980e-01 8.624635e-01
3.212278e+00 4.550282e-05 8.790050e-01 8.628017e-01
3.210505e+00 4.356818e-05 8.613710e-01 8.626645e-01
3.208300e+00 4.556821e-05 8.632070e-01 8.627941e-01
3.210568e+00 4.483576e-05 8.844220e-01 8.625826e-01
3.216466e+00 4.697498e-05 8.502060e-01 8.622777e-01
3.205666e+00 4.558207e-05 8.710870e-01 8.629770e-01
3.218917e+00 4.580306e-05 8.658900e-01 8.622348e-01
3.202943e+00 4.606394e-05 8.698230e-01 8.630904e-01
3.209836e+00 4.500811e-05 8.661730e-01 8.627389e-01
3.206191e+00 4.703377e-05 8.665200e-01 8.624035e-01
3.210385e+00 4.786270e-05 8.651690e-01 8.625331e-01
3.218523e+00 9.250928e-05 8.720000e-01 8.632715e-01
3.203829e+00 4.379893e-05 8.583030e-01 8.633572e-01
3.204715e+00 4.420193e-05 8.632350e-01 8.624283e-01
3.210151e+00 4.648753e-05 8.644560e-01 8.630723e-01
3.212620e+00 5.461693e-05 8.657410e-01 8.626369e-01
3.209750e+00 4.796749e-05 8.629820e-01 8.628294e-01
3.204647e+00 4.381716e-05 8.782790e-01 8.632648e-01
3.206868e+00 4.433878e-05 8.791010e-01 8.634630e-01
3.194374e+00 4.362572e-05 8.836510e-01 8.638869e-01
3.202464e+00 4.395187e-05 8.556360e-01 8.632009e-01
3.197689e+00 4.450433e-05 8.768080e-01 8.633191e-01
3.216272e+00 4.503829e-05 8.910010e-01 8.632572e-01
3.197032e+00 5.102035e-05 8.726550e-01 8.632743e-01
3.212231e+00 4.570313e-05 8.746920e-01 8.637221e-01
3.196117e+00 4.355721e-05 8.631280e-01 8.633286e-01
3.199268e+00 5.251685e-05 8.811870e-01 8.636592e-01
3.208270e+00 4.685371e-05 8.628680e-01 8.634887e-01
3.184774e+00 4.282416e-05 8.492090e-01 8.637278e-01
3.200475e+00 4.628740e-05 8.745060e-01 8.635258e-01
3.200747e+00 4.523915e-05 8.662850e-01 8.634163e-01
3.199068e+00 4.492675e-05 8.689770e-01 8.630447e-01
3.193914e+00 4.341530e-05 8.663650e-01 8.631828e-01
3.204591e+00 4.664831e-05 8.635790e-01 8.635277e-01
3.191778e+00 4.336744e-05 8.844260e-01 8.634344e-01
3.193300e+00 4.305937e-05 8.635500e-01 8.635668e-01
3.206502e+00 4.980023e-05 8.669570e-01 8.643081e-01
3.193167e+00 4.290361e-05 8.696400e-01 8.644929e-01
3.186517e+00 4.304364e-05 8.797800e-01 8.640899e-01
3.176554e+00 4.285353e-05 8.789260e-01 8.635706e-01
3.191735e+00 4.550889e-05 8.739820e-01 8.631466e-01
3.191237e+00 4.530899e-05 8.891110e-01 8.648969e-01
3.181408e+00 4.280404e-05 8.867920e-01 8.638241e-01
3.195882e+00 4.526941e-05 8.896000e-01 8.644024e-01
3.191082e+00 4.533581e-05 8.652970e-01 8.649683e-01
3.189676e+00 4.359188e-05 8.714090e-01 8.642842e-01
3.189322e+00 4.357590e-05 8.707390e-01 8.650931e-01
3.185784e+00 4.420659e-05 8.696930e-01 8.649293e-01
3.174612e+00 4.271844e-05 8.558110e-01 8.644624e-01
3.184184e+00 4.543607e-05 8.721670e-01 8.650207e-01
3.184630e+00 4.381306e-05 8.610170e-01 8.650512e-01
3.175478e+00 5.305915e-05 8.579300e-01 8.648445e-01
3.183328e+00 4.362353e-05 8.714760e-01 8.643719e-01
3.174358e+00 4.483189e-05 8.662350e-01 8.654781e-01
3.180841e+00 4.354296e-05 8.875390e-01 8.652837e-01
3.180986e+00 4.370325e-05 8.759430e-01 8.649378e-01
3.177780e+00 4.685871e-05 8.691570e-01 8.649883e-01
3.170610e+00 4.298125e-05 8.720120e-01 8.653942e-01
3.167484e+00 4.265331e-05 8.867200e-01 8.645501e-01
3.179924e+00 5.402854e-05 8.560060e-01 8.649712e-01
3.173700e+00 4.303866e-05 8.636260e-01 8.652380e-01
3.174605e+00 5.279298e-05 8.683920e-01 8.653656e-01
3.168126e+00 4.761358e-05 8.622780e-01 8.645948e-01
3.179187e+00 4.510288e-05 8.702400e-01 8.660145e-01
3.178708e+00 4.783993e-05 8.723610e-01 8.659354e-01
3.180370e+00 8.299024e-05 8.637670e-01 8.656410e-01
3.173481e+00 4.450074e-05 8.637440e-01 8.655276e-01
3.156354e+00 4.371643e-05 8.711820e-01 8.657601e-01
3.169335e+00 4.974571e-05 8.649250e-01 8.658134e-01
3.166970e+00 4.353232e-05 8.887020e-01 8.660297e-01
3.160624e+00 4.459198e-05 8.734170e-01 8.651408e-01
3.178588e+00 4.654156e-05 8.761240e-01 8.659821e-01
3.163515e+00 4.524190e-05 8.730910e-01 8.654952e-01
3.160701e+00 4.348832e-05 8.706590e-01 8.660678e-01
3.170657e+00 4.309359e-05 8.964010e-01 8.661917e-01
3.163752e+00 4.426444e-05 8.838800e-01 8.659478e-01
3.164087e+00 4.426237e-05 8.718090e-01 8.658201e-01
3.153338e+00 4.210987e-05 8.639250e-01 8.662479e-01
3.157872e+00 4.629274e-05 8.722180e-01 8.662603e-01
3.154517e+00 4.334989e-05 8.723560e-01 8.665385e-01
3.148320e+00 4.162476e-05 8.761600e-01 8.667462e-01
3.156979e+00 4.427992e-05 8.746700e-01 8.658382e-01
3.159900e+00 4.295145e-05 8.709710e-01 8.666957e-01
3.144831e+00 4.169155e-05 8.770330e-01 8.669215e-01
3.158018e+00 4.557513e-05 8.728990e-01 8.671835e-01
3.152015e+00 4.631481e-05 8.759700e-01 8.672616e-01
3.162161e+00 6.745151e-05 8.921470e-01 8.671968e-01
3.145321e+00 4.120848e-05 8.559390e-01 8.670025e-01
3.152801e+00 4.309560e-05 8.782900e-01 8.665433e-01
3.152622e+00 4.243857e-05 8.568010e-01 8.681506e-01
3.144316e+00 4.336833e-05 8.687720e-01 8.676799e-01
3.152237e+00 4.346149e-05 8.724520e-01 8.679171e-01
3.146433e+00 4.221687e-05 8.572440e-01 8.680601e-01
3.147949e+00 4.259863e-05 8.697070e-01 8.678752e-01
3.147779e+00 4.203557e-05 8.732840e-01 8.671568e-01
3.150832e+00 4.529916e-05 8.735850e-01 8.678657e-01
3.140530e+00 4.301011e-05 8.873530e-01 8.675084e-01
3.140197e+00 4.195993e-05 8.684600e-01 8.677342e-01
3.147949e+00 4.255493e-05 8.767480e-01 8.679848e-01
3.142909e+00 4.284685e-05 8.752880e-01 8.683183e-01
3.141411e+00 4.217490e-05 8.607040e-01 8.682516e-01
3.143714e+00 4.642368e-05 8.577540e-01 8.682906e-01
3.143418e+00 4.475057e-05 8.783080e-01 8.686451e-01
3.141381e+00 4.278352e-05 8.588760e-01 8.684450e-01
3.128064e+00 4.308203e-05 8.767150e-01 8.683411e-01
3.140147e+00 4.429901e-05 8.567640e-01 8.681086e-01
3.143290e+00 4.485953e-05 8.807070e-01 8.690062e-01
3.150391e+00 5.402103e-05 8.903600e-01 8.695168e-01
3.143407e+00 4.594375e-05 8.692710e-01 8.681201e-01
3.156835e+00 8.653985e-04 8.852380e-01 8.688918e-01
3.139694e+00 4.244853e-05 8.719800e-01 8.687975e-01
3.132914e+00 4.123213e-05 8.757300e-01 8.696550e-01
3.132338e+00 5.031093e-05 8.681420e-01 8.685422e-01
3.140331e+00 4.616747e-05 8.722190e-01 8.684631e-01
3.139826e+00 4.248587e-05 8.605630e-01 8.693491e-01
3.131164e+00 5.055333e-05 8.647570e-01 8.686670e-01
3.131013e+00 4.271372e-05 8.760840e-01 8.685669e-01
3.127015e+00 4.159287e-05 8.634140e-01 8.698436e-01
3.128813e+00 4.289148e-05 8.598810e-01 8.687565e-01
3.130738e+00 4.408270e-05 8.590350e-01 8.692786e-01
3.128267e+00 4.492831e-05 8.641800e-01 8.701495e-01
3.132081e+00 4.404256e-05 8.691330e-01 8.685202e-01
3.131734e+00 4.117878e-05 8.669340e-01 8.691081e-01
3.131812e+00 4.177480e-05 8.648790e-01 8.700237e-01
3.132104e+00 4.332401e-05 8.645350e-01 8.695006e-01
3.136969e+00 4.663948e-05 8.617220e-01 8.693129e-01
3.129678e+00 5.496559e-05 8.847680e-01 8.698332e-01
3.129610e+00 4.219669e-05 8.652690e-01 8.691986e-01
3.130531e+00 6.468441e-05 8.641960e-01 8.692224e-01
3.127054e+00 4.294480e-05 8.760240e-01 8.701485e-01
3.129809e+00 4.674451e-05 8.771970e-01 8.696531e-01
3.127093e+00 4.105737e-05 8.736360e-01 8.695435e-01
3.131340e+00 4.103092e-05 8.646570e-01 8.696254e-01
3.124999e+00 4.078050e-05 8.649620e-01 8.691310e-01
3.123947e+00 4.081253e-05 8.625090e-01 8.699827e-01
3.125898e+00 6.251251e-05 8.758420e-01 8.708183e-01
3.118893e+00 4.002185e-05 8.612130e-01 8.702181e-01
3.121432e+00 4.039345e-05 8.639490e-01 8.704191e-01
3.117690e+00 4.023628e-05 8.945580e-01 8.707954e-01
3.129451e+00 4.203773e-05 8.653670e-01 8.703810e-01
3.122767e+00 4.288158e-05 8.731990e-01 8.707402e-01
3.122444e+00 4.193450e-05 8.526200e-01 8.699056e-01
3.115735e+00 4.128150e-05 8.591220e-01 8.701838e-01
3.122092e+00 4.282156e-05 8.731840e-01 8.702314e-01
3.114312e+00 4.674785e-05 8.791840e-01 8.706363e-01
3.124767e+00 4.330115e-05 8.638610e-01 8.700132e-01
3.124828e+00 4.329763e-05 8.632130e-01 8.701457e-01
3.127108e+00 4.501490e-05 8.829110e-01 8.710174e-01
3.124315e+00 4.333684e-05 8.694570e-01 8.708821e-01
3.113134e+00 4.202454e-05 8.618510e-01 8.705916e-01
3.119078e+00 4.145394e-05 8.638330e-01 8.709050e-01
3.123691e+00 4.219873e-05 8.565620e-01 8.705058e-01
3.111732e+00 4.002658e-05 8.696760e-01 8.704610e-01
3.130264e+00 1.906166e-04 8.766020e-01 8.715157e-01
3.114811e+00 4.000433e-05 8.661910e-01 8.704972e-01
3.111757e+00 4.059355e-05 8.809830e-01 8.703534e-01
3.117420e+00 4.186640e-05 8.631210e-01 8.708593e-01
3.127005e+00 4.253711e-05 8.651580e-01 8.706078e-01
3.120039e+00 4.519048e-05 8.731960e-01 8.714367e-01
3.109276e+00 4.058426e-05 8.520890e-01 8.709974e-01
3.111371e+00 4.050123e-05 8.623360e-01 8.710965e-01
3.120409e+00 4.546402e-05 8.700570e-01 8.714557e-01
3.121066e+00 4.134805e-05 8.724130e-01 8.715005e-01
3.119662e+00 4.397056e-05 8.964170e-01 8.717701e-01
3.111951e+00 4.109581e-05 8.704140e-01 8.718206e-01
3.106750e+00 4.044865e-05 8.599480e-01 8.716329e-01
3.114495e+00 4.142322e-05 8.630680e-01 8.710822e-01
3.113904e+00 4.437727e-05 8.701700e-01 8.712956e-01
3.115045e+00 4.291296e-05 8.557130e-01 8.712499e-01
3.114987e+00 4.094898e-05 8.703920e-01 8.715700e-01
3.107956e+00 4.051476e-05 8.621360e-01 8.710879e-01
3.115929e+00 4.371812e-05 8.936750e-01 8.720912e-01
3.106148e+00 3.961769e-05 8.654320e-01 8.715310e-01
3.113177e+00 4.069336e-05 8.600290e-01 8.716043e-01
3.106222e+00 4.176221e-05 8.500330e-01 8.717206e-01
3.119601e+00 4.963776e-05 8.579840e-01 8.716453e-01
3.110393e+00 4.035000e-05 8.697130e-01 8.709974e-01
3.110884e+00 4.092873e-05 8.651590e-01 8.719778e-01
3.104253e+00 4.003851e-05 8.644820e-01 8.717625e-01
3.111173e+00 4.201295e-05 8.697370e-01 8.714843e-01
3.112576e+00 4.468577e-05 8.570640e-01 8.716596e-01
3.103668e+00 4.064375e-05 8.565340e-01 8.715424e-01
3.100066e+00 4.084375e-05 8.691680e-01 8.724085e-01
3.106475e+00 4.088819e-05 8.717040e-01 8.719797e-01
3.105946e+00 3.989421e-05 8.731840e-01 8.719073e-01
3.101663e+00 4.103281e-05 8.763290e-01 8.721160e-01
3.107320e+00 3.969800e-05 8.680400e-01 8.713023e-01
3.107016e+00 4.110901e-05 8.543570e-01 8.722799e-01
3.111273e+00 4.135246e-05 8.642470e-01 8.718082e-01
3.101594e+00 4.173533e-05 8.628100e-01 8.723475e-01
3.113623e+00 4.062168e-05 8.772650e-01 8.721903e-01
3.103437e+00 4.148661e-05 8.801460e-01 8.723704e-01
3.101805e+00 4.088130e-05 8.501740e-01 8.721569e-01
3.099564e+00 4.183058e-05 8.672350e-01 8.720274e-01
3.099686e+00 4.455489e-05 8.661750e-01 8.716920e-01
3.107041e+00 4.268091e-05 8.667760e-01 8.721960e-01
3.107565e+00 4.151168e-05 8.580940e-01 8.726829e-01
3.100129e+00 4.391729e-05 8.567120e-01 8.725142e-01
3.101967e+00 4.107038e-05 8.741250e-01 8.722532e-01
3.104663e+00 4.440091e-05 8.876260e-01 8.728372e-01
3.101743e+00 4.305945e-05 9.246790e-01 8.715386e-01
3.098033e+00 4.083710e-05 9.529560e-01 8.722684e-01
3.096066e+00 3.997580e-05 8.607900e-01 8.724437e-01
3.093751e+00 4.075386e-05 8.792160e-01 8.725485e-01
3.098775e+00 3.910837e-05 8.532370e-01 8.727439e-01
3.091412e+00 3.991250e-05 8.895730e-01 8.724914e-01
3.090231e+00 3.945666e-05 8.692060e-01 8.728696e-01
3.098681e+00 4.114008e-05 8.506780e-01 8.734727e-01
3.087765e+00 3.836592e-05 8.557230e-01 8.721255e-01
3.097209e+00 4.001113e-05 8.637890e-01 8.725647e-01
3.098218e+00 4.179016e-05 8.625050e-01 8.725819e-01
3.091435e+00 3.949538e-05 8.830450e-01 8.719950e-01
3.095622e+00 3.931713e-05 8.695770e-01 8.724571e-01
3.092178e+00 3.882029e-05 8.845650e-01 8.721293e-01
3.092108e+00 4.020155e-05 8.572200e-01 8.727410e-01
3.095293e+00 3.987514e-05 9.050700e-01 8.728915e-01
3.091598e+00 3.920928e-05 8.701660e-01 8.729192e-01
3.096982e+00 4.008696e-05 8.724640e-01 8.732593e-01
3.095536e+00 3.957133e-05 8.789840e-01 8.726419e-01
3.092143e+00 4.672563e-05 8.654560e-01 8.723694e-01
3.096581e+00 4.036350e-05 8.663700e-01 8.728553e-01
3.094345e+00 4.101289e-05 8.779110e-01 8.725962e-01
3.097011e+00 4.016980e-05 8.555030e-01 8.726571e-01
3.091167e+00 4.406875e-05 8.641320e-01 8.726533e-01
3.094413e+00 4.231330e-05 8.829860e-01 8.727124e-01
3.096806e+00 4.171269e-05 8.630070e-01 8.727086e-01
3.094193e+00 3.989533e-05 8.889170e-01 8.728277e-01
3.090648e+00 4.172659e-05 8.710930e-01 8.727410e-01
3.092918e+00 4.539801e-05 8.806570e-01 8.737881e-01
3.099458e+00 7.120138e-05 8.646700e-01 8.735709e-01
3.093423e+00 4.131418e-05 8.619140e-01 8.731554e-01
3.098598e+00 4.037067e-05 8.574490e-01 8.732974e-01
3.094002e+00 3.936431e-05 8.682000e-01 8.727257e-01
3.080735e+00 3.866252e-05 8.718600e-01 8.731535e-01
3.085011e+00 4.009443e-05 8.647350e-01 8.733041e-01
3.087088e+00 3.955406e-05 8.706600e-01 8.726762e-01
3.087319e+00 3.998463e-05 8.719860e-01 8.737252e-01
3.090869e+00 4.224593e-05 8.671460e-01 8.738862e-01
3.090576e+00 4.034565e-05 8.729200e-01 8.733079e-01
3.101889e+00 1.449455e-04 8.695890e-01 8.734394e-01
3.090036e+00 4.151815e-05 8.749710e-01 8.739672e-01
3.090717e+00 3.934789e-05 8.707540e-01 8.734365e-01
3.092868e+00 4.026660e-05 8.567360e-01 8.736928e-01
3.095103e+00 4.057241e-05 8.923680e-01 8.739119e-01
3.091100e+00 4.384826e-05 8.872800e-01 8.739148e-01
3.094337e+00 4.001646e-05 8.702450e-01 8.730306e-01
3.079949e+00 3.906875e-05 8.730510e-01 8.731288e-01
3.089550e+00 4.358046e-05 8.713610e-01 8.734708e-01
3.088366e+00 4.219894e-05 8.747620e-01 8.734718e-01
3.088436e+00 4.020449e-05 8.755440e-01 8.740520e-01
3.093673e+00 4.209094e-05 8.778800e-01 8.733536e-01
3.093969e+00 4.025907e-05 8.706560e-01 8.740120e-01
3.088740e+00 4.160564e-05 8.580200e-01 8.736213e-01
3.093229e+00 4.039166e-05 8.632880e-01 8.734813e-01
3.085593e+00 3.966397e-05 8.560910e-01 8.740568e-01
3.090854e+00 3.908001e-05 8.697760e-01 8.740196e-01
3.089007e+00 4.020425e-05 8.753650e-01 8.742749e-01
3.078450e+00 3.947088e-05 8.563610e-01 8.733050e-01
3.078621e+00 3.946957e-05 8.670530e-01 8.737376e-01
3.082076e+00 3.846726e-05 8.780670e-01 8.735118e-01
3.087105e+00 4.128784e-05 8.656220e-01 8.737281e-01
3.080509e+00 5.179881e-05 8.694450e-01 8.736604e-01
3.080264e+00 3.910284e-05 8.610770e-01 8.740577e-01
3.078348e+00 4.032580e-05 8.843170e-01 8.733631e-01
3.082547e+00 4.203376e-05 8.625330e-01 8.732869e-01
3.082728e+00 3.923888e-05 8.797600e-01 8.738595e-01
3.087167e+00 3.958235e-05 8.836180e-01 8.742797e-01
3.087542e+00 4.307955e-05 8.642350e-01 8.740101e-01
3.080573e+00 3.903583e-05 8.646300e-01 8.744131e-01
3.086019e+00 4.015690e-05 8.694320e-01 8.745836e-01
3.077511e+00 3.938334e-05 8.733510e-01 8.732860e-01
3.085036e+00 4.074830e-05 8.908550e-01 8.735204e-01
3.084832e+00 3.922700e-05 8.656640e-01 8.743216e-01
3.085325e+00 3.964473e-05 8.648800e-01 8.746561e-01
3.082350e+00 4.164498e-05 8.778140e-01 8.737719e-01
3.076969e+00 3.877416e-05 8.706750e-01 8.737585e-01
3.086192e+00 3.988827e-05 8.649200e-01 8.741425e-01
3.087548e+00 4.070879e-05 8.864650e-01 8.740596e-01
3.087933e+00 4.090676e-05 8.694890e-01 8.744188e-01
3.087158e+00 4.055273e-05 8.706860e-01 8.743054e-01
3.079003e+00 3.891101e-05 8.632590e-01 8.748800e-01
3.090820e+00 4.110667e-05 8.741960e-01 8.731211e-01
3.077448e+00 3.975266e-05 8.643080e-01 8.742988e-01
3.087114e+00 4.255838e-05 8.761510e-01 8.744674e-01
3.081403e+00 3.963368e-05 8.649010e-01 8.742330e-01
3.084705e+00 3.929000e-05 8.662320e-01 8.745112e-01
3.080634e+00 3.915205e-05 8.650010e-01 8.743302e-01
3.081634e+00 4.264880e-05 8.642080e-01 8.741997e-01
3.085945e+00 3.877255e-05 8.845410e-01 8.743273e-01
3.087320e+00 4.091018e-05 8.702950e-01 8.736213e-01
3.077401e+00 3.830690e-05 8.567770e-01 8.737395e-01
3.088004e+00 4.247598e-05 8.708230e-01 8.740453e-01
3.079224e+00 4.794601e-05 8.644450e-01 8.741673e-01
3.079605e+00 3.909890e-05 8.800880e-01 8.739539e-01
3.077688e+00 4.396099e-05 8.575170e-01 8.746923e-01
3.081636e+00 3.993903e-05 8.801890e-01 8.742959e-01
3.079878e+00 3.901220e-05 8.704830e-01 8.741054e-01
3.077022e+00 3.966417e-05 9.166210e-01 8.749066e-01
3.078315e+00 3.824939e-05 8.751130e-01 8.745246e-01
3.077998e+00 3.940250e-05 8.652330e-01 8.745846e-01
3.076770e+00 3.835916e-05 9.102200e-01 8.744922e-01
3.073032e+00 3.808624e-05 8.636320e-01 8.746418e-01
3.081785e+00 3.998984e-05 8.748430e-01 8.741806e-01
3.081975e+00 3.849629e-05 8.957960e-01 8.740920e-01
3.074998e+00 3.829118e-05 8.573550e-01 8.742464e-01
3.076629e+00 4.010112e-05 8.781680e-01 8.745655e-01
3.087230e+00 4.389635e-05 8.975360e-01 8.742959e-01
3.079158e+00 3.825042e-05 8.903370e-01 8.745579e-01
3.074597e+00 3.861030e-05 8.891010e-01 8.750372e-01
3.089957e+00 5.341956e-05 8.691310e-01 8.741940e-01
3.085877e+00 3.970260e-05 8.668670e-01 8.748361e-01
3.074804e+00 3.911089e-05 8.684480e-01 8.752334e-01
3.080428e+00 3.979034e-05 8.754890e-01 8.750171e-01
3.082968e+00 3.925402e-05 8.773070e-01 8.744617e-01
3.073157e+00 3.819148e-05 8.852570e-01 8.746456e-01
3.075835e+00 3.983639e-05 8.902370e-01 8.747894e-01
3.082299e+00 3.836166e-05 8.809280e-01 8.753554e-01
3.072799e+00 3.792613e-05 8.769280e-01 8.747952e-01
3.084375e+00 3.996889e-05 8.772510e-01 8.750038e-01
3.077017e+00 3.896490e-05 8.714340e-01 8.750638e-01
3.076445e+00 3.826082e-05 8.704680e-01 8.748199e-01
3.075612e+00 3.978216e-05 8.716900e-01 8.749152e-01
3.090490e+00 4.127988e-05 8.624920e-01 8.745684e-01
3.087141e+00 4.098222e-05 8.763340e-01 8.758870e-01
3.089082e+00 5.051728e-05 8.626350e-01 8.749352e-01
3.083942e+00 3.840619e-05 8.634340e-01 8.755145e-01
3.077029e+00 3.830200e-05 8.564390e-01 8.747037e-01
3.080339e+00 3.927600e-05 8.718760e-01 8.744512e-01
3.078430e+00 3.993715e-05 8.674020e-01 8.750753e-01
3.078654e+00 3.853522e-05 8.714410e-01 8.753678e-01
3.072192e+00 3.943875e-05 8.769700e-01 8.751934e-01
3.079000e+00 4.058850e-05 8.797700e-01 8.748552e-01
3.086007e+00 3.991440e-05 8.789590e-01 8.748047e-01
3.080165e+00 3.875662e-05 8.557720e-01 8.746694e-01
3.071449e+00 3.871734e-05 8.570020e-01 8.753030e-01
3.085587e+00 1.149529e-04 8.753870e-01 8.739167e-01
3.077018e+00 4.163632e-05 8.542770e-01 8.752506e-01
3.083122e+00 4.019175e-05 8.651190e-01 8.752668e-01
3.078373e+00 3.921146e-05 8.635540e-01 8.745398e-01
3.079823e+00 3.879227e-05 8.765010e-01 8.747828e-01
3.074103e+00 3.930231e-05 8.782720e-01 8.749257e-01
3.082873e+00 3.895358e-05 8.570820e-01 8.753230e-01
3.080786e+00 5.000888e-05 8.654280e-01 8.752077e-01
3.077886e+00 4.017983e-05 8.833520e-01 8.750810e-01
3.089098e+00 4.064033e-05 8.734130e-01 8.757689e-01
3.078494e+00 3.840546e-05 8.693180e-01 8.757203e-01
3.081220e+00 4.427657e-05 8.698650e-01 8.758280e-01
3.077433e+00 3.833881e-05 8.492370e-01 8.754211e-01
3.076184e+00 4.189800e-05 8.553580e-01 8.749190e-01
3.084950e+00 4.172736e-05 8.751950e-01 8.755412e-01
3.080361e+00 3.887118e-05 8.813360e-01 8.747370e-01
3.074715e+00 3.858930e-05 8.711550e-01 8.747932e-01
3.078482e+00 3.846939e-05 8.503770e-01 8.754850e-01
3.073839e+00 3.801966e-05 8.725950e-01 8.760966e-01
3.078556e+00 3.924660e-05 8.623240e-01 8.748981e-01
3.076770e+00 3.885712e-05 8.759480e-01 8.752439e-01
3.075327e+00 3.788826e-05 8.797980e-01 8.749952e-01
3.084048e+00 3.928348e-05 8.803130e-01 8.750924e-01
3.077947e+00 3.897541e-05 8.551740e-01 8.754021e-01
3.070640e+00 3.922487e-05 8.706250e-01 8.751944e-01
3.082938e+00 4.766948e-05 8.746090e-01 8.749514e-01
3.083549e+00 3.966640e-05 8.696620e-01 8.752877e-01
3.078667e+00 3.847091e-05 8.697110e-01 8.753392e-01
3.077197e+00 3.861019e-05 8.813280e-01 8.748295e-01
3.078775e+00 4.760014e-05 8.617700e-01 8.750667e-01
3.077250e+00 3.868950e-05 8.768920e-01 8.744560e-01
3.079987e+00 4.217944e-05 8.792900e-01 8.749076e-01
3.076278e+00 3.894117e-05 8.665890e-01 8.750286e-01
3.079867e+00 3.906070e-05 8.784170e-01 8.750619e-01
3.085190e+00 3.859671e-05 8.564510e-01 8.753220e-01
3.078904e+00 3.870673e-05 8.648590e-01 8.753992e-01
3.080809e+00 3.880295e-05 8.574390e-01 8.747542e-01
3.073086e+00 3.807010e-05 8.581540e-01 8.753983e-01
3.081458e+00 3.998258e-05 8.798270e-01 8.752830e-01
3.083914e+00 3.886468e-05 8.567660e-01 8.758194e-01
3.080049e+00 3.889862e-05 8.626930e-01 8.748409e-01
3.079651e+00 3.993423e-05 8.698770e-01 8.750267e-01
3.080807e+00 3.894227e-05 8.696540e-01 8.752239e-01
3.078196e+00 3.979084e-05 8.574850e-01 8.756660e-01
3.072162e+00 3.866788e-05 8.727640e-01 8.753744e-01
3.075941e+00 4.028095e-05 8.732010e-01 8.755402e-01
3.074641e+00 3.899550e-05 8.608800e-01 8.743026e-01
3.077813e+00 3.973381e-05 8.718950e-01 8.752868e-01
3.086359e+00 4.002320e-05 8.936260e-01 8.754573e-01
3.075448e+00 3.860919e-05 8.657630e-01 8.753621e-01
3.081789e+00 4.067266e-05 8.736950e-01 8.752896e-01
3.083018e+00 3.864491e-05 8.616270e-01 8.751639e-01
3.083511e+00 4.216248e-05 8.762210e-01 8.751705e-01
3.076099e+00 3.962736e-05 8.695640e-01 8.750696e-01
3.074406e+00 3.882758e-05 8.600010e-01 8.753773e-01
3.082571e+00 4.274583e-05 8.660840e-01 8.765035e-01
3.087260e+00 6.625511e-05 8.711210e-01 8.750400e-01
3.082147e+00 3.931208e-05 8.641780e-01 8.758746e-01
3.085692e+00 3.876754e-05 8.645300e-01 8.756422e-01
3.080379e+00 4.173415e-05 8.679050e-01 8.754821e-01
3.073665e+00 3.803025e-05 8.629300e-01 8.754240e-01
3.081689e+00 3.955498e-05 8.698830e-01 8.753230e-01
3.084016e+00 4.735076e-05 8.730120e-01 8.758051e-01
3.077909e+00 3.839676e-05 8.788460e-01 8.759775e-01
3.076818e+00 4.106845e-05 8.674650e-01 8.747275e-01
3.081533e+00 4.051532e-05 8.777880e-01 8.754869e-01
3.076001e+00 3.977652e-05 8.595200e-01 8.756917e-01
3.081229e+00 4.038511e-05 8.578430e-01 8.747456e-01
3.082506e+00 3.966025e-05 8.692790e-01 8.761424e-01
3.077141e+00 3.808539e-05 8.721500e-01 8.750610e-01
3.080979e+00 4.002112e-05 8.884160e-01 8.748333e-01
3.082831e+00 3.911398e-05 8.629700e-01 8.759461e-01
3.071393e+00 3.876221e-05 8.724460e-01 8.760957e-01
3.083682e+00 4.430530e-05 8.671990e-01 8.748809e-01
3.074248e+00 3.873403e-05 8.697070e-01 8.754821e-01
3.081657e+00 4.156917e-05 8.775480e-01 8.747590e-01
3.075931e+00 4.692965e-05 8.900170e-01 8.752020e-01
3.081482e+00 3.919786e-05 8.621940e-01 8.752172e-01
3.090423e+00 4.301259e-05 8.702420e-01 8.751448e-01
3.082247e+00 3.949171e-05 8.567520e-01 8.754364e-01
3.075821e+00 3.839608e-05 8.739320e-01 8.754840e-01
3.075984e+00 3.785495e-05 8.686070e-01 8.753478e-01
3.074387e+00 3.853724e-05 8.757710e-01 8.752925e-01
3.075699e+00 3.832188e-05 8.809210e-01 8.762348e-01
3.084039e+00 4.084002e-05 8.820630e-01 8.757393e-01
3.077987e+00 3.852722e-05 8.498610e-01 8.749876e-01
3.075412e+00 3.983381e-05 8.750510e-01 8.750162e-01
3.082398e+00 3.804461e-05 8.678250e-01 8.758927e-01
3.086875e+00 4.164124e-05 8.803030e-01 8.761586e-01
3.083689e+00 4.263172e-05 8.600340e-01 8.753239e-01
3.080848e+00 4.209215e-05 8.628420e-01 8.758546e-01
3.080782e+00 3.966350e-05 8.625500e-01 8.750486e-01
3.079171e+00 3.872248e-05 8.560280e-01 8.754135e-01
3.073028e+00 3.911247e-05 8.816510e-01 8.747866e-01
3.073355e+00 3.920608e-05 8.750010e-01 8.755850e-01
3.071505e+00 3.817975e-05 8.765460e-01 8.751134e-01
3.081384e+00 4.008165e-05 8.676490e-01 8.748961e-01
3.082594e+00 3.917673e-05 8.780920e-01 8.759232e-01
3.082980e+00 3.865872e-05 8.631690e-01 8.753744e-01
3.072917e+00 3.768021e-05 8.667480e-01 8.752468e-01
3.075699e+00 4.100525e-05 8.830980e-01 8.751505e-01
3.077572e+00 3.909323e-05 8.999510e-01 8.757231e-01
3.084238e+00 3.963071e-05 8.601250e-01 8.751591e-01
3.081312e+00 4.428023e-05 8.571510e-01 8.752782e-01
3.079677e+00 4.083784e-05 8.694970e-01 8.757803e-01
3.077954e+00 3.878297e-05 8.657590e-01 8.752915e-01
3.084296e+00 4.125080e-05 8.721130e-01 8.758060e-01
3.080139e+00 4.387023e-05 8.657240e-01 8.751191e-01
3.075823e+00 3.818663e-05 8.902260e-01 8.754002e-01
3.079727e+00 3.927879e-05 8.757680e-01 8.750848e-01
3.076546e+00 3.805848e-05 8.624600e-01 8.751686e-01
3.079620e+00 3.896788e-05 8.603060e-01 8.748104e-01
3.072216e+00 3.866739e-05 8.803220e-01 8.754907e-01
3.074498e+00 3.812389e-05 8.628950e-01 8.753306e-01
3.075120e+00 3.879507e-05 8.574390e-01 8.753516e-01
3.082123e+00 3.884511e-05 8.692490e-01 8.746437e-01
3.081340e+00 4.270177e-05 8.592220e-01 8.755402e-01
3.072239e+00 3.890760e-05 8.765920e-01 8.748895e-01
3.077622e+00 3.837440e-05 8.594520e-01 8.756345e-01
3.079702e+00 3.874253e-05 8.704590e-01 8.749848e-01
3.085663e+00 4.261550e-05 8.762430e-01 8.753983e-01
3.085442e+00 3.957144e-05 8.692140e-01 8.753725e-01
3.074411e+00 3.937078e-05 8.696360e-01 8.748714e-01
3.080708e+00 3.909899e-05 8.761350e-01 8.755240e-01
3.072302e+00 3.845036e-05 8.728300e-01 8.756908e-01
3.084194e+00 3.967275e-05 8.704740e-01 8.759985e-01
3.081108e+00 3.917520e-05 8.713370e-01 8.750324e-01
3.081431e+00 3.859985e-05 8.706440e-01 8.751134e-01
3.084890e+00 3.868852e-05 8.748580e-01 8.756746e-01
3.075108e+00 3.969611e-05 8.810620e-01 8.753173e-01
3.079777e+00 3.893615e-05 8.626530e-01 8.748923e-01
3.070624e+00 3.812291e-05 8.573000e-01 8.755126e-01
3.075282e+00 3.913506e-05 8.639700e-01 8.757441e-01
3.075491e+00 4.066961e-05 8.561980e-01 8.745960e-01
3.079550e+00 4.163541e-05 8.706740e-01 8.756203e-01
3.083114e+00 3.946901e-05 8.768150e-01 8.746532e-01
3.084304e+00 3.890897e-05 8.771410e-01 8.757460e-01
3.077704e+00 4.042403e-05 8.753830e-01 8.754192e-01
3.077134e+00 3.910338e-05 8.704460e-01 8.750629e-01
3.083621e+00 3.878662e-05 8.557660e-01 8.748685e-01
3.071618e+00 3.764552e-05 8.722710e-01 8.749952e-01
3.070250e+00 3.803191e-05 8.773470e-01 8.755726e-01
3.077307e+00 3.863543e-05 8.653400e-01 8.752182e-01
3.082003e+00 3.898078e-05 8.695920e-01 8.754449e-01
3.086028e+00 4.158591e-05 8.829860e-01 8.757736e-01
3.075229e+00 3.839924e-05 8.778960e-01 8.753096e-01
3.078252e+00 3.888392e-05 8.701030e-01 8.758756e-01
3.079067e+00 3.867262e-05 8.644450e-01 8.754621e-01
3.072737e+00 4.355655e-05 8.624940e-01 8.757327e-01
3.084537e+00 5.907458e-05 8.731670e-01 8.758270e-01
3.077819e+00 3.816029e-05 8.784750e-01 8.753792e-01
3.071768e+00 3.843303e-05 8.566530e-01 8.748904e-01
3.076189e+00 3.935057e-05 8.725570e-01 8.757393e-01
3.080083e+00 3.869681e-05 8.853090e-01 8.761557e-01
3.070515e+00 3.836960e-05 8.847870e-01 8.750476e-01
3.077212e+00 3.861163e-05 8.827750e-01 8.754211e-01
3.080910e+00 4.153189e-05 8.714060e-01 8.750686e-01
3.076709e+00 3.851981e-05 8.949010e-01 8.753316e-01
3.079898e+00 3.932741e-05 8.893260e-01 8.751353e-01
3.075966e+00 3.926076e-05 8.700730e-01 8.761986e-01
3.074777e+00 4.338743e-05 8.892670e-01 8.749762e-01
3.073388e+00 3.851263e-05 8.694460e-01 8.753621e-01
3.071930e+00 3.761460e-05 8.819400e-01 8.760252e-01
3.089259e+00 5.138060e-05 8.621500e-01 8.750705e-01
3.082057e+00 3.877353e-05 8.716990e-01 8.757355e-01
3.081252e+00 3.953121e-05 8.837250e-01 8.759251e-01
3.078199e+00 4.266903e-05 8.677960e-01 8.759251e-01
3.087540e+00 6.807769e-05 8.581100e-01 8.746846e-01
3.075152e+00 3.752157e-05 8.706910e-01 8.758089e-01
3.074376e+00 3.939539e-05 8.671040e-01 8.755764e-01
3.071883e+00 3.960268e-05 8.673980e-01 8.747551e-01
3.080874e+00 3.920620e-05 8.753960e-01 8.750238e-01
3.074647e+00 3.892679e-05 8.785890e-01 8.758899e-01
3.084103e+00 3.931789e-05 8.574620e-01 8.747732e-01
3.076940e+00 3.845721e-05 8.750760e-01 8.757965e-01
3.079983e+00 3.893160e-05 8.748610e-01 8.755764e-01
3.077930e+00 4.361620e-05 8.683670e-01 8.752668e-01
3.069862e+00 3.918782e-05 8.722950e-01 8.756660e-01
3.085403e+00 4.166972e-05 8.556540e-01 8.754992e-01
3.076216e+00 3.862108e-05 8.582010e-01 8.755669e-01
3.072796e+00 3.763178e-05 8.772690e-01 8.753506e-01
3.075798e+00 4.006257e-05 8.520960e-01 8.751763e-01
3.083309e+00 3.942140e-05 8.675770e-01 8.756241e-01
3.087498e+00 4.170698e-05 8.688190e-01 8.747866e-01
3.072503e+00 3.790392e-05 8.577710e-01 8.753297e-01
3.077746e+00 4.209673e-05 8.557100e-01 8.751867e-01
3.082479e+00 3.939825e-05 8.740790e-01 8.750219e-01
3.082769e+00 4.165155e-05 8.702690e-01 8.751877e-01
3.079100e+00 3.840981e-05 8.811270e-01 8.755907e-01
3.070692e+00 3.828041e-05 8.590450e-01 8.753154e-01
3.097180e+00 1.194016e-04 8.771390e-01 8.754221e-01
3.081637e+00 3.958337e-05 8.728080e-01 8.755240e-01
3.078467e+00 4.456993e-05 8.561980e-01 8.753306e-01
3.078933e+00 4.029944e-05 8.566880e-01 8.744322e-01
3.082000e+00 4.235806e-05 8.750020e-01 8.753411e-01
3.082050e+00 4.124560e-05 8.597540e-01 8.759061e-01
3.086355e+00 4.026341e-05 8.939760e-01 8.760881e-01
3.080860e+00 4.067853e-05 8.655160e-01 8.750162e-01
3.082766e+00 3.835374e-05 8.817460e-01 8.751753e-01
3.077196e+00 3.895427e-05 8.727440e-01 8.759337e-01
3.083133e+00 4.372330e-05 9.017710e-01 8.752630e-01
3.087886e+00 4.794916e-05 8.789760e-01 8.753582e-01
3.084524e+00 3.919598e-05 8.696580e-01 8.750867e-01
3.084625e+00 6.191998e-05 8.601490e-01 8.749447e-01
3.079793e+00 3.848263e-05 8.594490e-01 8.760509e-01
3.071241e+00 3.831007e-05 8.720430e-01 8.759004e-01
3.080313e+00 3.920249e-05 8.705520e-01 8.761014e-01
3.085810e+00 4.009842e-05 8.712260e-01 8.756908e-01
3.080617e+00 3.976200e-05 8.560770e-01 8.749895e-01
3.076914e+00 3.818394e-05 8.574920e-01 8.751620e-01
3.081977e+00 4.693762e-05 8.625570e-01 8.756603e-01
3.079781e+00 5.014620e-05 8.913460e-01 8.751725e-01
3.071258e+00 3.816255e-05 8.712400e-01 8.755612e-01
3.082795e+00 3.886473e-05 8.789730e-01 8.756374e-01
3.077030e+00 3.808073e-05 8.713600e-01 8.746942e-01
3.076419e+00 3.924292e-05 8.706030e-01 8.748819e-01
3.075650e+00 3.844169e-05 8.776560e-01 8.756431e-01
3.078575e+00 3.797882e-05 8.588970e-01 8.752687e-01
3.082791e+00 3.982121e-05 8.623130e-01 8.759423e-01
3.079946e+00 3.903708e-05 8.561610e-01 8.753592e-01
3.074914e+00 4.036855e-05 8.643160e-01 8.757860e-01
3.082795e+00 3.942155e-05 8.676190e-01 8.750696e-01
3.076693e+00 4.084836e-05 8.577270e-01 8.755640e-01
3.076963e+00 3.834695e-05 8.642270e-01 8.755202e-01
3.080865e+00 4.197465e-05 8.717190e-01 8.750915e-01
3.077922e+00 4.081982e-05 8.704490e-01 8.752544e-01
3.074254e+00 3.939764e-05 8.497310e-01 8.753887e-01
3.080441e+00 6.062117e-05 8.707480e-01 8.756698e-01
3.077709e+00 3.912833e-05 8.764040e-01 8.753525e-01
3.082803e+00 3.879842e-05 8.706060e-01 8.743254e-01
3.085081e+00 5.080072e-05 8.499500e-01 8.746713e-01
3.074072e+00 3.924047e-05 8.612340e-01 8.761033e-01
3.074690e+00 3.871867e-05 8.743820e-01 8.759337e-01
3.076589e+00 5.098416e-05 8.555520e-01 8.749771e-01
3.083545e+00 4.784934e-05 8.625990e-01 8.759118e-01
3.075965e+00 4.023658e-05 8.723890e-01 8.751277e-01
3.077748e+00 3.808991e-05 8.782420e-01 8.756364e-01
3.077236e+00 3.811457e-05 8.852850e-01 8.759632e-01
3.084610e+00 1.090107e-04 8.638990e-01 8.752077e-01
3.079581e+00 4.158696e-05 8.741820e-01 8.756050e-01
3.079415e+00 3.831324e-05 8.652810e-01 8.755393e-01
3.088403e+00 4.501603e-05 8.723130e-01 8.762710e-01
3.078606e+00 3.869933e-05 8.729430e-01 8.757241e-01
3.071068e+00 3.894575e-05 8.918080e-01 8.756698e-01
3.077202e+00 4.243148e-05 8.736230e-01 8.758175e-01
3.075278e+00 3.787602e-05 8.649250e-01 8.756050e-01
3.084063e+00 3.879508e-05 8.503490e-01 8.754526e-01
3.076890e+00 4.414714e-05 8.737730e-01 8.748685e-01
3.077008e+00 4.039176e-05 8.759880e-01 8.752611e-01
3.081492e+00 3.836704e-05 8.696990e-01 8.750505e-01
3.083047e+00 4.208559e-05 8.630290e-01 8.761671e-01
3.077108e+00 3.882289e-05 8.571390e-01 8.756698e-01
3.083944e+00 4.459957e-05 8.626980e-01 8.745846e-01
3.070224e+00 3.786703e-05 8.641190e-01 8.760347e-01
3.072707e+00 3.900900e-05 8.697700e-01 8.748295e-01
3.082574e+00 3.912171e-05 8.869430e-01 8.747723e-01
3.076510e+00 4.099686e-05 8.657170e-01 8.762567e-01
3.083192e+00 3.918349e-05 8.730990e-01 8.748952e-01
3.071054e+00 3.788099e-05 8.702250e-01 8.747799e-01
3.078902e+00 3.864489e-05 8.712420e-01 8.753135e-01
3.075742e+00 3.825177e-05 8.756300e-01 8.756117e-01
3.076022e+00 4.058704e-05 8.626110e-01 8.754840e-01
3.075137e+00 3.768646e-05 8.690670e-01 8.750905e-01
3.076825e+00 4.151855e-05 8.557930e-01 8.752515e-01
3.078076e+00 3.941543e-05 8.569680e-01 8.754678e-01
3.078324e+00 3.878651e-05 8.763380e-01 8.759928e-01
3.076048e+00 3.868523e-05 8.706870e-01 8.751543e-01
3.072694e+00 3.844831e-05 8.756630e-01 8.753011e-01
3.074635e+00 4.115921e-05 8.799800e-01 8.750505e-01
3.078814e+00 3.935379e-05 8.671610e-01 8.755936e-01
3.075582e+00 4.138585e-05 8.655480e-01 8.756946e-01
3.083011e+00 3.835726e-05 8.540270e-01 8.750486e-01
3.083128e+00 4.089921e-05 8.832600e-01 8.752153e-01
3.080013e+00 4.003972e-05 8.787670e-01 8.756927e-01
3.075056e+00 3.764092e-05 8.572650e-01 8.749790e-01
3.079349e+00 3.908212e-05 8.566220e-01 8.755821e-01
3.081119e+00 3.878837e-05 8.627880e-01 8.753220e-01
3.090330e+00 1.161434e-04 8.629510e-01 8.749552e-01
3.082517e+00 3.970227e-05 8.832940e-01 8.757393e-01
3.073608e+00 3.849956e-05 8.727420e-01 8.751420e-01
3.083931e+00 8.041429e-05 8.722570e-01 8.753525e-01
3.085612e+00 3.995665e-05 8.651320e-01 8.760728e-01
3.077493e+00 3.859203e-05 8.838650e-01 8.757251e-01
3.076084e+00 3.902667e-05 8.650880e-01 8.757908e-01
3.073120e+00 3.871305e-05 8.733050e-01 8.755698e-01
3.080457e+00 4.138215e-05 8.569210e-01 8.765225e-01
3.073758e+00 3.894812e-05 8.530080e-01 8.749952e-01
3.079897e+00 3.914014e-05 8.666890e-01 8.752153e-01
3.075503e+00 3.797242e-05 8.688330e-01 8.758899e-01
3.072228e+00 3.822546e-05 8.768250e-01 8.753773e-01
3.069775e+00 3.761341e-05 8.633100e-01 8.753077e-01
3.073564e+00 3.890012e-05 8.648430e-01 8.756526e-01
3.083223e+00 4.561296e-05 8.953420e-01 8.761081e-01
3.079300e+00 3.897226e-05 8.588210e-01 8.751334e-01
3.081295e+00 3.978678e-05 8.806520e-01 8.754125e-01
3.073129e+00 4.236517e-05 8.671620e-01 8.744293e-01
3.082695e+00 3.960859e-05 8.761640e-01 8.757374e-01
3.082041e+00 4.348733e-05 8.652690e-01 8.755012e-01
3.076218e+00 3.836392e-05 8.644810e-01 8.757384e-01
3.087105e+00 3.948934e-05 8.829680e-01 8.754135e-01
3.080777e+00 3.878983e-05 8.703990e-01 8.754878e-01
3.078139e+00 3.937889e-05 8.816360e-01 8.760471e-01
3.085294e+00 4.110191e-05 8.725200e-01 8.755355e-01
3.083888e+00 3.895806e-05 8.782660e-01 8.753335e-01
3.081628e+00 3.941627e-05 8.636940e-01 8.759528e-01
3.074826e+00 3.898775e-05 8.786960e-01 8.757222e-01
3.070522e+00 3.818289e-05 8.755160e-01 8.762786e-01
3.077261e+00 4.098261e-05 8.761210e-01 8.752801e-01
3.079117e+00 4.133926e-05 8.534320e-01 8.754440e-01
3.080386e+00 3.979875e-05 8.634120e-01 8.746827e-01
3.073471e+00 3.860315e-05 8.642810e-01 8.756565e-01
3.074169e+00 4.131897e-05 8.633680e-01 8.754459e-01
3.076368e+00 3.830025e-05 8.940050e-01 8.753687e-01
3.079000e+00 3.852507e-05 8.825680e-01 8.746046e-01
3.079966e+00 4.211827e-05 8.692150e-01 8.755383e-01
3.076115e+00 3.858695e-05 8.723320e-01 8.756288e-01
3.080247e+00 3.948778e-05 8.624140e-01 8.754068e-01
3.077640e+00 3.873501e-05 8.760060e-01 8.759175e-01
3.075010e+00 4.130765e-05 8.496140e-01 8.751115e-01
3.078507e+00 4.113524e-05 8.775800e-01 8.753230e-01
3.078410e+00 4.620786e-05 8.683710e-01 8.758718e-01
3.074802e+00 3.865503e-05 8.564880e-01 8.754954e-01
3.075836e+00 3.908248e-05 8.797580e-01 8.752229e-01
3.080814e+00 4.014584e-05 8.655110e-01 8.756546e-01
3.082551e+00 3.863539e-05 8.749800e-01 8.753392e-01
3.086040e+00 3.943994e-05 8.791300e-01 8.756650e-01
3.080081e+00 3.967707e-05 8.629750e-01 8.749419e-01
3.071500e+00 4.019335e-05 8.830030e-01 8.757022e-01
3.078638e+00 3.834763e-05 8.762480e-01 8.755450e-01
3.075905e+00 3.827223e-05 8.763280e-01 8.753449e-01
3.082489e+00 4.377040e-05 8.772810e-01 8.750676e-01
3.080884e+00 3.954493e-05 8.579820e-01 8.755926e-01
3.077463e+00 3.900972e-05 8.846780e-01 8.750276e-01
3.076518e+00 4.331866e-05 8.794440e-01 8.757727e-01
3.081286e+00 5.209978e-05 8.581440e-01 8.754840e-01
3.083525e+00 4.160140e-05 8.744700e-01 8.752229e-01
3.077630e+00 3.983548e-05 8.761930e-01 8.751334e-01
3.077216e+00 3.842882e-05 8.870010e-01 8.761852e-01
3.078054e+00 3.987016e-05 8.506450e-01 8.753944e-01
3.080036e+00 4.279659e-05 8.628180e-01 8.754192e-01
3.072797e+00 3.842587e-05 8.627560e-01 8.753802e-01
3.079511e+00 4.032602e-05 8.712540e-01 8.756374e-01
3.074495e+00 3.918962e-05 8.788300e-01 8.748037e-01
3.073267e+00 3.839711e-05 8.735180e-01 8.752039e-01
3.078957e+00 4.260910e-05 8.763760e-01 8.755755e-01
3.081328e+00 4.297574e-05 8.656480e-01 8.750753e-01
3.079525e+00 3.970012e-05 8.575670e-01 8.762091e-01
3.081631e+00 3.914810e-05 8.749370e-01 8.758432e-01
3.078415e+00 4.065313e-05 8.629230e-01 8.757565e-01
3.078407e+00 3.865725e-05 8.704390e-01 8.759423e-01
3.079508e+00 3.919392e-05 8.695580e-01 8.752287e-01
3.077074e+00 4.165239e-05 8.704410e-01 8.758041e-01
3.078545e+00 3.932422e-05 8.706180e-01 8.758442e-01
3.075759e+00 4.635425e-05 8.573550e-01 8.751124e-01
3.075162e+00 3.897583e-05 8.712140e-01 8.754611e-01
3.076071e+00 3.842105e-05 8.766190e-01 8.749362e-01
3.084929e+00 5.028005e-05 8.781370e-01 8.747609e-01
3.081309e+00 4.821858e-05 8.790180e-01 8.749095e-01
3.090556e+00 4.062102e-05 8.699770e-01 8.751972e-01
3.077192e+00 4.909842e-05 8.622600e-01 8.751877e-01
3.074431e+00 3.864920e-05 8.749690e-01 8.756850e-01
3.083751e+00 7.688912e-05 8.587280e-01 8.754002e-01
3.074519e+00 3.830806e-05 8.719040e-01 8.758489e-01
3.074501e+00 3.776079e-05 8.762740e-01 8.754440e-01
3.079325e+00 4.252159e-05 8.586780e-01 8.758775e-01
3.082452e+00 3.943623e-05 8.762610e-01 8.753544e-01
3.078795e+00 3.966223e-05 8.631480e-01 8.747161e-01
3.070644e+00 3.794281e-05 8.745440e-01 8.754649e-01
3.072860e+00 3.939793e-05 8.893990e-01 8.752029e-01
3.082027e+00 3.908002e-05 8.700590e-01 8.752973e-01
3.071034e+00 3.850591e-05 8.899050e-01 8.753744e-01
3.078963e+00 4.414810e-05 8.676750e-01 8.758051e-01
3.082590e+00 4.123297e-05 8.795600e-01 8.747856e-01
3.080694e+00 3.945040e-05 8.828450e-01 8.748247e-01
3.075105e+00 3.852462e-05 8.636780e-01 8.750229e-01
3.073749e+00 3.756308e-05 8.898770e-01 8.751239e-01
3.078953e+00 3.829730e-05 8.628860e-01 8.759127e-01
3.078527e+00 3.841765e-05 8.753450e-01 8.756479e-01
3.078265e+00 4.125604e-05 8.513130e-01 8.754688e-01
3.075823e+00 3.779700e-05 8.800360e-01 8.756241e-01
3.082050e+00 3.863799e-05 8.648160e-01 8.751324e-01
3.076870e+00 3.879228e-05 8.698340e-01 8.761948e-01
3.082006e+00 4.399203e-05 8.623180e-01 8.753068e-01
3.084378e+00 4.053158e-05 8.682390e-01 8.755688e-01
3.083444e+00 4.063239e-05 8.717620e-01 8.748742e-01
3.080927e+00 3.811876e-05 8.588450e-01 8.755621e-01
3.076940e+00 3.892415e-05 8.726580e-01 8.752420e-01
3.080265e+00 4.740610e-05 8.719980e-01 8.757327e-01
3.078569e+00 3.950461e-05 8.678010e-01 8.755174e-01
3.082370e+00 4.523491e-05 8.742830e-01 8.755002e-01
3.078457e+00 3.988511e-05 8.531820e-01 8.760099e-01
3.080323e+00 3.854347e-05 8.795560e-01 8.759833e-01
3.075885e+00 4.264443e-05 8.953720e-01 8.750524e-01
3.069603e+00 3.770211e-05 8.626230e-01 8.756336e-01
3.084865e+00 4.281984e-05 8.658040e-01 8.754326e-01
3.073090e+00 3.855725e-05 8.637910e-01 8.754649e-01
3.077074e+00 4.347320e-05 8.699780e-01 8.749886e-01
3.083598e+00 4.126426e-05 8.741500e-01 8.753154e-01
3.078633e+00 3.895108e-05 8.669800e-01 8.752144e-01
3.074390e+00 3.824652e-05 8.697800e-01 8.752525e-01
3.075550e+00 3.968332e-05 8.662380e-01 8.755840e-01
3.081505e+00 3.925487e-05 8.610990e-01 8.748933e-01
3.086533e+00 4.266611e-05 8.728470e-01 8.751524e-01
3.080389e+00 3.958186e-05 8.631940e-01 8.756469e-01
3.073659e+00 3.847303e-05 8.601730e-01 8.752382e-01
3.076994e+00 3.877213e-05 8.746450e-01 8.757117e-01
3.078731e+00 5.062010e-05 8.859270e-01 8.750086e-01
3.080170e+00 3.946164e-05 8.808580e-01 8.755593e-01
3.080883e+00 3.955088e-05 8.749930e-01 8.756117e-01
3.079592e+00 3.978754e-05 8.564240e-01 8.758156e-01
3.078717e+00 3.914173e-05 8.785500e-01 8.759185e-01
3.083520e+00 4.194855e-05 8.498110e-01 8.752534e-01
3.081684e+00 4.131703e-05 8.860280e-01 8.755564e-01
3.078800e+00 3.954818e-05 8.739290e-01 8.756517e-01
3.078229e+00 3.885494e-05 8.699860e-01 8.755478e-01
3.073986e+00 3.832289e-05 8.648170e-01 8.749581e-01
3.081106e+00 4.684231e-05 8.712500e-01 8.755869e-01
3.079136e+00 3.787688e-05 8.872470e-01 8.756031e-01
3.075646e+00 4.754541e-05 8.593850e-01 8.756593e-01
3.072908e+00 3.819180e-05 8.765980e-01 8.755488e-01
3.079745e+00 3.837360e-05 8.581360e-01 8.750915e-01
3.073832e+00 3.828321e-05 8.654900e-01 8.757860e-01
3.076913e+00 4.055398e-05 8.799570e-01 8.751410e-01
3.081572e+00 4.030962e-05 8.649820e-01 8.755764e-01
3.084057e+00 4.021877e-05 8.625380e-01 8.756536e-01
3.075701e+00 3.827890e-05 8.718170e-01 8.757174e-01
3.074650e+00 3.806802e-05 8.715060e-01 8.748237e-01
3.074269e+00 4.045094e-05 8.624560e-01 8.755764e-01
3.073670e+00 3.907190e-05 8.715910e-01 8.751791e-01
3.075892e+00 3.827217e-05 8.884300e-01 8.749867e-01
3.073515e+00 3.836793e-05 8.725800e-01 8.749838e-01
3.078057e+00 3.985988e-05 8.705180e-01 8.756698e-01
3.077489e+00 4.116494e-05 8.731550e-01 8.745932e-01
3.079590e+00 4.687658e-05 8.759090e-01 8.755450e-01
3.075913e+00 3.855720e-05 8.620170e-01 8.750286e-01
3.074852e+00 3.870358e-05 8.823130e-01 8.746036e-01
3.078530e+00 3.860050e-05 8.705350e-01 8.751315e-01
3.077826e+00 3.803515e-05 8.496700e-01 8.751563e-01
3.079642e+00 4.114640e-05 8.551890e-01 8.755650e-01
3.074314e+00 3.823654e-05 8.484680e-01 8.757870e-01
3.080150e+00 3.954298e-05 8.624310e-01 8.750800e-01
3.078198e+00 3.849045e-05 8.861880e-01 8.753039e-01
3.075744e+00 3.793748e-05 8.828900e-01 8.760881e-01
3.077803e+00 3.938359e-05 8.632890e-01 8.752163e-01
3.080744e+00 3.952991e-05 8.675250e-01 8.754516e-01
3.073635e+00 3.825478e-05 8.760670e-01 8.752706e-01
3.081826e+00 4.318996e-05 8.880960e-01 8.751496e-01
3.083525e+00 4.243082e-05 8.703610e-01 8.752153e-01
3.078370e+00 5.100125e-05 8.743700e-01 8.749781e-01
3.073499e+00 3.898427e-05 8.648360e-01 8.757784e-01
3.076518e+00 3.912495e-05 8.725660e-01 8.744674e-01
3.078931e+00 3.958178e-05 8.684080e-01 8.754640e-01
3.078982e+00 3.886920e-05 8.650750e-01 8.758156e-01
3.075449e+00 3.947320e-05 8.834520e-01 8.758489e-01
3.083373e+00 3.919961e-05 8.628710e-01 8.756612e-01
3.078824e+00 3.844004e-05 8.668620e-01 8.752363e-01
3.077901e+00 3.829362e-05 8.589330e-01 8.756698e-01
3.081137e+00 4.594998e-05 8.596800e-01 8.764949e-01
3.076152e+00 4.119907e-05 8.628010e-01 8.762205e-01
3.080351e+00 3.941005e-05 8.557000e-01 8.750877e-01
3.078469e+00 3.861884e-05 8.786590e-01 8.755240e-01
3.082658e+00 3.963789e-05 8.509150e-01 8.753049e-01
3.076037e+00 4.236940e-05 8.988180e-01 8.753287e-01
3.078226e+00 3.980767e-05 8.592710e-01 8.747104e-01
3.085621e+00 5.022495e-05 8.633950e-01 8.754592e-01
3.076735e+00 3.813692e-05 8.899480e-01 8.756707e-01
3.072363e+00 3.926135e-05 8.953170e-01 8.753125e-01
3.079047e+00 3.964803e-05 8.676690e-01 8.758680e-01
3.086415e+00 4.125000e-05 8.718120e-01 8.751019e-01
3.077213e+00 3.859501e-05 8.561030e-01 8.754973e-01
3.083200e+00 4.042990e-05 8.690930e-01 8.756279e-01
3.078758e+00 3.832665e-05 8.578030e-01 8.753449e-01
3.069729e+00 3.868662e-05 8.749180e-01 8.762119e-01
3.079287e+00 3.996148e-05 8.810580e-01 8.755221e-01
3.076763e+00 3.936856e-05 8.729190e-01 8.755183e-01
3.075696e+00 4.133056e-05 8.532490e-01 8.751572e-01
3.076724e+00 3.828635e-05 8.581390e-01 8.758575e-01
3.076897e+00 3.832230e-05 8.778800e-01 8.753087e-01
3.085097e+00 4.249224e-05 8.590000e-01 8.756231e-01
3.086483e+00 3.973919e-05 8.729590e-01 8.752477e-01
3.082764e+00 3.955034e-05 8.878740e-01 8.755183e-01
3.072190e+00 4.512495e-05 8.903200e-01 8.757355e-01
3.078515e+00 3.932212e-05 8.769410e-01 8.755755e-01
3.077722e+00 4.014958e-05 8.749390e-01 8.760242e-01
3.080744e+00 3.959115e-05 8.866770e-01 8.755307e-01
3.081280e+00 3.961389e-05 8.850170e-01 8.759528e-01
3.075600e+00 3.928405e-05 8.737510e-01 8.752401e-01
3.075258e+00 3.901938e-05 8.835040e-01 8.755450e-01
3.080790e+00 3.964229e-05 8.651470e-01 8.757136e-01
3.076648e+00 3.839826e-05 8.608330e-01 8.756031e-01
3.073230e+00 3.870457e-05 8.697230e-01 8.750743e-01
3.081229e+00 4.021272e-05 8.672680e-01 8.757965e-01
3.073273e+00 5.121267e-05 8.790630e-01 8.754859e-01
3.070632e+00 3.837126e-05 8.690990e-01 8.748761e-01
3.069560e+00 3.852681e-05 8.707390e-01 8.756088e-01
3.076724e+00 4.101318e-05 8.507760e-01 8.754249e-01
3.079000e+00 4.139097e-05 8.894780e-01 8.751886e-01
3.082753e+00 4.240271e-05 8.738920e-01 8.754421e-01
3.080330e+00 3.913148e-05 8.633060e-01 8.762510e-01
3.074752e+00 3.835850e-05 8.786890e-01 8.754421e-01
3.073806e+00 3.835888e-05 8.614490e-01 8.756174e-01
3.080989e+00 5.366734e-05 8.629680e-01 8.757174e-01
3.084521e+00 4.481595e-05 8.768950e-01 8.754125e-01
3.074409e+00 3.808824e-05 8.619090e-01 8.758060e-01
3.081241e+00 3.906406e-05 8.630650e-01 8.751105e-01
3.080188e+00 3.872292e-05 8.673270e-01 8.754383e-01
3.079951e+00 3.951363e-05 8.662910e-01 8.752877e-01
3.080749e+00 4.278799e-05 8.503570e-01 8.749914e-01
3.078557e+00 3.838551e-05 8.500460e-01 8.756384e-01
3.076786e+00 3.914356e-05 8.510120e-01 8.754992e-01
3.083808e+00 4.548711e-05 8.693560e-01 8.752410e-01
3.082885e+00 3.867858e-05 8.714990e-01 8.758184e-01
3.077710e+00 4.014856e-05 8.555620e-01 8.752468e-01
3.084080e+00 4.132485e-05 8.653460e-01 8.756136e-01
3.090637e+00 3.911835e-05 8.694560e-01 8.754211e-01
3.074536e+00 3.758783e-05 8.680980e-01 8.756517e-01
3.077895e+00 3.837499e-05 8.725290e-01 8.758041e-01
3.079812e+00 5.272453e-05 8.698540e-01 8.749876e-01
3.099339e+00 1.896637e-04 8.566480e-01 8.753478e-01
3.069275e+00 3.857455e-05 8.686560e-01 8.764187e-01
3.079072e+00 3.885132e-05 8.494680e-01 8.757813e-01
3.081734e+00 3.931225e-05 8.630200e-01 8.751610e-01
3.075797e+00 4.086206e-05 8.640690e-01 8.763491e-01
3.081039e+00 3.824365e-05 8.634520e-01 8.749533e-01
3.077366e+00 3.799607e-05 8.633740e-01 8.756250e-01
3.073135e+00 3.840760e-05 8.632120e-01 8.744188e-01
3.078752e+00 4.143628e-05 8.585180e-01 8.754907e-01
3.079239e+00 4.206948e-05 8.717140e-01 8.755478e-01
3.082046e+00 4.531257e-05 8.638360e-01 8.747904e-01
3.076595e+00 3.922132e-05 8.730680e-01 8.753173e-01
3.076389e+00 3.868024e-05 8.546410e-01 8.757451e-01
3.081638e+00 3.921792e-05 8.729570e-01 8.751477e-01
3.072172e+00 4.151250e-05 8.594160e-01 8.754573e-01
3.074256e+00 3.938254e-05 8.634250e-01 8.759709e-01
3.078788e+00 4.015486e-05 8.658840e-01 8.754240e-01
3.080676e+00 3.891906e-05 8.638610e-01 8.757746e-01
3.083304e+00 3.981125e-05 8.811170e-01 8.759594e-01
3.074408e+00 3.756528e-05 8.674900e-01 8.755459e-01
3.069508e+00 3.760448e-05 8.630330e-01 8.762691e-01
3.077894e+00 3.890792e-05 8.570670e-01 8.759956e-01
3.075650e+00 3.872438e-05 8.818160e-01 8.761509e-01
3.074998e+00 3.809969e-05 8.769840e-01 8.751582e-01
3.073485e+00 3.944191e-05 8.796930e-01 8.756069e-01
3.076477e+00 4.014958e-05 8.603980e-01 8.754697e-01
3.078683e+00 4.012961e-05 8.757350e-01 8.755545e-01
3.074207e+00 3.863224e-05 8.546570e-01 8.756898e-01
3.079011e+00 3.938042e-05 8.648500e-01 8.754049e-01
3.087167e+00 3.897058e-05 8.730330e-01 8.748142e-01
3.071997e+00 3.917617e-05 8.793580e-01 8.761500e-01
3.092651e+00 5.944553e-05 8.593890e-01 8.749552e-01
3.075611e+00 4.004160e-05 8.765670e-01 8.752639e-01
3.081304e+00 3.940713e-05 8.629260e-01 8.750981e-01
3.080105e+00 3.930313e-05 8.649760e-01 8.754869e-01
3.078265e+00 3.845058e-05 8.631580e-01 8.759013e-01
3.078288e+00 4.017058e-05 8.734330e-01 8.750686e-01
3.080123e+00 4.080873e-05 8.712320e-01 8.750696e-01
3.078445e+00 3.819976e-05 8.777990e-01 8.753192e-01
3.089078e+00 3.983482e-05 8.649290e-01 8.745722e-01
3.078394e+00 4.083385e-05 8.644010e-01 8.757317e-01
3.079535e+00 3.883086e-05 8.671140e-01 8.747666e-01
3.076227e+00 3.895532e-05 8.696350e-01 8.756222e-01
3.078347e+00 3.823061e-05 8.784970e-01 8.753039e-01
3.084873e+00 3.950082e-05 8.571450e-01 8.750972e-01
3.083417e+00 3.841214e-05 8.842900e-01 8.746656e-01
3.078758e+00 3.878420e-05 8.653550e-01 8.763062e-01
3.074844e+00 3.821354e-05 8.908220e-01 8.754707e-01
3.076665e+00 3.830786e-05 8.658860e-01 8.749962e-01
3.075140e+00 3.871859e-05 8.711990e-01 8.760881e-01
3.078354e+00 3.933783e-05 8.502910e-01 8.749695e-01
3.082452e+00 3.865712e-05 8.557850e-01 8.753954e-01
3.078234e+00 3.909647e-05 8.615480e-01 8.755021e-01
3.080317e+00 5.496088e-05 8.757810e-01 8.759442e-01
3.074348e+00 3.848960e-05 8.655060e-01 8.752744e-01
3.079044e+00 3.823065e-05 8.590410e-01 8.751877e-01
3.084126e+00 4.187438e-05 8.700840e-01 8.751696e-01
3.081545e+00 7.271583e-05 8.719650e-01 8.753125e-01
3.076442e+00 4.087920e-05 8.812720e-01 8.747551e-01
3.080777e+00 3.926078e-05 8.575210e-01 8.754459e-01
3.075920e+00 3.938400e-05 8.614280e-01 8.752077e-01
3.082850e+00 6.800542e-05 8.738250e-01 8.749409e-01
