# dim  N   mc   dt  Impsamp 
# 1    1 1049576 0.1
#
# Theoretical Energy = 5.000000e-01
# Energy     Variance     CPU time     Acceptance
5.008415e-01 2.561007e-10 4.671820e-01 9.718906e-01
5.004516e-01 1.164724e-10 4.473570e-01 9.717924e-01
5.001772e-01 5.362245e-11 4.862050e-01 9.723889e-01
5.000898e-01 2.445256e-11 4.684560e-01 9.718496e-01
5.000309e-01 1.117852e-11 4.663010e-01 9.722659e-01
4.999956e-01 5.297886e-12 4.946200e-01 9.719944e-01
4.999966e-01 2.558598e-12 4.544820e-01 9.722860e-01
4.999898e-01 1.296456e-12 4.550330e-01 9.722288e-01
4.999851e-01 7.195236e-13 4.677360e-01 9.719220e-01
4.999823e-01 4.625675e-13 4.589250e-01 9.720773e-01
4.999829e-01 3.479152e-13 4.813400e-01 9.720344e-01
4.999805e-01 2.946174e-13 4.506170e-01 9.721021e-01
4.999813e-01 2.702150e-13 4.532550e-01 9.720382e-01
4.999821e-01 2.594037e-13 4.587460e-01 9.723374e-01
4.999817e-01 2.544116e-13 4.557170e-01 9.721535e-01
4.999815e-01 2.521315e-13 4.606530e-01 9.719115e-01
4.999817e-01 2.511362e-13 4.808320e-01 9.719763e-01
4.999816e-01 2.506748e-13 4.809150e-01 9.719973e-01
4.999816e-01 2.504662e-13 4.542470e-01 9.719020e-01
4.999815e-01 2.503689e-13 4.372760e-01 9.719668e-01
4.999816e-01 2.503289e-13 4.514960e-01 9.720621e-01
4.999816e-01 2.503102e-13 4.983650e-01 9.722583e-01
4.999816e-01 2.503015e-13 4.600780e-01 9.718715e-01
4.999816e-01 2.502988e-13 4.722520e-01 9.719048e-01
4.999816e-01 2.502953e-13 4.652210e-01 9.718839e-01
4.999815e-01 2.502951e-13 4.618060e-01 9.720563e-01
4.999816e-01 2.502949e-13 4.686410e-01 9.719887e-01
4.999816e-01 2.502937e-13 4.677300e-01 9.719925e-01
4.999816e-01 2.502935e-13 4.609220e-01 9.720582e-01
4.999815e-01 2.502935e-13 4.785780e-01 9.720678e-01
4.999815e-01 2.502931e-13 4.469040e-01 9.717457e-01
4.999816e-01 2.502938e-13 4.509590e-01 9.719630e-01
4.999815e-01 2.502923e-13 4.778900e-01 9.718639e-01
4.999815e-01 2.502929e-13 4.657510e-01 9.719973e-01
4.999815e-01 2.502911e-13 4.855740e-01 9.719068e-01
4.999815e-01 2.502921e-13 4.629140e-01 9.717657e-01
4.999815e-01 2.502934e-13 4.585540e-01 9.720706e-01
4.999816e-01 2.502944e-13 4.753050e-01 9.718401e-01
4.999816e-01 2.502936e-13 4.844070e-01 9.721640e-01
4.999815e-01 2.502929e-13 4.558000e-01 9.721345e-01
4.999815e-01 2.502923e-13 4.452260e-01 9.719315e-01
4.999815e-01 2.502932e-13 4.599670e-01 9.720382e-01
4.999816e-01 2.502941e-13 4.845230e-01 9.718200e-01
4.999816e-01 2.502938e-13 4.516460e-01 9.718725e-01
4.999815e-01 2.502918e-13 4.731130e-01 9.722069e-01
4.999815e-01 2.502932e-13 4.882380e-01 9.719220e-01
4.999816e-01 2.502936e-13 4.779840e-01 9.719096e-01
4.999815e-01 2.502918e-13 4.569700e-01 9.720640e-01
4.999816e-01 2.502941e-13 4.597790e-01 9.720697e-01
4.999815e-01 2.502933e-13 4.608050e-01 9.719210e-01
4.999816e-01 2.502953e-13 4.739940e-01 9.719249e-01
4.999815e-01 2.502933e-13 4.686370e-01 9.722078e-01
4.999815e-01 2.502926e-13 4.621460e-01 9.723136e-01
4.999816e-01 2.502944e-13 4.662960e-01 9.721669e-01
4.999816e-01 2.502945e-13 4.903810e-01 9.719944e-01
4.999816e-01 2.502947e-13 4.595510e-01 9.718963e-01
4.999816e-01 2.502936e-13 4.844420e-01 9.719106e-01
4.999816e-01 2.502937e-13 4.531840e-01 9.718563e-01
4.999816e-01 2.502956e-13 4.675900e-01 9.721564e-01
4.999816e-01 2.502939e-13 4.742200e-01 9.720878e-01
4.999815e-01 2.502923e-13 4.475510e-01 9.719782e-01
4.999815e-01 2.502924e-13 4.769310e-01 9.719725e-01
4.999816e-01 2.502939e-13 4.466650e-01 9.720964e-01
4.999815e-01 2.502919e-13 4.555050e-01 9.722002e-01
4.999816e-01 2.502933e-13 4.811110e-01 9.716848e-01
4.999815e-01 2.502919e-13 5.050610e-01 9.720944e-01
4.999816e-01 2.502943e-13 4.804970e-01 9.719820e-01
4.999816e-01 2.502943e-13 4.739500e-01 9.718296e-01
4.999816e-01 2.502944e-13 4.632180e-01 9.717676e-01
4.999816e-01 2.502943e-13 4.307630e-01 9.721440e-01
4.999816e-01 2.502938e-13 4.639860e-01 9.722698e-01
4.999815e-01 2.502924e-13 4.685080e-01 9.720154e-01
4.999815e-01 2.502929e-13 4.522280e-01 9.724165e-01
4.999815e-01 2.502926e-13 4.677540e-01 9.719754e-01
4.999815e-01 2.502928e-13 4.720270e-01 9.717572e-01
4.999816e-01 2.502934e-13 4.918950e-01 9.721068e-01
4.999815e-01 2.502924e-13 4.610740e-01 9.720192e-01
4.999816e-01 2.502933e-13 4.812070e-01 9.722650e-01
4.999816e-01 2.502940e-13 4.649250e-01 9.718229e-01
4.999815e-01 2.502924e-13 4.615230e-01 9.720478e-01
4.999816e-01 2.502941e-13 4.978930e-01 9.720811e-01
4.999816e-01 2.502955e-13 4.531790e-01 9.719982e-01
4.999816e-01 2.502940e-13 4.526100e-01 9.722116e-01
4.999815e-01 2.502941e-13 4.461650e-01 9.720420e-01
4.999816e-01 2.502932e-13 4.521100e-01 9.719658e-01
4.999816e-01 2.502940e-13 4.746510e-01 9.719325e-01
4.999816e-01 2.502950e-13 4.544610e-01 9.720497e-01
4.999816e-01 2.502942e-13 4.685280e-01 9.720106e-01
4.999816e-01 2.502925e-13 4.408830e-01 9.721078e-01
4.999815e-01 2.502917e-13 4.905360e-01 9.718505e-01
4.999815e-01 2.502919e-13 4.500990e-01 9.718067e-01
4.999815e-01 2.502926e-13 4.508670e-01 9.718096e-01
4.999816e-01 2.502937e-13 4.452180e-01 9.718953e-01
4.999815e-01 2.502922e-13 4.639620e-01 9.719029e-01
4.999816e-01 2.502954e-13 4.473530e-01 9.718229e-01
4.999815e-01 2.502931e-13 4.678880e-01 9.719239e-01
4.999816e-01 2.502943e-13 4.532600e-01 9.720392e-01
4.999815e-01 2.502946e-13 4.452840e-01 9.721964e-01
4.999815e-01 2.502936e-13 4.723130e-01 9.721383e-01
4.999815e-01 2.502927e-13 4.573720e-01 9.722821e-01
4.999815e-01 2.502937e-13 4.569250e-01 9.718067e-01
4.999816e-01 2.502944e-13 4.777480e-01 9.719029e-01
4.999816e-01 2.502937e-13 4.448890e-01 9.720135e-01
4.999815e-01 2.502931e-13 4.817150e-01 9.719525e-01
4.999815e-01 2.502921e-13 4.819670e-01 9.718963e-01
4.999815e-01 2.502934e-13 4.635770e-01 9.721183e-01
4.999815e-01 2.502931e-13 4.572960e-01 9.722326e-01
4.999815e-01 2.502922e-13 4.748930e-01 9.720544e-01
4.999815e-01 2.502919e-13 4.753890e-01 9.721135e-01
4.999816e-01 2.502944e-13 4.459540e-01 9.721402e-01
4.999815e-01 2.502926e-13 4.524130e-01 9.718172e-01
4.999816e-01 2.502940e-13 4.500130e-01 9.719620e-01
4.999816e-01 2.502945e-13 4.820690e-01 9.719020e-01
4.999815e-01 2.502921e-13 4.750640e-01 9.718782e-01
4.999815e-01 2.502925e-13 4.600140e-01 9.723107e-01
4.999815e-01 2.502923e-13 4.835250e-01 9.722431e-01
4.999816e-01 2.502946e-13 4.508130e-01 9.719515e-01
4.999816e-01 2.502927e-13 4.976870e-01 9.718343e-01
4.999816e-01 2.502937e-13 4.918360e-01 9.719582e-01
4.999816e-01 2.502952e-13 4.741720e-01 9.716657e-01
4.999816e-01 2.502948e-13 4.534610e-01 9.721554e-01
4.999816e-01 2.502946e-13 4.532140e-01 9.720859e-01
4.999815e-01 2.502916e-13 4.845800e-01 9.719982e-01
4.999816e-01 2.502956e-13 4.631450e-01 9.721983e-01
4.999816e-01 2.502941e-13 4.733210e-01 9.720287e-01
4.999816e-01 2.502936e-13 4.983220e-01 9.719830e-01
4.999816e-01 2.502938e-13 4.441760e-01 9.718343e-01
4.999816e-01 2.502931e-13 4.808590e-01 9.721945e-01
4.999815e-01 2.502929e-13 4.626130e-01 9.721735e-01
4.999816e-01 2.502942e-13 4.728660e-01 9.718763e-01
4.999815e-01 2.502919e-13 4.568150e-01 9.719115e-01
4.999815e-01 2.502926e-13 4.821240e-01 9.719563e-01
4.999815e-01 2.502930e-13 4.800900e-01 9.721592e-01
4.999816e-01 2.502937e-13 4.671480e-01 9.718848e-01
4.999815e-01 2.502929e-13 4.478470e-01 9.721202e-01
4.999816e-01 2.502927e-13 4.757200e-01 9.723403e-01
4.999816e-01 2.502941e-13 4.906240e-01 9.720258e-01
4.999816e-01 2.502928e-13 4.439960e-01 9.717429e-01
4.999816e-01 2.502932e-13 4.676280e-01 9.719096e-01
4.999815e-01 2.502923e-13 4.581720e-01 9.720782e-01
4.999815e-01 2.502942e-13 4.726240e-01 9.721516e-01
4.999816e-01 2.502941e-13 4.944850e-01 9.717829e-01
4.999815e-01 2.502913e-13 4.560150e-01 9.715990e-01
4.999816e-01 2.502951e-13 4.463200e-01 9.721507e-01
4.999816e-01 2.502930e-13 4.670360e-01 9.719553e-01
4.999815e-01 2.502930e-13 4.496800e-01 9.720497e-01
4.999816e-01 2.502945e-13 4.946710e-01 9.717333e-01
4.999816e-01 2.502940e-13 4.499330e-01 9.718496e-01
4.999816e-01 2.502932e-13 4.626620e-01 9.721545e-01
4.999815e-01 2.502911e-13 4.753430e-01 9.722193e-01
4.999816e-01 2.502936e-13 4.453990e-01 9.716314e-01
4.999815e-01 2.502925e-13 4.358130e-01 9.719915e-01
4.999816e-01 2.502945e-13 4.540780e-01 9.720335e-01
4.999816e-01 2.502940e-13 4.606160e-01 9.720173e-01
4.999815e-01 2.502938e-13 4.598680e-01 9.718705e-01
4.999816e-01 2.502946e-13 4.600890e-01 9.717419e-01
4.999815e-01 2.502923e-13 4.685780e-01 9.719039e-01
4.999815e-01 2.502923e-13 4.754690e-01 9.719201e-01
4.999816e-01 2.502941e-13 4.659870e-01 9.719144e-01
4.999815e-01 2.502940e-13 4.537010e-01 9.718248e-01
4.999816e-01 2.502943e-13 4.491690e-01 9.720954e-01
4.999815e-01 2.502921e-13 4.878730e-01 9.723002e-01
4.999815e-01 2.502932e-13 4.402990e-01 9.718658e-01
4.999815e-01 2.502931e-13 4.515680e-01 9.721821e-01
4.999815e-01 2.502927e-13 4.735380e-01 9.719163e-01
4.999815e-01 2.502928e-13 4.813800e-01 9.720621e-01
4.999815e-01 2.502914e-13 4.620190e-01 9.718582e-01
4.999816e-01 2.502941e-13 4.674100e-01 9.720582e-01
4.999815e-01 2.502923e-13 4.594310e-01 9.719630e-01
4.999816e-01 2.502946e-13 4.624360e-01 9.720268e-01
4.999816e-01 2.502933e-13 4.986790e-01 9.722231e-01
4.999815e-01 2.502919e-13 4.639770e-01 9.719525e-01
4.999816e-01 2.502946e-13 4.490150e-01 9.720573e-01
4.999815e-01 2.502920e-13 4.993090e-01 9.720849e-01
4.999815e-01 2.502929e-13 4.984040e-01 9.719068e-01
4.999816e-01 2.502928e-13 4.444920e-01 9.721183e-01
4.999815e-01 2.502927e-13 4.813530e-01 9.718496e-01
4.999816e-01 2.502940e-13 4.677220e-01 9.718181e-01
4.999815e-01 2.502927e-13 4.521360e-01 9.720802e-01
4.999816e-01 2.502948e-13 4.529520e-01 9.717362e-01
4.999815e-01 2.502931e-13 4.790920e-01 9.717781e-01
4.999815e-01 2.502924e-13 4.453160e-01 9.720725e-01
4.999816e-01 2.502957e-13 4.693230e-01 9.720449e-01
4.999816e-01 2.502939e-13 4.610050e-01 9.720697e-01
4.999815e-01 2.502929e-13 4.736680e-01 9.720230e-01
4.999816e-01 2.502941e-13 4.722610e-01 9.721659e-01
4.999815e-01 2.502941e-13 4.530040e-01 9.717543e-01
4.999816e-01 2.502941e-13 4.740490e-01 9.719258e-01
4.999815e-01 2.502931e-13 4.724630e-01 9.718467e-01
4.999815e-01 2.502929e-13 4.454250e-01 9.720049e-01
4.999815e-01 2.502931e-13 4.632210e-01 9.721307e-01
4.999816e-01 2.502958e-13 4.618250e-01 9.722193e-01
4.999816e-01 2.502943e-13 4.589000e-01 9.718629e-01
4.999816e-01 2.502935e-13 4.805580e-01 9.719087e-01
4.999816e-01 2.502927e-13 4.696150e-01 9.720611e-01
4.999815e-01 2.502932e-13 4.736100e-01 9.721021e-01
4.999816e-01 2.502952e-13 4.730520e-01 9.717762e-01
4.999815e-01 2.502930e-13 4.580010e-01 9.719668e-01
4.999815e-01 2.502929e-13 4.789380e-01 9.721297e-01
4.999816e-01 2.502929e-13 4.545010e-01 9.721278e-01
4.999815e-01 2.502917e-13 4.810290e-01 9.719029e-01
4.999816e-01 2.502948e-13 4.635050e-01 9.722240e-01
4.999815e-01 2.502936e-13 4.830660e-01 9.720468e-01
4.999815e-01 2.502927e-13 4.616760e-01 9.716066e-01
4.999816e-01 2.502941e-13 4.852540e-01 9.718267e-01
4.999816e-01 2.502933e-13 4.726080e-01 9.721411e-01
4.999815e-01 2.502925e-13 4.515230e-01 9.720849e-01
4.999816e-01 2.502936e-13 4.914790e-01 9.717838e-01
4.999816e-01 2.502932e-13 4.711480e-01 9.719925e-01
4.999816e-01 2.502932e-13 4.837030e-01 9.722126e-01
4.999815e-01 2.502930e-13 4.617510e-01 9.720430e-01
4.999816e-01 2.502934e-13 4.383020e-01 9.721459e-01
4.999816e-01 2.502929e-13 4.903670e-01 9.720916e-01
4.999816e-01 2.502961e-13 4.549100e-01 9.718286e-01
4.999816e-01 2.502937e-13 4.458710e-01 9.721650e-01
4.999815e-01 2.502924e-13 4.949830e-01 9.719468e-01
4.999816e-01 2.502940e-13 4.938660e-01 9.720211e-01
4.999816e-01 2.502936e-13 4.442710e-01 9.720039e-01
4.999815e-01 2.502930e-13 4.667780e-01 9.718401e-01
4.999815e-01 2.502916e-13 4.521130e-01 9.720621e-01
4.999816e-01 2.502963e-13 4.608570e-01 9.719239e-01
4.999816e-01 2.502958e-13 4.808690e-01 9.721364e-01
4.999815e-01 2.502927e-13 4.903430e-01 9.718410e-01
4.999816e-01 2.502952e-13 4.454400e-01 9.716438e-01
4.999816e-01 2.502934e-13 4.604120e-01 9.717638e-01
4.999816e-01 2.502938e-13 4.805220e-01 9.720125e-01
4.999816e-01 2.502947e-13 4.609800e-01 9.718686e-01
4.999816e-01 2.502939e-13 4.679310e-01 9.719201e-01
4.999815e-01 2.502926e-13 4.862580e-01 9.719954e-01
4.999815e-01 2.502929e-13 4.758040e-01 9.721669e-01
4.999815e-01 2.502933e-13 4.517340e-01 9.720611e-01
4.999816e-01 2.502955e-13 4.695480e-01 9.719039e-01
4.999816e-01 2.502956e-13 4.459600e-01 9.719954e-01
4.999815e-01 2.502932e-13 4.531140e-01 9.719201e-01
4.999816e-01 2.502937e-13 4.360020e-01 9.719391e-01
4.999815e-01 2.502922e-13 4.767100e-01 9.721459e-01
4.999815e-01 2.502925e-13 4.620990e-01 9.718925e-01
4.999816e-01 2.502934e-13 4.658840e-01 9.720077e-01
4.999816e-01 2.502940e-13 4.554850e-01 9.719048e-01
4.999816e-01 2.502943e-13 5.025080e-01 9.717619e-01
4.999816e-01 2.502940e-13 4.898680e-01 9.721678e-01
4.999815e-01 2.502922e-13 4.746400e-01 9.719496e-01
4.999815e-01 2.502926e-13 4.574070e-01 9.719611e-01
4.999816e-01 2.502951e-13 4.520310e-01 9.717896e-01
4.999815e-01 2.502928e-13 4.537700e-01 9.718620e-01
4.999815e-01 2.502933e-13 4.664320e-01 9.720258e-01
4.999815e-01 2.502921e-13 4.315530e-01 9.718353e-01
4.999815e-01 2.502924e-13 4.587500e-01 9.718744e-01
4.999815e-01 2.502925e-13 4.719820e-01 9.718953e-01
4.999816e-01 2.502920e-13 4.594340e-01 9.721526e-01
4.999815e-01 2.502920e-13 4.309530e-01 9.722545e-01
4.999815e-01 2.502926e-13 4.612180e-01 9.720106e-01
4.999816e-01 2.502948e-13 4.540850e-01 9.721449e-01
4.999816e-01 2.502942e-13 4.577210e-01 9.720230e-01
4.999816e-01 2.502951e-13 4.443760e-01 9.719182e-01
4.999816e-01 2.502950e-13 4.611170e-01 9.721773e-01
4.999815e-01 2.502926e-13 4.579670e-01 9.720096e-01
4.999816e-01 2.502936e-13 4.718270e-01 9.719572e-01
4.999816e-01 2.502944e-13 4.683190e-01 9.720144e-01
4.999816e-01 2.502936e-13 4.873550e-01 9.718277e-01
4.999815e-01 2.502924e-13 4.607660e-01 9.721811e-01
4.999815e-01 2.502919e-13 4.807240e-01 9.721278e-01
4.999816e-01 2.502932e-13 4.579780e-01 9.721249e-01
4.999817e-01 2.502964e-13 4.382370e-01 9.717762e-01
4.999815e-01 2.502932e-13 4.446110e-01 9.719801e-01
4.999815e-01 2.502919e-13 4.572410e-01 9.721688e-01
4.999816e-01 2.502944e-13 4.736880e-01 9.720544e-01
4.999815e-01 2.502915e-13 4.538850e-01 9.716971e-01
4.999816e-01 2.502929e-13 4.553960e-01 9.719172e-01
4.999816e-01 2.502935e-13 4.628330e-01 9.717048e-01
4.999815e-01 2.502931e-13 4.758470e-01 9.719487e-01
4.999815e-01 2.502903e-13 4.588960e-01 9.722374e-01
4.999815e-01 2.502915e-13 4.607520e-01 9.718572e-01
4.999815e-01 2.502914e-13 4.746750e-01 9.717705e-01
4.999815e-01 2.502919e-13 4.462020e-01 9.720201e-01
4.999816e-01 2.502943e-13 4.924040e-01 9.716924e-01
4.999816e-01 2.502942e-13 4.643690e-01 9.721611e-01
4.999816e-01 2.502936e-13 4.568380e-01 9.719268e-01
4.999816e-01 2.502940e-13 4.746460e-01 9.720964e-01
4.999816e-01 2.502942e-13 4.899760e-01 9.722459e-01
4.999816e-01 2.502936e-13 4.740120e-01 9.718439e-01
4.999816e-01 2.502953e-13 4.581140e-01 9.718324e-01
4.999816e-01 2.502944e-13 4.396730e-01 9.719763e-01
4.999816e-01 2.502934e-13 4.692830e-01 9.719258e-01
4.999816e-01 2.502944e-13 4.838840e-01 9.719935e-01
4.999816e-01 2.502935e-13 4.722690e-01 9.720916e-01
4.999816e-01 2.502935e-13 4.751060e-01 9.721202e-01
4.999816e-01 2.502930e-13 4.854750e-01 9.720020e-01
4.999816e-01 2.502944e-13 4.839700e-01 9.718382e-01
4.999815e-01 2.502914e-13 4.731190e-01 9.718229e-01
4.999816e-01 2.502940e-13 4.526690e-01 9.717515e-01
4.999816e-01 2.502953e-13 4.577970e-01 9.720030e-01
4.999816e-01 2.502931e-13 4.707100e-01 9.720297e-01
4.999816e-01 2.502960e-13 4.674370e-01 9.718820e-01
4.999816e-01 2.502932e-13 4.398460e-01 9.723850e-01
4.999816e-01 2.502939e-13 4.600590e-01 9.718296e-01
4.999816e-01 2.502937e-13 4.755420e-01 9.719058e-01
4.999816e-01 2.502929e-13 4.777970e-01 9.719982e-01
4.999816e-01 2.502946e-13 4.596830e-01 9.719039e-01
4.999815e-01 2.502933e-13 4.767570e-01 9.717429e-01
4.999816e-01 2.502935e-13 4.617880e-01 9.720487e-01
4.999816e-01 2.502935e-13 4.882620e-01 9.718753e-01
4.999815e-01 2.502917e-13 4.747070e-01 9.722593e-01
4.999815e-01 2.502921e-13 4.616030e-01 9.719239e-01
4.999816e-01 2.502934e-13 4.372730e-01 9.717581e-01
4.999816e-01 2.502945e-13 4.899530e-01 9.720001e-01
4.999816e-01 2.502930e-13 4.786020e-01 9.721402e-01
4.999816e-01 2.502951e-13 4.624730e-01 9.721907e-01
4.999816e-01 2.502930e-13 4.719270e-01 9.719544e-01
4.999816e-01 2.502945e-13 4.543910e-01 9.719201e-01
4.999816e-01 2.502948e-13 4.759180e-01 9.720516e-01
4.999815e-01 2.502925e-13 4.532640e-01 9.720878e-01
4.999816e-01 2.502930e-13 4.919760e-01 9.721078e-01
4.999815e-01 2.502938e-13 4.395270e-01 9.721440e-01
4.999815e-01 2.502930e-13 4.926700e-01 9.720830e-01
4.999815e-01 2.502930e-13 4.495700e-01 9.719087e-01
4.999816e-01 2.502943e-13 4.551570e-01 9.719258e-01
4.999816e-01 2.502945e-13 4.715840e-01 9.720401e-01
4.999816e-01 2.502939e-13 4.454450e-01 9.722707e-01
4.999816e-01 2.502941e-13 4.519280e-01 9.719887e-01
4.999815e-01 2.502933e-13 4.602160e-01 9.718886e-01
4.999816e-01 2.502937e-13 4.621720e-01 9.718353e-01
4.999816e-01 2.502922e-13 4.754160e-01 9.720621e-01
4.999815e-01 2.502915e-13 4.364760e-01 9.723069e-01
4.999816e-01 2.502925e-13 4.657100e-01 9.718563e-01
4.999816e-01 2.502939e-13 4.739050e-01 9.718896e-01
4.999816e-01 2.502942e-13 4.614150e-01 9.720782e-01
4.999816e-01 2.502935e-13 4.510520e-01 9.721364e-01
4.999815e-01 2.502927e-13 4.975240e-01 9.722135e-01
4.999816e-01 2.502944e-13 4.516950e-01 9.720106e-01
4.999815e-01 2.502932e-13 4.412370e-01 9.719563e-01
4.999815e-01 2.502924e-13 4.734970e-01 9.720401e-01
4.999815e-01 2.502932e-13 4.647960e-01 9.720135e-01
4.999816e-01 2.502946e-13 4.683980e-01 9.719106e-01
4.999816e-01 2.502941e-13 4.487750e-01 9.717819e-01
4.999815e-01 2.502927e-13 4.490600e-01 9.719725e-01
4.999816e-01 2.502939e-13 4.651450e-01 9.717943e-01
4.999815e-01 2.502916e-13 4.628020e-01 9.719696e-01
4.999815e-01 2.502915e-13 4.616260e-01 9.717962e-01
4.999815e-01 2.502915e-13 4.659230e-01 9.719363e-01
4.999816e-01 2.502947e-13 4.680040e-01 9.720573e-01
4.999816e-01 2.502924e-13 4.769890e-01 9.724070e-01
4.999815e-01 2.502925e-13 4.556210e-01 9.720754e-01
4.999815e-01 2.502929e-13 4.753840e-01 9.723717e-01
4.999815e-01 2.502923e-13 4.681880e-01 9.719935e-01
4.999815e-01 2.502918e-13 4.521570e-01 9.722478e-01
4.999815e-01 2.502937e-13 4.736150e-01 9.718877e-01
4.999816e-01 2.502944e-13 4.610900e-01 9.720640e-01
4.999815e-01 2.502914e-13 4.757760e-01 9.721183e-01
4.999815e-01 2.502943e-13 4.736010e-01 9.720716e-01
4.999815e-01 2.502916e-13 4.774530e-01 9.719106e-01
4.999815e-01 2.502915e-13 4.327180e-01 9.719973e-01
4.999816e-01 2.502935e-13 4.811360e-01 9.720811e-01
4.999816e-01 2.502931e-13 4.609110e-01 9.718848e-01
4.999815e-01 2.502922e-13 4.829520e-01 9.721326e-01
4.999816e-01 2.502962e-13 4.829630e-01 9.721440e-01
4.999816e-01 2.502944e-13 4.650760e-01 9.721373e-01
4.999816e-01 2.502955e-13 4.838210e-01 9.720058e-01
4.999816e-01 2.502926e-13 4.454040e-01 9.718610e-01
4.999815e-01 2.502911e-13 4.706080e-01 9.718896e-01
4.999815e-01 2.502918e-13 4.455240e-01 9.721488e-01
4.999816e-01 2.502937e-13 4.703560e-01 9.718715e-01
4.999816e-01 2.502949e-13 4.707580e-01 9.718753e-01
4.999815e-01 2.502939e-13 4.600740e-01 9.717095e-01
4.999815e-01 2.502919e-13 4.676720e-01 9.719039e-01
4.999815e-01 2.502915e-13 4.609330e-01 9.720173e-01
4.999816e-01 2.502937e-13 4.449280e-01 9.718115e-01
4.999815e-01 2.502921e-13 4.901960e-01 9.719725e-01
4.999816e-01 2.502944e-13 4.506520e-01 9.721249e-01
4.999816e-01 2.502938e-13 4.912730e-01 9.719411e-01
4.999816e-01 2.502928e-13 4.487140e-01 9.719792e-01
4.999815e-01 2.502936e-13 4.647120e-01 9.717619e-01
4.999816e-01 2.502936e-13 4.524600e-01 9.719334e-01
4.999816e-01 2.502940e-13 4.678130e-01 9.721973e-01
4.999816e-01 2.502936e-13 4.617370e-01 9.719935e-01
4.999815e-01 2.502926e-13 4.493800e-01 9.718210e-01
4.999815e-01 2.502927e-13 4.586990e-01 9.719915e-01
4.999815e-01 2.502919e-13 4.739290e-01 9.718801e-01
4.999816e-01 2.502933e-13 4.810490e-01 9.717791e-01
4.999816e-01 2.502945e-13 4.771110e-01 9.718858e-01
4.999816e-01 2.502946e-13 4.623600e-01 9.718963e-01
4.999815e-01 2.502923e-13 4.601740e-01 9.720878e-01
4.999815e-01 2.502913e-13 4.628460e-01 9.721145e-01
4.999816e-01 2.502933e-13 4.591800e-01 9.716838e-01
4.999815e-01 2.502918e-13 4.649570e-01 9.719039e-01
4.999815e-01 2.502921e-13 4.850900e-01 9.719229e-01
4.999816e-01 2.502935e-13 4.481270e-01 9.721002e-01
4.999815e-01 2.502926e-13 4.554280e-01 9.720516e-01
4.999816e-01 2.502923e-13 4.566210e-01 9.718429e-01
4.999816e-01 2.502945e-13 4.696260e-01 9.721592e-01
4.999815e-01 2.502920e-13 4.615890e-01 9.719401e-01
4.999815e-01 2.502925e-13 4.703600e-01 9.717114e-01
4.999815e-01 2.502921e-13 4.443410e-01 9.721964e-01
4.999815e-01 2.502923e-13 4.459770e-01 9.721078e-01
4.999816e-01 2.502934e-13 4.792330e-01 9.720878e-01
4.999816e-01 2.502945e-13 4.755890e-01 9.718820e-01
4.999816e-01 2.502931e-13 4.500920e-01 9.720964e-01
4.999816e-01 2.502935e-13 4.547170e-01 9.716466e-01
4.999816e-01 2.502939e-13 4.581510e-01 9.724346e-01
4.999816e-01 2.502943e-13 4.819750e-01 9.720039e-01
4.999815e-01 2.502933e-13 4.453070e-01 9.719944e-01
4.999816e-01 2.502926e-13 4.693980e-01 9.718763e-01
4.999816e-01 2.502932e-13 4.629100e-01 9.717057e-01
4.999816e-01 2.502955e-13 4.745700e-01 9.719334e-01
4.999815e-01 2.502935e-13 4.713090e-01 9.720249e-01
4.999816e-01 2.502938e-13 4.825650e-01 9.719744e-01
4.999815e-01 2.502913e-13 4.589870e-01 9.720916e-01
4.999816e-01 2.502944e-13 4.531990e-01 9.718534e-01
4.999815e-01 2.502928e-13 4.526410e-01 9.720735e-01
4.999816e-01 2.502944e-13 4.609520e-01 9.720182e-01
4.999816e-01 2.502933e-13 4.474260e-01 9.722574e-01
4.999816e-01 2.502942e-13 4.608930e-01 9.717981e-01
4.999816e-01 2.502938e-13 4.643410e-01 9.722097e-01
4.999816e-01 2.502931e-13 4.610180e-01 9.720830e-01
4.999816e-01 2.502950e-13 4.445770e-01 9.720068e-01
4.999816e-01 2.502954e-13 4.527980e-01 9.720430e-01
4.999816e-01 2.502937e-13 4.575230e-01 9.720535e-01
4.999815e-01 2.502929e-13 4.626930e-01 9.721983e-01
4.999816e-01 2.502936e-13 4.664580e-01 9.719306e-01
4.999816e-01 2.502941e-13 4.661520e-01 9.718934e-01
4.999816e-01 2.502942e-13 4.666030e-01 9.721745e-01
4.999816e-01 2.502935e-13 4.782490e-01 9.720744e-01
4.999816e-01 2.502934e-13 4.606780e-01 9.719525e-01
4.999816e-01 2.502941e-13 4.576330e-01 9.721878e-01
4.999816e-01 2.502946e-13 4.522030e-01 9.717696e-01
4.999815e-01 2.502924e-13 4.761040e-01 9.717934e-01
4.999815e-01 2.502912e-13 4.675040e-01 9.720821e-01
4.999815e-01 2.502930e-13 4.571780e-01 9.721354e-01
4.999816e-01 2.502942e-13 4.521960e-01 9.718906e-01
4.999816e-01 2.502936e-13 4.777310e-01 9.717943e-01
4.999816e-01 2.502944e-13 4.527090e-01 9.716600e-01
4.999816e-01 2.502927e-13 4.680970e-01 9.719820e-01
4.999816e-01 2.502930e-13 4.695720e-01 9.718258e-01
4.999815e-01 2.502930e-13 4.627650e-01 9.717638e-01
4.999816e-01 2.502941e-13 4.568760e-01 9.720230e-01
4.999816e-01 2.502941e-13 4.665290e-01 9.720497e-01
4.999816e-01 2.502927e-13 4.585960e-01 9.720925e-01
4.999815e-01 2.502919e-13 4.496570e-01 9.720573e-01
4.999815e-01 2.502905e-13 4.605520e-01 9.720563e-01
4.999815e-01 2.502910e-13 4.664090e-01 9.719696e-01
4.999815e-01 2.502921e-13 4.664160e-01 9.718858e-01
4.999815e-01 2.502912e-13 4.648240e-01 9.721945e-01
4.999816e-01 2.502940e-13 4.486010e-01 9.721230e-01
4.999815e-01 2.502927e-13 4.540020e-01 9.718667e-01
4.999815e-01 2.502922e-13 4.529400e-01 9.716771e-01
4.999816e-01 2.502952e-13 4.858620e-01 9.720030e-01
4.999816e-01 2.502935e-13 4.441530e-01 9.720125e-01
4.999816e-01 2.502941e-13 4.563870e-01 9.717515e-01
4.999815e-01 2.502915e-13 4.513620e-01 9.718582e-01
4.999816e-01 2.502942e-13 4.764710e-01 9.719725e-01
4.999816e-01 2.502939e-13 4.630180e-01 9.723021e-01
4.999815e-01 2.502924e-13 4.531760e-01 9.719534e-01
4.999816e-01 2.502956e-13 4.801260e-01 9.721554e-01
4.999816e-01 2.502942e-13 4.800300e-01 9.721002e-01
4.999815e-01 2.502930e-13 4.559950e-01 9.718048e-01
4.999816e-01 2.502927e-13 4.693740e-01 9.719849e-01
4.999816e-01 2.502933e-13 4.705650e-01 9.719658e-01
4.999815e-01 2.502928e-13 4.643920e-01 9.719210e-01
4.999816e-01 2.502948e-13 4.692680e-01 9.719820e-01
4.999816e-01 2.502947e-13 4.693370e-01 9.721488e-01
4.999816e-01 2.502924e-13 4.673960e-01 9.720601e-01
4.999816e-01 2.502942e-13 4.712580e-01 9.721840e-01
4.999815e-01 2.502932e-13 4.730200e-01 9.720030e-01
4.999816e-01 2.502966e-13 4.825930e-01 9.718000e-01
4.999816e-01 2.502947e-13 4.730550e-01 9.719620e-01
4.999816e-01 2.502947e-13 4.455180e-01 9.721173e-01
4.999816e-01 2.502936e-13 4.970380e-01 9.720954e-01
4.999815e-01 2.502922e-13 4.613950e-01 9.717162e-01
4.999816e-01 2.502940e-13 4.592070e-01 9.721297e-01
4.999815e-01 2.502918e-13 4.898670e-01 9.717724e-01
4.999815e-01 2.502941e-13 5.076880e-01 9.722812e-01
4.999816e-01 2.502934e-13 4.919220e-01 9.717572e-01
4.999816e-01 2.502927e-13 4.596610e-01 9.719582e-01
4.999816e-01 2.502939e-13 4.375360e-01 9.720182e-01
4.999816e-01 2.502931e-13 4.679430e-01 9.719144e-01
4.999816e-01 2.502939e-13 4.747580e-01 9.720392e-01
4.999816e-01 2.502935e-13 4.538270e-01 9.716390e-01
4.999815e-01 2.502927e-13 4.664400e-01 9.718343e-01
4.999816e-01 2.502943e-13 4.677810e-01 9.718867e-01
4.999816e-01 2.502949e-13 4.835850e-01 9.719153e-01
4.999816e-01 2.502934e-13 4.554770e-01 9.720163e-01
4.999816e-01 2.502937e-13 4.681920e-01 9.722031e-01
4.999816e-01 2.502935e-13 4.521370e-01 9.720487e-01
4.999816e-01 2.502935e-13 4.908650e-01 9.718801e-01
4.999816e-01 2.502936e-13 4.517100e-01 9.719744e-01
4.999816e-01 2.502938e-13 4.581900e-01 9.717734e-01
4.999815e-01 2.502922e-13 4.614350e-01 9.720535e-01
4.999815e-01 2.502921e-13 4.630270e-01 9.720906e-01
4.999816e-01 2.502934e-13 4.562590e-01 9.720983e-01
4.999816e-01 2.502943e-13 4.522480e-01 9.720573e-01
4.999816e-01 2.502937e-13 4.469390e-01 9.720220e-01
4.999815e-01 2.502917e-13 4.689350e-01 9.719525e-01
4.999816e-01 2.502933e-13 4.718400e-01 9.720106e-01
4.999816e-01 2.502954e-13 4.680900e-01 9.720239e-01
4.999815e-01 2.502910e-13 4.673850e-01 9.716952e-01
4.999816e-01 2.502936e-13 4.824690e-01 9.720535e-01
4.999816e-01 2.502945e-13 4.747260e-01 9.721135e-01
4.999816e-01 2.502934e-13 4.790970e-01 9.720830e-01
4.999816e-01 2.502935e-13 4.763610e-01 9.718677e-01
