# dim  N   mc   dt  Impsamp 
# 1    1 1049576 0.1
#
# Theoretical Energy = 5.000000e-01
# Energy     Variance     CPU time     Acceptance
5.009129e-01 2.591128e-10 4.295740e-01 9.719830e-01
5.008884e-01 2.417496e-10 4.297440e-01 9.719487e-01
5.007830e-01 2.257934e-10 4.711390e-01 9.721164e-01
5.007497e-01 2.124095e-10 4.308640e-01 9.719782e-01
5.006404e-01 1.976047e-10 4.288270e-01 9.717219e-01
5.005912e-01 1.854224e-10 4.297680e-01 9.720497e-01
5.006538e-01 1.720132e-10 4.294370e-01 9.718458e-01
5.005716e-01 1.611761e-10 4.287880e-01 9.718839e-01
5.005112e-01 1.505702e-10 4.307840e-01 9.718953e-01
5.005212e-01 1.410444e-10 4.298480e-01 9.721640e-01
5.004573e-01 1.328581e-10 4.297370e-01 9.725089e-01
5.003790e-01 1.240994e-10 4.287420e-01 9.720258e-01
5.004534e-01 1.162629e-10 4.302980e-01 9.716438e-01
5.003539e-01 1.080339e-10 4.296740e-01 9.719229e-01
5.003180e-01 1.011159e-10 4.287580e-01 9.720011e-01
5.003265e-01 9.515767e-11 4.298300e-01 9.717638e-01
5.002487e-01 8.880690e-11 4.362190e-01 9.720144e-01
5.002455e-01 8.303920e-11 4.310660e-01 9.720716e-01
5.002781e-01 7.832300e-11 4.289100e-01 9.718744e-01
5.002434e-01 7.275540e-11 4.299080e-01 9.717934e-01
5.002796e-01 6.809183e-11 4.295530e-01 9.720887e-01
5.002238e-01 6.345577e-11 4.288550e-01 9.719582e-01
5.002173e-01 5.967578e-11 4.339890e-01 9.717810e-01
5.002161e-01 5.604489e-11 4.287270e-01 9.718258e-01
5.001582e-01 5.221593e-11 4.301070e-01 9.720211e-01
5.002014e-01 4.849833e-11 4.299670e-01 9.719744e-01
5.001752e-01 4.579243e-11 4.303250e-01 9.720506e-01
5.001301e-01 4.295454e-11 4.296780e-01 9.719668e-01
5.001442e-01 4.016635e-11 4.294830e-01 9.719754e-01
5.001291e-01 3.775884e-11 4.298950e-01 9.717877e-01
5.001464e-01 3.522351e-11 4.299530e-01 9.720830e-01
5.001250e-01 3.313235e-11 4.299620e-01 9.722345e-01
5.000963e-01 3.095886e-11 4.290300e-01 9.721945e-01
5.001173e-01 2.907502e-11 4.425030e-01 9.718439e-01
5.000712e-01 2.696747e-11 4.294810e-01 9.717200e-01
5.001075e-01 2.537110e-11 4.290470e-01 9.721545e-01
5.000739e-01 2.386260e-11 4.301730e-01 9.720116e-01
5.000983e-01 2.231031e-11 4.297780e-01 9.718991e-01
5.000156e-01 2.076433e-11 4.299070e-01 9.718467e-01
5.000469e-01 1.958087e-11 4.296490e-01 9.719630e-01
5.000499e-01 1.819494e-11 4.301870e-01 9.721240e-01
5.000349e-01 1.727254e-11 4.288750e-01 9.719515e-01
5.000314e-01 1.612357e-11 4.295670e-01 9.720754e-01
5.000337e-01 1.500849e-11 4.302650e-01 9.720106e-01
5.000268e-01 1.414766e-11 4.303980e-01 9.718315e-01
5.000263e-01 1.317012e-11 4.303300e-01 9.716800e-01
5.000375e-01 1.240297e-11 4.328840e-01 9.722259e-01
5.000163e-01 1.152369e-11 4.319820e-01 9.719315e-01
5.000204e-01 1.089222e-11 4.296490e-01 9.720049e-01
5.000221e-01 1.018269e-11 4.289720e-01 9.722164e-01
5.000170e-01 9.519665e-12 4.296390e-01 9.721821e-01
5.000125e-01 9.005911e-12 4.287010e-01 9.716562e-01
5.000161e-01 8.400643e-12 4.297820e-01 9.721421e-01
4.999961e-01 7.815331e-12 4.287630e-01 9.721802e-01
5.000003e-01 7.368337e-12 4.300140e-01 9.716362e-01
5.000062e-01 6.963202e-12 4.287510e-01 9.721983e-01
5.000069e-01 6.487411e-12 4.287990e-01 9.717305e-01
5.000039e-01 6.125241e-12 4.297440e-01 9.717457e-01
5.000168e-01 5.689259e-12 4.290770e-01 9.719325e-01
5.000120e-01 5.338625e-12 4.298140e-01 9.720830e-01
4.999939e-01 5.024418e-12 4.388180e-01 9.717286e-01
5.000046e-01 4.718890e-12 4.294230e-01 9.719163e-01
4.999916e-01 4.459439e-12 4.290340e-01 9.719353e-01
4.999847e-01 4.150221e-12 4.294250e-01 9.717010e-01
4.999849e-01 3.907882e-12 4.297380e-01 9.721459e-01
5.000092e-01 3.701199e-12 4.292230e-01 9.716771e-01
4.999993e-01 3.465389e-12 4.298510e-01 9.720592e-01
5.000034e-01 3.268216e-12 4.293430e-01 9.719992e-01
4.999919e-01 3.064081e-12 4.305560e-01 9.719782e-01
4.999855e-01 2.876818e-12 4.293360e-01 9.718439e-01
4.999925e-01 2.717491e-12 4.287850e-01 9.718725e-01
4.999913e-01 2.545628e-12 4.308500e-01 9.721059e-01
4.999885e-01 2.389466e-12 4.299080e-01 9.717076e-01
4.999975e-01 2.265161e-12 4.299370e-01 9.721678e-01
4.999845e-01 2.154504e-12 4.287130e-01 9.720401e-01
4.999764e-01 2.019324e-12 4.297740e-01 9.717029e-01
4.999869e-01 1.905186e-12 4.288440e-01 9.718648e-01
4.999864e-01 1.784766e-12 4.299460e-01 9.719487e-01
4.999807e-01 1.695569e-12 4.297860e-01 9.723164e-01
4.999771e-01 1.607503e-12 4.288800e-01 9.719858e-01
4.999907e-01 1.527847e-12 4.302370e-01 9.721335e-01
4.999889e-01 1.435073e-12 4.288020e-01 9.719249e-01
4.999866e-01 1.362798e-12 4.313420e-01 9.718391e-01
4.999871e-01 1.286202e-12 4.298020e-01 9.720659e-01
4.999889e-01 1.223614e-12 4.292240e-01 9.718153e-01
4.999834e-01 1.152749e-12 4.297290e-01 9.722907e-01
4.999829e-01 1.100299e-12 4.289140e-01 9.720392e-01
4.999880e-01 1.042407e-12 4.306020e-01 9.717981e-01
4.999847e-01 9.933804e-13 4.286850e-01 9.716714e-01
4.999866e-01 9.516982e-13 4.320610e-01 9.722126e-01
4.999899e-01 9.026625e-13 4.288380e-01 9.718401e-01
4.999858e-01 8.591224e-13 4.287820e-01 9.721831e-01
4.999885e-01 8.220267e-13 4.299590e-01 9.719649e-01
4.999845e-01 7.871618e-13 4.290220e-01 9.719639e-01
4.999805e-01 7.495837e-13 4.288120e-01 9.720944e-01
4.999828e-01 7.152015e-13 4.297110e-01 9.721030e-01
4.999825e-01 6.902706e-13 4.313240e-01 9.718229e-01
4.999798e-01 6.599055e-13 4.304820e-01 9.718848e-01
4.999823e-01 6.345820e-13 4.290370e-01 9.719449e-01
4.999865e-01 6.106819e-13 4.307300e-01 9.721954e-01
4.999849e-01 5.870876e-13 4.286940e-01 9.719868e-01
4.999856e-01 5.644235e-13 4.290070e-01 9.720230e-01
4.999849e-01 5.439037e-13 4.293000e-01 9.717905e-01
4.999826e-01 5.260829e-13 4.309560e-01 9.720325e-01
4.999803e-01 5.080315e-13 4.292350e-01 9.719582e-01
4.999836e-01 4.895643e-13 4.304340e-01 9.722288e-01
4.999814e-01 4.774635e-13 4.314420e-01 9.721992e-01
4.999819e-01 4.623724e-13 4.288220e-01 9.718143e-01
4.999834e-01 4.491163e-13 4.297120e-01 9.723164e-01
4.999799e-01 4.346171e-13 4.300800e-01 9.720611e-01
4.999842e-01 4.230147e-13 4.298900e-01 9.721840e-01
4.999872e-01 4.132038e-13 4.289090e-01 9.718610e-01
4.999836e-01 4.013764e-13 4.294090e-01 9.718019e-01
4.999836e-01 3.921678e-13 4.298170e-01 9.722707e-01
4.999850e-01 3.825832e-13 4.287050e-01 9.717314e-01
4.999824e-01 3.750132e-13 4.301080e-01 9.717857e-01
4.999844e-01 3.660240e-13 4.288380e-01 9.716914e-01
4.999837e-01 3.597122e-13 4.299320e-01 9.719658e-01
4.999826e-01 3.519021e-13 4.297590e-01 9.719611e-01
4.999831e-01 3.461966e-13 4.289180e-01 9.718610e-01
4.999821e-01 3.393997e-13 4.296980e-01 9.720649e-01
4.999833e-01 3.336723e-13 4.287650e-01 9.716895e-01
4.999817e-01 3.281595e-13 4.297900e-01 9.719839e-01
4.999805e-01 3.230701e-13 4.287810e-01 9.719896e-01
4.999827e-01 3.187813e-13 4.308140e-01 9.721945e-01
4.999811e-01 3.140217e-13 4.288410e-01 9.718715e-01
4.999822e-01 3.099514e-13 4.288930e-01 9.718477e-01
4.999815e-01 3.064917e-13 4.627510e-01 9.719601e-01
4.999833e-01 3.026890e-13 4.297730e-01 9.721535e-01
4.999846e-01 2.991440e-13 4.310910e-01 9.721916e-01
4.999827e-01 2.967205e-13 4.349620e-01 9.722383e-01
4.999818e-01 2.934327e-13 4.301310e-01 9.720258e-01
4.999812e-01 2.902097e-13 4.317030e-01 9.718867e-01
4.999828e-01 2.879777e-13 4.333940e-01 9.724117e-01
4.999818e-01 2.857039e-13 4.302110e-01 9.716324e-01
4.999816e-01 2.833983e-13 4.290140e-01 9.717343e-01
4.999817e-01 2.813287e-13 4.299860e-01 9.720144e-01
4.999823e-01 2.790788e-13 4.286790e-01 9.719763e-01
4.999823e-01 2.773570e-13 4.307060e-01 9.719182e-01
4.999820e-01 2.756629e-13 4.288620e-01 9.719010e-01
4.999821e-01 2.737835e-13 4.298430e-01 9.720220e-01
4.999816e-01 2.723609e-13 4.298010e-01 9.722012e-01
4.999825e-01 2.709297e-13 4.288840e-01 9.721383e-01
4.999813e-01 2.694975e-13 4.305380e-01 9.718991e-01
4.999811e-01 2.683365e-13 4.291850e-01 9.720840e-01
4.999813e-01 2.673867e-13 4.307820e-01 9.717114e-01
4.999822e-01 2.662240e-13 4.289910e-01 9.722316e-01
4.999810e-01 2.651743e-13 4.297350e-01 9.720278e-01
4.999825e-01 2.643053e-13 4.287850e-01 9.718858e-01
4.999816e-01 2.632723e-13 4.287910e-01 9.718801e-01
4.999814e-01 2.624330e-13 4.297200e-01 9.721535e-01
4.999829e-01 2.616485e-13 4.292800e-01 9.720544e-01
4.999829e-01 2.610512e-13 4.300460e-01 9.720516e-01
4.999823e-01 2.603267e-13 4.299300e-01 9.718372e-01
4.999821e-01 2.596119e-13 4.298070e-01 9.720220e-01
4.999819e-01 2.590364e-13 4.286830e-01 9.723364e-01
4.999817e-01 2.584621e-13 4.287730e-01 9.719782e-01
4.999814e-01 2.578861e-13 4.304270e-01 9.720344e-01
4.999817e-01 2.574726e-13 4.288550e-01 9.720373e-01
4.999823e-01 2.570471e-13 4.312650e-01 9.722536e-01
4.999809e-01 2.565423e-13 4.298660e-01 9.717705e-01
4.999817e-01 2.561604e-13 4.299880e-01 9.719544e-01
4.999816e-01 2.557886e-13 4.288210e-01 9.720220e-01
4.999820e-01 2.554567e-13 4.288530e-01 9.720030e-01
4.999813e-01 2.550967e-13 4.307520e-01 9.720058e-01
4.999815e-01 2.548299e-13 4.288740e-01 9.722907e-01
4.999817e-01 2.544867e-13 4.296450e-01 9.718553e-01
4.999816e-01 2.542712e-13 4.287940e-01 9.721202e-01
4.999819e-01 2.539954e-13 4.306110e-01 9.718753e-01
4.999821e-01 2.537824e-13 4.296170e-01 9.719411e-01
4.999814e-01 2.535457e-13 4.287330e-01 9.720278e-01
4.999816e-01 2.533218e-13 4.309400e-01 9.719553e-01
4.999816e-01 2.531290e-13 4.296470e-01 9.718648e-01
4.999816e-01 2.529535e-13 4.301610e-01 9.720287e-01
4.999823e-01 2.527913e-13 4.292840e-01 9.721630e-01
4.999814e-01 2.526212e-13 4.298380e-01 9.718486e-01
4.999817e-01 2.524583e-13 4.297140e-01 9.719115e-01
4.999816e-01 2.523233e-13 4.288890e-01 9.720125e-01
4.999816e-01 2.521961e-13 4.299610e-01 9.723193e-01
4.999817e-01 2.520807e-13 4.286960e-01 9.720077e-01
4.999816e-01 2.519430e-13 4.309850e-01 9.718096e-01
4.999818e-01 2.518477e-13 4.290630e-01 9.722650e-01
4.999818e-01 2.517612e-13 4.307230e-01 9.721983e-01
4.999816e-01 2.516507e-13 4.287320e-01 9.719820e-01
4.999816e-01 2.515713e-13 4.300800e-01 9.721564e-01
4.999816e-01 2.514952e-13 4.436190e-01 9.721516e-01
4.999815e-01 2.514108e-13 4.649670e-01 9.718763e-01
4.999817e-01 2.513468e-13 4.307730e-01 9.719058e-01
4.999817e-01 2.512786e-13 4.301980e-01 9.720401e-01
4.999814e-01 2.512070e-13 4.303000e-01 9.722116e-01
4.999816e-01 2.511493e-13 4.290650e-01 9.720144e-01
4.999816e-01 2.510966e-13 4.291000e-01 9.719496e-01
4.999817e-01 2.510527e-13 4.304120e-01 9.717734e-01
4.999815e-01 2.509918e-13 4.287140e-01 9.723174e-01
4.999815e-01 2.509415e-13 4.309660e-01 9.721030e-01
4.999817e-01 2.509172e-13 4.299360e-01 9.720630e-01
4.999815e-01 2.508663e-13 4.305630e-01 9.719496e-01
4.999815e-01 2.508303e-13 4.303560e-01 9.721935e-01
4.999817e-01 2.508007e-13 4.294320e-01 9.719477e-01
4.999816e-01 2.507619e-13 4.363500e-01 9.721764e-01
4.999817e-01 2.507405e-13 4.302360e-01 9.721669e-01
4.999817e-01 2.507103e-13 4.297160e-01 9.719144e-01
4.999815e-01 2.506786e-13 4.311630e-01 9.718953e-01
4.999816e-01 2.506591e-13 4.308320e-01 9.720782e-01
4.999816e-01 2.506340e-13 4.287440e-01 9.721754e-01
4.999817e-01 2.506144e-13 4.293990e-01 9.721764e-01
4.999816e-01 2.505869e-13 4.299360e-01 9.719858e-01
4.999816e-01 2.505702e-13 4.287760e-01 9.719572e-01
4.999815e-01 2.505537e-13 4.300080e-01 9.719125e-01
4.999817e-01 2.505410e-13 4.288830e-01 9.720964e-01
4.999817e-01 2.505268e-13 4.351340e-01 9.719820e-01
4.999814e-01 2.505039e-13 4.305450e-01 9.720563e-01
4.999815e-01 2.504935e-13 4.292550e-01 9.717029e-01
4.999816e-01 2.504792e-13 4.307420e-01 9.721449e-01
4.999815e-01 2.504664e-13 4.290740e-01 9.719544e-01
4.999817e-01 2.504606e-13 4.305830e-01 9.720087e-01
4.999816e-01 2.504454e-13 4.288050e-01 9.722869e-01
4.999816e-01 2.504382e-13 4.299820e-01 9.714751e-01
4.999815e-01 2.504218e-13 4.287720e-01 9.720068e-01
4.999816e-01 2.504182e-13 4.300850e-01 9.719239e-01
4.999816e-01 2.504134e-13 4.301080e-01 9.721535e-01
4.999816e-01 2.504037e-13 4.288900e-01 9.722755e-01
4.999815e-01 2.503945e-13 4.315870e-01 9.719572e-01
4.999816e-01 2.503914e-13 4.291960e-01 9.722335e-01
4.999816e-01 2.503842e-13 4.298600e-01 9.721926e-01
4.999815e-01 2.503756e-13 4.287540e-01 9.718200e-01
4.999815e-01 2.503703e-13 4.301160e-01 9.720011e-01
4.999817e-01 2.503697e-13 4.289420e-01 9.720020e-01
4.999816e-01 2.503617e-13 4.287180e-01 9.719125e-01
4.999815e-01 2.503581e-13 4.302760e-01 9.720154e-01
4.999816e-01 2.503557e-13 4.291380e-01 9.720906e-01
4.999815e-01 2.503501e-13 4.304660e-01 9.719944e-01
4.999815e-01 2.503444e-13 4.291150e-01 9.720106e-01
4.999816e-01 2.503453e-13 4.298430e-01 9.719849e-01
4.999816e-01 2.503435e-13 4.305260e-01 9.718858e-01
4.999816e-01 2.503376e-13 4.293920e-01 9.720840e-01
4.999816e-01 2.503349e-13 4.297980e-01 9.719144e-01
4.999815e-01 2.503289e-13 4.286560e-01 9.721802e-01
4.999815e-01 2.503282e-13 4.297850e-01 9.717962e-01
4.999816e-01 2.503256e-13 4.296180e-01 9.718467e-01
4.999816e-01 2.503273e-13 4.308990e-01 9.720859e-01
4.999816e-01 2.503228e-13 4.286720e-01 9.719515e-01
4.999815e-01 2.503195e-13 4.287570e-01 9.720325e-01
4.999816e-01 2.503198e-13 4.316500e-01 9.716562e-01
4.999816e-01 2.503178e-13 4.293230e-01 9.720211e-01
4.999816e-01 2.503162e-13 4.300770e-01 9.720068e-01
4.999816e-01 2.503145e-13 4.308940e-01 9.717829e-01
4.999815e-01 2.503122e-13 4.302490e-01 9.719963e-01
4.999815e-01 2.503113e-13 4.290940e-01 9.720049e-01
4.999816e-01 2.503118e-13 4.287630e-01 9.719515e-01
4.999815e-01 2.503101e-13 4.396320e-01 9.719630e-01
4.999816e-01 2.503089e-13 4.295610e-01 9.718391e-01
4.999815e-01 2.503069e-13 4.302280e-01 9.720173e-01
4.999815e-01 2.503042e-13 4.287640e-01 9.721335e-01
4.999816e-01 2.503061e-13 4.303850e-01 9.718058e-01
4.999815e-01 2.503046e-13 4.295380e-01 9.722974e-01
4.999815e-01 2.503045e-13 4.296750e-01 9.720830e-01
4.999816e-01 2.503047e-13 4.306810e-01 9.716867e-01
4.999816e-01 2.503039e-13 4.291490e-01 9.720773e-01
4.999816e-01 2.503025e-13 4.299480e-01 9.719773e-01
4.999816e-01 2.503022e-13 4.291190e-01 9.723593e-01
4.999816e-01 2.503031e-13 4.300610e-01 9.718648e-01
4.999816e-01 2.503008e-13 4.305080e-01 9.719515e-01
4.999815e-01 2.502992e-13 4.291950e-01 9.721145e-01
4.999816e-01 2.503005e-13 4.310320e-01 9.720297e-01
4.999815e-01 2.502981e-13 4.295820e-01 9.717610e-01
4.999816e-01 2.502988e-13 4.305320e-01 9.718200e-01
4.999816e-01 2.502981e-13 4.288250e-01 9.719068e-01
4.999815e-01 2.502978e-13 4.302570e-01 9.720116e-01
4.999815e-01 2.502957e-13 4.346370e-01 9.721545e-01
4.999815e-01 2.502969e-13 4.288020e-01 9.722726e-01
4.999816e-01 2.502975e-13 4.306850e-01 9.721840e-01
4.999816e-01 2.502975e-13 4.287860e-01 9.716724e-01
4.999815e-01 2.502952e-13 4.300380e-01 9.719582e-01
4.999816e-01 2.502972e-13 4.292220e-01 9.719906e-01
4.999815e-01 2.502959e-13 4.319020e-01 9.718858e-01
4.999816e-01 2.502973e-13 4.298180e-01 9.718848e-01
4.999816e-01 2.502963e-13 4.291910e-01 9.720011e-01
4.999816e-01 2.502963e-13 4.300650e-01 9.720106e-01
4.999816e-01 2.502992e-13 4.289310e-01 9.719773e-01
4.999816e-01 2.502961e-13 4.297070e-01 9.720897e-01
4.999815e-01 2.502937e-13 4.297850e-01 9.720459e-01
4.999815e-01 2.502949e-13 4.296940e-01 9.718791e-01
4.999815e-01 2.502944e-13 4.287350e-01 9.720430e-01
4.999815e-01 2.502941e-13 4.293290e-01 9.717372e-01
4.999815e-01 2.502952e-13 4.306080e-01 9.719296e-01
4.999815e-01 2.502938e-13 4.307710e-01 9.721326e-01
4.999816e-01 2.502951e-13 4.297070e-01 9.720506e-01
4.999815e-01 2.502938e-13 4.287320e-01 9.720516e-01
4.999816e-01 2.502957e-13 4.301220e-01 9.721840e-01
4.999816e-01 2.502950e-13 4.292850e-01 9.719639e-01
4.999816e-01 2.502946e-13 4.289940e-01 9.720068e-01
4.999816e-01 2.502954e-13 4.311870e-01 9.720621e-01
4.999815e-01 2.502937e-13 4.287370e-01 9.718906e-01
4.999816e-01 2.502959e-13 4.300740e-01 9.719963e-01
4.999816e-01 2.502948e-13 4.288350e-01 9.720621e-01
4.999815e-01 2.502931e-13 4.297520e-01 9.717676e-01
4.999815e-01 2.502947e-13 4.292430e-01 9.719287e-01
4.999816e-01 2.502941e-13 4.297730e-01 9.721745e-01
4.999816e-01 2.502955e-13 4.303950e-01 9.721116e-01
4.999816e-01 2.502948e-13 4.288910e-01 9.718401e-01
4.999815e-01 2.502941e-13 4.299520e-01 9.716886e-01
4.999816e-01 2.502943e-13 4.296640e-01 9.722183e-01
4.999815e-01 2.502922e-13 4.297740e-01 9.720992e-01
4.999816e-01 2.502941e-13 4.297380e-01 9.719287e-01
4.999815e-01 2.502933e-13 4.288830e-01 9.723345e-01
4.999816e-01 2.502954e-13 4.296960e-01 9.718524e-01
4.999816e-01 2.502946e-13 4.292060e-01 9.719935e-01
4.999815e-01 2.502926e-13 4.303540e-01 9.716990e-01
4.999816e-01 2.502939e-13 4.286960e-01 9.718458e-01
4.999815e-01 2.502930e-13 4.338850e-01 9.721573e-01
4.999815e-01 2.502945e-13 4.287830e-01 9.718820e-01
4.999815e-01 2.502920e-13 4.310380e-01 9.718639e-01
4.999815e-01 2.502930e-13 4.304940e-01 9.720154e-01
4.999816e-01 2.502952e-13 4.297430e-01 9.718772e-01
4.999815e-01 2.502934e-13 4.307370e-01 9.721449e-01
4.999816e-01 2.502939e-13 4.287090e-01 9.718353e-01
4.999816e-01 2.502965e-13 4.296690e-01 9.718639e-01
4.999815e-01 2.502944e-13 4.287480e-01 9.721059e-01
4.999816e-01 2.502947e-13 4.293080e-01 9.719287e-01
4.999815e-01 2.502941e-13 4.297140e-01 9.722145e-01
4.999815e-01 2.502927e-13 4.291020e-01 9.719458e-01
4.999815e-01 2.502924e-13 4.299210e-01 9.721945e-01
4.999815e-01 2.502929e-13 4.288630e-01 9.721183e-01
4.999816e-01 2.502951e-13 4.300430e-01 9.721373e-01
4.999816e-01 2.502953e-13 4.296240e-01 9.722174e-01
4.999816e-01 2.502940e-13 4.297630e-01 9.719220e-01
4.999815e-01 2.502933e-13 4.320810e-01 9.719068e-01
4.999816e-01 2.502934e-13 4.287590e-01 9.719525e-01
4.999816e-01 2.502939e-13 4.297640e-01 9.719106e-01
4.999816e-01 2.502942e-13 4.296810e-01 9.721554e-01
4.999816e-01 2.502938e-13 4.301810e-01 9.719992e-01
4.999816e-01 2.502930e-13 4.290610e-01 9.717515e-01
4.999815e-01 2.502934e-13 4.293060e-01 9.721583e-01
4.999815e-01 2.502922e-13 4.290160e-01 9.720563e-01
4.999815e-01 2.502927e-13 4.287470e-01 9.718896e-01
4.999815e-01 2.502940e-13 4.297800e-01 9.720439e-01
4.999816e-01 2.502939e-13 4.289510e-01 9.719391e-01
4.999816e-01 2.502929e-13 4.301850e-01 9.717219e-01
4.999817e-01 2.502956e-13 4.362600e-01 9.718019e-01
4.999816e-01 2.502944e-13 4.301470e-01 9.720792e-01
4.999816e-01 2.502945e-13 4.301470e-01 9.717591e-01
4.999815e-01 2.502944e-13 4.288120e-01 9.719877e-01
4.999815e-01 2.502932e-13 4.297630e-01 9.720468e-01
4.999815e-01 2.502923e-13 4.297360e-01 9.723889e-01
4.999815e-01 2.502934e-13 4.307300e-01 9.720525e-01
4.999816e-01 2.502952e-13 4.290090e-01 9.720792e-01
4.999815e-01 2.502934e-13 4.300520e-01 9.720401e-01
4.999815e-01 2.502924e-13 4.300200e-01 9.719239e-01
4.999816e-01 2.502946e-13 4.290780e-01 9.720830e-01
4.999815e-01 2.502926e-13 4.297920e-01 9.719915e-01
4.999815e-01 2.502936e-13 4.290190e-01 9.720382e-01
4.999816e-01 2.502961e-13 4.298700e-01 9.722050e-01
4.999816e-01 2.502936e-13 4.287370e-01 9.719773e-01
4.999815e-01 2.502926e-13 4.288190e-01 9.723117e-01
4.999815e-01 2.502924e-13 4.300730e-01 9.720887e-01
4.999815e-01 2.502938e-13 4.288350e-01 9.721583e-01
4.999815e-01 2.502932e-13 4.306040e-01 9.720821e-01
4.999815e-01 2.502936e-13 4.294370e-01 9.718296e-01
4.999816e-01 2.502942e-13 4.300940e-01 9.718572e-01
4.999815e-01 2.502911e-13 4.293500e-01 9.719353e-01
4.999815e-01 2.502936e-13 4.291170e-01 9.720077e-01
4.999816e-01 2.502954e-13 4.300500e-01 9.717372e-01
4.999816e-01 2.502945e-13 4.287760e-01 9.722326e-01
4.999816e-01 2.502948e-13 4.297870e-01 9.721411e-01
4.999815e-01 2.502926e-13 4.291400e-01 9.720077e-01
4.999816e-01 2.502940e-13 4.301870e-01 9.721002e-01
4.999815e-01 2.502913e-13 4.372650e-01 9.721154e-01
4.999815e-01 2.502937e-13 4.320540e-01 9.717934e-01
4.999815e-01 2.502931e-13 4.311620e-01 9.721259e-01
4.999816e-01 2.502940e-13 4.293310e-01 9.719087e-01
4.999815e-01 2.502933e-13 4.311010e-01 9.717314e-01
4.999815e-01 2.502925e-13 4.291660e-01 9.720058e-01
4.999815e-01 2.502932e-13 4.299360e-01 9.720744e-01
4.999815e-01 2.502931e-13 4.305070e-01 9.719239e-01
4.999816e-01 2.502940e-13 4.295010e-01 9.722659e-01
4.999816e-01 2.502940e-13 4.296170e-01 9.717696e-01
4.999815e-01 2.502913e-13 4.287760e-01 9.718439e-01
4.999815e-01 2.502918e-13 4.298100e-01 9.720382e-01
4.999815e-01 2.502924e-13 4.293060e-01 9.720278e-01
4.999815e-01 2.502919e-13 4.310270e-01 9.719915e-01
4.999815e-01 2.502926e-13 4.320500e-01 9.720049e-01
4.999815e-01 2.502925e-13 4.302920e-01 9.720773e-01
4.999815e-01 2.502927e-13 4.305460e-01 9.722974e-01
4.999815e-01 2.502930e-13 4.300770e-01 9.719811e-01
4.999815e-01 2.502937e-13 4.319120e-01 9.717505e-01
4.999816e-01 2.502934e-13 4.289940e-01 9.718105e-01
4.999815e-01 2.502934e-13 4.300420e-01 9.719439e-01
4.999816e-01 2.502940e-13 4.294220e-01 9.719639e-01
4.999816e-01 2.502936e-13 4.288430e-01 9.721173e-01
4.999816e-01 2.502926e-13 4.296420e-01 9.720782e-01
4.999815e-01 2.502912e-13 4.287170e-01 9.723088e-01
4.999815e-01 2.502923e-13 4.299910e-01 9.716495e-01
4.999817e-01 2.502971e-13 4.297060e-01 9.717581e-01
4.999815e-01 2.502925e-13 4.305730e-01 9.718848e-01
4.999816e-01 2.502949e-13 4.287540e-01 9.718944e-01
4.999815e-01 2.502915e-13 4.296110e-01 9.721021e-01
4.999815e-01 2.502935e-13 4.312800e-01 9.718353e-01
4.999816e-01 2.502946e-13 4.290790e-01 9.721488e-01
4.999815e-01 2.502926e-13 4.304890e-01 9.718162e-01
4.999816e-01 2.502947e-13 4.292960e-01 9.720382e-01
4.999815e-01 2.502942e-13 4.299640e-01 9.719954e-01
4.999816e-01 2.502945e-13 4.288360e-01 9.722212e-01
4.999815e-01 2.502925e-13 4.288840e-01 9.719811e-01
4.999815e-01 2.502931e-13 4.297110e-01 9.721440e-01
4.999816e-01 2.502941e-13 4.324870e-01 9.720659e-01
4.999816e-01 2.502933e-13 4.300030e-01 9.720687e-01
4.999816e-01 2.502938e-13 4.287120e-01 9.717295e-01
4.999816e-01 2.502946e-13 4.347290e-01 9.721954e-01
4.999816e-01 2.502940e-13 4.296620e-01 9.721297e-01
4.999815e-01 2.502924e-13 4.296340e-01 9.722488e-01
4.999816e-01 2.502937e-13 4.289610e-01 9.721564e-01
4.999816e-01 2.502939e-13 4.289700e-01 9.720868e-01
4.999815e-01 2.502926e-13 4.297750e-01 9.718782e-01
4.999816e-01 2.502961e-13 4.293570e-01 9.721068e-01
4.999816e-01 2.502944e-13 4.297020e-01 9.720096e-01
4.999816e-01 2.502930e-13 4.287610e-01 9.722326e-01
4.999815e-01 2.502931e-13 4.300060e-01 9.719325e-01
4.999816e-01 2.502945e-13 4.293160e-01 9.721630e-01
4.999815e-01 2.502928e-13 4.289060e-01 9.719572e-01
4.999816e-01 2.502945e-13 4.306810e-01 9.719363e-01
4.999815e-01 2.502933e-13 4.294410e-01 9.722012e-01
4.999816e-01 2.502940e-13 4.296860e-01 9.722078e-01
4.999816e-01 2.502942e-13 4.286810e-01 9.718181e-01
4.999815e-01 2.502915e-13 4.302410e-01 9.719229e-01
4.999816e-01 2.502948e-13 4.296720e-01 9.719058e-01
4.999816e-01 2.502941e-13 4.295940e-01 9.721573e-01
4.999815e-01 2.502932e-13 4.296590e-01 9.722183e-01
4.999816e-01 2.502940e-13 4.287720e-01 9.718877e-01
4.999816e-01 2.502929e-13 4.297760e-01 9.719496e-01
4.999816e-01 2.502940e-13 4.294720e-01 9.719449e-01
4.999815e-01 2.502940e-13 4.309620e-01 9.720744e-01
4.999815e-01 2.502918e-13 4.296770e-01 9.719725e-01
4.999815e-01 2.502942e-13 4.288220e-01 9.721583e-01
4.999816e-01 2.502943e-13 4.298030e-01 9.719572e-01
4.999816e-01 2.502936e-13 4.301140e-01 9.720744e-01
4.999815e-01 2.502927e-13 4.299920e-01 9.719592e-01
4.999815e-01 2.502932e-13 4.288460e-01 9.720392e-01
4.999816e-01 2.502934e-13 4.299330e-01 9.719068e-01
4.999816e-01 2.502930e-13 4.287630e-01 9.718486e-01
4.999816e-01 2.502931e-13 4.288460e-01 9.717772e-01
4.999815e-01 2.502922e-13 4.297830e-01 9.717600e-01
4.999815e-01 2.502933e-13 4.297870e-01 9.721049e-01
4.999816e-01 2.502939e-13 4.306850e-01 9.720706e-01
4.999815e-01 2.502938e-13 4.286890e-01 9.719982e-01
4.999815e-01 2.502928e-13 4.303300e-01 9.719954e-01
4.999816e-01 2.502935e-13 4.289450e-01 9.721049e-01
4.999816e-01 2.502937e-13 4.286890e-01 9.721221e-01
4.999815e-01 2.502925e-13 4.296800e-01 9.719858e-01
4.999816e-01 2.502936e-13 4.287710e-01 9.719106e-01
4.999816e-01 2.502924e-13 4.298550e-01 9.717676e-01
4.999815e-01 2.502928e-13 4.291320e-01 9.720735e-01
4.999815e-01 2.502927e-13 4.299010e-01 9.720792e-01
4.999815e-01 2.502942e-13 4.289350e-01 9.720582e-01
4.999816e-01 2.502946e-13 4.296080e-01 9.718667e-01
4.999815e-01 2.502932e-13 4.306800e-01 9.722021e-01
4.999815e-01 2.502940e-13 4.297470e-01 9.720897e-01
4.999816e-01 2.502949e-13 4.294930e-01 9.719696e-01
4.999815e-01 2.502918e-13 4.287130e-01 9.723660e-01
4.999815e-01 2.502929e-13 4.373470e-01 9.717486e-01
4.999815e-01 2.502918e-13 4.505790e-01 9.722421e-01
4.999816e-01 2.502948e-13 4.756260e-01 9.720373e-01
4.999816e-01 2.502936e-13 4.755730e-01 9.719115e-01
4.999815e-01 2.502908e-13 4.381050e-01 9.720058e-01
4.999815e-01 2.502939e-13 4.784390e-01 9.723574e-01
4.999815e-01 2.502920e-13 4.422310e-01 9.721440e-01
4.999816e-01 2.502932e-13 4.862490e-01 9.720459e-01
4.999816e-01 2.502936e-13 4.506680e-01 9.717515e-01
4.999816e-01 2.502937e-13 4.766710e-01 9.719896e-01
4.999815e-01 2.502929e-13 4.522260e-01 9.718248e-01
4.999816e-01 2.502941e-13 4.577680e-01 9.720859e-01
4.999816e-01 2.502947e-13 4.694760e-01 9.725785e-01
4.999815e-01 2.502940e-13 4.685700e-01 9.719468e-01
4.999815e-01 2.502927e-13 4.583050e-01 9.718477e-01
4.999816e-01 2.502933e-13 4.674590e-01 9.722669e-01
4.999815e-01 2.502932e-13 4.627270e-01 9.721878e-01
4.999815e-01 2.502927e-13 4.884400e-01 9.718620e-01
4.999816e-01 2.502944e-13 4.702140e-01 9.721364e-01
4.999816e-01 2.502935e-13 4.567530e-01 9.721087e-01
4.999815e-01 2.502928e-13 4.663660e-01 9.719439e-01
4.999816e-01 2.502939e-13 4.660260e-01 9.721878e-01
4.999815e-01 2.502938e-13 4.560080e-01 9.718515e-01
4.999815e-01 2.502942e-13 4.758270e-01 9.722374e-01
4.999816e-01 2.502947e-13 4.638430e-01 9.718086e-01
4.999816e-01 2.502967e-13 4.914570e-01 9.720020e-01
4.999815e-01 2.502929e-13 4.551020e-01 9.720478e-01
4.999816e-01 2.502933e-13 4.649380e-01 9.722078e-01
4.999815e-01 2.502936e-13 4.660650e-01 9.722726e-01
4.999816e-01 2.502951e-13 4.834410e-01 9.719677e-01
4.999815e-01 2.502922e-13 4.749270e-01 9.718648e-01
4.999815e-01 2.502933e-13 4.773380e-01 9.721764e-01
4.999816e-01 2.502938e-13 4.494450e-01 9.718334e-01
4.999816e-01 2.502959e-13 4.444710e-01 9.721688e-01
4.999815e-01 2.502925e-13 4.478240e-01 9.717972e-01
4.999815e-01 2.502925e-13 4.589340e-01 9.718677e-01
4.999816e-01 2.502946e-13 4.808480e-01 9.718782e-01
4.999816e-01 2.502944e-13 4.816110e-01 9.718019e-01
4.999816e-01 2.502946e-13 4.825610e-01 9.722021e-01
4.999816e-01 2.502932e-13 4.824450e-01 9.717219e-01
