# dim  N   mc   sigma  Gibbs 
# 1    1 150000 1
#
# Theoretical Energy = 5.000000e-01
# Energy     Variance     CPU time
6.242163e-01 9.515651e-07 2.923890e-01 
6.243868e-01 9.327946e-07 2.889590e-01 
6.248044e-01 9.469223e-07 2.873270e-01 
6.242872e-01 9.523237e-07 3.026320e-01 
6.226531e-01 9.263603e-07 2.870210e-01 
6.258392e-01 9.444977e-07 2.853600e-01 
6.267576e-01 9.458671e-07 2.849000e-01 
6.231999e-01 9.391768e-07 2.877830e-01 
6.252193e-01 9.392501e-07 2.869930e-01 
6.259466e-01 9.442757e-07 2.858920e-01 
6.280879e-01 9.640560e-07 2.909350e-01 
6.266324e-01 9.456491e-07 2.860520e-01 
6.250076e-01 9.431350e-07 2.839160e-01 
6.244851e-01 9.419887e-07 3.109370e-01 
6.231326e-01 9.312184e-07 2.897510e-01 
6.236918e-01 9.341353e-07 2.859240e-01 
6.247890e-01 9.545875e-07 2.869120e-01 
6.239742e-01 9.247673e-07 2.894400e-01 
6.218332e-01 9.241741e-07 2.910930e-01 
6.226399e-01 9.326573e-07 2.850200e-01 
6.233468e-01 9.314098e-07 2.905930e-01 
6.274903e-01 9.637001e-07 2.917660e-01 
6.249264e-01 9.361279e-07 2.880440e-01 
6.263800e-01 9.357176e-07 2.895190e-01 
6.251124e-01 9.498027e-07 2.911890e-01 
6.265204e-01 9.609755e-07 2.838310e-01 
6.265507e-01 9.543887e-07 2.847790e-01 
6.251804e-01 9.370831e-07 2.911360e-01 
6.276898e-01 9.645306e-07 2.926300e-01 
6.244586e-01 9.366647e-07 2.879760e-01 
6.259526e-01 9.250522e-07 2.906830e-01 
6.243954e-01 9.379715e-07 2.975030e-01 
6.240982e-01 9.240816e-07 3.124700e-01 
6.233245e-01 9.315094e-07 2.909150e-01 
6.249135e-01 9.391788e-07 2.892750e-01 
6.243271e-01 9.236855e-07 3.046000e-01 
6.254547e-01 9.209016e-07 2.883880e-01 
6.241979e-01 9.355380e-07 2.949690e-01 
6.276390e-01 9.507732e-07 2.866700e-01 
6.231539e-01 9.127698e-07 2.839470e-01 
6.268085e-01 9.502553e-07 2.843390e-01 
6.257867e-01 9.394847e-07 2.844570e-01 
6.279240e-01 9.585016e-07 2.838960e-01 
6.256301e-01 9.439413e-07 2.867860e-01 
6.279910e-01 9.550062e-07 2.856240e-01 
6.222773e-01 9.178344e-07 2.838160e-01 
6.224984e-01 9.318756e-07 2.826550e-01 
6.226464e-01 9.153468e-07 2.893800e-01 
6.263583e-01 9.401149e-07 3.052660e-01 
6.228454e-01 9.177385e-07 2.843760e-01 
6.252531e-01 9.531326e-07 2.846100e-01 
6.219686e-01 9.288727e-07 2.875460e-01 
6.237782e-01 9.256497e-07 2.859280e-01 
6.260069e-01 9.432128e-07 2.842560e-01 
6.246199e-01 9.453079e-07 3.081170e-01 
6.280313e-01 9.667580e-07 2.899780e-01 
6.270194e-01 9.326982e-07 2.882490e-01 
6.298216e-01 9.595175e-07 2.868820e-01 
6.245381e-01 9.417518e-07 2.985400e-01 
6.258853e-01 9.280052e-07 2.867290e-01 
6.258592e-01 9.376101e-07 2.857420e-01 
6.272304e-01 9.306983e-07 2.864930e-01 
6.259053e-01 9.310404e-07 2.876120e-01 
6.222674e-01 9.234034e-07 2.861170e-01 
6.253503e-01 9.422584e-07 2.873450e-01 
6.233824e-01 9.246139e-07 3.018670e-01 
6.251389e-01 9.343539e-07 2.848380e-01 
6.262610e-01 9.503249e-07 2.850390e-01 
6.264163e-01 9.535171e-07 2.891260e-01 
6.243295e-01 9.332054e-07 2.857990e-01 
6.240471e-01 9.333750e-07 2.876000e-01 
6.257880e-01 9.279361e-07 2.870050e-01 
6.255121e-01 9.387540e-07 3.192280e-01 
6.238775e-01 9.396802e-07 2.849180e-01 
6.247012e-01 9.314268e-07 2.862210e-01 
6.224256e-01 9.290597e-07 2.885260e-01 
6.245705e-01 9.367630e-07 2.871340e-01 
6.267146e-01 9.323724e-07 2.877700e-01 
6.262667e-01 9.424150e-07 2.867390e-01 
6.215240e-01 9.086817e-07 2.854310e-01 
6.246567e-01 9.360320e-07 2.854520e-01 
6.226700e-01 9.263466e-07 2.868640e-01 
6.236783e-01 9.279047e-07 3.200800e-01 
6.265192e-01 9.391422e-07 2.870760e-01 
6.272624e-01 9.350261e-07 2.866580e-01 
6.263740e-01 9.373355e-07 2.883880e-01 
6.232906e-01 9.236508e-07 2.905250e-01 
6.230351e-01 9.358414e-07 2.859030e-01 
6.247529e-01 9.287700e-07 2.867150e-01 
6.262283e-01 9.453218e-07 2.994840e-01 
6.237871e-01 9.465109e-07 2.862130e-01 
6.277093e-01 9.457487e-07 2.866870e-01 
6.237824e-01 9.324400e-07 2.887630e-01 
6.246160e-01 9.310875e-07 2.891910e-01 
6.240839e-01 9.354339e-07 2.872980e-01 
6.220507e-01 9.192086e-07 2.856360e-01 
6.273160e-01 9.310105e-07 2.853290e-01 
6.234803e-01 9.299256e-07 2.846500e-01 
6.241651e-01 9.340775e-07 2.850980e-01 
6.253505e-01 9.400334e-07 2.893400e-01 
6.268829e-01 9.436685e-07 2.930540e-01 
6.234485e-01 9.271955e-07 2.869660e-01 
6.257953e-01 9.516333e-07 2.877420e-01 
6.259128e-01 9.428429e-07 2.880460e-01 
6.230730e-01 9.297450e-07 2.912110e-01 
6.252816e-01 9.340831e-07 2.863460e-01 
6.249656e-01 9.256655e-07 3.057750e-01 
6.230954e-01 9.304929e-07 3.033790e-01 
6.284850e-01 9.476235e-07 3.090140e-01 
6.274904e-01 9.398172e-07 2.900710e-01 
6.235385e-01 9.227262e-07 2.865820e-01 
6.246026e-01 9.326260e-07 2.869690e-01 
6.252328e-01 9.471071e-07 2.874520e-01 
6.258300e-01 9.404870e-07 2.855580e-01 
6.260601e-01 9.414624e-07 2.871140e-01 
6.263759e-01 9.501461e-07 2.852090e-01 
6.243810e-01 9.306355e-07 2.895900e-01 
6.239999e-01 9.322664e-07 2.974700e-01 
6.228151e-01 9.340698e-07 2.879370e-01 
6.287623e-01 9.525650e-07 2.880430e-01 
6.254450e-01 9.385735e-07 2.890480e-01 
6.266382e-01 9.473902e-07 2.881290e-01 
6.241439e-01 9.351182e-07 2.875820e-01 
6.263214e-01 9.469285e-07 2.927350e-01 
6.254344e-01 9.425401e-07 2.962670e-01 
6.250168e-01 9.435582e-07 2.858730e-01 
6.252251e-01 9.367689e-07 2.864200e-01 
6.256482e-01 9.391122e-07 2.895620e-01 
6.293852e-01 9.612669e-07 2.858060e-01 
6.292590e-01 9.694168e-07 2.861710e-01 
6.237470e-01 9.371537e-07 2.865030e-01 
6.279801e-01 9.497041e-07 2.869970e-01 
6.226895e-01 9.204783e-07 2.857220e-01 
6.250843e-01 9.380120e-07 2.852150e-01 
6.224191e-01 9.175733e-07 3.014900e-01 
6.263994e-01 9.433178e-07 2.887230e-01 
6.245988e-01 9.347866e-07 2.879110e-01 
6.280443e-01 9.384138e-07 2.889500e-01 
6.228915e-01 9.287213e-07 2.879640e-01 
6.248625e-01 9.415799e-07 2.862740e-01 
6.238065e-01 9.258842e-07 2.874560e-01 
6.236428e-01 9.381297e-07 2.931670e-01 
6.249051e-01 9.290560e-07 2.877400e-01 
6.232286e-01 9.355360e-07 2.853400e-01 
6.232017e-01 9.279196e-07 2.873150e-01 
6.236238e-01 9.379478e-07 2.869840e-01 
6.239804e-01 9.326640e-07 2.859570e-01 
6.255650e-01 9.435202e-07 2.870670e-01 
6.260941e-01 9.513078e-07 2.855370e-01 
6.266077e-01 9.429638e-07 2.853280e-01 
6.242390e-01 9.342697e-07 2.859760e-01 
6.233785e-01 9.365417e-07 3.060310e-01 
6.232414e-01 9.388145e-07 2.875150e-01 
6.230598e-01 9.216896e-07 2.862100e-01 
6.259631e-01 9.403271e-07 2.872230e-01 
6.258880e-01 9.515175e-07 2.863110e-01 
6.232953e-01 9.219748e-07 2.851480e-01 
6.264803e-01 9.353969e-07 2.844390e-01 
6.260369e-01 9.388463e-07 3.121810e-01 
6.255708e-01 9.334330e-07 2.875420e-01 
6.234441e-01 9.346344e-07 2.840440e-01 
6.248785e-01 9.318285e-07 2.918690e-01 
6.243046e-01 9.369461e-07 2.865120e-01 
6.277346e-01 9.606159e-07 2.863690e-01 
6.246498e-01 9.372553e-07 2.872830e-01 
6.244969e-01 9.357910e-07 2.882240e-01 
6.219275e-01 9.127838e-07 2.871790e-01 
6.229674e-01 9.206243e-07 2.870040e-01 
6.253557e-01 9.421561e-07 2.906370e-01 
6.233468e-01 9.353149e-07 2.979940e-01 
6.238645e-01 9.295265e-07 2.871480e-01 
6.247408e-01 9.391237e-07 2.844770e-01 
6.243793e-01 9.368087e-07 2.922580e-01 
6.248825e-01 9.478870e-07 2.853840e-01 
6.287193e-01 9.499104e-07 2.854320e-01 
6.232122e-01 9.229845e-07 2.918580e-01 
6.231865e-01 9.326126e-07 2.889470e-01 
6.212209e-01 9.134590e-07 2.854470e-01 
6.241863e-01 9.348798e-07 2.834200e-01 
6.228044e-01 9.315644e-07 2.914870e-01 
6.220119e-01 9.372105e-07 2.876080e-01 
6.256948e-01 9.405402e-07 2.872510e-01 
6.255656e-01 9.456239e-07 2.887850e-01 
6.231347e-01 9.339414e-07 2.857800e-01 
6.212051e-01 9.190797e-07 2.849440e-01 
6.240715e-01 9.276850e-07 2.865090e-01 
6.257493e-01 9.453883e-07 2.949400e-01 
6.265188e-01 9.456296e-07 2.844090e-01 
6.238859e-01 9.354266e-07 2.845180e-01 
6.237557e-01 9.232790e-07 2.868170e-01 
6.239971e-01 9.279203e-07 2.874250e-01 
6.243981e-01 9.393576e-07 2.829460e-01 
6.248024e-01 9.309694e-07 2.842450e-01 
6.278953e-01 9.709349e-07 3.105680e-01 
6.239304e-01 9.403044e-07 2.856280e-01 
6.228325e-01 9.322378e-07 2.829440e-01 
6.248804e-01 9.266113e-07 2.864810e-01 
6.259564e-01 9.515710e-07 2.840870e-01 
6.245197e-01 9.450614e-07 2.825450e-01 
6.241078e-01 9.403559e-07 2.842870e-01 
6.256978e-01 9.520223e-07 2.828690e-01 
6.230781e-01 9.279348e-07 2.836090e-01 
6.233100e-01 9.386567e-07 2.854060e-01 
6.230706e-01 9.194379e-07 2.894570e-01 
6.268345e-01 9.493458e-07 2.878110e-01 
6.251813e-01 9.363344e-07 2.840600e-01 
6.258703e-01 9.315356e-07 2.879210e-01 
6.244895e-01 9.492339e-07 2.858130e-01 
6.255201e-01 9.430249e-07 2.846180e-01 
6.265315e-01 9.398175e-07 2.831420e-01 
6.246697e-01 9.378986e-07 3.216140e-01 
6.224676e-01 9.251555e-07 2.868470e-01 
6.251264e-01 9.397058e-07 2.855720e-01 
6.230456e-01 9.281699e-07 2.863970e-01 
6.203339e-01 9.106404e-07 2.865820e-01 
6.249038e-01 9.334539e-07 2.857620e-01 
6.252226e-01 9.353613e-07 2.871410e-01 
6.252944e-01 9.364158e-07 2.873340e-01 
6.192292e-01 9.123491e-07 2.873560e-01 
6.241702e-01 9.302567e-07 2.847090e-01 
6.237601e-01 9.246249e-07 2.908000e-01 
6.238272e-01 9.231066e-07 2.959650e-01 
6.248878e-01 9.349191e-07 2.867890e-01 
6.258752e-01 9.424881e-07 2.858600e-01 
6.216025e-01 9.115644e-07 2.877980e-01 
6.252079e-01 9.430827e-07 2.862330e-01 
6.268477e-01 9.539863e-07 2.847910e-01 
6.254349e-01 9.437381e-07 3.067460e-01 
6.252590e-01 9.378790e-07 2.898000e-01 
6.261807e-01 9.490831e-07 2.893170e-01 
6.253481e-01 9.319465e-07 2.870290e-01 
6.220384e-01 9.108186e-07 2.927060e-01 
6.245489e-01 9.362074e-07 2.863840e-01 
6.271212e-01 9.582004e-07 2.861030e-01 
6.243194e-01 9.171203e-07 2.914720e-01 
6.248423e-01 9.349845e-07 2.910610e-01 
6.241776e-01 9.415566e-07 2.858480e-01 
6.269936e-01 9.387574e-07 2.885940e-01 
6.233934e-01 9.262779e-07 2.912170e-01 
6.262704e-01 9.441408e-07 2.847440e-01 
6.254586e-01 9.407101e-07 2.855340e-01 
6.258488e-01 9.378746e-07 2.877000e-01 
6.235557e-01 9.131816e-07 2.865930e-01 
6.249442e-01 9.396320e-07 2.839730e-01 
6.242651e-01 9.335156e-07 2.869750e-01 
6.252331e-01 9.429726e-07 3.115590e-01 
6.277071e-01 9.543627e-07 2.879160e-01 
6.257711e-01 9.455886e-07 2.851340e-01 
6.246790e-01 9.454701e-07 2.867160e-01 
6.245734e-01 9.431969e-07 2.862790e-01 
6.258029e-01 9.384291e-07 2.861390e-01 
6.231252e-01 9.290323e-07 2.868030e-01 
6.254427e-01 9.404430e-07 2.866210e-01 
6.267795e-01 9.600650e-07 2.854960e-01 
6.255827e-01 9.420983e-07 2.864960e-01 
6.266054e-01 9.484491e-07 2.923770e-01 
6.269397e-01 9.369564e-07 2.897160e-01 
6.224476e-01 9.146560e-07 2.849260e-01 
6.255174e-01 9.386240e-07 2.896240e-01 
6.235872e-01 9.277582e-07 2.859740e-01 
6.261704e-01 9.483139e-07 2.855830e-01 
6.255662e-01 9.429404e-07 2.893380e-01 
6.235408e-01 9.351596e-07 3.086380e-01 
6.276984e-01 9.503427e-07 2.868750e-01 
6.248153e-01 9.497312e-07 2.850490e-01 
6.254666e-01 9.413792e-07 2.872540e-01 
6.224464e-01 9.295448e-07 2.898830e-01 
6.247718e-01 9.370816e-07 2.851300e-01 
6.258323e-01 9.402236e-07 2.851370e-01 
6.248304e-01 9.460171e-07 2.868760e-01 
6.214757e-01 9.262420e-07 2.851760e-01 
6.263209e-01 9.531597e-07 2.850650e-01 
6.259932e-01 9.395896e-07 2.906280e-01 
6.242936e-01 9.376486e-07 4.451490e-01 
6.239839e-01 9.271540e-07 2.861950e-01 
6.230951e-01 9.338873e-07 2.888310e-01 
6.230572e-01 9.230091e-07 2.889140e-01 
6.244221e-01 9.256578e-07 2.873020e-01 
6.252211e-01 9.337934e-07 2.848230e-01 
6.285702e-01 9.507687e-07 2.995870e-01 
6.243072e-01 9.292260e-07 2.868060e-01 
6.255532e-01 9.371524e-07 2.877260e-01 
6.272298e-01 9.478700e-07 2.923150e-01 
6.265413e-01 9.441920e-07 2.877750e-01 
6.254046e-01 9.327371e-07 2.862140e-01 
6.225156e-01 9.229337e-07 2.875160e-01 
6.216536e-01 9.159435e-07 2.869820e-01 
6.251826e-01 9.544638e-07 2.868370e-01 
6.231823e-01 9.350988e-07 2.868010e-01 
6.252237e-01 9.434808e-07 3.076320e-01 
6.233061e-01 9.306369e-07 2.887170e-01 
6.268949e-01 9.500503e-07 2.877710e-01 
6.255225e-01 9.409548e-07 2.913160e-01 
6.261205e-01 9.369605e-07 2.926940e-01 
6.237556e-01 9.280963e-07 2.858070e-01 
6.259477e-01 9.422667e-07 2.879010e-01 
6.243477e-01 9.250659e-07 2.982160e-01 
6.232671e-01 9.363738e-07 2.879640e-01 
6.251810e-01 9.535904e-07 2.868960e-01 
6.231275e-01 9.325884e-07 2.887040e-01 
6.275879e-01 9.422135e-07 2.866610e-01 
6.297599e-01 9.753986e-07 3.558710e-01 
6.237975e-01 9.307638e-07 3.536690e-01 
6.256759e-01 9.462624e-07 2.862980e-01 
6.232111e-01 9.238192e-07 4.008900e-01 
6.249396e-01 9.398778e-07 3.049030e-01 
6.259794e-01 9.469660e-07 2.922540e-01 
6.261253e-01 9.464208e-07 4.228910e-01 
6.254567e-01 9.449541e-07 2.876370e-01 
6.263740e-01 9.444646e-07 2.858590e-01 
6.255895e-01 9.498240e-07 2.855330e-01 
6.268080e-01 9.474547e-07 2.873490e-01 
6.233659e-01 9.210437e-07 2.991420e-01 
6.226223e-01 9.339417e-07 2.881790e-01 
6.254573e-01 9.313117e-07 2.856910e-01 
6.253701e-01 9.481593e-07 2.919390e-01 
6.256543e-01 9.463611e-07 2.875520e-01 
6.257045e-01 9.568099e-07 2.842170e-01 
6.244214e-01 9.258521e-07 2.847630e-01 
6.229344e-01 9.327019e-07 2.876710e-01 
6.259906e-01 9.386753e-07 2.859520e-01 
6.250286e-01 9.287493e-07 2.865490e-01 
6.275177e-01 9.470170e-07 2.879670e-01 
6.262422e-01 9.449638e-07 2.903440e-01 
6.244476e-01 9.263166e-07 2.882810e-01 
6.255454e-01 9.435565e-07 2.850550e-01 
6.253852e-01 9.241767e-07 2.848050e-01 
6.205191e-01 9.117814e-07 2.875430e-01 
6.263106e-01 9.392502e-07 2.862990e-01 
6.232307e-01 9.261061e-07 3.101530e-01 
6.218068e-01 9.180883e-07 2.868770e-01 
6.270069e-01 9.466944e-07 2.882490e-01 
6.225881e-01 9.262908e-07 2.859580e-01 
6.220843e-01 9.306082e-07 2.850670e-01 
6.261586e-01 9.635186e-07 2.846180e-01 
6.262720e-01 9.328273e-07 2.852470e-01 
6.280196e-01 9.519991e-07 3.036590e-01 
6.252911e-01 9.420127e-07 2.893400e-01 
6.222371e-01 9.196236e-07 2.858870e-01 
6.254806e-01 9.343615e-07 3.104090e-01 
6.244200e-01 9.313413e-07 2.980230e-01 
6.249864e-01 9.377276e-07 2.850610e-01 
6.228501e-01 9.285176e-07 2.857970e-01 
6.261608e-01 9.457861e-07 2.856680e-01 
6.216673e-01 9.208283e-07 2.854240e-01 
6.263904e-01 9.412016e-07 2.842940e-01 
6.241060e-01 9.386822e-07 2.891140e-01 
6.246062e-01 9.338112e-07 2.938990e-01 
6.247204e-01 9.369388e-07 2.851760e-01 
6.278280e-01 9.410349e-07 2.867040e-01 
6.276273e-01 9.382965e-07 2.884220e-01 
6.223903e-01 9.337371e-07 2.865420e-01 
6.257562e-01 9.476538e-07 2.853860e-01 
6.278341e-01 9.511704e-07 2.888280e-01 
6.242230e-01 9.296630e-07 2.856730e-01 
6.253105e-01 9.429001e-07 2.856210e-01 
6.242935e-01 9.488434e-07 2.854570e-01 
6.232651e-01 9.292179e-07 3.132790e-01 
6.261674e-01 9.445613e-07 2.868960e-01 
6.256837e-01 9.371726e-07 2.857910e-01 
6.235991e-01 9.441508e-07 2.874060e-01 
6.256045e-01 9.531713e-07 2.885570e-01 
6.253976e-01 9.431627e-07 2.856510e-01 
6.262828e-01 9.487891e-07 2.867310e-01 
6.282529e-01 9.553083e-07 2.983440e-01 
6.236968e-01 9.304295e-07 2.862960e-01 
6.216021e-01 9.194985e-07 2.856430e-01 
6.258697e-01 9.311001e-07 2.901990e-01 
6.210336e-01 9.227766e-07 2.884590e-01 
6.236243e-01 9.478825e-07 2.886880e-01 
6.253110e-01 9.377467e-07 2.875130e-01 
6.262215e-01 9.550327e-07 2.880220e-01 
6.258641e-01 9.479291e-07 2.875320e-01 
6.263309e-01 9.400183e-07 2.866890e-01 
6.266280e-01 9.527593e-07 2.904150e-01 
6.255415e-01 9.378790e-07 2.919900e-01 
6.259663e-01 9.468062e-07 2.854550e-01 
6.272830e-01 9.538563e-07 2.878370e-01 
6.260099e-01 9.329974e-07 2.914720e-01 
6.255927e-01 9.483686e-07 2.860960e-01 
6.244107e-01 9.369738e-07 2.873000e-01 
6.236815e-01 9.467260e-07 2.970830e-01 
6.222400e-01 9.207152e-07 2.879770e-01 
6.241506e-01 9.336788e-07 2.859480e-01 
6.234821e-01 9.354018e-07 2.868670e-01 
6.286924e-01 9.528520e-07 2.863950e-01 
6.257580e-01 9.528387e-07 2.869090e-01 
6.233017e-01 9.441473e-07 2.849740e-01 
6.224664e-01 9.277707e-07 2.862400e-01 
6.263873e-01 9.542448e-07 2.872690e-01 
6.210057e-01 9.248047e-07 2.854230e-01 
6.242121e-01 9.333376e-07 2.984710e-01 
6.269230e-01 9.450770e-07 2.969810e-01 
6.250046e-01 9.328161e-07 2.856550e-01 
6.288104e-01 9.653018e-07 2.855380e-01 
6.250212e-01 9.352705e-07 2.923200e-01 
6.231535e-01 9.306085e-07 2.870730e-01 
6.268900e-01 9.452873e-07 2.858460e-01 
6.287525e-01 9.589121e-07 2.906170e-01 
6.241330e-01 9.205795e-07 2.919150e-01 
6.261857e-01 9.340517e-07 2.847280e-01 
6.262987e-01 9.381265e-07 2.858450e-01 
6.264595e-01 9.521893e-07 2.890980e-01 
6.222699e-01 9.292305e-07 2.845320e-01 
6.232124e-01 9.339788e-07 2.887910e-01 
6.251914e-01 9.247442e-07 2.859710e-01 
6.236377e-01 9.473321e-07 2.842870e-01 
6.264354e-01 9.494070e-07 2.846790e-01 
6.267874e-01 9.364150e-07 2.846270e-01 
6.270781e-01 9.506031e-07 3.006130e-01 
6.219454e-01 9.191929e-07 2.863640e-01 
6.241202e-01 9.264309e-07 2.856260e-01 
6.280926e-01 9.553631e-07 2.876420e-01 
6.229334e-01 9.260401e-07 2.865330e-01 
6.237357e-01 9.290528e-07 2.863110e-01 
6.247899e-01 9.503868e-07 2.964270e-01 
6.221496e-01 9.192141e-07 2.988930e-01 
6.258002e-01 9.423269e-07 2.876780e-01 
6.243441e-01 9.358914e-07 2.847990e-01 
6.222990e-01 9.276730e-07 2.855900e-01 
6.257744e-01 9.397180e-07 2.852110e-01 
6.279846e-01 9.614067e-07 2.848620e-01 
6.244323e-01 9.351036e-07 2.863490e-01 
6.244148e-01 9.404356e-07 2.840100e-01 
6.229001e-01 9.317553e-07 2.855140e-01 
6.252891e-01 9.412396e-07 2.849800e-01 
6.223113e-01 9.110152e-07 2.895900e-01 
6.214970e-01 9.145772e-07 2.880720e-01 
6.275314e-01 9.588098e-07 2.851390e-01 
6.224885e-01 9.308237e-07 2.886420e-01 
6.263518e-01 9.392533e-07 2.886770e-01 
6.241261e-01 9.314013e-07 2.848190e-01 
6.263787e-01 9.558649e-07 2.854350e-01 
6.242503e-01 9.340951e-07 3.052220e-01 
6.250832e-01 9.468181e-07 2.912530e-01 
6.277080e-01 9.472786e-07 2.864900e-01 
6.245135e-01 9.437692e-07 2.884390e-01 
6.234965e-01 9.373536e-07 2.867520e-01 
6.236530e-01 9.162634e-07 2.847870e-01 
6.246223e-01 9.324179e-07 2.856970e-01 
6.210660e-01 9.037511e-07 2.862680e-01 
6.232490e-01 9.368166e-07 2.875020e-01 
6.271144e-01 9.493775e-07 2.865680e-01 
6.232709e-01 9.331515e-07 2.913820e-01 
6.237033e-01 9.279920e-07 2.960690e-01 
6.255289e-01 9.440227e-07 2.860040e-01 
6.260875e-01 9.290248e-07 2.946680e-01 
6.273847e-01 9.663397e-07 2.905400e-01 
6.253185e-01 9.401660e-07 2.859030e-01 
6.247653e-01 9.380563e-07 2.837410e-01 
6.266446e-01 9.510626e-07 3.034190e-01 
6.230354e-01 9.417603e-07 2.883730e-01 
6.248040e-01 9.274668e-07 2.857420e-01 
6.255638e-01 9.262539e-07 2.848370e-01 
6.220297e-01 9.202484e-07 2.862660e-01 
6.259384e-01 9.362657e-07 2.840920e-01 
6.247988e-01 9.326990e-07 2.839340e-01 
6.259348e-01 9.354390e-07 2.861140e-01 
6.270353e-01 9.561288e-07 2.864810e-01 
6.236549e-01 9.236354e-07 2.845670e-01 
6.244676e-01 9.418535e-07 2.851440e-01 
6.252095e-01 9.340264e-07 2.942960e-01 
6.227243e-01 9.264136e-07 2.859220e-01 
6.255248e-01 9.344975e-07 2.853960e-01 
6.259930e-01 9.441081e-07 2.864870e-01 
6.228792e-01 9.258543e-07 2.862400e-01 
6.244221e-01 9.407091e-07 2.852800e-01 
6.253487e-01 9.446977e-07 2.861060e-01 
6.245229e-01 9.425550e-07 2.966450e-01 
6.237800e-01 9.365749e-07 2.863840e-01 
6.253202e-01 9.431521e-07 2.875020e-01 
6.236176e-01 9.284137e-07 2.890550e-01 
6.297436e-01 9.614907e-07 2.855480e-01 
6.243122e-01 9.386192e-07 2.870110e-01 
6.240714e-01 9.318080e-07 2.866000e-01 
6.243405e-01 9.230178e-07 2.894070e-01 
6.272342e-01 9.400587e-07 2.843570e-01 
6.260243e-01 9.450578e-07 2.873690e-01 
6.252317e-01 9.419038e-07 2.928120e-01 
6.258910e-01 9.368970e-07 2.897870e-01 
6.253472e-01 9.261125e-07 2.856860e-01 
6.254517e-01 9.403970e-07 2.884310e-01 
6.256801e-01 9.314261e-07 2.898650e-01 
6.279325e-01 9.558896e-07 2.861560e-01 
6.210202e-01 9.242225e-07 2.860920e-01 
6.253259e-01 9.372648e-07 2.934880e-01 
6.278993e-01 9.529842e-07 2.903400e-01 
6.250982e-01 9.345361e-07 2.852910e-01 
6.248163e-01 9.483373e-07 2.878570e-01 
6.279257e-01 9.510465e-07 2.863820e-01 
6.254035e-01 9.461346e-07 2.854410e-01 
6.252401e-01 9.432939e-07 2.842360e-01 
6.249753e-01 9.329624e-07 2.855760e-01 
6.246039e-01 9.343219e-07 2.845120e-01 
6.268279e-01 9.528961e-07 2.859710e-01 
6.246197e-01 9.427644e-07 2.875850e-01 
6.290345e-01 9.584856e-07 2.872240e-01 
6.247902e-01 9.394954e-07 2.929150e-01 
6.281798e-01 9.595574e-07 2.837980e-01 
6.251682e-01 9.397680e-07 2.870830e-01 
6.251816e-01 9.394862e-07 2.866530e-01 
6.233257e-01 9.188165e-07 2.839770e-01 
6.280068e-01 9.480256e-07 2.871760e-01 
6.220293e-01 9.272196e-07 3.006060e-01 
6.246049e-01 9.422510e-07 2.842740e-01 
6.249153e-01 9.399613e-07 2.857780e-01 
6.258439e-01 9.355778e-07 2.868390e-01 
6.268804e-01 9.393838e-07 2.846230e-01 
6.235673e-01 9.309756e-07 2.854560e-01 
6.250453e-01 9.350064e-07 2.872590e-01 
6.250746e-01 9.300440e-07 2.839110e-01 
6.251675e-01 9.340821e-07 2.840540e-01 
6.260803e-01 9.451971e-07 2.848170e-01 
6.254874e-01 9.479824e-07 2.901060e-01 
6.280024e-01 9.536985e-07 2.870200e-01 
6.245050e-01 9.284119e-07 2.843590e-01 
6.262195e-01 9.271347e-07 2.892400e-01 
6.258294e-01 9.380671e-07 2.873380e-01 
6.277748e-01 9.495238e-07 2.831050e-01 
6.275916e-01 9.502122e-07 2.844960e-01 
6.236837e-01 9.347467e-07 2.905700e-01 
6.249107e-01 9.314182e-07 2.852950e-01 
6.239147e-01 9.238775e-07 2.832890e-01 
6.247326e-01 9.248660e-07 2.861880e-01 
6.226349e-01 9.265913e-07 2.840190e-01 
6.225246e-01 9.089679e-07 2.841670e-01 
6.258916e-01 9.315930e-07 2.848830e-01 
6.256871e-01 9.461740e-07 2.854760e-01 
6.228524e-01 9.327926e-07 2.841870e-01 
6.251145e-01 9.512423e-07 2.837400e-01 
6.246479e-01 9.272970e-07 2.874510e-01 
6.236271e-01 9.329919e-07 2.903140e-01 
6.246278e-01 9.295204e-07 2.835610e-01 
6.250670e-01 9.247101e-07 2.845060e-01 
6.238219e-01 9.270399e-07 2.919270e-01 
6.234341e-01 9.362696e-07 2.986200e-01 
6.258642e-01 9.486446e-07 2.860490e-01 
6.232033e-01 9.332249e-07 2.889980e-01 
6.256309e-01 9.479267e-07 2.863810e-01 
6.292537e-01 9.507860e-07 2.827350e-01 
6.245602e-01 9.471209e-07 2.829920e-01 
6.272920e-01 9.453238e-07 2.875590e-01 
6.229552e-01 9.314070e-07 2.839050e-01 
6.219067e-01 9.044766e-07 2.835080e-01 
6.274078e-01 9.547483e-07 2.835970e-01 
6.248045e-01 9.305266e-07 2.849380e-01 
6.242638e-01 9.346028e-07 2.840470e-01 
6.244951e-01 9.212251e-07 2.844700e-01 
6.255995e-01 9.379422e-07 3.083300e-01 
6.255600e-01 9.450728e-07 2.846620e-01 
6.244482e-01 9.278637e-07 2.851470e-01 
6.267326e-01 9.427842e-07 2.845000e-01 
6.255374e-01 9.274215e-07 2.842710e-01 
6.268500e-01 9.373943e-07 2.824620e-01 
6.263964e-01 9.382968e-07 2.854600e-01 
6.260518e-01 9.436452e-07 2.965440e-01 
6.269424e-01 9.595764e-07 2.884250e-01 
6.243717e-01 9.369773e-07 2.845390e-01 
6.236747e-01 9.377336e-07 2.842590e-01 
6.233019e-01 9.285718e-07 2.859070e-01 
6.241133e-01 9.272611e-07 2.863790e-01 
6.248914e-01 9.403992e-07 2.847290e-01 
6.235096e-01 9.218700e-07 2.851130e-01 
6.250107e-01 9.352364e-07 2.844630e-01 
6.247466e-01 9.415439e-07 2.844500e-01 
6.273752e-01 9.405620e-07 2.911630e-01 
6.260654e-01 9.401272e-07 2.882910e-01 
6.250175e-01 9.342490e-07 2.837210e-01 
6.254358e-01 9.283844e-07 2.846630e-01 
6.258815e-01 9.450592e-07 2.838320e-01 
6.235639e-01 9.211736e-07 2.848180e-01 
6.257872e-01 9.371188e-07 2.833330e-01 
6.270800e-01 9.548498e-07 2.906860e-01 
6.262422e-01 9.298875e-07 2.851120e-01 
6.262521e-01 9.536719e-07 2.846980e-01 
6.246340e-01 9.322621e-07 2.883850e-01 
6.257335e-01 9.299276e-07 2.842260e-01 
6.233870e-01 9.334824e-07 2.844330e-01 
6.240952e-01 9.248137e-07 2.843690e-01 
6.236613e-01 9.304879e-07 2.838200e-01 
6.227524e-01 9.221514e-07 2.845810e-01 
6.234156e-01 9.281639e-07 2.853580e-01 
6.270686e-01 9.520341e-07 2.840430e-01 
6.227175e-01 9.290572e-07 2.987110e-01 
6.276007e-01 9.526493e-07 2.866460e-01 
6.251826e-01 9.355943e-07 2.857940e-01 
6.256025e-01 9.430606e-07 2.885750e-01 
6.222757e-01 9.334592e-07 2.865080e-01 
6.239926e-01 9.307184e-07 2.840840e-01 
6.275088e-01 9.586043e-07 2.878020e-01 
6.246965e-01 9.408429e-07 2.904910e-01 
6.252786e-01 9.325492e-07 2.873090e-01 
6.228490e-01 9.135576e-07 2.852140e-01 
6.252088e-01 9.350454e-07 2.899330e-01 
6.267180e-01 9.323817e-07 2.869700e-01 
6.263243e-01 9.501622e-07 2.853900e-01 
6.264716e-01 9.528507e-07 2.852960e-01 
6.282154e-01 9.499428e-07 2.857860e-01 
6.243785e-01 9.374122e-07 2.844900e-01 
6.239946e-01 9.259195e-07 2.849630e-01 
6.218604e-01 9.317621e-07 2.892300e-01 
6.273336e-01 9.509025e-07 2.867240e-01 
6.240843e-01 9.300806e-07 2.870170e-01 
6.252293e-01 9.459908e-07 2.896950e-01 
6.223162e-01 9.210836e-07 2.897590e-01 
6.252457e-01 9.230286e-07 2.848100e-01 
6.268304e-01 9.395946e-07 2.860150e-01 
6.255308e-01 9.446491e-07 2.912660e-01 
6.239617e-01 9.245304e-07 2.877640e-01 
6.239414e-01 9.352252e-07 2.853990e-01 
6.255086e-01 9.358490e-07 2.866440e-01 
6.266301e-01 9.498934e-07 2.841560e-01 
6.251328e-01 9.410132e-07 2.827610e-01 
6.220055e-01 9.190624e-07 2.838120e-01 
6.250457e-01 9.227643e-07 2.847990e-01 
6.224350e-01 9.109042e-07 2.840730e-01 
6.266830e-01 9.513332e-07 2.851870e-01 
6.241744e-01 9.249040e-07 2.865170e-01 
6.244173e-01 9.186755e-07 2.919720e-01 
6.244602e-01 9.299689e-07 2.828780e-01 
6.232233e-01 9.269376e-07 2.863550e-01 
6.252470e-01 9.427274e-07 2.860890e-01 
6.262358e-01 9.433347e-07 2.847940e-01 
6.219204e-01 9.177441e-07 2.860120e-01 
6.238907e-01 9.423852e-07 2.889180e-01 
6.235773e-01 9.326599e-07 2.959260e-01 
6.264462e-01 9.401420e-07 2.840350e-01 
6.253676e-01 9.412689e-07 2.837920e-01 
6.239746e-01 9.251082e-07 2.854900e-01 
6.228769e-01 9.184176e-07 2.861160e-01 
6.238373e-01 9.303022e-07 2.844890e-01 
6.242398e-01 9.352207e-07 2.867050e-01 
6.244039e-01 9.316502e-07 2.851140e-01 
6.271675e-01 9.526862e-07 2.846020e-01 
6.260358e-01 9.333728e-07 2.861990e-01 
6.229765e-01 9.329191e-07 3.100940e-01 
6.243739e-01 9.461055e-07 2.876790e-01 
6.201973e-01 9.226723e-07 2.842970e-01 
6.263679e-01 9.459813e-07 2.849560e-01 
6.256694e-01 9.354065e-07 2.887130e-01 
6.260483e-01 9.387179e-07 2.854350e-01 
6.229066e-01 9.166780e-07 2.856650e-01 
6.212822e-01 9.215276e-07 2.928210e-01 
6.233661e-01 9.199497e-07 2.842390e-01 
6.222851e-01 9.203106e-07 2.839410e-01 
6.294370e-01 9.574985e-07 2.873510e-01 
6.222579e-01 9.308969e-07 2.843800e-01 
6.246862e-01 9.283870e-07 2.836330e-01 
6.257100e-01 9.488850e-07 2.830540e-01 
6.271275e-01 9.454636e-07 2.840620e-01 
6.254904e-01 9.550660e-07 2.830150e-01 
6.219225e-01 9.299548e-07 2.849710e-01 
6.249864e-01 9.323397e-07 2.873810e-01 
6.246747e-01 9.394520e-07 2.917980e-01 
6.230264e-01 9.224030e-07 2.855770e-01 
6.260451e-01 9.541698e-07 2.847240e-01 
6.241198e-01 9.317679e-07 2.888330e-01 
6.265512e-01 9.381089e-07 2.844050e-01 
6.274013e-01 9.633902e-07 2.837800e-01 
6.252888e-01 9.313300e-07 2.876390e-01 
6.233559e-01 9.377008e-07 4.341230e-01 
6.261191e-01 9.563779e-07 2.844100e-01 
6.275374e-01 9.531978e-07 2.856570e-01 
6.247385e-01 9.387924e-07 2.860900e-01 
6.271003e-01 9.536731e-07 2.846260e-01 
6.237755e-01 9.271767e-07 2.857500e-01 
6.245924e-01 9.354459e-07 2.889830e-01 
6.258213e-01 9.499830e-07 2.849050e-01 
6.243501e-01 9.356474e-07 2.827500e-01 
6.242609e-01 9.367220e-07 2.861750e-01 
6.260315e-01 9.421250e-07 2.901900e-01 
6.251355e-01 9.339408e-07 2.856130e-01 
6.259462e-01 9.644854e-07 2.835760e-01 
6.258821e-01 9.350437e-07 2.928310e-01 
6.258235e-01 9.505801e-07 2.830920e-01 
6.245264e-01 9.357502e-07 2.846880e-01 
6.239451e-01 9.349810e-07 2.893070e-01 
6.259326e-01 9.450634e-07 2.939470e-01 
6.227418e-01 9.290356e-07 2.843260e-01 
6.257826e-01 9.448388e-07 2.843240e-01 
6.242267e-01 9.322789e-07 2.858880e-01 
6.263710e-01 9.549418e-07 2.856150e-01 
6.257868e-01 9.433327e-07 2.848030e-01 
6.259844e-01 9.489346e-07 2.849210e-01 
6.253619e-01 9.363573e-07 2.859340e-01 
6.286513e-01 9.583803e-07 2.853740e-01 
6.238746e-01 9.359063e-07 2.843820e-01 
6.248263e-01 9.316910e-07 3.120720e-01 
6.251569e-01 9.392966e-07 3.017580e-01 
6.264429e-01 9.490606e-07 4.123920e-01 
6.253020e-01 9.217862e-07 2.850360e-01 
6.233173e-01 9.357218e-07 3.338950e-01 
6.257452e-01 9.579904e-07 3.852440e-01 
6.236442e-01 9.262149e-07 2.933330e-01 
6.263271e-01 9.477048e-07 2.867100e-01 
6.269524e-01 9.507729e-07 2.847660e-01 
6.250138e-01 9.324632e-07 2.914220e-01 
6.257803e-01 9.444248e-07 2.852570e-01 
6.264786e-01 9.450585e-07 2.826730e-01 
6.248156e-01 9.334113e-07 2.839350e-01 
6.270268e-01 9.496394e-07 2.849180e-01 
6.258048e-01 9.488883e-07 2.847680e-01 
6.249641e-01 9.346408e-07 2.861490e-01 
6.253419e-01 9.320466e-07 2.882220e-01 
6.251994e-01 9.276515e-07 2.994530e-01 
6.280632e-01 9.512361e-07 2.850500e-01 
6.228917e-01 9.235622e-07 2.865380e-01 
6.258597e-01 9.489184e-07 2.886870e-01 
6.223154e-01 9.257217e-07 2.840990e-01 
6.277888e-01 9.506793e-07 2.846290e-01 
6.256071e-01 9.237685e-07 3.083110e-01 
6.271084e-01 9.543888e-07 2.836620e-01 
6.256442e-01 9.467072e-07 2.834760e-01 
6.250824e-01 9.316920e-07 2.850040e-01 
6.273750e-01 9.540476e-07 2.880250e-01 
6.250387e-01 9.371475e-07 2.848210e-01 
6.234646e-01 9.239723e-07 2.842360e-01 
6.260722e-01 9.421992e-07 2.877790e-01 
6.235916e-01 9.338291e-07 2.842170e-01 
6.254123e-01 9.322924e-07 2.857870e-01 
6.214607e-01 9.301118e-07 2.885680e-01 
6.235471e-01 9.374077e-07 2.959150e-01 
6.253823e-01 9.316017e-07 2.847400e-01 
6.235444e-01 9.343735e-07 2.848480e-01 
6.247083e-01 9.484669e-07 2.886620e-01 
6.249776e-01 9.398490e-07 2.845690e-01 
6.220756e-01 9.178632e-07 2.839660e-01 
6.246460e-01 9.307459e-07 2.892220e-01 
6.256846e-01 9.410649e-07 2.898970e-01 
6.226271e-01 9.267143e-07 2.853410e-01 
6.229806e-01 9.258178e-07 2.837460e-01 
6.252802e-01 9.429595e-07 2.866990e-01 
6.240737e-01 9.400727e-07 2.844250e-01 
6.254974e-01 9.328289e-07 2.841390e-01 
6.258354e-01 9.366636e-07 2.836870e-01 
6.256256e-01 9.526831e-07 2.839440e-01 
6.240052e-01 9.333619e-07 2.835030e-01 
6.262225e-01 9.334011e-07 2.825460e-01 
6.270012e-01 9.438582e-07 2.871090e-01 
6.240029e-01 9.287557e-07 2.863960e-01 
6.219748e-01 9.190483e-07 2.846380e-01 
6.256521e-01 9.367265e-07 2.863280e-01 
6.267531e-01 9.542568e-07 2.838000e-01 
6.237339e-01 9.441699e-07 2.841850e-01 
6.270593e-01 9.489804e-07 2.841290e-01 
6.242044e-01 9.366083e-07 3.025550e-01 
6.249419e-01 9.274541e-07 2.837270e-01 
6.265462e-01 9.408971e-07 2.922990e-01 
6.199326e-01 9.151449e-07 2.896270e-01 
6.223305e-01 9.334168e-07 2.870640e-01 
6.258975e-01 9.485916e-07 2.848120e-01 
6.234376e-01 9.413400e-07 2.837810e-01 
6.269025e-01 9.326490e-07 3.005340e-01 
6.248117e-01 9.392096e-07 2.882050e-01 
6.212060e-01 9.284894e-07 2.848560e-01 
6.251608e-01 9.337017e-07 3.039620e-01 
6.235805e-01 9.252701e-07 2.857850e-01 
6.256418e-01 9.385903e-07 2.844320e-01 
6.227898e-01 9.290084e-07 2.878720e-01 
6.229992e-01 9.134521e-07 2.856200e-01 
6.254937e-01 9.507093e-07 2.851900e-01 
6.230989e-01 9.390302e-07 2.865670e-01 
6.287112e-01 9.488683e-07 2.906040e-01 
6.228373e-01 9.184208e-07 2.858420e-01 
6.221415e-01 9.240458e-07 2.848280e-01 
6.220910e-01 9.273029e-07 2.865070e-01 
6.226436e-01 9.231406e-07 2.848200e-01 
6.247346e-01 9.461445e-07 2.841750e-01 
6.231025e-01 9.248053e-07 2.851430e-01 
6.255782e-01 9.401063e-07 2.942330e-01 
6.241256e-01 9.180101e-07 2.902500e-01 
6.255865e-01 9.381435e-07 2.841890e-01 
6.242378e-01 9.307243e-07 2.926760e-01 
6.225369e-01 9.236820e-07 2.994490e-01 
6.264594e-01 9.483498e-07 2.859000e-01 
6.269253e-01 9.388192e-07 2.848630e-01 
6.274087e-01 9.456345e-07 2.895260e-01 
6.279465e-01 9.576399e-07 2.887370e-01 
6.244436e-01 9.263270e-07 2.858130e-01 
6.278218e-01 9.427708e-07 2.883720e-01 
6.262514e-01 9.345828e-07 2.951720e-01 
6.262609e-01 9.295598e-07 2.847400e-01 
6.234901e-01 9.326425e-07 2.855680e-01 
6.254073e-01 9.181003e-07 2.868110e-01 
6.268080e-01 9.507432e-07 2.853510e-01 
6.245012e-01 9.385050e-07 2.844940e-01 
6.215272e-01 9.179084e-07 2.863670e-01 
6.267039e-01 9.455836e-07 2.855960e-01 
6.246061e-01 9.398465e-07 2.848790e-01 
6.255608e-01 9.332306e-07 2.847710e-01 
6.286158e-01 9.673791e-07 3.228760e-01 
6.229594e-01 9.411219e-07 2.856750e-01 
6.237154e-01 9.249690e-07 2.841000e-01 
6.232352e-01 9.259889e-07 2.839790e-01 
6.238568e-01 9.315287e-07 2.875480e-01 
6.241601e-01 9.212741e-07 2.839530e-01 
6.247628e-01 9.380604e-07 2.839830e-01 
6.258190e-01 9.378999e-07 2.916280e-01 
6.263058e-01 9.445842e-07 2.835380e-01 
6.246610e-01 9.279212e-07 2.841200e-01 
6.252955e-01 9.431551e-07 2.867660e-01 
6.256796e-01 9.466440e-07 2.893090e-01 
6.252873e-01 9.470679e-07 2.846350e-01 
6.230881e-01 9.320954e-07 2.835860e-01 
6.257493e-01 9.431741e-07 2.852500e-01 
6.248368e-01 9.332484e-07 2.840820e-01 
6.236916e-01 9.295266e-07 2.845830e-01 
6.270033e-01 9.350677e-07 2.945910e-01 
6.281042e-01 9.561177e-07 2.860140e-01 
6.249364e-01 9.494362e-07 2.842370e-01 
6.283465e-01 9.558126e-07 2.824340e-01 
6.262609e-01 9.362117e-07 2.892270e-01 
6.245740e-01 9.361411e-07 2.845590e-01 
6.266158e-01 9.462078e-07 2.833340e-01 
6.253048e-01 9.571912e-07 2.901900e-01 
6.255472e-01 9.376433e-07 2.858230e-01 
6.249148e-01 9.358995e-07 2.826920e-01 
6.250350e-01 9.442938e-07 2.826820e-01 
6.263725e-01 9.465685e-07 2.860470e-01 
6.255380e-01 9.423614e-07 2.845830e-01 
6.240004e-01 9.344543e-07 2.845160e-01 
6.232766e-01 9.253720e-07 2.889940e-01 
6.229255e-01 9.185378e-07 2.850170e-01 
6.253439e-01 9.457530e-07 2.839610e-01 
6.247734e-01 9.351652e-07 2.841420e-01 
6.244625e-01 9.357966e-07 2.980690e-01 
6.239582e-01 9.380043e-07 2.858580e-01 
6.245624e-01 9.274273e-07 2.864100e-01 
6.261254e-01 9.507571e-07 2.854930e-01 
6.241013e-01 9.348523e-07 2.849200e-01 
6.245021e-01 9.346029e-07 2.843560e-01 
6.267333e-01 9.357405e-07 2.846020e-01 
6.241152e-01 9.359220e-07 2.970210e-01 
6.224043e-01 9.307402e-07 2.865740e-01 
6.258407e-01 9.338839e-07 2.842010e-01 
6.269645e-01 9.530016e-07 2.853860e-01 
6.221594e-01 9.184162e-07 2.847770e-01 
6.259989e-01 9.493178e-07 2.838400e-01 
6.239356e-01 9.298022e-07 2.844450e-01 
6.262906e-01 9.439712e-07 2.839460e-01 
6.246301e-01 9.245494e-07 2.832990e-01 
6.240690e-01 9.348432e-07 2.835780e-01 
6.243806e-01 9.158284e-07 2.872210e-01 
6.250002e-01 9.421613e-07 4.340520e-01 
6.237910e-01 9.227509e-07 2.830240e-01 
6.268667e-01 9.456277e-07 2.850300e-01 
6.242941e-01 9.362276e-07 2.854810e-01 
6.260607e-01 9.406179e-07 2.842520e-01 
6.275398e-01 9.543609e-07 2.841280e-01 
6.243456e-01 9.306592e-07 3.218930e-01 
6.273092e-01 9.526769e-07 2.848170e-01 
6.232834e-01 9.373227e-07 2.855940e-01 
6.270138e-01 9.369086e-07 2.899320e-01 
6.236040e-01 9.307475e-07 2.891060e-01 
6.244168e-01 9.231727e-07 2.847880e-01 
6.212102e-01 9.299527e-07 2.843890e-01 
6.227634e-01 9.198754e-07 2.851400e-01 
6.245038e-01 9.284085e-07 2.842840e-01 
6.279297e-01 9.696329e-07 2.828760e-01 
6.276102e-01 9.502915e-07 2.922880e-01 
6.273052e-01 9.415545e-07 2.841570e-01 
6.266627e-01 9.510206e-07 2.842360e-01 
6.243785e-01 9.304405e-07 2.900060e-01 
6.234199e-01 9.336023e-07 2.836940e-01 
6.249126e-01 9.439067e-07 2.855760e-01 
6.262099e-01 9.441321e-07 2.863230e-01 
6.246682e-01 9.459725e-07 3.105470e-01 
6.232036e-01 9.175626e-07 2.877810e-01 
6.273688e-01 9.345821e-07 2.855650e-01 
6.250156e-01 9.437797e-07 2.855730e-01 
6.243090e-01 9.304969e-07 2.859690e-01 
6.270141e-01 9.470407e-07 2.848740e-01 
6.240332e-01 9.342880e-07 2.844650e-01 
6.229837e-01 9.202570e-07 2.876010e-01 
6.225868e-01 9.143361e-07 2.859930e-01 
6.235835e-01 9.383226e-07 2.849350e-01 
6.250292e-01 9.326846e-07 3.121110e-01 
6.232706e-01 9.377494e-07 2.921050e-01 
6.278456e-01 9.493956e-07 2.843050e-01 
6.248025e-01 9.372192e-07 2.841890e-01 
6.237759e-01 9.311038e-07 2.886950e-01 
6.263747e-01 9.367369e-07 2.850950e-01 
6.216806e-01 9.216624e-07 2.842260e-01 
6.240251e-01 9.330083e-07 2.951970e-01 
6.261558e-01 9.354805e-07 2.861430e-01 
6.254110e-01 9.263846e-07 2.848440e-01 
6.242918e-01 9.320471e-07 2.829240e-01 
6.244413e-01 9.294516e-07 2.911270e-01 
6.276862e-01 9.427097e-07 2.831950e-01 
6.264618e-01 9.405829e-07 2.850580e-01 
6.248555e-01 9.313731e-07 2.841350e-01 
6.246847e-01 9.342117e-07 2.870720e-01 
6.277943e-01 9.411602e-07 2.842550e-01 
6.282738e-01 9.380689e-07 2.841000e-01 
6.265133e-01 9.549275e-07 3.158800e-01 
6.254372e-01 9.447762e-07 2.851600e-01 
6.243789e-01 9.323275e-07 2.845920e-01 
6.261845e-01 9.377458e-07 2.888300e-01 
6.263054e-01 9.478285e-07 2.851710e-01 
6.268148e-01 9.527500e-07 2.843480e-01 
6.236226e-01 9.325874e-07 2.853900e-01 
6.255035e-01 9.410477e-07 2.884530e-01 
6.261884e-01 9.417447e-07 2.877300e-01 
6.261352e-01 9.321106e-07 2.834940e-01 
6.250255e-01 9.427832e-07 2.896760e-01 
6.238972e-01 9.246344e-07 2.867690e-01 
6.228929e-01 9.341872e-07 2.842340e-01 
6.260270e-01 9.481857e-07 2.842490e-01 
6.261452e-01 9.389345e-07 2.878230e-01 
6.205589e-01 9.143021e-07 2.839460e-01 
6.248472e-01 9.276077e-07 2.855720e-01 
6.210549e-01 9.243170e-07 2.856000e-01 
6.255549e-01 9.364064e-07 2.968230e-01 
6.246558e-01 9.354656e-07 2.838930e-01 
6.263502e-01 9.359556e-07 2.891560e-01 
6.244199e-01 9.456551e-07 2.849480e-01 
6.262137e-01 9.526148e-07 2.851250e-01 
6.234995e-01 9.274214e-07 2.860070e-01 
6.241279e-01 9.371282e-07 2.989330e-01 
6.241073e-01 9.400264e-07 2.891890e-01 
6.227482e-01 9.282373e-07 2.858890e-01 
6.212839e-01 9.207877e-07 2.898730e-01 
6.264120e-01 9.554729e-07 2.859760e-01 
6.232911e-01 9.308259e-07 2.846890e-01 
6.259867e-01 9.510005e-07 2.857250e-01 
6.235128e-01 9.421396e-07 2.846930e-01 
6.255006e-01 9.515934e-07 2.846420e-01 
6.218175e-01 9.232926e-07 2.858370e-01 
6.247018e-01 9.446236e-07 2.945690e-01 
6.235632e-01 9.156888e-07 2.903860e-01 
6.209445e-01 9.240503e-07 2.878170e-01 
6.244893e-01 9.332110e-07 2.845790e-01 
6.252606e-01 9.387281e-07 2.856270e-01 
6.259657e-01 9.387443e-07 2.837490e-01 
6.245695e-01 9.288931e-07 2.823180e-01 
6.253451e-01 9.243466e-07 2.892740e-01 
6.246536e-01 9.345672e-07 3.018300e-01 
6.251124e-01 9.239548e-07 2.844660e-01 
6.250980e-01 9.429161e-07 2.841070e-01 
6.238787e-01 9.343418e-07 2.874450e-01 
6.286086e-01 9.592089e-07 2.999700e-01 
6.249819e-01 9.426333e-07 3.004570e-01 
6.239196e-01 9.245278e-07 3.077570e-01 
6.256396e-01 9.485961e-07 2.951030e-01 
6.241110e-01 9.327044e-07 2.838220e-01 
6.251357e-01 9.462860e-07 2.828450e-01 
6.288462e-01 9.615946e-07 3.073660e-01 
6.235318e-01 9.280149e-07 2.857590e-01 
6.258342e-01 9.566790e-07 2.844860e-01 
6.264107e-01 9.591688e-07 2.851580e-01 
6.259253e-01 9.377008e-07 2.839940e-01 
6.231781e-01 9.161079e-07 2.834200e-01 
6.239664e-01 9.319988e-07 2.853600e-01 
6.251457e-01 9.381818e-07 2.893690e-01 
6.231664e-01 9.357445e-07 2.839490e-01 
6.245717e-01 9.388131e-07 2.837220e-01 
6.230996e-01 9.310506e-07 2.883470e-01 
6.236583e-01 9.423279e-07 2.841310e-01 
6.237545e-01 9.376541e-07 2.835260e-01 
6.247548e-01 9.299327e-07 2.835670e-01 
6.228726e-01 9.272567e-07 2.844650e-01 
6.266741e-01 9.414417e-07 2.841610e-01 
6.292965e-01 9.740707e-07 2.834010e-01 
6.252147e-01 9.477780e-07 2.923190e-01 
6.268313e-01 9.427484e-07 2.839200e-01 
6.262750e-01 9.350001e-07 2.827330e-01 
6.256145e-01 9.381417e-07 2.885040e-01 
6.271552e-01 9.435483e-07 2.817370e-01 
6.236235e-01 9.258058e-07 2.831390e-01 
6.248006e-01 9.285413e-07 2.823540e-01 
6.243554e-01 9.358080e-07 2.864340e-01 
6.235591e-01 9.269149e-07 2.826930e-01 
6.229858e-01 9.297056e-07 2.822480e-01 
6.246695e-01 9.349452e-07 2.819600e-01 
6.256850e-01 9.468281e-07 2.846090e-01 
6.243826e-01 9.384150e-07 2.829070e-01 
6.254927e-01 9.439222e-07 2.818780e-01 
6.241735e-01 9.377651e-07 2.848390e-01 
6.268770e-01 9.477073e-07 2.833350e-01 
6.233357e-01 9.261286e-07 2.825440e-01 
6.264783e-01 9.355013e-07 2.827940e-01 
6.265320e-01 9.461669e-07 3.004480e-01 
6.222910e-01 9.169443e-07 2.848920e-01 
6.243167e-01 9.345528e-07 2.842080e-01 
6.231544e-01 9.193754e-07 2.892460e-01 
6.245747e-01 9.405261e-07 2.846820e-01 
6.234946e-01 9.313558e-07 2.842570e-01 
6.252761e-01 9.567513e-07 2.841170e-01 
6.258128e-01 9.543855e-07 2.887650e-01 
6.253750e-01 9.342598e-07 2.847730e-01 
6.263728e-01 9.347983e-07 2.835810e-01 
6.258865e-01 9.424919e-07 2.874000e-01 
6.216407e-01 9.191678e-07 2.850360e-01 
6.228477e-01 9.271049e-07 2.827570e-01 
6.239844e-01 9.358075e-07 2.812250e-01 
6.248032e-01 9.349678e-07 2.838350e-01 
6.252923e-01 9.378979e-07 2.828300e-01 
6.265208e-01 9.421597e-07 2.831550e-01 
6.263333e-01 9.408230e-07 3.039530e-01 
6.225705e-01 9.221812e-07 2.842540e-01 
6.260522e-01 9.322711e-07 2.825200e-01 
6.219792e-01 9.221208e-07 2.833490e-01 
6.262813e-01 9.474667e-07 2.857420e-01 
6.276900e-01 9.529062e-07 2.834020e-01 
6.232507e-01 9.178561e-07 2.828690e-01 
6.250136e-01 9.271952e-07 2.889630e-01 
6.230868e-01 9.293136e-07 2.840880e-01 
6.242727e-01 9.260705e-07 2.844310e-01 
6.269903e-01 9.489891e-07 2.827360e-01 
6.241460e-01 9.232451e-07 2.858130e-01 
6.261512e-01 9.432997e-07 2.834750e-01 
6.276138e-01 9.614909e-07 2.817650e-01 
6.232215e-01 9.371539e-07 2.821760e-01 
6.233112e-01 9.353007e-07 2.819110e-01 
6.238073e-01 9.233274e-07 2.814170e-01 
6.253440e-01 9.412871e-07 2.811980e-01 
6.285020e-01 9.704238e-07 2.917690e-01 
6.248164e-01 9.225311e-07 2.826010e-01 
6.264748e-01 9.467797e-07 2.828130e-01 
6.283996e-01 9.417314e-07 2.885820e-01 
6.255195e-01 9.389024e-07 2.836000e-01 
6.284170e-01 9.658851e-07 2.818510e-01 
6.260854e-01 9.501865e-07 2.835540e-01 
6.253925e-01 9.324753e-07 2.977610e-01 
6.244982e-01 9.268573e-07 2.865010e-01 
6.231813e-01 9.302760e-07 2.830740e-01 
6.257873e-01 9.480418e-07 2.874680e-01 
6.247291e-01 9.346205e-07 2.832920e-01 
6.244127e-01 9.400242e-07 2.830910e-01 
6.255888e-01 9.328114e-07 2.832350e-01 
6.236589e-01 9.240601e-07 2.869050e-01 
6.235459e-01 9.173971e-07 2.828460e-01 
6.257265e-01 9.463250e-07 2.821380e-01 
6.246700e-01 9.318138e-07 2.868910e-01 
6.283307e-01 9.638987e-07 2.882270e-01 
6.278356e-01 9.485997e-07 2.821210e-01 
6.195237e-01 9.160441e-07 2.823380e-01 
6.246784e-01 9.359497e-07 2.864300e-01 
6.253006e-01 9.280322e-07 2.816820e-01 
6.271107e-01 9.549332e-07 2.829090e-01 
6.229375e-01 9.090823e-07 2.940780e-01 
6.267521e-01 9.565240e-07 2.861460e-01 
6.215607e-01 9.341626e-07 2.854920e-01 
6.237273e-01 9.431137e-07 2.826180e-01 
6.245476e-01 9.189283e-07 2.875770e-01 
6.277034e-01 9.493264e-07 2.825920e-01 
6.242805e-01 9.409042e-07 2.823460e-01 
6.247909e-01 9.296654e-07 2.838690e-01 
6.241469e-01 9.268910e-07 2.814160e-01 
6.274855e-01 9.548795e-07 2.812390e-01 
6.226172e-01 9.207871e-07 2.826980e-01 
6.269629e-01 9.502510e-07 3.105720e-01 
6.258186e-01 9.458773e-07 2.849480e-01 
6.241249e-01 9.448338e-07 2.829770e-01 
6.255333e-01 9.440685e-07 2.875130e-01 
6.228882e-01 9.310830e-07 2.830420e-01 
6.261516e-01 9.414285e-07 2.829040e-01 
6.281750e-01 9.446057e-07 2.825960e-01 
6.251983e-01 9.372329e-07 2.903490e-01 
6.252935e-01 9.442444e-07 2.858160e-01 
6.221807e-01 9.054735e-07 2.829290e-01 
6.274152e-01 9.590043e-07 2.851540e-01 
6.256856e-01 9.413143e-07 2.825740e-01 
6.247397e-01 9.340632e-07 2.817930e-01 
6.216490e-01 9.135808e-07 2.817760e-01 
6.235710e-01 9.237667e-07 2.857480e-01 
6.233538e-01 9.255794e-07 2.833890e-01 
6.226204e-01 9.306120e-07 2.809010e-01 
6.215739e-01 9.313095e-07 2.881330e-01 
6.254739e-01 9.328438e-07 2.944190e-01 
6.247907e-01 9.400099e-07 2.817320e-01 
6.248069e-01 9.361699e-07 2.823480e-01 
6.237972e-01 9.382840e-07 2.859660e-01 
6.249917e-01 9.456485e-07 2.822600e-01 
6.234503e-01 9.238445e-07 2.814510e-01 
6.224850e-01 9.319973e-07 2.885010e-01 
6.260457e-01 9.389386e-07 2.944300e-01 
6.273522e-01 9.443858e-07 2.812880e-01 
6.249599e-01 9.444494e-07 2.814160e-01 
6.264638e-01 9.496002e-07 2.867100e-01 
6.255510e-01 9.270696e-07 2.823310e-01 
6.238874e-01 9.263139e-07 2.810590e-01 
6.258944e-01 9.383661e-07 2.856160e-01 
6.224230e-01 9.296084e-07 2.823690e-01 
6.252671e-01 9.361297e-07 2.811070e-01 
6.248074e-01 9.382754e-07 2.816100e-01 
6.280691e-01 9.409272e-07 2.925320e-01 
6.253925e-01 9.618869e-07 2.824320e-01 
6.218270e-01 9.147885e-07 2.830920e-01 
6.227922e-01 9.309197e-07 2.843320e-01 
6.209392e-01 9.133612e-07 2.817830e-01 
6.249438e-01 9.287760e-07 2.825140e-01 
6.232718e-01 9.206270e-07 2.830600e-01 
6.264231e-01 9.288328e-07 2.978060e-01 
6.232689e-01 9.227805e-07 2.838000e-01 
6.239177e-01 9.349844e-07 2.822970e-01 
6.216385e-01 9.132520e-07 2.869520e-01 
6.260226e-01 9.433696e-07 2.819510e-01 
6.256926e-01 9.417710e-07 2.813320e-01 
6.237812e-01 9.230466e-07 2.823510e-01 
6.282546e-01 9.606479e-07 2.842590e-01 
6.273203e-01 9.505184e-07 2.824260e-01 
6.246978e-01 9.377298e-07 2.820360e-01 
6.275970e-01 9.538410e-07 2.879950e-01 
6.260195e-01 9.446029e-07 2.901850e-01 
6.246485e-01 9.398789e-07 2.810690e-01 
6.259314e-01 9.417523e-07 2.813500e-01 
6.234021e-01 9.243009e-07 2.855680e-01 
6.265516e-01 9.523072e-07 2.828490e-01 
6.236215e-01 9.259559e-07 2.824270e-01 
6.248248e-01 9.309471e-07 2.885430e-01 
6.259165e-01 9.401460e-07 2.929400e-01 
6.247529e-01 9.355287e-07 2.835250e-01 
6.257266e-01 9.421008e-07 2.825510e-01 
6.223274e-01 9.196982e-07 2.897680e-01 
6.258594e-01 9.503835e-07 2.847220e-01 
6.244092e-01 9.397873e-07 2.836750e-01 
6.277714e-01 9.588753e-07 2.838210e-01 
6.253628e-01 9.479515e-07 2.817740e-01 
6.260755e-01 9.517168e-07 2.813420e-01 
6.273112e-01 9.624621e-07 2.814180e-01 
6.249355e-01 9.411287e-07 2.925730e-01 
6.259566e-01 9.487482e-07 2.835440e-01 
6.250028e-01 9.575717e-07 2.824390e-01 
6.253377e-01 9.390032e-07 2.869530e-01 
6.258226e-01 9.419712e-07 2.820730e-01 
6.265756e-01 9.524614e-07 2.828880e-01 
6.243795e-01 9.270466e-07 2.820070e-01 
6.267046e-01 9.497588e-07 2.831260e-01 
6.237824e-01 9.340320e-07 3.004850e-01 
6.265801e-01 9.584326e-07 2.839780e-01 
6.262922e-01 9.187980e-07 2.831880e-01 
6.276061e-01 9.496367e-07 2.821660e-01 
6.249314e-01 9.261779e-07 2.821650e-01 
6.266492e-01 9.375653e-07 2.825270e-01 
6.238504e-01 9.373773e-07 2.831390e-01 
6.281955e-01 9.411700e-07 2.827900e-01 
6.255464e-01 9.290574e-07 2.821890e-01 
6.254896e-01 9.357690e-07 2.903600e-01 
6.238921e-01 9.370599e-07 2.875880e-01 
6.252259e-01 9.444955e-07 2.826330e-01 
6.268262e-01 9.543719e-07 2.826430e-01 
6.231163e-01 9.280781e-07 2.957850e-01 
6.241807e-01 9.339203e-07 2.866590e-01 
6.265599e-01 9.456316e-07 2.813320e-01 
6.224296e-01 9.179570e-07 2.849600e-01 
6.226082e-01 9.307376e-07 2.860920e-01 
6.255843e-01 9.405964e-07 2.832180e-01 
6.242248e-01 9.317691e-07 2.825700e-01 
6.270262e-01 9.534654e-07 2.841330e-01 
6.240076e-01 9.344687e-07 2.828140e-01 
6.282295e-01 9.621834e-07 2.822410e-01 
6.242525e-01 9.345701e-07 2.831630e-01 
6.263368e-01 9.547811e-07 2.821350e-01 
6.235773e-01 9.291461e-07 2.825950e-01 
6.273546e-01 9.456488e-07 2.826070e-01 
6.234531e-01 9.154057e-07 2.843920e-01 
6.260380e-01 9.433414e-07 2.843310e-01 
6.265252e-01 9.548375e-07 2.832420e-01 
6.229846e-01 9.310025e-07 2.938120e-01 
6.256669e-01 9.449091e-07 2.842190e-01 
6.231579e-01 9.215313e-07 2.825300e-01 
6.211267e-01 9.312244e-07 2.826540e-01 
6.221104e-01 9.172654e-07 2.873150e-01 
6.230814e-01 9.233329e-07 2.847950e-01 
6.238202e-01 9.311235e-07 2.899380e-01 
6.245488e-01 9.437693e-07 2.886760e-01 
6.248656e-01 9.207955e-07 2.842290e-01 
6.243989e-01 9.360649e-07 2.843810e-01 
6.205973e-01 9.170066e-07 2.828680e-01 
6.250518e-01 9.357608e-07 2.951680e-01 
6.259992e-01 9.446474e-07 2.849940e-01 
6.282550e-01 9.602798e-07 2.843450e-01 
6.238671e-01 9.418705e-07 2.944720e-01 
6.262498e-01 9.417075e-07 2.894220e-01 
6.262515e-01 9.473579e-07 2.839270e-01 
6.238529e-01 9.222748e-07 2.848660e-01 
6.265604e-01 9.401877e-07 2.878950e-01 
6.268494e-01 9.366949e-07 2.863680e-01 
6.261585e-01 9.500592e-07 2.837330e-01 
6.261490e-01 9.391239e-07 2.895510e-01 
6.248507e-01 9.250119e-07 2.945850e-01 
6.280136e-01 9.669595e-07 3.319400e-01 
6.249858e-01 9.305537e-07 2.822230e-01 
6.224039e-01 9.136590e-07 2.862660e-01 
6.256510e-01 9.355873e-07 2.820200e-01 
6.245561e-01 9.417306e-07 2.808800e-01 
6.239652e-01 9.280813e-07 2.876390e-01 
6.277996e-01 9.523170e-07 2.812990e-01 
6.266367e-01 9.468549e-07 2.818910e-01 
6.226304e-01 9.315332e-07 2.810270e-01 
6.235583e-01 9.246974e-07 2.885780e-01 
6.281030e-01 9.599305e-07 2.817300e-01 
6.223103e-01 9.201892e-07 2.846470e-01 
6.276467e-01 9.539322e-07 2.880900e-01 
6.255140e-01 9.536489e-07 2.851710e-01 
6.210507e-01 9.149203e-07 2.834960e-01 
6.238323e-01 9.360962e-07 2.843410e-01 
6.264457e-01 9.521381e-07 2.964540e-01 
6.263003e-01 9.475509e-07 2.859840e-01 
6.245568e-01 9.325018e-07 2.849470e-01 
6.232172e-01 9.300371e-07 2.874520e-01 
6.225407e-01 9.128439e-07 2.841170e-01 
6.273429e-01 9.573701e-07 2.854970e-01 
6.248377e-01 9.458083e-07 2.866080e-01 
6.239330e-01 9.320381e-07 2.860030e-01 
6.247126e-01 9.274454e-07 2.846820e-01 
6.235564e-01 9.160858e-07 2.842060e-01 
6.217786e-01 9.270966e-07 3.120450e-01 
6.211390e-01 9.226623e-07 2.941140e-01 
6.252505e-01 9.481193e-07 3.101340e-01 
6.252650e-01 9.412420e-07 2.910410e-01 
6.242578e-01 9.405069e-07 3.121380e-01 
6.261889e-01 9.475386e-07 2.846370e-01 
6.248214e-01 9.403348e-07 2.851390e-01 
6.273907e-01 9.313439e-07 3.330780e-01 
6.263019e-01 9.440706e-07 4.032260e-01 
6.238883e-01 9.361391e-07 2.829810e-01 
6.242792e-01 9.347162e-07 2.858860e-01 
6.278362e-01 9.464655e-07 2.841050e-01 
6.247000e-01 9.445765e-07 2.834630e-01 
6.246341e-01 9.361512e-07 2.862640e-01 
6.251518e-01 9.434529e-07 2.834500e-01 
6.239385e-01 9.329514e-07 2.844200e-01 
6.231936e-01 9.328091e-07 2.840420e-01 
6.264663e-01 9.442910e-07 2.966570e-01 
6.251865e-01 9.371442e-07 2.830080e-01 
6.256556e-01 9.352453e-07 2.826260e-01 
6.246740e-01 9.476041e-07 2.856430e-01 
6.219319e-01 9.199702e-07 2.841000e-01 
6.238313e-01 9.390621e-07 2.823300e-01 
6.241741e-01 9.290235e-07 2.833800e-01 
6.251199e-01 9.433880e-07 3.091080e-01 
6.234689e-01 9.259107e-07 2.867070e-01 
6.264115e-01 9.333932e-07 2.839320e-01 
6.253161e-01 9.342608e-07 2.890790e-01 
6.222469e-01 9.362446e-07 2.832670e-01 
6.230877e-01 9.306516e-07 2.840350e-01 
6.218611e-01 9.323661e-07 2.837840e-01 
6.242384e-01 9.283851e-07 2.853070e-01 
6.278954e-01 9.593031e-07 2.865640e-01 
6.264635e-01 9.369544e-07 2.826560e-01 
6.241703e-01 9.546489e-07 2.860580e-01 
6.254870e-01 9.417612e-07 2.893890e-01 
6.259504e-01 9.224502e-07 2.847920e-01 
6.294277e-01 9.707919e-07 2.814580e-01 
6.259195e-01 9.475312e-07 2.875690e-01 
6.253568e-01 9.354798e-07 2.816130e-01 
6.218373e-01 9.264939e-07 2.815140e-01 
6.246956e-01 9.252267e-07 2.870960e-01 
6.260521e-01 9.379658e-07 2.865800e-01 
6.241114e-01 9.284895e-07 2.835890e-01 
6.273683e-01 9.528944e-07 2.848400e-01 
6.243814e-01 9.472229e-07 2.875890e-01 
6.238751e-01 9.294716e-07 2.840290e-01 
6.288707e-01 9.641281e-07 2.830580e-01 
6.263741e-01 9.425526e-07 2.848870e-01 
6.276349e-01 9.530769e-07 2.830130e-01 
6.231447e-01 9.210514e-07 2.830070e-01 
6.207558e-01 9.077397e-07 2.830090e-01 
6.256051e-01 9.332363e-07 3.111400e-01 
6.235236e-01 9.259594e-07 2.837270e-01 
6.241379e-01 9.267685e-07 2.827030e-01 
6.252180e-01 9.436191e-07 2.861360e-01 
6.242734e-01 9.300271e-07 2.829800e-01 
6.257372e-01 9.440058e-07 2.830650e-01 
6.268597e-01 9.352919e-07 2.828920e-01 
6.217121e-01 9.337847e-07 2.926030e-01 
6.256829e-01 9.373911e-07 2.834830e-01 
6.250217e-01 9.313069e-07 2.854850e-01 
6.224875e-01 9.085747e-07 2.896190e-01 
6.219725e-01 9.167941e-07 2.856080e-01 
6.278329e-01 9.584281e-07 2.842270e-01 
6.233357e-01 9.185253e-07 2.846850e-01 
6.270139e-01 9.523892e-07 2.887510e-01 
6.267016e-01 9.479698e-07 2.847820e-01 
6.249429e-01 9.384208e-07 2.835070e-01 
6.276959e-01 9.573142e-07 2.872190e-01 
6.232559e-01 9.336167e-07 2.923990e-01 
6.257782e-01 9.254833e-07 2.831110e-01 
6.288985e-01 9.657772e-07 2.840030e-01 
6.251634e-01 9.478629e-07 2.881260e-01 
6.248246e-01 9.312631e-07 2.826980e-01 
6.202616e-01 9.083427e-07 2.835410e-01 
6.253902e-01 9.363731e-07 3.019310e-01 
6.227136e-01 9.350643e-07 2.899630e-01 
6.260946e-01 9.384401e-07 2.846970e-01 
6.220467e-01 9.100079e-07 2.840650e-01 
6.241291e-01 9.355883e-07 2.867060e-01 
6.228978e-01 9.278666e-07 2.844230e-01 
6.238796e-01 9.203274e-07 2.831240e-01 
6.255553e-01 9.407279e-07 2.876030e-01 
6.241847e-01 9.293817e-07 2.837350e-01 
6.271001e-01 9.471115e-07 2.861460e-01 
6.254373e-01 9.397643e-07 2.833370e-01 
6.262084e-01 9.351669e-07 2.994070e-01 
6.270121e-01 9.495746e-07 2.837350e-01 
6.227455e-01 9.237353e-07 2.827440e-01 
6.245348e-01 9.272997e-07 2.870780e-01 
6.247736e-01 9.300251e-07 2.835130e-01 
6.230325e-01 9.267580e-07 2.828760e-01 
6.236824e-01 9.318928e-07 2.834460e-01 
6.237826e-01 9.128113e-07 3.155800e-01 
6.268357e-01 9.521916e-07 2.847970e-01 
6.256422e-01 9.410301e-07 2.840110e-01 
6.230518e-01 9.232154e-07 2.868600e-01 
6.248998e-01 9.338805e-07 2.834430e-01 
6.243303e-01 9.336621e-07 2.832140e-01 
6.239190e-01 9.359851e-07 2.830850e-01 
6.239116e-01 9.207449e-07 2.878920e-01 
6.274334e-01 9.617890e-07 2.843450e-01 
6.244335e-01 9.425747e-07 2.848350e-01 
6.240851e-01 9.278018e-07 2.972860e-01 
6.233699e-01 9.377183e-07 2.878550e-01 
6.252004e-01 9.307960e-07 2.829540e-01 
6.241730e-01 9.321840e-07 2.834080e-01 
6.267461e-01 9.567988e-07 2.859210e-01 
6.231347e-01 9.249415e-07 2.839660e-01 
6.253670e-01 9.429915e-07 2.829190e-01 
6.232092e-01 9.223127e-07 2.898640e-01 
6.244860e-01 9.414098e-07 2.881740e-01 
6.250532e-01 9.356655e-07 2.829440e-01 
6.231076e-01 9.205076e-07 2.829650e-01 
6.247387e-01 9.313221e-07 2.938200e-01 
6.252707e-01 9.383092e-07 2.852620e-01 
6.248240e-01 9.340888e-07 2.842940e-01 
6.217953e-01 9.263807e-07 2.870360e-01 
6.248873e-01 9.395582e-07 2.811810e-01 
6.286453e-01 9.579572e-07 2.817060e-01 
6.237324e-01 9.238368e-07 2.818100e-01 
6.248278e-01 9.316428e-07 3.067130e-01 
6.257914e-01 9.397669e-07 2.820030e-01 
6.243974e-01 9.491381e-07 2.822990e-01 
6.255741e-01 9.428043e-07 2.882970e-01 
6.251952e-01 9.234618e-07 2.827210e-01 
6.263126e-01 9.462018e-07 2.825470e-01 
6.216743e-01 9.223367e-07 2.824290e-01 
6.273584e-01 9.585643e-07 2.897330e-01 
6.245256e-01 9.327334e-07 2.853370e-01 
6.265545e-01 9.484790e-07 2.860610e-01 
6.218024e-01 9.204073e-07 2.899010e-01 
6.261414e-01 9.402228e-07 2.850900e-01 
6.230098e-01 9.252099e-07 2.838560e-01 
6.261077e-01 9.445292e-07 2.858850e-01 
6.247132e-01 9.267697e-07 2.854290e-01 
6.261778e-01 9.390279e-07 2.847110e-01 
6.248879e-01 9.396632e-07 2.846240e-01 
6.262982e-01 9.641408e-07 3.009490e-01 
6.210090e-01 9.188057e-07 2.838690e-01 
6.244591e-01 9.451118e-07 2.829440e-01 
6.249477e-01 9.296045e-07 2.839630e-01 
6.241770e-01 9.312780e-07 2.835750e-01 
6.250505e-01 9.465660e-07 2.833380e-01 
6.242893e-01 9.274088e-07 2.832330e-01 
6.278505e-01 9.549131e-07 2.904180e-01 
6.265891e-01 9.419473e-07 2.870140e-01 
6.259816e-01 9.307257e-07 2.844070e-01 
6.258546e-01 9.345303e-07 2.844060e-01 
6.253341e-01 9.492128e-07 2.835850e-01 
6.218745e-01 9.107168e-07 2.825510e-01 
6.233956e-01 9.301085e-07 2.848590e-01 
6.238476e-01 9.322215e-07 2.881920e-01 
6.219165e-01 9.297165e-07 2.851780e-01 
6.272096e-01 9.499679e-07 2.829450e-01 
6.238916e-01 9.288245e-07 2.829460e-01 
6.246888e-01 9.265558e-07 2.963790e-01 
6.256983e-01 9.335771e-07 2.846440e-01 
6.263311e-01 9.290581e-07 2.845020e-01 
6.229899e-01 9.202206e-07 2.882630e-01 
6.248797e-01 9.332852e-07 2.837170e-01 
6.280420e-01 9.488710e-07 2.833740e-01 
6.252090e-01 9.368967e-07 2.843780e-01 
6.252663e-01 9.369830e-07 3.069750e-01 
6.248999e-01 9.395055e-07 2.828840e-01 
6.251998e-01 9.327407e-07 2.822980e-01 
6.263630e-01 9.308243e-07 2.847960e-01 
6.240140e-01 9.415873e-07 2.814180e-01 
6.244201e-01 9.232439e-07 2.821900e-01 
6.259283e-01 9.463683e-07 2.836210e-01 
6.254101e-01 9.364125e-07 2.825120e-01 
6.230676e-01 9.240276e-07 2.828870e-01 
6.274792e-01 9.539027e-07 2.827050e-01 
6.280698e-01 9.447789e-07 2.867790e-01 
6.246428e-01 9.472853e-07 2.850830e-01 
6.231660e-01 9.216202e-07 2.818340e-01 
6.230163e-01 9.327030e-07 2.817210e-01 
6.251954e-01 9.544231e-07 2.878730e-01 
6.270873e-01 9.480141e-07 2.850890e-01 
6.225837e-01 9.321513e-07 2.837280e-01 
6.260410e-01 9.437644e-07 2.968650e-01 
6.246954e-01 9.474711e-07 2.858580e-01 
6.259222e-01 9.544124e-07 2.834710e-01 
6.245916e-01 9.453860e-07 2.839530e-01 
6.230692e-01 9.241217e-07 2.864630e-01 
6.256619e-01 9.427124e-07 2.834810e-01 
6.260613e-01 9.462127e-07 2.823970e-01 
6.239478e-01 9.395148e-07 2.866430e-01 
6.253503e-01 9.401064e-07 2.845280e-01 
6.248362e-01 9.303158e-07 2.850280e-01 
6.248483e-01 9.387727e-07 2.840500e-01 
6.247605e-01 9.269346e-07 4.116650e-01 
6.219543e-01 9.273536e-07 3.114740e-01 
6.241916e-01 9.352046e-07 2.863470e-01 
6.225186e-01 9.182763e-07 2.842060e-01 
6.227917e-01 9.220384e-07 2.849130e-01 
6.234410e-01 9.268223e-07 2.830660e-01 
6.276475e-01 9.451367e-07 2.996290e-01 
6.257756e-01 9.323853e-07 2.828840e-01 
6.254933e-01 9.381184e-07 2.942210e-01 
6.220207e-01 9.273967e-07 2.841370e-01 
6.217347e-01 9.197745e-07 2.853360e-01 
6.292238e-01 9.569924e-07 2.827520e-01 
6.250291e-01 9.407987e-07 2.848700e-01 
6.265747e-01 9.560593e-07 2.897190e-01 
6.261806e-01 9.452480e-07 2.839700e-01 
6.239024e-01 9.284462e-07 2.847450e-01 
6.262300e-01 9.498863e-07 2.867450e-01 
6.235022e-01 9.309962e-07 2.928280e-01 
6.264163e-01 9.433234e-07 2.842310e-01 
6.230865e-01 9.434519e-07 2.844280e-01 
6.231523e-01 9.412300e-07 2.882120e-01 
6.248511e-01 9.335492e-07 2.853430e-01 
6.266154e-01 9.443413e-07 2.832050e-01 
6.252755e-01 9.407293e-07 2.863750e-01 
6.251324e-01 9.333187e-07 2.883220e-01 
6.227738e-01 9.312449e-07 2.879830e-01 
6.270819e-01 9.461506e-07 2.842440e-01 
6.244591e-01 9.314100e-07 2.895080e-01 
6.264316e-01 9.535252e-07 2.842940e-01 
6.255562e-01 9.403391e-07 4.156880e-01 
6.230346e-01 9.265884e-07 2.960270e-01 
6.235191e-01 9.365961e-07 2.829880e-01 
6.243588e-01 9.408067e-07 4.165370e-01 
6.245220e-01 9.316612e-07 3.172290e-01 
6.210844e-01 9.227596e-07 2.849740e-01 
6.255433e-01 9.300076e-07 2.810560e-01 
6.254131e-01 9.455792e-07 2.861720e-01 
6.230020e-01 9.269502e-07 2.815310e-01 
6.237738e-01 9.172788e-07 2.813810e-01 
6.247092e-01 9.364504e-07 2.816810e-01 
6.245948e-01 9.260141e-07 2.885600e-01 
6.266221e-01 9.489955e-07 2.845940e-01 
6.258761e-01 9.442646e-07 2.811620e-01 
6.250709e-01 9.303009e-07 2.868180e-01 
6.259273e-01 9.299623e-07 2.822580e-01 
6.241008e-01 9.441960e-07 2.831160e-01 
6.247377e-01 9.338629e-07 2.822680e-01 
6.255474e-01 9.519805e-07 2.837470e-01 
6.240657e-01 9.253516e-07 2.815960e-01 
6.272670e-01 9.530554e-07 2.817040e-01 
6.271120e-01 9.463019e-07 2.837110e-01 
6.248644e-01 9.329219e-07 2.868140e-01 
6.251597e-01 9.312511e-07 2.839300e-01 
6.250292e-01 9.441695e-07 2.825080e-01 
6.239037e-01 9.442523e-07 2.836120e-01 
6.249259e-01 9.341845e-07 2.829140e-01 
6.250679e-01 9.203311e-07 2.829540e-01 
6.210259e-01 9.131261e-07 2.816460e-01 
6.242936e-01 9.321264e-07 2.910270e-01 
6.235600e-01 9.322246e-07 2.838180e-01 
6.243486e-01 9.436010e-07 2.816420e-01 
6.254697e-01 9.464963e-07 2.830990e-01 
6.261220e-01 9.403681e-07 2.813960e-01 
6.253406e-01 9.568879e-07 2.818640e-01 
6.269531e-01 9.456256e-07 2.826790e-01 
6.244452e-01 9.491262e-07 2.827120e-01 
6.263876e-01 9.386547e-07 2.828700e-01 
6.276029e-01 9.550482e-07 2.830720e-01 
6.254396e-01 9.396566e-07 2.922710e-01 
6.260108e-01 9.391840e-07 2.847050e-01 
6.284235e-01 9.553782e-07 2.828530e-01 
6.244564e-01 9.410578e-07 2.831750e-01 
6.235473e-01 9.376365e-07 2.877560e-01 
6.262464e-01 9.514722e-07 2.832000e-01 
6.237454e-01 9.277664e-07 2.826800e-01 
6.245976e-01 9.301254e-07 2.875620e-01 
6.290211e-01 9.655277e-07 2.860090e-01 
6.236609e-01 9.243340e-07 2.825250e-01 
6.241933e-01 9.367002e-07 2.824540e-01 
6.270783e-01 9.460645e-07 2.875200e-01 
6.263344e-01 9.371573e-07 2.811910e-01 
6.234952e-01 9.367220e-07 2.814900e-01 
6.244714e-01 9.423384e-07 2.837580e-01 
6.243636e-01 9.296092e-07 2.825780e-01 
6.223516e-01 9.171601e-07 2.824210e-01 
6.262775e-01 9.393457e-07 2.812660e-01 
6.250205e-01 9.341767e-07 2.894800e-01 
6.251820e-01 9.319846e-07 2.820450e-01 
6.253276e-01 9.373218e-07 2.830500e-01 
6.239488e-01 9.321082e-07 2.867460e-01 
6.254913e-01 9.366500e-07 2.822630e-01 
6.271823e-01 9.508089e-07 2.817380e-01 
6.204677e-01 9.045586e-07 2.814160e-01 
6.263354e-01 9.599489e-07 2.889680e-01 
6.249633e-01 9.404761e-07 2.836840e-01 
6.240580e-01 9.179570e-07 2.827030e-01 
6.252674e-01 9.349221e-07 2.866380e-01 
6.256730e-01 9.342447e-07 2.818300e-01 
6.258998e-01 9.392775e-07 2.819200e-01 
6.296136e-01 9.631894e-07 2.825780e-01 
6.262589e-01 9.277058e-07 2.841260e-01 
6.238161e-01 9.408814e-07 2.828470e-01 
6.240408e-01 9.326156e-07 2.825250e-01 
6.247495e-01 9.346228e-07 3.069770e-01 
6.235097e-01 9.303056e-07 2.888910e-01 
6.243184e-01 9.342144e-07 2.828260e-01 
6.267170e-01 9.509939e-07 2.842500e-01 
6.260785e-01 9.316209e-07 2.849180e-01 
6.245869e-01 9.301694e-07 2.835350e-01 
6.241036e-01 9.254524e-07 2.827770e-01 
6.243233e-01 9.433902e-07 3.020840e-01 
6.256432e-01 9.520548e-07 2.873230e-01 
6.235875e-01 9.249122e-07 2.820860e-01 
6.257504e-01 9.407585e-07 2.811450e-01 
6.229758e-01 9.349150e-07 2.867500e-01 
6.241673e-01 9.376720e-07 2.819800e-01 
6.242836e-01 9.271709e-07 2.812660e-01 
6.242581e-01 9.437124e-07 2.824920e-01 
6.242622e-01 9.400267e-07 2.816370e-01 
6.255709e-01 9.396271e-07 2.811900e-01 
6.245198e-01 9.401336e-07 2.832650e-01 
6.242741e-01 9.341974e-07 2.903210e-01 
6.238286e-01 9.425569e-07 2.850080e-01 
6.244993e-01 9.362485e-07 2.811510e-01 
6.265130e-01 9.511118e-07 2.868050e-01 
6.229396e-01 9.269892e-07 2.829760e-01 
6.254094e-01 9.246549e-07 2.838200e-01 
6.193030e-01 9.138766e-07 2.837610e-01 
6.292329e-01 9.627516e-07 2.992130e-01 
6.254090e-01 9.367642e-07 2.858710e-01 
6.228753e-01 9.268244e-07 2.822880e-01 
6.261205e-01 9.390881e-07 2.854840e-01 
6.238807e-01 9.440713e-07 2.833220e-01 
6.256633e-01 9.304308e-07 2.828100e-01 
6.266181e-01 9.441053e-07 2.818800e-01 
6.248459e-01 9.373567e-07 2.880550e-01 
6.246057e-01 9.376240e-07 2.836250e-01 
6.275385e-01 9.502140e-07 2.837110e-01 
6.248035e-01 9.224346e-07 2.861100e-01 
6.250870e-01 9.356585e-07 2.844820e-01 
6.224366e-01 9.238150e-07 2.839170e-01 
6.225122e-01 9.256059e-07 2.838960e-01 
6.242444e-01 9.309351e-07 2.854160e-01 
6.234310e-01 9.408850e-07 2.830890e-01 
6.248101e-01 9.344862e-07 2.825410e-01 
6.258673e-01 9.584933e-07 3.099010e-01 
6.274680e-01 9.552648e-07 2.997880e-01 
6.249847e-01 9.385910e-07 2.827330e-01 
6.268076e-01 9.496427e-07 2.823940e-01 
6.251246e-01 9.417005e-07 2.851800e-01 
6.257327e-01 9.285093e-07 2.836110e-01 
6.247204e-01 9.343600e-07 2.825250e-01 
6.228181e-01 9.319316e-07 2.841320e-01 
6.247696e-01 9.393360e-07 2.827860e-01 
6.267360e-01 9.444594e-07 2.826180e-01 
6.231263e-01 9.247914e-07 2.830100e-01 
6.228505e-01 9.450640e-07 2.977410e-01 
6.241784e-01 9.398812e-07 2.832880e-01 
6.265097e-01 9.413933e-07 2.834530e-01 
6.260553e-01 9.341256e-07 2.885390e-01 
6.228308e-01 9.361516e-07 2.838200e-01 
6.280296e-01 9.479675e-07 2.838470e-01 
6.265087e-01 9.392878e-07 2.846420e-01 
6.225076e-01 9.274072e-07 3.134170e-01 
6.264342e-01 9.598777e-07 2.841400e-01 
6.242614e-01 9.333090e-07 2.832360e-01 
6.244303e-01 9.308028e-07 2.840090e-01 
6.259535e-01 9.520904e-07 2.833100e-01 
6.292901e-01 9.568376e-07 2.829860e-01 
6.255414e-01 9.371027e-07 2.834400e-01 
6.266516e-01 9.388286e-07 2.839530e-01 
6.239658e-01 9.213177e-07 2.833010e-01 
6.245781e-01 9.400240e-07 2.826170e-01 
6.241304e-01 9.353631e-07 2.885400e-01 
6.234250e-01 9.335282e-07 2.930630e-01 
6.257553e-01 9.353201e-07 2.895920e-01 
6.255209e-01 9.421905e-07 2.842030e-01 
6.217831e-01 9.297696e-07 2.862280e-01 
6.239749e-01 9.359309e-07 2.835720e-01 
6.264139e-01 9.448134e-07 2.831660e-01 
6.261578e-01 9.398091e-07 2.842970e-01 
6.265309e-01 9.451279e-07 2.847550e-01 
6.272753e-01 9.526743e-07 3.049740e-01 
6.248033e-01 9.308632e-07 2.823940e-01 
6.241693e-01 9.401164e-07 2.829000e-01 
6.265214e-01 9.490079e-07 2.839760e-01 
6.248420e-01 9.429532e-07 2.857070e-01 
6.257636e-01 9.286880e-07 2.944360e-01 
6.248089e-01 9.384011e-07 2.902820e-01 
6.237984e-01 9.307233e-07 2.830140e-01 
6.249112e-01 9.488382e-07 2.832040e-01 
6.265571e-01 9.529881e-07 2.877240e-01 
6.258464e-01 9.402369e-07 2.859580e-01 
6.218265e-01 9.281841e-07 2.833290e-01 
6.234442e-01 9.240904e-07 2.869930e-01 
6.245784e-01 9.301318e-07 2.818940e-01 
6.239202e-01 9.299327e-07 2.822900e-01 
6.255992e-01 9.404632e-07 2.827290e-01 
6.239786e-01 9.266148e-07 2.909630e-01 
6.217518e-01 9.078083e-07 2.826990e-01 
6.240687e-01 9.278162e-07 2.829960e-01 
6.237140e-01 9.353133e-07 2.870040e-01 
6.243782e-01 9.345172e-07 2.831100e-01 
6.247422e-01 9.360245e-07 2.841880e-01 
6.226321e-01 9.294765e-07 2.819380e-01 
6.248872e-01 9.363330e-07 2.858570e-01 
6.252466e-01 9.477485e-07 2.832300e-01 
6.230817e-01 9.286604e-07 2.835070e-01 
6.246190e-01 9.336017e-07 3.021390e-01 
6.247511e-01 9.432052e-07 2.884170e-01 
6.226058e-01 9.149597e-07 2.860280e-01 
6.267534e-01 9.517239e-07 2.828740e-01 
6.230857e-01 9.266814e-07 2.848610e-01 
6.246636e-01 9.324013e-07 2.823700e-01 
6.249857e-01 9.330391e-07 2.818820e-01 
6.243329e-01 9.251999e-07 2.877980e-01 
6.264504e-01 9.450415e-07 2.851820e-01 
6.265098e-01 9.389993e-07 2.829510e-01 
6.250172e-01 9.344594e-07 2.822830e-01 
6.249967e-01 9.267097e-07 2.877760e-01 
6.242660e-01 9.450280e-07 2.829720e-01 
6.231518e-01 9.191259e-07 2.818030e-01 
6.236189e-01 9.366851e-07 2.832260e-01 
6.248171e-01 9.341209e-07 2.820270e-01 
6.231615e-01 9.266759e-07 2.822540e-01 
6.238498e-01 9.338949e-07 2.832460e-01 
6.287194e-01 9.500102e-07 2.920040e-01 
6.249614e-01 9.382599e-07 2.822780e-01 
6.254020e-01 9.365788e-07 2.826730e-01 
6.241604e-01 9.434213e-07 2.848690e-01 
6.253868e-01 9.358932e-07 2.824500e-01 
6.257309e-01 9.374593e-07 2.819700e-01 
6.253411e-01 9.320917e-07 2.826470e-01 
6.239006e-01 9.130563e-07 3.111710e-01 
6.253714e-01 9.392102e-07 2.853680e-01 
6.262414e-01 9.520493e-07 2.831560e-01 
6.246987e-01 9.366051e-07 2.888250e-01 
6.250239e-01 9.422833e-07 2.844370e-01 
6.230689e-01 9.448526e-07 2.847380e-01 
6.249368e-01 9.334576e-07 2.832340e-01 
6.227267e-01 9.344602e-07 2.843530e-01 
6.257953e-01 9.387416e-07 2.835810e-01 
6.237697e-01 9.371525e-07 2.831820e-01 
6.226336e-01 9.317764e-07 3.065640e-01 
6.253675e-01 9.509797e-07 2.871350e-01 
6.268660e-01 9.399225e-07 2.838790e-01 
6.244039e-01 9.252301e-07 2.828430e-01 
6.241010e-01 9.295977e-07 2.887560e-01 
6.213570e-01 9.151001e-07 2.833760e-01 
6.256973e-01 9.471140e-07 2.833360e-01 
6.242051e-01 9.339497e-07 2.940230e-01 
6.237448e-01 9.365490e-07 2.844240e-01 
6.251816e-01 9.433098e-07 2.825770e-01 
6.244335e-01 9.359875e-07 2.827440e-01 
6.258345e-01 9.295854e-07 2.869500e-01 
6.255229e-01 9.408057e-07 2.837570e-01 
6.248469e-01 9.291913e-07 2.831220e-01 
6.269572e-01 9.536096e-07 2.852870e-01 
6.257458e-01 9.336597e-07 2.831020e-01 
6.260128e-01 9.520286e-07 2.830750e-01 
6.244620e-01 9.228178e-07 2.861920e-01 
6.225459e-01 9.163107e-07 2.912130e-01 
6.266310e-01 9.526293e-07 2.825540e-01 
6.255587e-01 9.447395e-07 2.830820e-01 
6.245223e-01 9.366231e-07 2.883200e-01 
6.235147e-01 9.457347e-07 2.838320e-01 
6.249088e-01 9.530883e-07 2.838460e-01 
6.262635e-01 9.489339e-07 2.833900e-01 
6.234586e-01 9.239250e-07 3.094740e-01 
6.267380e-01 9.396785e-07 2.863180e-01 
6.263043e-01 9.439150e-07 2.821300e-01 
6.253151e-01 9.350457e-07 2.880430e-01 
6.276149e-01 9.578841e-07 2.838070e-01 
6.231916e-01 9.377594e-07 2.818480e-01 
6.261590e-01 9.353065e-07 2.918770e-01 
6.289672e-01 9.553089e-07 2.837790e-01 
6.253074e-01 9.399644e-07 2.845330e-01 
6.245311e-01 9.343265e-07 2.880790e-01 
6.264786e-01 9.413278e-07 2.885130e-01 
6.249502e-01 9.343749e-07 2.869980e-01 
6.252383e-01 9.411213e-07 2.831000e-01 
6.230760e-01 9.280987e-07 2.877720e-01 
6.273362e-01 9.430201e-07 2.820850e-01 
6.239276e-01 9.296518e-07 2.837640e-01 
6.262469e-01 9.556301e-07 2.826140e-01 
6.240452e-01 9.315095e-07 2.968440e-01 
6.252546e-01 9.253822e-07 2.850210e-01 
6.254621e-01 9.352775e-07 2.821260e-01 
6.228056e-01 9.192522e-07 2.849800e-01 
6.256862e-01 9.347309e-07 2.854490e-01 
6.280080e-01 9.628620e-07 2.837520e-01 
6.240691e-01 9.369694e-07 2.833870e-01 
6.243656e-01 9.504366e-07 2.835660e-01 
6.228140e-01 9.276859e-07 2.837990e-01 
6.237419e-01 9.207199e-07 2.825690e-01 
6.230500e-01 9.344625e-07 2.869720e-01 
6.245212e-01 9.316362e-07 2.888740e-01 
6.256677e-01 9.339150e-07 2.841470e-01 
6.256999e-01 9.393726e-07 2.848070e-01 
6.247863e-01 9.353545e-07 2.860820e-01 
6.243707e-01 9.375657e-07 2.840950e-01 
6.252031e-01 9.422702e-07 2.837430e-01 
6.232114e-01 9.327189e-07 2.884140e-01 
6.252973e-01 9.330914e-07 2.969800e-01 
6.239049e-01 9.297279e-07 2.842030e-01 
6.251454e-01 9.403311e-07 2.835400e-01 
6.216073e-01 9.057406e-07 2.870030e-01 
6.259225e-01 9.544948e-07 2.842300e-01 
6.254404e-01 9.523896e-07 2.852290e-01 
6.257146e-01 9.459407e-07 2.858280e-01 
6.214364e-01 9.353822e-07 2.865250e-01 
6.244889e-01 9.419642e-07 2.843600e-01 
6.255684e-01 9.424258e-07 2.841870e-01 
6.267269e-01 9.448530e-07 2.989870e-01 
6.256889e-01 9.493610e-07 2.876650e-01 
6.247638e-01 9.427785e-07 2.827440e-01 
6.244633e-01 9.311652e-07 2.883710e-01 
6.274019e-01 9.484988e-07 2.841240e-01 
6.247320e-01 9.561402e-07 2.829650e-01 
6.281757e-01 9.528094e-07 2.837420e-01 
6.250985e-01 9.381570e-07 2.969370e-01 
6.275680e-01 9.604296e-07 2.838800e-01 
6.231971e-01 9.207579e-07 2.834810e-01 
6.251972e-01 9.411134e-07 2.882570e-01 
6.242803e-01 9.389666e-07 2.842540e-01 
6.237235e-01 9.228360e-07 2.842070e-01 
6.270178e-01 9.517761e-07 2.834470e-01 
6.261001e-01 9.351424e-07 2.854870e-01 
6.215156e-01 9.272717e-07 2.839460e-01 
6.258491e-01 9.319637e-07 2.837200e-01 
6.252685e-01 9.341044e-07 2.892230e-01 
6.226925e-01 9.163774e-07 2.902170e-01 
6.233146e-01 9.254397e-07 2.849240e-01 
6.239863e-01 9.342423e-07 2.841370e-01 
6.269225e-01 9.558366e-07 2.858690e-01 
6.238019e-01 9.291015e-07 2.815300e-01 
6.252636e-01 9.307216e-07 2.815530e-01 
6.262675e-01 9.319127e-07 2.917750e-01 
6.248385e-01 9.359278e-07 2.886000e-01 
6.269814e-01 9.405233e-07 2.851340e-01 
6.248726e-01 9.418068e-07 2.846400e-01 
6.257468e-01 9.295396e-07 2.945350e-01 
6.275692e-01 9.441323e-07 2.866060e-01 
6.236308e-01 9.261492e-07 2.834590e-01 
6.282230e-01 9.576839e-07 2.852800e-01 
6.244570e-01 9.333486e-07 2.822470e-01 
6.254811e-01 9.323967e-07 2.849040e-01 
6.226366e-01 9.296475e-07 2.837390e-01 
6.232919e-01 9.267989e-07 2.866330e-01 
6.286456e-01 9.496816e-07 2.922010e-01 
6.271060e-01 9.477800e-07 2.873660e-01 
6.258572e-01 9.409265e-07 2.911090e-01 
6.241469e-01 9.334535e-07 2.831990e-01 
6.243444e-01 9.356561e-07 2.837040e-01 
6.261278e-01 9.470285e-07 2.841010e-01 
6.227408e-01 9.348926e-07 2.995240e-01 
6.273283e-01 9.472068e-07 2.843610e-01 
6.278221e-01 9.562623e-07 2.845660e-01 
6.234768e-01 9.203979e-07 2.884870e-01 
6.249689e-01 9.440421e-07 2.862940e-01 
6.260387e-01 9.481081e-07 2.832440e-01 
6.255698e-01 9.478329e-07 2.846150e-01 
6.250051e-01 9.402591e-07 2.849220e-01 
6.235274e-01 9.223387e-07 2.863550e-01 
6.249804e-01 9.413850e-07 2.848070e-01 
6.249221e-01 9.313965e-07 2.886710e-01 
6.267191e-01 9.480726e-07 2.937770e-01 
6.243921e-01 9.355862e-07 2.858230e-01 
6.226508e-01 9.256220e-07 2.849830e-01 
6.251936e-01 9.656141e-07 2.890890e-01 
6.251663e-01 9.395402e-07 2.843640e-01 
6.268233e-01 9.529117e-07 2.852730e-01 
6.218412e-01 9.051865e-07 2.902030e-01 
6.267316e-01 9.501422e-07 2.962590e-01 
6.260111e-01 9.460408e-07 2.828810e-01 
6.227337e-01 9.277230e-07 2.849850e-01 
6.247556e-01 9.341753e-07 2.910750e-01 
6.228050e-01 9.387559e-07 2.876970e-01 
6.278077e-01 9.670324e-07 2.892890e-01 
6.249536e-01 9.273368e-07 2.843120e-01 
6.214089e-01 9.175766e-07 2.833640e-01 
6.234269e-01 9.353161e-07 2.828700e-01 
6.244612e-01 9.356908e-07 2.832450e-01 
6.239503e-01 9.403312e-07 2.934220e-01 
6.249112e-01 9.366632e-07 2.850910e-01 
6.249272e-01 9.392136e-07 2.825270e-01 
6.244073e-01 9.352476e-07 2.856050e-01 
6.242246e-01 9.324554e-07 2.831730e-01 
6.260436e-01 9.464776e-07 2.831890e-01 
6.278449e-01 9.541978e-07 2.845240e-01 
6.264158e-01 9.371734e-07 2.945290e-01 
6.250551e-01 9.272327e-07 2.838840e-01 
6.235261e-01 9.264645e-07 2.834140e-01 
6.231891e-01 9.378283e-07 3.540000e-01 
6.233467e-01 9.235252e-07 3.461290e-01 
6.243409e-01 9.324270e-07 2.834140e-01 
6.231261e-01 9.175311e-07 2.860210e-01 
6.245004e-01 9.345804e-07 2.828150e-01 
6.235025e-01 9.255574e-07 2.823040e-01 
6.245857e-01 9.239324e-07 2.842410e-01 
6.230021e-01 9.246159e-07 2.931740e-01 
6.246301e-01 9.338993e-07 2.848410e-01 
6.282320e-01 9.619079e-07 2.843840e-01 
6.259573e-01 9.417682e-07 2.904510e-01 
6.225134e-01 9.263336e-07 2.841220e-01 
6.241429e-01 9.220903e-07 2.841350e-01 
6.235044e-01 9.088489e-07 2.834960e-01 
6.275664e-01 9.553960e-07 3.172060e-01 
6.255879e-01 9.367636e-07 2.849920e-01 
6.258083e-01 9.292620e-07 2.860680e-01 
6.235644e-01 9.252951e-07 2.891330e-01 
6.278068e-01 9.599426e-07 2.857700e-01 
6.256497e-01 9.523223e-07 2.840010e-01 
6.220734e-01 9.177143e-07 2.843760e-01 
6.233813e-01 9.317446e-07 2.837100e-01 
6.229601e-01 9.204742e-07 2.845770e-01 
6.235334e-01 9.188279e-07 2.834060e-01 
6.246593e-01 9.391218e-07 2.872830e-01 
6.239108e-01 9.278019e-07 2.861980e-01 
6.239829e-01 9.329315e-07 2.843920e-01 
6.228358e-01 9.323288e-07 2.839410e-01 
6.236687e-01 9.356933e-07 2.877450e-01 
6.258302e-01 9.572069e-07 3.919600e-01 
6.240273e-01 9.299026e-07 3.279720e-01 
6.227319e-01 9.200684e-07 3.122680e-01 
6.290163e-01 9.626397e-07 4.385520e-01 
6.243285e-01 9.495386e-07 2.863240e-01 
6.232722e-01 9.300920e-07 2.843060e-01 
6.235792e-01 9.231170e-07 2.832000e-01 
6.219347e-01 9.345129e-07 2.817970e-01 
6.208711e-01 9.254858e-07 2.874040e-01 
6.216243e-01 9.271837e-07 2.845810e-01 
6.225423e-01 9.151843e-07 2.851870e-01 
6.258150e-01 9.368053e-07 2.879560e-01 
6.228692e-01 9.228188e-07 2.929930e-01 
6.259208e-01 9.372222e-07 2.824580e-01 
6.224694e-01 9.258538e-07 2.815640e-01 
6.254459e-01 9.437926e-07 2.887670e-01 
6.229821e-01 9.303790e-07 2.852280e-01 
6.240830e-01 9.371866e-07 2.831430e-01 
6.248046e-01 9.479403e-07 2.902290e-01 
6.233664e-01 9.348723e-07 3.018640e-01 
6.236656e-01 9.355786e-07 2.842210e-01 
6.236163e-01 9.289454e-07 2.834290e-01 
6.285304e-01 9.575046e-07 2.860270e-01 
6.252091e-01 9.411084e-07 2.836820e-01 
6.238001e-01 9.240797e-07 2.845830e-01 
6.227260e-01 9.272011e-07 2.842970e-01 
6.244782e-01 9.416193e-07 2.838950e-01 
6.229262e-01 9.221212e-07 2.844000e-01 
6.238423e-01 9.232147e-07 2.844420e-01 
6.232616e-01 9.278905e-07 2.935160e-01 
6.280686e-01 9.554815e-07 2.848940e-01 
6.262286e-01 9.503722e-07 2.851250e-01 
6.218958e-01 9.260565e-07 2.891970e-01 
6.246136e-01 9.412661e-07 2.859430e-01 
6.250226e-01 9.493417e-07 2.846220e-01 
6.262570e-01 9.417451e-07 2.829570e-01 
6.265122e-01 9.469489e-07 2.910430e-01 
6.269661e-01 9.448777e-07 2.867280e-01 
6.253324e-01 9.366307e-07 2.832540e-01 
6.231272e-01 9.339740e-07 2.847870e-01 
6.249985e-01 9.276826e-07 2.848040e-01 
6.254997e-01 9.433218e-07 2.855900e-01 
6.275228e-01 9.553879e-07 2.828590e-01 
6.244967e-01 9.312201e-07 2.853990e-01 
6.262616e-01 9.434931e-07 2.844420e-01 
6.214939e-01 9.126506e-07 2.844300e-01 
6.255396e-01 9.443498e-07 2.874420e-01 
6.257323e-01 9.443595e-07 2.971170e-01 
6.248452e-01 9.339147e-07 2.859940e-01 
6.238348e-01 9.234918e-07 2.828490e-01 
6.269826e-01 9.442997e-07 2.860070e-01 
6.236437e-01 9.299233e-07 2.844180e-01 
6.212927e-01 9.141319e-07 2.836230e-01 
6.246014e-01 9.383523e-07 2.895340e-01 
6.249983e-01 9.267127e-07 3.068450e-01 
6.253834e-01 9.293139e-07 2.855320e-01 
6.259013e-01 9.513902e-07 2.983010e-01 
6.222942e-01 9.268618e-07 3.745890e-01 
6.233980e-01 9.357722e-07 3.455480e-01 
6.249354e-01 9.397876e-07 3.744190e-01 
6.246801e-01 9.345485e-07 2.925840e-01 
6.239232e-01 9.387720e-07 2.883960e-01 
6.247809e-01 9.299653e-07 2.841850e-01 
6.243008e-01 9.411348e-07 2.996450e-01 
6.242353e-01 9.240143e-07 2.840670e-01 
6.272620e-01 9.628821e-07 2.836700e-01 
6.256063e-01 9.485181e-07 2.897920e-01 
6.250087e-01 9.472493e-07 2.840080e-01 
6.252671e-01 9.403900e-07 2.845290e-01 
6.229537e-01 9.265746e-07 2.837100e-01 
6.244182e-01 9.354441e-07 3.140830e-01 
6.250466e-01 9.402199e-07 2.845690e-01 
6.275134e-01 9.597175e-07 2.840050e-01 
6.241997e-01 9.198197e-07 2.940900e-01 
6.244623e-01 9.308181e-07 2.845590e-01 
6.264511e-01 9.618910e-07 2.827700e-01 
6.244345e-01 9.341857e-07 2.833310e-01 
6.258891e-01 9.294862e-07 2.838200e-01 
6.233737e-01 9.310245e-07 2.832800e-01 
6.271813e-01 9.440872e-07 2.831900e-01 
6.228897e-01 9.411635e-07 2.935710e-01 
6.268606e-01 9.357710e-07 2.875790e-01 
6.229917e-01 9.391499e-07 2.831970e-01 
6.266822e-01 9.493488e-07 2.834980e-01 
6.245666e-01 9.452941e-07 2.854400e-01 
6.269346e-01 9.483676e-07 2.853990e-01 
6.259953e-01 9.502451e-07 2.845440e-01 
6.224761e-01 9.249953e-07 3.135200e-01 
6.274415e-01 9.528225e-07 2.944880e-01 
6.237258e-01 9.318666e-07 2.840290e-01 
6.262158e-01 9.458137e-07 2.906350e-01 
6.273359e-01 9.503041e-07 2.903640e-01 
6.238927e-01 9.365979e-07 2.854460e-01 
6.253161e-01 9.414889e-07 2.838430e-01 
6.240287e-01 9.241547e-07 2.877290e-01 
6.241887e-01 9.309471e-07 2.863490e-01 
6.278728e-01 9.460783e-07 2.855760e-01 
6.240929e-01 9.375857e-07 2.857470e-01 
6.263552e-01 9.368572e-07 2.997710e-01 
6.209501e-01 9.188180e-07 2.856580e-01 
6.251800e-01 9.424912e-07 2.847580e-01 
6.239575e-01 9.317703e-07 2.874410e-01 
6.240361e-01 9.349560e-07 2.829550e-01 
6.285938e-01 9.701976e-07 2.835650e-01 
6.233107e-01 9.413231e-07 2.845300e-01 
6.243123e-01 9.446128e-07 2.896160e-01 
6.235327e-01 9.365894e-07 2.842330e-01 
6.229297e-01 9.257873e-07 2.850460e-01 
6.240386e-01 9.229176e-07 2.875440e-01 
6.265774e-01 9.343953e-07 2.846120e-01 
6.278657e-01 9.504380e-07 2.826650e-01 
6.244837e-01 9.285870e-07 2.828550e-01 
6.251221e-01 9.607281e-07 2.841170e-01 
6.267777e-01 9.536822e-07 2.825170e-01 
6.247555e-01 9.345963e-07 2.823410e-01 
6.223968e-01 9.245737e-07 2.863560e-01 
6.229706e-01 9.343804e-07 2.845020e-01 
6.257277e-01 9.416103e-07 2.814810e-01 
6.236328e-01 9.320657e-07 2.819330e-01 
6.247373e-01 9.265208e-07 2.882790e-01 
6.272290e-01 9.484222e-07 2.829320e-01 
6.238160e-01 9.327905e-07 2.839420e-01 
6.266262e-01 9.443344e-07 2.923020e-01 
6.263424e-01 9.482987e-07 2.871520e-01 
6.245192e-01 9.324294e-07 2.838230e-01 
6.253562e-01 9.341996e-07 2.834390e-01 
6.241323e-01 9.411710e-07 2.930390e-01 
6.293608e-01 9.692113e-07 2.866830e-01 
6.250944e-01 9.363519e-07 2.830510e-01 
6.251807e-01 9.367106e-07 2.832520e-01 
6.257321e-01 9.460020e-07 2.842650e-01 
6.256650e-01 9.301606e-07 2.843220e-01 
6.252894e-01 9.368262e-07 2.836120e-01 
6.248725e-01 9.297191e-07 3.138780e-01 
6.208064e-01 9.139434e-07 2.852460e-01 
6.251439e-01 9.448378e-07 2.833830e-01 
6.241857e-01 9.276306e-07 2.871450e-01 
6.228948e-01 9.241551e-07 2.842090e-01 
6.237894e-01 9.390796e-07 2.827130e-01 
6.252788e-01 9.297647e-07 2.835020e-01 
6.264598e-01 9.414006e-07 2.997670e-01 
6.251562e-01 9.531669e-07 2.841580e-01 
6.276743e-01 9.440559e-07 2.840050e-01 
6.221685e-01 9.241606e-07 2.895500e-01 
6.245249e-01 9.406991e-07 2.847780e-01 
6.244595e-01 9.418515e-07 2.836300e-01 
6.257111e-01 9.366412e-07 2.845220e-01 
6.265158e-01 9.578379e-07 2.847560e-01 
6.223317e-01 9.214267e-07 2.847060e-01 
6.258617e-01 9.272608e-07 2.839650e-01 
6.252530e-01 9.429407e-07 2.933780e-01 
6.265893e-01 9.544454e-07 2.892590e-01 
6.264478e-01 9.471395e-07 2.852320e-01 
6.278551e-01 9.545464e-07 2.837100e-01 
6.269825e-01 9.492198e-07 2.866770e-01 
6.234760e-01 9.342973e-07 2.815600e-01 
6.233068e-01 9.219589e-07 2.823770e-01 
6.232419e-01 9.208585e-07 2.899510e-01 
6.212502e-01 9.208913e-07 2.845400e-01 
6.249178e-01 9.333113e-07 2.846220e-01 
6.257814e-01 9.424260e-07 2.839400e-01 
6.222090e-01 9.176763e-07 2.893240e-01 
6.242332e-01 9.311807e-07 2.844220e-01 
6.227488e-01 9.268736e-07 2.849020e-01 
6.252299e-01 9.409191e-07 2.855460e-01 
6.253311e-01 9.300247e-07 2.829860e-01 
6.283916e-01 9.392540e-07 2.814060e-01 
6.252127e-01 9.343163e-07 2.845070e-01 
6.235369e-01 9.317845e-07 2.888800e-01 
6.276434e-01 9.394237e-07 3.165940e-01 
6.244384e-01 9.312765e-07 3.869250e-01 
6.258037e-01 9.485433e-07 2.863570e-01 
6.252776e-01 9.382372e-07 2.839760e-01 
6.245961e-01 9.190668e-07 2.844150e-01 
6.200634e-01 9.165621e-07 2.862850e-01 
6.261802e-01 9.398146e-07 2.963760e-01 
6.264486e-01 9.382078e-07 2.845200e-01 
