# dim  N   mc   sigma  Gibbs 
# 1    1 600000 1
#
# Theoretical Energy = 5.000000e-01
# Energy     Variance     CPU time
6.293261e-01 5.282200e-07 3.400720e-01 
6.270383e-01 5.257494e-07 3.226840e-01 
6.259281e-01 5.210547e-07 3.244670e-01 
6.255706e-01 5.206526e-07 3.395780e-01 
6.242062e-01 5.173416e-07 3.258500e-01 
6.222684e-01 5.174774e-07 3.250030e-01 
6.225084e-01 5.184393e-07 3.326250e-01 
6.210310e-01 5.160536e-07 3.267940e-01 
6.188604e-01 5.128450e-07 3.250120e-01 
6.202935e-01 5.116570e-07 3.207300e-01 
6.206668e-01 5.211867e-07 3.304510e-01 
6.188425e-01 5.154864e-07 3.275830e-01 
6.184350e-01 5.158542e-07 3.283940e-01 
6.166459e-01 5.093719e-07 3.266070e-01 
6.179288e-01 5.174856e-07 3.215320e-01 
6.180979e-01 5.158109e-07 3.231560e-01 
6.167116e-01 5.118856e-07 3.275940e-01 
6.171777e-01 5.150524e-07 3.229160e-01 
6.173783e-01 5.155529e-07 3.342040e-01 
6.152808e-01 5.100738e-07 3.250860e-01 
6.154956e-01 5.108531e-07 3.227260e-01 
6.157410e-01 5.116877e-07 3.253270e-01 
6.144861e-01 5.094379e-07 3.238520e-01 
6.149753e-01 5.119019e-07 3.221870e-01 
6.162075e-01 5.121266e-07 3.252760e-01 
6.148177e-01 5.113905e-07 3.255460e-01 
6.150908e-01 5.148713e-07 3.247690e-01 
6.155474e-01 5.136464e-07 3.273250e-01 
6.132021e-01 5.086022e-07 3.361580e-01 
6.140854e-01 5.090121e-07 3.283460e-01 
6.142773e-01 5.121065e-07 3.241180e-01 
6.138819e-01 5.097369e-07 3.274340e-01 
6.143450e-01 5.105241e-07 3.224980e-01 
6.142778e-01 5.096927e-07 3.236630e-01 
6.138217e-01 5.123728e-07 3.379110e-01 
6.128438e-01 5.048416e-07 3.239310e-01 
6.136263e-01 5.115107e-07 3.217120e-01 
6.141896e-01 5.106245e-07 3.236050e-01 
6.141782e-01 5.119742e-07 3.249900e-01 
6.152776e-01 5.172173e-07 3.205760e-01 
6.149967e-01 5.133705e-07 3.321070e-01 
6.135262e-01 5.089188e-07 3.217370e-01 
6.139122e-01 5.116400e-07 3.206720e-01 
6.146298e-01 5.148521e-07 3.515310e-01 
6.128391e-01 5.084005e-07 3.258210e-01 
6.125876e-01 5.119419e-07 3.274470e-01 
6.131988e-01 5.117969e-07 3.306410e-01 
6.128928e-01 5.110482e-07 3.302210e-01 
6.133821e-01 5.118341e-07 3.226600e-01 
6.135641e-01 5.116100e-07 3.296320e-01 
6.124032e-01 5.062016e-07 3.226910e-01 
6.138680e-01 5.119517e-07 3.264970e-01 
6.135412e-01 5.136802e-07 3.307700e-01 
6.130637e-01 5.149872e-07 3.259580e-01 
6.127289e-01 5.080741e-07 3.206040e-01 
6.124180e-01 5.099539e-07 3.296130e-01 
6.126015e-01 5.111801e-07 3.216880e-01 
6.117052e-01 5.080875e-07 3.232130e-01 
6.133101e-01 5.124257e-07 3.385750e-01 
6.128092e-01 5.125574e-07 3.305650e-01 
6.135054e-01 5.142573e-07 3.210580e-01 
6.117229e-01 5.100206e-07 3.324770e-01 
6.117921e-01 5.128237e-07 3.237660e-01 
6.132145e-01 5.153565e-07 3.238450e-01 
6.129925e-01 5.182230e-07 3.372290e-01 
6.122341e-01 5.083755e-07 3.233830e-01 
6.132453e-01 5.135492e-07 3.229150e-01 
6.125364e-01 5.095506e-07 3.243910e-01 
6.127093e-01 5.148832e-07 3.290100e-01 
6.125432e-01 5.102555e-07 3.221760e-01 
6.113070e-01 5.059136e-07 3.224530e-01 
6.132894e-01 5.121101e-07 3.253780e-01 
6.144557e-01 5.144000e-07 3.250380e-01 
6.122822e-01 5.096089e-07 3.313590e-01 
6.129037e-01 5.118839e-07 3.291110e-01 
6.131730e-01 5.118155e-07 3.250200e-01 
6.129982e-01 5.123364e-07 3.216030e-01 
6.118917e-01 5.091791e-07 3.300570e-01 
6.120491e-01 5.097388e-07 3.215510e-01 
6.119031e-01 5.082819e-07 3.367270e-01 
6.119036e-01 5.057218e-07 3.241130e-01 
6.118908e-01 5.114475e-07 3.251960e-01 
6.125245e-01 5.124633e-07 3.230310e-01 
6.122576e-01 5.063746e-07 3.308930e-01 
6.117450e-01 5.080600e-07 3.222960e-01 
6.125310e-01 5.088110e-07 3.259620e-01 
6.143352e-01 5.154785e-07 3.236980e-01 
6.125798e-01 5.130749e-07 3.229290e-01 
6.115474e-01 5.079969e-07 3.249970e-01 
6.125107e-01 5.119490e-07 3.403150e-01 
6.133913e-01 5.105961e-07 3.242100e-01 
6.121102e-01 5.086665e-07 3.216210e-01 
6.127902e-01 5.097986e-07 3.300130e-01 
6.130037e-01 5.120259e-07 3.266330e-01 
6.119923e-01 5.100536e-07 3.291550e-01 
6.128194e-01 5.098868e-07 3.376860e-01 
6.138071e-01 5.145399e-07 3.240490e-01 
6.122458e-01 5.065633e-07 3.223350e-01 
6.129646e-01 5.114462e-07 3.278030e-01 
6.136958e-01 5.128121e-07 3.248180e-01 
6.121209e-01 5.107666e-07 3.207200e-01 
6.121875e-01 5.092039e-07 3.245800e-01 
6.129051e-01 5.117412e-07 3.211680e-01 
6.141632e-01 5.155987e-07 3.251660e-01 
6.122532e-01 5.107661e-07 3.275960e-01 
6.130489e-01 5.156221e-07 3.288060e-01 
6.121357e-01 5.096098e-07 3.235410e-01 
6.135015e-01 5.159624e-07 3.290590e-01 
6.133742e-01 5.157733e-07 3.232370e-01 
6.136840e-01 5.148270e-07 3.212360e-01 
6.114445e-01 5.111043e-07 3.341220e-01 
6.133673e-01 5.125652e-07 3.342450e-01 
6.131727e-01 5.134517e-07 3.397760e-01 
6.118660e-01 5.092024e-07 3.339590e-01 
6.117366e-01 5.068713e-07 3.238600e-01 
6.131459e-01 5.108534e-07 3.202450e-01 
6.134992e-01 5.109571e-07 3.462240e-01 
6.131370e-01 5.101484e-07 3.219770e-01 
6.120809e-01 5.063713e-07 3.253450e-01 
6.125878e-01 5.088450e-07 3.476550e-01 
6.139396e-01 5.145925e-07 3.231960e-01 
6.135756e-01 5.156304e-07 3.242480e-01 
6.128572e-01 5.120038e-07 3.272420e-01 
6.128862e-01 5.101927e-07 3.231180e-01 
6.137444e-01 5.134317e-07 3.236710e-01 
6.126533e-01 5.127127e-07 3.382320e-01 
6.138640e-01 5.134101e-07 3.254610e-01 
6.127215e-01 5.112416e-07 3.253100e-01 
6.141012e-01 5.129384e-07 3.214830e-01 
6.119849e-01 5.104130e-07 3.308590e-01 
6.117643e-01 5.085616e-07 3.236380e-01 
6.135459e-01 5.128611e-07 3.343810e-01 
6.125227e-01 5.098641e-07 3.224280e-01 
6.123145e-01 5.081254e-07 3.238890e-01 
6.126704e-01 5.127941e-07 3.364880e-01 
6.130089e-01 5.131763e-07 3.249590e-01 
6.129052e-01 5.118682e-07 3.230050e-01 
6.143651e-01 5.172675e-07 3.212200e-01 
6.119590e-01 5.083550e-07 3.240990e-01 
6.140398e-01 5.144651e-07 3.205340e-01 
6.129015e-01 5.106867e-07 3.345610e-01 
6.132910e-01 5.113836e-07 3.247100e-01 
6.141682e-01 5.135980e-07 3.216640e-01 
6.125677e-01 5.103163e-07 3.227080e-01 
6.136951e-01 5.130306e-07 3.275610e-01 
6.122383e-01 5.107075e-07 3.240780e-01 
6.129726e-01 5.128612e-07 3.217620e-01 
6.131394e-01 5.112610e-07 3.323750e-01 
6.119736e-01 5.098889e-07 3.230110e-01 
6.112019e-01 5.077179e-07 3.330760e-01 
6.132332e-01 5.136419e-07 3.315150e-01 
6.130985e-01 5.124803e-07 3.239110e-01 
6.125290e-01 5.103514e-07 3.266920e-01 
6.132668e-01 5.141167e-07 3.260560e-01 
6.128437e-01 5.085674e-07 3.238730e-01 
6.117080e-01 5.100030e-07 3.260420e-01 
6.141633e-01 5.156531e-07 3.374320e-01 
6.130198e-01 5.122014e-07 3.232750e-01 
6.135041e-01 5.120488e-07 3.230560e-01 
6.120278e-01 5.086426e-07 3.248100e-01 
6.130012e-01 5.119947e-07 3.247500e-01 
6.122366e-01 5.090658e-07 3.220750e-01 
6.135419e-01 5.119834e-07 3.264430e-01 
6.126628e-01 5.092622e-07 3.225770e-01 
6.120778e-01 5.120812e-07 3.208880e-01 
6.126611e-01 5.101712e-07 3.343500e-01 
6.131304e-01 5.124875e-07 3.269860e-01 
6.135267e-01 5.150502e-07 3.210310e-01 
6.124761e-01 5.087318e-07 3.313510e-01 
6.128425e-01 5.157178e-07 3.225070e-01 
6.132163e-01 5.126160e-07 3.248310e-01 
6.116626e-01 5.058039e-07 3.428180e-01 
6.121958e-01 5.107625e-07 3.223870e-01 
6.109922e-01 5.058802e-07 3.228310e-01 
6.126504e-01 5.102518e-07 3.253770e-01 
6.134330e-01 5.142524e-07 3.219560e-01 
6.123023e-01 5.099005e-07 3.234340e-01 
6.129419e-01 5.160468e-07 3.228230e-01 
6.113063e-01 5.101541e-07 3.248290e-01 
6.139280e-01 5.164072e-07 3.235120e-01 
6.113091e-01 5.099919e-07 3.314440e-01 
6.124141e-01 5.132876e-07 3.286910e-01 
6.124927e-01 5.115054e-07 3.221220e-01 
6.125920e-01 5.099840e-07 3.258990e-01 
6.127883e-01 5.128297e-07 3.306940e-01 
6.125886e-01 5.119266e-07 3.219870e-01 
6.125428e-01 5.118192e-07 3.330840e-01 
6.124896e-01 5.130771e-07 3.250780e-01 
6.118068e-01 5.090904e-07 3.233840e-01 
6.123401e-01 5.113672e-07 3.204600e-01 
6.125104e-01 5.126000e-07 3.497700e-01 
6.120227e-01 5.106337e-07 3.233520e-01 
6.139457e-01 5.192101e-07 3.228920e-01 
6.105020e-01 5.084375e-07 3.235300e-01 
6.124720e-01 5.142455e-07 3.208020e-01 
6.128960e-01 5.123387e-07 3.254710e-01 
6.132703e-01 5.126400e-07 3.360670e-01 
6.129219e-01 5.146016e-07 3.224340e-01 
6.117831e-01 5.065956e-07 3.229740e-01 
6.118330e-01 5.083116e-07 3.317860e-01 
6.110073e-01 5.078102e-07 3.250060e-01 
6.125278e-01 5.078879e-07 3.263080e-01 
6.129850e-01 5.117400e-07 3.334260e-01 
6.118721e-01 5.108840e-07 3.216250e-01 
6.116829e-01 5.097764e-07 3.403290e-01 
6.134195e-01 5.117523e-07 3.267060e-01 
6.131592e-01 5.150365e-07 3.254590e-01 
6.119915e-01 5.103226e-07 3.226010e-01 
6.134160e-01 5.126342e-07 3.247060e-01 
6.128264e-01 5.131643e-07 3.199190e-01 
6.127811e-01 5.104698e-07 3.282980e-01 
6.129497e-01 5.126274e-07 3.374480e-01 
6.122294e-01 5.100508e-07 3.236010e-01 
6.129903e-01 5.127871e-07 3.242700e-01 
6.140564e-01 5.177216e-07 3.239630e-01 
6.124460e-01 5.132276e-07 3.199670e-01 
6.134491e-01 5.121474e-07 3.207010e-01 
6.130963e-01 5.149805e-07 3.406680e-01 
6.134635e-01 5.169644e-07 3.229000e-01 
6.126540e-01 5.095358e-07 3.213090e-01 
6.131835e-01 5.143430e-07 3.250840e-01 
6.133620e-01 5.135980e-07 3.194530e-01 
6.129898e-01 5.102964e-07 3.246950e-01 
6.115191e-01 5.097263e-07 3.220010e-01 
6.129989e-01 5.131684e-07 3.237900e-01 
6.121055e-01 5.121849e-07 3.249840e-01 
6.117236e-01 5.077943e-07 3.950490e-01 
6.129471e-01 5.142773e-07 3.223440e-01 
6.123974e-01 5.125868e-07 3.225930e-01 
6.138416e-01 5.139585e-07 3.245580e-01 
6.136379e-01 5.162388e-07 3.234760e-01 
6.120646e-01 5.116538e-07 3.220480e-01 
6.130636e-01 5.114945e-07 3.270650e-01 
6.134386e-01 5.147201e-07 3.311090e-01 
6.119070e-01 5.093964e-07 3.227230e-01 
6.119987e-01 5.113875e-07 3.222960e-01 
6.120030e-01 5.119463e-07 3.274380e-01 
6.126091e-01 5.119726e-07 3.211260e-01 
6.131800e-01 5.168126e-07 3.313470e-01 
6.132187e-01 5.131029e-07 3.230180e-01 
6.123555e-01 5.112060e-07 3.230420e-01 
6.132596e-01 5.122448e-07 3.332840e-01 
6.109220e-01 5.041143e-07 3.279020e-01 
6.127229e-01 5.116377e-07 3.212750e-01 
6.131829e-01 5.103651e-07 3.225390e-01 
6.129759e-01 5.109235e-07 3.237280e-01 
6.140254e-01 5.164213e-07 3.269890e-01 
6.139186e-01 5.106818e-07 3.241870e-01 
6.134345e-01 5.096523e-07 3.336720e-01 
6.132385e-01 5.099634e-07 3.222710e-01 
6.128313e-01 5.106165e-07 3.252350e-01 
6.115443e-01 5.074157e-07 3.266600e-01 
6.137263e-01 5.150059e-07 3.226860e-01 
6.136464e-01 5.161918e-07 3.227900e-01 
6.124732e-01 5.107698e-07 3.335500e-01 
6.120317e-01 5.073598e-07 3.229740e-01 
6.123293e-01 5.099119e-07 3.203090e-01 
6.122821e-01 5.118828e-07 3.383040e-01 
6.128382e-01 5.110739e-07 3.225110e-01 
6.145189e-01 5.156650e-07 3.259240e-01 
6.120442e-01 5.094433e-07 3.298600e-01 
6.128823e-01 5.123598e-07 3.228000e-01 
6.127527e-01 5.102743e-07 3.248970e-01 
6.131978e-01 5.128546e-07 3.345170e-01 
6.113621e-01 5.078353e-07 3.242490e-01 
6.127440e-01 5.107906e-07 3.406290e-01 
6.146768e-01 5.161095e-07 3.269100e-01 
6.124184e-01 5.082058e-07 3.213190e-01 
6.110254e-01 5.077013e-07 3.196500e-01 
6.128924e-01 5.144741e-07 3.255080e-01 
6.126573e-01 5.111091e-07 3.257970e-01 
6.114252e-01 5.088434e-07 3.218490e-01 
6.134000e-01 5.157242e-07 3.388300e-01 
6.117259e-01 5.108350e-07 3.236260e-01 
6.123410e-01 5.124294e-07 3.237630e-01 
6.129601e-01 5.116358e-07 3.340110e-01 
6.128575e-01 5.132297e-07 3.242270e-01 
6.125487e-01 5.115955e-07 3.247940e-01 
6.133216e-01 5.129841e-07 3.726760e-01 
6.133389e-01 5.132544e-07 3.238210e-01 
6.111762e-01 5.073484e-07 3.217750e-01 
6.130447e-01 5.131303e-07 3.296240e-01 
6.126835e-01 5.101205e-07 3.397610e-01 
6.135217e-01 5.139960e-07 3.217410e-01 
6.114362e-01 5.116433e-07 3.248670e-01 
6.131527e-01 5.122308e-07 3.246590e-01 
6.123605e-01 5.127424e-07 3.222060e-01 
6.121332e-01 5.146342e-07 3.357490e-01 
6.129650e-01 5.125306e-07 3.228920e-01 
6.123705e-01 5.097826e-07 3.235780e-01 
6.130773e-01 5.124649e-07 3.288030e-01 
6.129557e-01 5.113636e-07 3.264230e-01 
6.121580e-01 5.080903e-07 3.233660e-01 
6.123916e-01 5.099533e-07 3.271310e-01 
6.123455e-01 5.093661e-07 3.248640e-01 
6.118687e-01 5.099526e-07 3.245440e-01 
6.130486e-01 5.134849e-07 3.240130e-01 
6.113613e-01 5.063274e-07 3.246900e-01 
6.103965e-01 5.055556e-07 3.233440e-01 
6.133775e-01 5.120166e-07 3.199310e-01 
6.120754e-01 5.093349e-07 3.229130e-01 
6.123919e-01 5.116453e-07 3.217130e-01 
6.137651e-01 5.132417e-07 3.322410e-01 
6.128760e-01 5.162941e-07 3.307290e-01 
6.122830e-01 5.080526e-07 3.252520e-01 
6.124067e-01 5.108330e-07 3.220780e-01 
6.129970e-01 5.139603e-07 3.254730e-01 
6.122389e-01 5.120886e-07 3.220790e-01 
6.114138e-01 5.072071e-07 3.306880e-01 
6.120512e-01 5.106901e-07 3.302390e-01 
6.126958e-01 5.119118e-07 3.219870e-01 
6.140358e-01 5.152128e-07 3.207030e-01 
6.112722e-01 5.057024e-07 3.290780e-01 
6.131071e-01 5.136741e-07 3.232970e-01 
6.131209e-01 5.131327e-07 3.227410e-01 
6.129040e-01 5.115264e-07 3.233890e-01 
6.127622e-01 5.091782e-07 3.248610e-01 
6.138675e-01 5.142669e-07 3.215470e-01 
6.137166e-01 5.174605e-07 3.323420e-01 
6.120844e-01 5.092882e-07 3.233220e-01 
6.128026e-01 5.155772e-07 3.205230e-01 
6.111920e-01 5.059284e-07 3.289890e-01 
6.120519e-01 5.083510e-07 3.233040e-01 
6.119844e-01 5.099101e-07 3.227570e-01 
6.141256e-01 5.133414e-07 3.395380e-01 
6.121275e-01 5.088232e-07 3.267590e-01 
6.142640e-01 5.163608e-07 3.209830e-01 
6.132842e-01 5.147743e-07 3.525560e-01 
6.129848e-01 5.111088e-07 3.437500e-01 
6.142380e-01 5.146577e-07 3.401530e-01 
6.122389e-01 5.091799e-07 3.975920e-01 
6.128426e-01 5.142842e-07 3.891500e-01 
6.114599e-01 5.080869e-07 3.877560e-01 
6.122456e-01 5.101446e-07 4.262160e-01 
6.123543e-01 5.059509e-07 3.286170e-01 
6.121170e-01 5.090108e-07 3.360910e-01 
6.126088e-01 5.119409e-07 3.242640e-01 
6.131494e-01 5.115475e-07 3.223490e-01 
6.121963e-01 5.104398e-07 3.421030e-01 
6.130064e-01 5.138076e-07 3.258350e-01 
6.129782e-01 5.094562e-07 3.232910e-01 
6.117695e-01 5.071896e-07 3.314330e-01 
6.125298e-01 5.091551e-07 3.229620e-01 
6.126464e-01 5.090727e-07 3.249090e-01 
6.125497e-01 5.116524e-07 3.244170e-01 
6.134756e-01 5.125766e-07 3.212830e-01 
6.131389e-01 5.110112e-07 3.234310e-01 
6.129804e-01 5.122645e-07 3.358390e-01 
6.122875e-01 5.091037e-07 3.287480e-01 
6.133998e-01 5.144848e-07 3.252690e-01 
6.128960e-01 5.121235e-07 3.233180e-01 
6.136959e-01 5.135314e-07 3.314660e-01 
6.134604e-01 5.155449e-07 3.230600e-01 
6.122448e-01 5.078897e-07 3.281210e-01 
6.120269e-01 5.109543e-07 3.300160e-01 
6.118097e-01 5.056845e-07 3.222350e-01 
6.121688e-01 5.078108e-07 3.210970e-01 
6.117241e-01 5.065537e-07 3.231910e-01 
6.119171e-01 5.083451e-07 3.265850e-01 
6.122654e-01 5.107074e-07 3.200660e-01 
6.114154e-01 5.036276e-07 3.379620e-01 
6.121349e-01 5.084984e-07 3.247170e-01 
6.118447e-01 5.091195e-07 3.386260e-01 
6.130392e-01 5.110370e-07 3.337210e-01 
6.118376e-01 5.120084e-07 3.247140e-01 
6.131428e-01 5.125416e-07 3.226590e-01 
6.131878e-01 5.120656e-07 3.253690e-01 
6.127938e-01 5.124115e-07 3.229720e-01 
6.135289e-01 5.117441e-07 3.321350e-01 
6.136054e-01 5.137337e-07 3.339760e-01 
6.125757e-01 5.115929e-07 3.243400e-01 
6.134718e-01 5.165857e-07 3.219490e-01 
6.131637e-01 5.125237e-07 3.304490e-01 
6.140340e-01 5.186787e-07 3.226610e-01 
6.123268e-01 5.103821e-07 3.235040e-01 
6.128351e-01 5.105567e-07 3.296400e-01 
6.125416e-01 5.135424e-07 3.187130e-01 
6.127551e-01 5.077372e-07 3.222010e-01 
6.135443e-01 5.134877e-07 3.378170e-01 
6.123776e-01 5.094846e-07 3.225290e-01 
6.136238e-01 5.152201e-07 3.246800e-01 
6.120601e-01 5.084244e-07 3.260210e-01 
6.122641e-01 5.122178e-07 3.206490e-01 
6.138220e-01 5.139440e-07 3.208930e-01 
6.120663e-01 5.082574e-07 3.421510e-01 
6.126023e-01 5.106960e-07 3.271310e-01 
6.125763e-01 5.104464e-07 3.257570e-01 
6.134434e-01 5.120584e-07 3.343680e-01 
6.125369e-01 5.063954e-07 3.305580e-01 
6.134220e-01 5.131626e-07 3.226280e-01 
6.123421e-01 5.108460e-07 3.279060e-01 
6.132793e-01 5.142330e-07 3.285380e-01 
6.119537e-01 5.084775e-07 3.252990e-01 
6.113560e-01 5.094790e-07 3.425750e-01 
6.129397e-01 5.119947e-07 3.212610e-01 
6.120258e-01 5.082140e-07 3.203870e-01 
6.120841e-01 5.114088e-07 3.264310e-01 
6.134412e-01 5.133222e-07 3.242060e-01 
6.138017e-01 5.113081e-07 3.218340e-01 
6.121573e-01 5.078390e-07 3.271170e-01 
6.127559e-01 5.098052e-07 3.302810e-01 
6.135877e-01 5.116001e-07 3.246960e-01 
6.123823e-01 5.081253e-07 3.234810e-01 
6.124430e-01 5.108901e-07 3.289730e-01 
6.117843e-01 5.077280e-07 3.244820e-01 
6.122559e-01 5.092390e-07 3.203130e-01 
6.129278e-01 5.144586e-07 3.287780e-01 
6.121526e-01 5.114458e-07 3.278770e-01 
6.141482e-01 5.164106e-07 3.837830e-01 
6.123417e-01 5.124762e-07 3.360060e-01 
6.117187e-01 5.091842e-07 3.216030e-01 
6.130520e-01 5.112433e-07 3.208020e-01 
6.135380e-01 5.144329e-07 3.256680e-01 
6.116814e-01 5.091339e-07 3.229530e-01 
6.133562e-01 5.152531e-07 3.393190e-01 
6.111482e-01 5.082701e-07 3.268350e-01 
6.120744e-01 5.097431e-07 3.229170e-01 
6.123939e-01 5.102024e-07 3.224930e-01 
6.130010e-01 5.152451e-07 3.291440e-01 
6.122841e-01 5.104226e-07 3.232630e-01 
6.121668e-01 5.091888e-07 3.188460e-01 
6.134324e-01 5.174392e-07 3.232720e-01 
6.134763e-01 5.157429e-07 3.236430e-01 
6.124083e-01 5.117995e-07 3.308430e-01 
6.117139e-01 5.090847e-07 3.343190e-01 
6.121527e-01 5.115220e-07 3.243910e-01 
6.119444e-01 5.097336e-07 3.263270e-01 
6.128914e-01 5.110209e-07 3.329450e-01 
6.132732e-01 5.121487e-07 3.229620e-01 
6.134065e-01 5.135887e-07 3.373600e-01 
6.133646e-01 5.125458e-07 3.320570e-01 
6.132386e-01 5.107445e-07 3.234980e-01 
6.123181e-01 5.115003e-07 3.242170e-01 
6.131550e-01 5.099100e-07 3.773340e-01 
6.126049e-01 5.111045e-07 3.308170e-01 
6.131658e-01 5.168968e-07 3.469210e-01 
6.132070e-01 5.152769e-07 3.481170e-01 
6.118288e-01 5.066378e-07 3.248270e-01 
6.122095e-01 5.098728e-07 3.263570e-01 
6.134242e-01 5.125609e-07 3.224950e-01 
6.115316e-01 5.068876e-07 3.219390e-01 
6.121071e-01 5.088912e-07 3.255010e-01 
6.140663e-01 5.120289e-07 3.290790e-01 
6.122034e-01 5.117643e-07 3.242310e-01 
6.137809e-01 5.148117e-07 3.302740e-01 
6.125643e-01 5.101814e-07 3.228340e-01 
6.123892e-01 5.098331e-07 3.217370e-01 
6.126390e-01 5.116644e-07 3.226180e-01 
6.125873e-01 5.119115e-07 3.247500e-01 
6.128589e-01 5.119109e-07 3.212270e-01 
6.127002e-01 5.113327e-07 3.238220e-01 
6.126654e-01 5.093266e-07 3.268490e-01 
6.127340e-01 5.121727e-07 3.261740e-01 
6.119822e-01 5.099981e-07 3.213060e-01 
6.125261e-01 5.136257e-07 3.458350e-01 
6.124136e-01 5.114633e-07 3.232780e-01 
6.128141e-01 5.118752e-07 3.290120e-01 
6.125138e-01 5.132301e-07 3.265520e-01 
6.128692e-01 5.126761e-07 3.241970e-01 
6.120894e-01 5.089110e-07 3.247260e-01 
6.132092e-01 5.111702e-07 3.652840e-01 
6.133380e-01 5.103976e-07 3.227230e-01 
6.134152e-01 5.117961e-07 3.237090e-01 
6.123399e-01 5.094364e-07 3.313920e-01 
6.134600e-01 5.125513e-07 3.254520e-01 
6.113191e-01 5.066838e-07 3.186370e-01 
6.125009e-01 5.083549e-07 3.229090e-01 
6.124889e-01 5.073290e-07 3.227990e-01 
6.128549e-01 5.133783e-07 3.190330e-01 
6.118565e-01 5.089647e-07 3.307500e-01 
6.138709e-01 5.148181e-07 3.251330e-01 
6.129338e-01 5.118018e-07 3.195860e-01 
6.123921e-01 5.103160e-07 3.280960e-01 
6.129355e-01 5.105498e-07 3.218840e-01 
6.127763e-01 5.111499e-07 3.224280e-01 
6.120253e-01 5.101809e-07 3.400790e-01 
6.118461e-01 5.091710e-07 3.332600e-01 
6.136364e-01 5.155145e-07 3.254220e-01 
6.127965e-01 5.137716e-07 3.263390e-01 
6.135976e-01 5.136560e-07 3.217320e-01 
6.123216e-01 5.112809e-07 3.234110e-01 
6.126413e-01 5.103813e-07 3.344510e-01 
6.128468e-01 5.092228e-07 3.250490e-01 
6.129300e-01 5.124805e-07 3.247520e-01 
6.112254e-01 5.054033e-07 3.615350e-01 
6.126216e-01 5.113928e-07 3.844660e-01 
6.137706e-01 5.132624e-07 3.197170e-01 
6.126339e-01 5.136930e-07 3.775900e-01 
6.115321e-01 5.128601e-07 3.237570e-01 
6.125257e-01 5.105792e-07 3.257660e-01 
6.122617e-01 5.109052e-07 3.303440e-01 
6.123775e-01 5.103777e-07 3.229870e-01 
6.116422e-01 5.115609e-07 3.188960e-01 
6.138127e-01 5.148379e-07 3.271920e-01 
6.109109e-01 5.056915e-07 3.187130e-01 
6.143738e-01 5.138094e-07 3.237640e-01 
6.113457e-01 5.076041e-07 3.342350e-01 
6.125778e-01 5.102616e-07 3.230490e-01 
6.133100e-01 5.115647e-07 3.245860e-01 
6.121143e-01 5.095553e-07 3.306740e-01 
6.132439e-01 5.144694e-07 3.217440e-01 
6.118059e-01 5.101331e-07 3.224210e-01 
6.130912e-01 5.132135e-07 3.205810e-01 
6.126743e-01 5.080302e-07 3.296270e-01 
6.135578e-01 5.123869e-07 3.222350e-01 
6.122926e-01 5.094018e-07 3.411460e-01 
6.139290e-01 5.142796e-07 3.269590e-01 
6.128138e-01 5.129088e-07 3.222310e-01 
6.124836e-01 5.116154e-07 3.234580e-01 
6.134347e-01 5.127674e-07 3.300380e-01 
6.124777e-01 5.107956e-07 3.242420e-01 
6.134391e-01 5.147285e-07 3.198240e-01 
6.138081e-01 5.131503e-07 3.226100e-01 
6.122183e-01 5.099486e-07 3.216250e-01 
6.125783e-01 5.067064e-07 3.332830e-01 
6.124907e-01 5.104674e-07 3.318310e-01 
6.127742e-01 5.103623e-07 3.224860e-01 
6.134116e-01 5.138479e-07 3.203330e-01 
6.131549e-01 5.095770e-07 3.241050e-01 
6.116629e-01 5.092680e-07 3.207810e-01 
6.133315e-01 5.143613e-07 3.293470e-01 
6.130250e-01 5.095316e-07 3.345240e-01 
6.142841e-01 5.158556e-07 3.241980e-01 
6.135425e-01 5.126394e-07 3.220700e-01 
6.132753e-01 5.119271e-07 3.241830e-01 
6.131414e-01 5.136390e-07 3.219210e-01 
6.131516e-01 5.116717e-07 3.208350e-01 
6.133230e-01 5.108605e-07 3.242870e-01 
6.118874e-01 5.098019e-07 3.201670e-01 
6.118391e-01 5.035277e-07 3.214130e-01 
6.141584e-01 5.139751e-07 3.378860e-01 
6.124791e-01 5.118335e-07 3.260930e-01 
6.125266e-01 5.107608e-07 3.220310e-01 
6.133911e-01 5.143771e-07 3.369350e-01 
6.139107e-01 5.132265e-07 3.257730e-01 
6.121684e-01 5.099372e-07 3.250820e-01 
6.129103e-01 5.112193e-07 3.389700e-01 
6.129887e-01 5.112360e-07 3.230190e-01 
6.128390e-01 5.099993e-07 3.204130e-01 
6.122313e-01 5.133713e-07 3.291950e-01 
6.124090e-01 5.101279e-07 3.204880e-01 
6.121977e-01 5.085924e-07 3.206140e-01 
6.120237e-01 5.094832e-07 3.244100e-01 
6.129451e-01 5.127159e-07 3.190200e-01 
6.124454e-01 5.100362e-07 3.269280e-01 
6.120301e-01 5.105814e-07 3.425690e-01 
6.124979e-01 5.070100e-07 3.233770e-01 
6.122623e-01 5.099320e-07 3.231220e-01 
6.146161e-01 5.133949e-07 3.197050e-01 
6.125496e-01 5.116584e-07 3.295900e-01 
6.132735e-01 5.096136e-07 3.240630e-01 
6.123167e-01 5.080656e-07 3.274970e-01 
6.138541e-01 5.139899e-07 3.282500e-01 
6.128675e-01 5.104804e-07 3.260120e-01 
6.120022e-01 5.102107e-07 3.205710e-01 
6.126282e-01 5.102568e-07 3.317330e-01 
6.125843e-01 5.108813e-07 3.218880e-01 
6.123673e-01 5.091942e-07 3.229200e-01 
6.128845e-01 5.109073e-07 3.222760e-01 
6.118742e-01 5.086437e-07 3.257500e-01 
6.132520e-01 5.134700e-07 3.274980e-01 
6.125615e-01 5.114121e-07 3.285300e-01 
6.129824e-01 5.116530e-07 3.228880e-01 
6.126721e-01 5.119104e-07 3.245260e-01 
6.131681e-01 5.146123e-07 3.229300e-01 
6.131424e-01 5.118747e-07 3.222270e-01 
6.125743e-01 5.121323e-07 3.225580e-01 
6.130676e-01 5.127774e-07 3.343430e-01 
6.136326e-01 5.186542e-07 3.227430e-01 
6.123163e-01 5.093988e-07 3.201980e-01 
6.133114e-01 5.149772e-07 3.301560e-01 
6.121271e-01 5.092226e-07 3.225590e-01 
6.131813e-01 5.135497e-07 3.225350e-01 
6.121067e-01 5.093660e-07 3.224510e-01 
6.121338e-01 5.102911e-07 3.269570e-01 
6.129079e-01 5.109455e-07 3.308850e-01 
6.123548e-01 5.091514e-07 3.381880e-01 
6.126642e-01 5.103922e-07 3.259780e-01 
6.122413e-01 5.113508e-07 3.252800e-01 
6.130583e-01 5.125230e-07 3.212460e-01 
6.136930e-01 5.129986e-07 3.250510e-01 
6.133550e-01 5.161579e-07 3.201820e-01 
6.132389e-01 5.136227e-07 3.370290e-01 
6.132077e-01 5.095167e-07 3.214210e-01 
6.128042e-01 5.131304e-07 3.211820e-01 
6.124589e-01 5.118026e-07 3.231400e-01 
6.127209e-01 5.082001e-07 3.200610e-01 
6.113988e-01 5.067325e-07 3.237320e-01 
6.133282e-01 5.114524e-07 3.205900e-01 
6.108385e-01 5.074359e-07 3.231390e-01 
6.127740e-01 5.100978e-07 3.219890e-01 
6.124061e-01 5.108269e-07 3.383890e-01 
6.131261e-01 5.163088e-07 3.268400e-01 
6.120402e-01 5.094327e-07 3.214720e-01 
6.129184e-01 5.123522e-07 3.230060e-01 
6.137314e-01 5.129968e-07 3.299530e-01 
6.125391e-01 5.094733e-07 3.222740e-01 
6.141990e-01 5.154085e-07 3.283270e-01 
6.128089e-01 5.135647e-07 3.316000e-01 
6.124731e-01 5.111439e-07 3.220310e-01 
6.129201e-01 5.149420e-07 3.218330e-01 
6.134135e-01 5.111152e-07 3.261300e-01 
6.136088e-01 5.141500e-07 3.260710e-01 
6.121233e-01 5.061584e-07 3.304100e-01 
6.134046e-01 5.116985e-07 3.261970e-01 
6.136638e-01 5.157553e-07 3.228820e-01 
6.123812e-01 5.093279e-07 3.271530e-01 
6.134802e-01 5.106749e-07 3.365110e-01 
6.126889e-01 5.106232e-07 3.273300e-01 
6.127784e-01 5.076662e-07 3.194950e-01 
6.132063e-01 5.126207e-07 3.239840e-01 
6.123572e-01 5.082434e-07 3.222450e-01 
6.129551e-01 5.136805e-07 3.253930e-01 
6.129753e-01 5.128804e-07 3.300540e-01 
6.132005e-01 5.134477e-07 3.209750e-01 
6.121131e-01 5.114758e-07 3.321450e-01 
6.125569e-01 5.130469e-07 3.344600e-01 
6.125694e-01 5.092245e-07 3.260680e-01 
6.127328e-01 5.135513e-07 3.213370e-01 
6.127398e-01 5.116058e-07 3.245160e-01 
6.129269e-01 5.125369e-07 3.199240e-01 
6.128597e-01 5.109647e-07 3.228050e-01 
6.122271e-01 5.098557e-07 3.363930e-01 
6.127914e-01 5.142882e-07 3.232130e-01 
6.121448e-01 5.117227e-07 3.202280e-01 
6.125229e-01 5.146873e-07 3.322930e-01 
6.130775e-01 5.104726e-07 3.220350e-01 
6.130123e-01 5.140311e-07 3.220760e-01 
6.121006e-01 5.087072e-07 3.426010e-01 
6.123857e-01 5.096798e-07 3.260730e-01 
6.115950e-01 5.078375e-07 3.207470e-01 
6.116926e-01 5.087270e-07 3.244880e-01 
6.128290e-01 5.126126e-07 3.197780e-01 
6.147640e-01 5.184780e-07 3.234960e-01 
6.119263e-01 5.084120e-07 3.238760e-01 
6.119315e-01 5.105521e-07 3.203730e-01 
6.131803e-01 5.126191e-07 3.231400e-01 
6.132612e-01 5.136209e-07 3.419420e-01 
6.128844e-01 5.124238e-07 3.197920e-01 
6.123345e-01 5.072694e-07 3.254260e-01 
6.126788e-01 5.121777e-07 3.227970e-01 
6.125103e-01 5.116994e-07 3.272220e-01 
6.119543e-01 5.096220e-07 3.229150e-01 
6.121542e-01 5.123217e-07 3.284640e-01 
6.132434e-01 5.097411e-07 3.331530e-01 
6.123359e-01 5.103632e-07 3.216230e-01 
6.126682e-01 5.108091e-07 3.212560e-01 
6.121650e-01 5.070036e-07 3.321080e-01 
6.124218e-01 5.112959e-07 3.204140e-01 
6.120902e-01 5.112688e-07 3.188030e-01 
6.129214e-01 5.107843e-07 3.255170e-01 
6.130391e-01 5.133801e-07 3.205130e-01 
6.120769e-01 5.106897e-07 3.410650e-01 
6.123739e-01 5.128636e-07 3.555420e-01 
6.127310e-01 5.137869e-07 3.217930e-01 
6.124521e-01 5.096501e-07 3.231090e-01 
6.131165e-01 5.135498e-07 3.272230e-01 
6.129006e-01 5.117719e-07 3.245990e-01 
6.140538e-01 5.157470e-07 3.265100e-01 
6.129698e-01 5.112412e-07 3.284190e-01 
6.127000e-01 5.115010e-07 3.230710e-01 
6.133713e-01 5.150342e-07 3.278100e-01 
6.129586e-01 5.104921e-07 3.249080e-01 
6.141139e-01 5.150196e-07 3.213710e-01 
6.115877e-01 5.086418e-07 3.201270e-01 
6.126354e-01 5.097430e-07 3.231840e-01 
6.119151e-01 5.092071e-07 3.254180e-01 
6.124701e-01 5.111280e-07 3.242650e-01 
6.134135e-01 5.125766e-07 3.414790e-01 
6.125776e-01 5.089647e-07 3.294930e-01 
6.130953e-01 5.144548e-07 3.225980e-01 
6.130665e-01 5.092871e-07 3.303730e-01 
6.137395e-01 5.170284e-07 3.243440e-01 
6.120144e-01 5.064308e-07 3.231760e-01 
6.132254e-01 5.125554e-07 3.431950e-01 
6.122231e-01 5.138478e-07 3.217970e-01 
6.127670e-01 5.104315e-07 3.208400e-01 
6.134585e-01 5.132286e-07 3.266970e-01 
6.130159e-01 5.134755e-07 3.233600e-01 
6.129006e-01 5.143525e-07 3.226350e-01 
6.123203e-01 5.105256e-07 3.299000e-01 
6.120133e-01 5.097529e-07 3.229240e-01 
6.133710e-01 5.119425e-07 3.223970e-01 
6.121488e-01 5.129407e-07 3.385900e-01 
6.132272e-01 5.101666e-07 3.211660e-01 
6.119636e-01 5.094701e-07 3.241970e-01 
6.132316e-01 5.130994e-07 3.268690e-01 
6.115875e-01 5.118955e-07 3.231130e-01 
6.131176e-01 5.130734e-07 3.210350e-01 
6.115663e-01 5.083011e-07 3.245270e-01 
6.132690e-01 5.142784e-07 3.245090e-01 
6.113965e-01 5.087021e-07 3.199870e-01 
6.134599e-01 5.151606e-07 3.219670e-01 
6.126106e-01 5.151351e-07 3.223770e-01 
6.120735e-01 5.087937e-07 3.269960e-01 
6.132429e-01 5.147855e-07 3.202720e-01 
6.129488e-01 5.138255e-07 3.253790e-01 
6.113712e-01 5.093588e-07 3.238570e-01 
6.135167e-01 5.106346e-07 3.430570e-01 
6.135231e-01 5.114728e-07 3.263400e-01 
6.124581e-01 5.120133e-07 3.245560e-01 
6.126412e-01 5.119799e-07 3.231530e-01 
6.120812e-01 5.102185e-07 3.274140e-01 
6.132771e-01 5.135751e-07 3.219030e-01 
6.144951e-01 5.161359e-07 3.243510e-01 
6.126994e-01 5.093222e-07 3.681940e-01 
6.121246e-01 5.105386e-07 3.222090e-01 
6.129622e-01 5.104733e-07 3.242610e-01 
6.119501e-01 5.106452e-07 3.247610e-01 
6.135715e-01 5.145892e-07 3.218540e-01 
6.121363e-01 5.106632e-07 3.230000e-01 
6.126819e-01 5.085280e-07 3.276930e-01 
6.135574e-01 5.102278e-07 3.236420e-01 
6.131656e-01 5.106946e-07 3.263080e-01 
6.126660e-01 5.107525e-07 3.460610e-01 
6.115368e-01 5.118768e-07 3.221560e-01 
6.138424e-01 5.133608e-07 3.214390e-01 
6.127244e-01 5.130087e-07 3.207560e-01 
6.132901e-01 5.117200e-07 3.211470e-01 
6.138760e-01 5.166857e-07 3.261780e-01 
6.124147e-01 5.092077e-07 3.286840e-01 
6.132333e-01 5.141057e-07 3.237720e-01 
6.131121e-01 5.115187e-07 3.235590e-01 
6.131743e-01 5.104638e-07 3.319010e-01 
6.124697e-01 5.107736e-07 3.227180e-01 
6.122103e-01 5.082861e-07 3.209670e-01 
6.133692e-01 5.135348e-07 3.286230e-01 
6.126626e-01 5.110253e-07 3.205660e-01 
6.133971e-01 5.148770e-07 3.226340e-01 
6.125145e-01 5.109024e-07 3.415570e-01 
6.121770e-01 5.095342e-07 3.229150e-01 
6.127605e-01 5.160747e-07 3.251710e-01 
6.134088e-01 5.135642e-07 3.309130e-01 
6.123976e-01 5.094669e-07 3.191870e-01 
6.122097e-01 5.095292e-07 3.231410e-01 
6.125680e-01 5.136842e-07 3.389470e-01 
6.120255e-01 5.073425e-07 3.213260e-01 
6.137621e-01 5.130708e-07 3.241300e-01 
6.131415e-01 5.116334e-07 3.318290e-01 
6.128459e-01 5.109720e-07 3.221610e-01 
6.131775e-01 5.123017e-07 3.212330e-01 
6.122240e-01 5.112795e-07 3.208550e-01 
6.129545e-01 5.108133e-07 3.327770e-01 
6.115826e-01 5.082252e-07 3.275230e-01 
6.138650e-01 5.155275e-07 3.278800e-01 
6.108438e-01 5.065292e-07 3.340830e-01 
6.119391e-01 5.088064e-07 3.241150e-01 
6.124237e-01 5.109063e-07 3.203570e-01 
6.137734e-01 5.150368e-07 3.329650e-01 
6.122678e-01 5.113177e-07 3.251750e-01 
6.127829e-01 5.123984e-07 3.282540e-01 
6.140161e-01 5.151643e-07 3.265690e-01 
6.119435e-01 5.089291e-07 3.235890e-01 
6.126179e-01 5.106371e-07 3.250340e-01 
6.119829e-01 5.103920e-07 3.300570e-01 
6.125362e-01 5.120049e-07 3.230930e-01 
6.124955e-01 5.105569e-07 3.218650e-01 
6.110727e-01 5.063459e-07 3.226210e-01 
6.125643e-01 5.127938e-07 3.247390e-01 
6.124220e-01 5.118920e-07 3.281220e-01 
6.117724e-01 5.063612e-07 3.388520e-01 
6.121952e-01 5.121131e-07 3.265690e-01 
6.127371e-01 5.104480e-07 3.214170e-01 
6.133313e-01 5.115254e-07 3.260500e-01 
6.122601e-01 5.092974e-07 3.214800e-01 
6.124600e-01 5.112821e-07 3.232470e-01 
6.128088e-01 5.104038e-07 3.442240e-01 
6.127341e-01 5.109653e-07 3.224520e-01 
6.142419e-01 5.149619e-07 3.228130e-01 
6.125786e-01 5.097609e-07 3.353360e-01 
6.124262e-01 5.117345e-07 3.220920e-01 
6.122030e-01 5.074455e-07 3.283140e-01 
6.126476e-01 5.094917e-07 3.268600e-01 
6.139468e-01 5.142686e-07 3.224560e-01 
6.126397e-01 5.121288e-07 3.224000e-01 
6.127183e-01 5.117324e-07 3.356310e-01 
6.128102e-01 5.127515e-07 3.212770e-01 
6.114940e-01 5.073408e-07 3.225160e-01 
6.130715e-01 5.099162e-07 3.281090e-01 
6.130892e-01 5.106998e-07 3.257530e-01 
6.111348e-01 5.040771e-07 3.249490e-01 
6.134537e-01 5.131409e-07 3.338620e-01 
6.128632e-01 5.097809e-07 3.240980e-01 
6.127566e-01 5.142230e-07 3.425670e-01 
6.114859e-01 5.101631e-07 3.305710e-01 
6.136143e-01 5.113969e-07 3.229410e-01 
6.123484e-01 5.083732e-07 3.217100e-01 
6.135379e-01 5.165847e-07 3.219860e-01 
6.127351e-01 5.121013e-07 3.220830e-01 
6.127139e-01 5.115631e-07 3.246270e-01 
6.123314e-01 5.107414e-07 3.356680e-01 
6.118769e-01 5.080593e-07 3.510490e-01 
6.130055e-01 5.145410e-07 3.224370e-01 
6.129927e-01 5.118863e-07 3.261410e-01 
6.125135e-01 5.088380e-07 3.220610e-01 
6.133652e-01 5.099016e-07 3.252380e-01 
6.129001e-01 5.120069e-07 3.323500e-01 
6.127841e-01 5.080669e-07 3.210980e-01 
6.133033e-01 5.141658e-07 3.256000e-01 
6.135571e-01 5.135734e-07 3.239370e-01 
6.127503e-01 5.104020e-07 3.274330e-01 
6.124875e-01 5.112614e-07 3.237230e-01 
6.122568e-01 5.123019e-07 3.218530e-01 
6.117220e-01 5.056845e-07 3.233520e-01 
6.117957e-01 5.058402e-07 3.224200e-01 
6.122320e-01 5.137098e-07 3.274410e-01 
6.114685e-01 5.088687e-07 3.370590e-01 
6.132980e-01 5.125055e-07 3.240310e-01 
6.125821e-01 5.132040e-07 3.218400e-01 
6.127853e-01 5.116128e-07 3.249280e-01 
6.136444e-01 5.146414e-07 3.225280e-01 
6.124312e-01 5.117038e-07 3.263230e-01 
6.120821e-01 5.097713e-07 3.278590e-01 
6.137241e-01 5.149140e-07 3.215690e-01 
6.118758e-01 5.087551e-07 3.236350e-01 
6.128520e-01 5.115214e-07 3.263430e-01 
6.123157e-01 5.103201e-07 3.447480e-01 
6.134641e-01 5.118976e-07 3.407550e-01 
6.118566e-01 5.082080e-07 3.464330e-01 
6.116953e-01 5.073157e-07 3.244550e-01 
6.126509e-01 5.113553e-07 3.402580e-01 
6.122671e-01 5.112189e-07 3.721100e-01 
6.141124e-01 5.142930e-07 3.251300e-01 
6.129353e-01 5.114483e-07 3.192530e-01 
6.118557e-01 5.088889e-07 3.227210e-01 
6.141731e-01 5.156001e-07 3.265330e-01 
6.125449e-01 5.135712e-07 3.390410e-01 
6.118792e-01 5.120907e-07 3.229840e-01 
6.129567e-01 5.117941e-07 3.230790e-01 
6.125990e-01 5.125636e-07 3.211470e-01 
6.117309e-01 5.107137e-07 3.251720e-01 
6.124668e-01 5.119003e-07 3.239160e-01 
6.112736e-01 5.069298e-07 3.208620e-01 
6.130191e-01 5.136292e-07 3.258940e-01 
6.123257e-01 5.108572e-07 3.340780e-01 
6.139088e-01 5.167816e-07 3.238580e-01 
6.117458e-01 5.082354e-07 3.350660e-01 
6.118108e-01 5.135197e-07 3.232440e-01 
6.131634e-01 5.104348e-07 3.225460e-01 
6.128411e-01 5.118430e-07 3.339290e-01 
6.137820e-01 5.144414e-07 3.221050e-01 
6.119299e-01 5.095855e-07 3.243530e-01 
6.125400e-01 5.104983e-07 3.280610e-01 
6.127040e-01 5.135081e-07 3.254970e-01 
6.139026e-01 5.131215e-07 3.234230e-01 
6.121804e-01 5.097373e-07 3.246480e-01 
6.127578e-01 5.129242e-07 3.217850e-01 
6.141430e-01 5.174643e-07 3.362840e-01 
6.127326e-01 5.114994e-07 3.249180e-01 
6.129669e-01 5.133983e-07 3.214760e-01 
6.132413e-01 5.126658e-07 3.238570e-01 
6.134360e-01 5.120049e-07 3.431500e-01 
6.136158e-01 5.150625e-07 3.256660e-01 
6.142413e-01 5.162739e-07 3.223760e-01 
6.124478e-01 5.129792e-07 3.331520e-01 
6.120002e-01 5.099835e-07 3.228300e-01 
6.124790e-01 5.147503e-07 3.245330e-01 
6.124270e-01 5.099843e-07 3.333850e-01 
6.126380e-01 5.111714e-07 3.241230e-01 
6.141911e-01 5.154313e-07 3.229300e-01 
6.133510e-01 5.138483e-07 3.249400e-01 
6.125454e-01 5.114683e-07 3.235390e-01 
6.127554e-01 5.113084e-07 3.222510e-01 
6.123932e-01 5.109346e-07 3.239400e-01 
6.123404e-01 5.112840e-07 3.296730e-01 
6.129814e-01 5.120387e-07 3.262320e-01 
6.134100e-01 5.104352e-07 3.317840e-01 
6.123053e-01 5.128924e-07 3.313550e-01 
6.119302e-01 5.104385e-07 3.220450e-01 
6.122288e-01 5.106981e-07 3.221290e-01 
6.126214e-01 5.110746e-07 3.322980e-01 
6.116765e-01 5.069875e-07 3.229390e-01 
6.125574e-01 5.105426e-07 3.341580e-01 
6.124895e-01 5.108455e-07 3.324240e-01 
6.137805e-01 5.125923e-07 3.229400e-01 
6.134402e-01 5.123311e-07 3.228640e-01 
6.141712e-01 5.132387e-07 3.228760e-01 
6.125839e-01 5.125053e-07 3.206940e-01 
6.122557e-01 5.111365e-07 3.231510e-01 
6.128340e-01 5.120258e-07 3.286580e-01 
6.135384e-01 5.149687e-07 3.255490e-01 
6.130356e-01 5.127321e-07 3.294480e-01 
6.121700e-01 5.082077e-07 3.399030e-01 
6.133340e-01 5.161683e-07 3.274880e-01 
6.125539e-01 5.127797e-07 3.231870e-01 
6.120204e-01 5.123144e-07 3.271960e-01 
6.124971e-01 5.092177e-07 3.216020e-01 
6.138966e-01 5.155666e-07 3.242750e-01 
6.122092e-01 5.105741e-07 3.926400e-01 
6.119145e-01 5.109339e-07 3.241950e-01 
6.123014e-01 5.111414e-07 3.205290e-01 
6.119093e-01 5.114058e-07 3.279750e-01 
6.116081e-01 5.081891e-07 3.200520e-01 
6.122514e-01 5.108882e-07 3.235100e-01 
6.133218e-01 5.118394e-07 3.222100e-01 
6.119666e-01 5.113330e-07 3.218500e-01 
6.130178e-01 5.144516e-07 3.292160e-01 
6.121582e-01 5.095121e-07 3.322740e-01 
6.129438e-01 5.155146e-07 3.213140e-01 
6.122102e-01 5.113446e-07 3.233380e-01 
6.122709e-01 5.096025e-07 3.303450e-01 
6.119005e-01 5.105776e-07 3.198030e-01 
6.114644e-01 5.071985e-07 3.202190e-01 
6.126966e-01 5.117691e-07 3.360020e-01 
6.122592e-01 5.093435e-07 3.236450e-01 
6.127225e-01 5.115210e-07 3.199620e-01 
6.129930e-01 5.114999e-07 3.249150e-01 
6.125376e-01 5.144596e-07 3.264120e-01 
6.123354e-01 5.103258e-07 3.212860e-01 
6.129535e-01 5.128107e-07 3.245230e-01 
6.134231e-01 5.162809e-07 3.241410e-01 
6.130524e-01 5.114454e-07 3.204950e-01 
6.128088e-01 5.129584e-07 3.425450e-01 
6.126682e-01 5.080258e-07 3.253400e-01 
6.125128e-01 5.094730e-07 3.225120e-01 
6.121469e-01 5.138093e-07 3.247400e-01 
6.108338e-01 5.075829e-07 3.235240e-01 
6.115442e-01 5.084861e-07 3.207230e-01 
6.122785e-01 5.113492e-07 3.420800e-01 
6.142681e-01 5.157050e-07 3.215140e-01 
6.131010e-01 5.173979e-07 3.257680e-01 
6.125570e-01 5.121814e-07 3.209760e-01 
6.127491e-01 5.089643e-07 3.299220e-01 
6.125838e-01 5.112928e-07 3.269830e-01 
6.115733e-01 5.069378e-07 3.213890e-01 
6.127730e-01 5.108025e-07 3.306430e-01 
6.154706e-01 5.187474e-07 3.216850e-01 
6.136012e-01 5.156776e-07 3.338320e-01 
6.123713e-01 5.109206e-07 3.262930e-01 
6.129214e-01 5.142007e-07 3.275290e-01 
6.131291e-01 5.124997e-07 3.213400e-01 
6.125857e-01 5.108126e-07 3.317400e-01 
6.123891e-01 5.110592e-07 3.228250e-01 
6.126178e-01 5.119206e-07 3.325740e-01 
6.127951e-01 5.111608e-07 3.286710e-01 
6.135105e-01 5.112949e-07 3.244240e-01 
6.144173e-01 5.164005e-07 3.242720e-01 
6.121937e-01 5.077261e-07 3.317980e-01 
6.133623e-01 5.166229e-07 3.222230e-01 
6.130881e-01 5.124191e-07 3.219710e-01 
6.140645e-01 5.145729e-07 3.239940e-01 
6.123568e-01 5.104428e-07 3.224620e-01 
6.121062e-01 5.095020e-07 3.266230e-01 
6.116734e-01 5.064278e-07 3.335520e-01 
6.124159e-01 5.095182e-07 3.251430e-01 
6.130412e-01 5.115047e-07 3.222810e-01 
6.136496e-01 5.104797e-07 3.305900e-01 
6.132936e-01 5.106190e-07 3.232160e-01 
6.144978e-01 5.141529e-07 3.225680e-01 
6.139928e-01 5.147090e-07 3.348790e-01 
6.127913e-01 5.120471e-07 3.278720e-01 
6.132729e-01 5.130628e-07 3.249930e-01 
6.129259e-01 5.134733e-07 3.249740e-01 
6.133023e-01 5.145980e-07 3.224120e-01 
6.125762e-01 5.089296e-07 3.280310e-01 
6.141278e-01 5.163005e-07 3.328380e-01 
6.117546e-01 5.110693e-07 3.236140e-01 
6.134605e-01 5.157156e-07 3.209190e-01 
6.128212e-01 5.144332e-07 3.424370e-01 
6.130344e-01 5.126182e-07 3.242580e-01 
6.115782e-01 5.075871e-07 3.221710e-01 
6.117428e-01 5.117473e-07 3.314500e-01 
6.128434e-01 5.155252e-07 3.234800e-01 
6.130660e-01 5.087031e-07 3.223080e-01 
6.132566e-01 5.111171e-07 3.358880e-01 
6.126255e-01 5.109332e-07 3.243110e-01 
6.129036e-01 5.105805e-07 3.213430e-01 
6.128386e-01 5.115284e-07 3.344140e-01 
6.134161e-01 5.159501e-07 3.244500e-01 
6.126252e-01 5.105133e-07 3.281600e-01 
6.133152e-01 5.141944e-07 3.401610e-01 
6.124172e-01 5.141778e-07 3.213610e-01 
6.130026e-01 5.115835e-07 3.235220e-01 
6.129833e-01 5.157337e-07 3.411150e-01 
6.133781e-01 5.135813e-07 3.231200e-01 
6.132985e-01 5.110299e-07 3.274560e-01 
6.127799e-01 5.136099e-07 3.236260e-01 
6.123543e-01 5.104528e-07 3.309170e-01 
6.127374e-01 5.133966e-07 3.249080e-01 
6.125290e-01 5.074185e-07 3.322810e-01 
6.124476e-01 5.135935e-07 3.255080e-01 
6.122859e-01 5.139627e-07 3.231760e-01 
6.132466e-01 5.155675e-07 3.245970e-01 
6.126516e-01 5.092707e-07 3.283250e-01 
6.116788e-01 5.096818e-07 3.215310e-01 
6.115088e-01 5.093693e-07 3.231280e-01 
6.120154e-01 5.079231e-07 3.281980e-01 
6.118635e-01 5.078501e-07 3.298850e-01 
6.135427e-01 5.126239e-07 3.331190e-01 
6.129136e-01 5.103732e-07 3.293280e-01 
6.123775e-01 5.100948e-07 3.227940e-01 
6.123172e-01 5.106533e-07 3.267420e-01 
6.113394e-01 5.077455e-07 3.300320e-01 
6.117244e-01 5.098873e-07 3.285190e-01 
6.123456e-01 5.099584e-07 3.334140e-01 
6.111405e-01 5.071783e-07 3.297550e-01 
6.117628e-01 5.091600e-07 3.230730e-01 
6.126168e-01 5.123810e-07 3.225990e-01 
6.117429e-01 5.080667e-07 3.249410e-01 
6.112177e-01 5.099622e-07 3.225490e-01 
6.135322e-01 5.181033e-07 3.205900e-01 
6.123461e-01 5.123046e-07 3.276720e-01 
6.115825e-01 5.080366e-07 3.255330e-01 
6.130162e-01 5.114332e-07 3.373420e-01 
6.129818e-01 5.133855e-07 3.369700e-01 
6.123951e-01 5.148603e-07 3.220100e-01 
6.139387e-01 5.122703e-07 3.239900e-01 
6.116920e-01 5.109955e-07 3.281950e-01 
6.138354e-01 5.178899e-07 3.212850e-01 
6.128684e-01 5.123153e-07 3.231910e-01 
6.125634e-01 5.070693e-07 3.471960e-01 
6.110113e-01 5.061980e-07 3.241210e-01 
6.113225e-01 5.117044e-07 3.278580e-01 
6.115412e-01 5.095938e-07 3.342210e-01 
6.132509e-01 5.128344e-07 3.263150e-01 
6.129752e-01 5.116431e-07 3.221880e-01 
6.132657e-01 5.126229e-07 3.292080e-01 
6.130895e-01 5.129328e-07 3.223070e-01 
6.128838e-01 5.142407e-07 3.205390e-01 
6.122159e-01 5.116133e-07 3.390280e-01 
6.129542e-01 5.098748e-07 3.294580e-01 
6.123605e-01 5.085816e-07 3.287750e-01 
6.125001e-01 5.118630e-07 3.299620e-01 
6.133053e-01 5.100547e-07 3.217860e-01 
6.123682e-01 5.119427e-07 3.243660e-01 
6.133950e-01 5.112051e-07 3.514950e-01 
6.128199e-01 5.123070e-07 3.301050e-01 
6.110631e-01 5.054659e-07 3.207940e-01 
6.142348e-01 5.134653e-07 3.263410e-01 
6.132317e-01 5.115335e-07 3.210860e-01 
6.131583e-01 5.138530e-07 3.313500e-01 
6.118697e-01 5.057588e-07 3.307850e-01 
6.136316e-01 5.150940e-07 3.243000e-01 
6.114042e-01 5.076442e-07 3.293480e-01 
6.134174e-01 5.110211e-07 3.468010e-01 
6.109670e-01 5.022306e-07 3.225030e-01 
6.123583e-01 5.118020e-07 3.292570e-01 
6.137554e-01 5.146524e-07 3.329780e-01 
6.134687e-01 5.129005e-07 3.219120e-01 
6.133389e-01 5.117059e-07 3.301770e-01 
6.125668e-01 5.109248e-07 3.474160e-01 
6.128372e-01 5.112309e-07 3.237660e-01 
6.131516e-01 5.087765e-07 3.278000e-01 
6.133394e-01 5.145952e-07 3.238670e-01 
6.129670e-01 5.080547e-07 3.250210e-01 
6.124685e-01 5.103103e-07 3.240070e-01 
6.131463e-01 5.135893e-07 3.228690e-01 
6.122695e-01 5.079074e-07 3.265410e-01 
6.130552e-01 5.124953e-07 3.294510e-01 
6.135708e-01 5.139830e-07 3.332060e-01 
6.115304e-01 5.086798e-07 3.318270e-01 
6.123044e-01 5.121385e-07 3.289710e-01 
6.123435e-01 5.148890e-07 3.242270e-01 
6.131936e-01 5.164019e-07 3.307660e-01 
6.124182e-01 5.069096e-07 3.229900e-01 
6.127960e-01 5.091260e-07 3.302140e-01 
6.127427e-01 5.101662e-07 3.317860e-01 
6.118254e-01 5.094912e-07 3.315350e-01 
6.133440e-01 5.135931e-07 3.269540e-01 
6.124070e-01 5.085400e-07 3.350250e-01 
6.133256e-01 5.131894e-07 3.277860e-01 
6.125103e-01 5.100283e-07 3.285360e-01 
6.133419e-01 5.120444e-07 3.325170e-01 
6.124815e-01 5.091866e-07 3.286240e-01 
6.124814e-01 5.068476e-07 3.669570e-01 
6.122868e-01 5.141503e-07 3.773680e-01 
6.126548e-01 5.120091e-07 3.251450e-01 
6.128399e-01 5.121621e-07 3.255570e-01 
6.126834e-01 5.099732e-07 3.214300e-01 
6.128093e-01 5.134414e-07 3.240850e-01 
6.130176e-01 5.137097e-07 3.380940e-01 
6.120607e-01 5.108284e-07 3.294260e-01 
6.126164e-01 5.125037e-07 3.279820e-01 
6.106727e-01 5.089281e-07 3.204910e-01 
6.134993e-01 5.149313e-07 3.227660e-01 
6.122685e-01 5.099699e-07 3.241900e-01 
6.116834e-01 5.107323e-07 3.219810e-01 
6.131659e-01 5.129991e-07 3.257320e-01 
6.127009e-01 5.134064e-07 3.227330e-01 
6.130419e-01 5.095531e-07 3.278510e-01 
6.116796e-01 5.096452e-07 3.370680e-01 
6.135678e-01 5.120229e-07 3.257250e-01 
6.127736e-01 5.105311e-07 3.233820e-01 
6.124598e-01 5.099495e-07 3.274370e-01 
6.129693e-01 5.126182e-07 3.192530e-01 
6.123965e-01 5.103944e-07 3.221610e-01 
6.131280e-01 5.127834e-07 3.259270e-01 
6.119586e-01 5.099264e-07 3.241180e-01 
6.144259e-01 5.158843e-07 3.223980e-01 
6.123790e-01 5.117115e-07 3.239410e-01 
6.126694e-01 5.123018e-07 3.872430e-01 
6.141065e-01 5.129710e-07 3.259810e-01 
6.124447e-01 5.111999e-07 3.785440e-01 
6.119812e-01 5.104465e-07 3.280910e-01 
6.134599e-01 5.128972e-07 3.808080e-01 
6.125326e-01 5.099031e-07 3.301080e-01 
6.121147e-01 5.098638e-07 3.370200e-01 
6.117391e-01 5.098895e-07 3.340160e-01 
6.126258e-01 5.126005e-07 3.239210e-01 
6.117359e-01 5.095946e-07 3.250160e-01 
6.131837e-01 5.144530e-07 3.307450e-01 
6.112114e-01 5.078208e-07 3.320760e-01 
6.123855e-01 5.092726e-07 3.239650e-01 
6.131407e-01 5.110938e-07 3.248100e-01 
6.118132e-01 5.090671e-07 3.287750e-01 
6.115069e-01 5.106062e-07 3.293900e-01 
6.131322e-01 5.171636e-07 3.228970e-01 
6.135261e-01 5.147072e-07 3.502350e-01 
6.121437e-01 5.093879e-07 3.242020e-01 
6.131577e-01 5.147135e-07 3.344180e-01 
6.123432e-01 5.092285e-07 3.294110e-01 
6.132626e-01 5.122546e-07 3.250410e-01 
6.109407e-01 5.077578e-07 3.270310e-01 
6.117389e-01 5.070179e-07 3.255240e-01 
6.108905e-01 5.061635e-07 3.240190e-01 
6.126434e-01 5.117310e-07 3.296550e-01 
6.127421e-01 5.136019e-07 3.301890e-01 
6.126533e-01 5.134777e-07 3.232190e-01 
6.120083e-01 5.103904e-07 3.256030e-01 
6.126529e-01 5.107776e-07 3.329760e-01 
6.118542e-01 5.071623e-07 3.256070e-01 
6.139447e-01 5.144135e-07 3.227480e-01 
6.125842e-01 5.089343e-07 3.265250e-01 
6.119754e-01 5.089744e-07 3.224980e-01 
6.125128e-01 5.118013e-07 3.385650e-01 
6.116511e-01 5.054555e-07 3.355440e-01 
6.127731e-01 5.114172e-07 3.266180e-01 
6.105338e-01 5.071066e-07 3.292800e-01 
6.119976e-01 5.077427e-07 3.287960e-01 
6.129976e-01 5.109294e-07 3.255720e-01 
6.128817e-01 5.112563e-07 3.311310e-01 
6.111212e-01 5.083183e-07 3.274300e-01 
6.136651e-01 5.145965e-07 3.256890e-01 
6.115967e-01 5.087032e-07 3.252390e-01 
6.144975e-01 5.158843e-07 3.352960e-01 
6.122221e-01 5.107068e-07 3.247200e-01 
6.131321e-01 5.115041e-07 3.252810e-01 
6.118480e-01 5.102488e-07 3.267370e-01 
6.115147e-01 5.087869e-07 3.268860e-01 
6.120332e-01 5.098318e-07 3.240640e-01 
6.114521e-01 5.081390e-07 3.353070e-01 
6.123976e-01 5.092920e-07 3.222360e-01 
6.140482e-01 5.172307e-07 3.261410e-01 
6.125242e-01 5.116327e-07 3.221730e-01 
6.121654e-01 5.096582e-07 3.250100e-01 
6.134387e-01 5.170931e-07 3.241160e-01 
6.123481e-01 5.107122e-07 3.593930e-01 
6.133740e-01 5.138940e-07 3.237650e-01 
6.114207e-01 5.089590e-07 3.210320e-01 
6.117729e-01 5.075229e-07 3.251330e-01 
6.134431e-01 5.134472e-07 3.234950e-01 
6.130976e-01 5.143320e-07 3.214380e-01 
6.131307e-01 5.133535e-07 3.303910e-01 
6.125059e-01 5.093950e-07 3.239080e-01 
6.129571e-01 5.129446e-07 3.203320e-01 
6.134232e-01 5.142570e-07 3.384310e-01 
6.131429e-01 5.146059e-07 3.258930e-01 
6.134497e-01 5.104886e-07 3.207690e-01 
6.127027e-01 5.139932e-07 3.322870e-01 
6.124456e-01 5.142230e-07 3.251080e-01 
6.119483e-01 5.114980e-07 3.235470e-01 
6.128436e-01 5.121111e-07 3.364450e-01 
6.115172e-01 5.091789e-07 3.260330e-01 
6.118830e-01 5.067550e-07 3.242100e-01 
6.123691e-01 5.077560e-07 3.216860e-01 
6.126714e-01 5.099163e-07 3.218780e-01 
6.122323e-01 5.103215e-07 3.232430e-01 
6.118632e-01 5.078253e-07 3.211890e-01 
6.120792e-01 5.108417e-07 3.263160e-01 
6.115982e-01 5.097939e-07 3.265670e-01 
6.124506e-01 5.104917e-07 3.349110e-01 
6.136736e-01 5.155694e-07 3.869470e-01 
6.115975e-01 5.086945e-07 3.246140e-01 
6.135346e-01 5.138536e-07 3.900130e-01 
6.127463e-01 5.139698e-07 3.218720e-01 
6.125143e-01 5.130356e-07 3.577900e-01 
6.142807e-01 5.136962e-07 3.579250e-01 
6.133151e-01 5.129442e-07 3.272210e-01 
6.116622e-01 5.103979e-07 3.220800e-01 
6.125500e-01 5.066817e-07 3.262580e-01 
6.135886e-01 5.129858e-07 3.247110e-01 
6.132318e-01 5.145345e-07 3.210140e-01 
6.127075e-01 5.109480e-07 3.318800e-01 
6.132798e-01 5.111361e-07 3.204020e-01 
6.115021e-01 5.086003e-07 3.227750e-01 
6.124169e-01 5.098834e-07 3.427170e-01 
6.129060e-01 5.110608e-07 3.261310e-01 
6.137338e-01 5.151595e-07 3.271650e-01 
6.123092e-01 5.115863e-07 3.350260e-01 
6.118653e-01 5.086004e-07 3.226630e-01 
6.130022e-01 5.136523e-07 3.226190e-01 
6.130661e-01 5.107272e-07 3.395310e-01 
6.134590e-01 5.144241e-07 3.264910e-01 
6.138817e-01 5.162067e-07 3.241580e-01 
6.141948e-01 5.158665e-07 3.261840e-01 
6.120883e-01 5.115120e-07 3.233920e-01 
6.125926e-01 5.091142e-07 3.241920e-01 
6.126486e-01 5.129523e-07 3.208520e-01 
6.124662e-01 5.116368e-07 3.287030e-01 
6.122618e-01 5.111620e-07 3.228690e-01 
6.121811e-01 5.099484e-07 3.308540e-01 
6.125365e-01 5.118217e-07 3.298710e-01 
6.131232e-01 5.150033e-07 3.236160e-01 
6.122096e-01 5.094120e-07 3.221330e-01 
6.107292e-01 5.069763e-07 3.278000e-01 
6.135994e-01 5.141055e-07 3.224040e-01 
6.123700e-01 5.113813e-07 3.286740e-01 
6.138057e-01 5.122890e-07 3.307490e-01 
6.139286e-01 5.142638e-07 3.295230e-01 
6.124788e-01 5.088657e-07 3.213640e-01 
6.127085e-01 5.095091e-07 3.299300e-01 
6.127384e-01 5.114493e-07 3.236870e-01 
6.121357e-01 5.100814e-07 3.524830e-01 
6.127211e-01 5.117565e-07 3.248600e-01 
6.127410e-01 5.076577e-07 3.243000e-01 
6.113787e-01 5.065688e-07 3.327380e-01 
6.129850e-01 5.106524e-07 3.346150e-01 
6.133057e-01 5.090729e-07 3.240370e-01 
6.124705e-01 5.097138e-07 3.217760e-01 
6.116621e-01 5.099524e-07 3.254130e-01 
6.126971e-01 5.140078e-07 3.227750e-01 
6.114613e-01 5.045214e-07 3.257740e-01 
6.122801e-01 5.094578e-07 3.331120e-01 
6.131548e-01 5.087997e-07 3.238930e-01 
6.127692e-01 5.079670e-07 3.218670e-01 
6.131833e-01 5.114806e-07 3.277780e-01 
6.129992e-01 5.139786e-07 3.252200e-01 
6.114147e-01 5.080267e-07 3.347750e-01 
6.123591e-01 5.075322e-07 3.271520e-01 
6.125896e-01 5.136615e-07 3.248360e-01 
6.138275e-01 5.166385e-07 3.238720e-01 
6.122516e-01 5.084875e-07 3.354490e-01 
6.133658e-01 5.126834e-07 3.222540e-01 
6.122369e-01 5.079996e-07 3.238660e-01 
6.116262e-01 5.082833e-07 3.318440e-01 
6.125993e-01 5.121259e-07 3.227280e-01 
6.126429e-01 5.098753e-07 3.198400e-01 
6.121300e-01 5.106376e-07 3.378720e-01 
6.123590e-01 5.072443e-07 3.258890e-01 
6.116949e-01 5.101033e-07 3.195250e-01 
6.125603e-01 5.136563e-07 3.224340e-01 
6.121149e-01 5.116040e-07 3.193420e-01 
6.139634e-01 5.177428e-07 3.236130e-01 
6.128830e-01 5.114685e-07 3.262030e-01 
6.124725e-01 5.106155e-07 3.221500e-01 
6.122249e-01 5.108117e-07 3.296460e-01 
6.125751e-01 5.071938e-07 3.290760e-01 
6.137654e-01 5.137716e-07 3.219480e-01 
6.117145e-01 5.076735e-07 3.261450e-01 
6.133019e-01 5.127909e-07 3.262370e-01 
6.118359e-01 5.086785e-07 3.246810e-01 
6.114900e-01 5.114599e-07 3.237910e-01 
6.116140e-01 5.088145e-07 3.372160e-01 
6.132704e-01 5.132846e-07 3.264150e-01 
6.126406e-01 5.099665e-07 3.239930e-01 
6.132060e-01 5.115748e-07 3.224510e-01 
6.123011e-01 5.061837e-07 3.297140e-01 
6.131608e-01 5.116254e-07 3.220860e-01 
6.126171e-01 5.126348e-07 3.233080e-01 
6.118304e-01 5.076689e-07 3.277220e-01 
6.133206e-01 5.119133e-07 3.252420e-01 
6.132574e-01 5.102570e-07 3.279120e-01 
6.126108e-01 5.069719e-07 3.304040e-01 
6.132574e-01 5.134724e-07 3.246780e-01 
6.121145e-01 5.068398e-07 3.219140e-01 
6.143726e-01 5.123530e-07 3.230880e-01 
6.136661e-01 5.145829e-07 3.217970e-01 
6.124120e-01 5.091973e-07 3.308900e-01 
6.123601e-01 5.125923e-07 3.311600e-01 
6.121363e-01 5.112531e-07 3.222420e-01 
6.117736e-01 5.082020e-07 3.216610e-01 
6.127334e-01 5.111029e-07 3.285260e-01 
6.132957e-01 5.129399e-07 3.261570e-01 
6.132502e-01 5.123311e-07 3.209070e-01 
6.135220e-01 5.149221e-07 3.290230e-01 
6.118442e-01 5.118559e-07 3.259960e-01 
6.115479e-01 5.066057e-07 3.232180e-01 
6.121695e-01 5.093740e-07 3.348600e-01 
6.141767e-01 5.132181e-07 3.222720e-01 
6.137912e-01 5.140045e-07 3.210010e-01 
6.128415e-01 5.108671e-07 3.365410e-01 
6.131621e-01 5.129973e-07 3.287130e-01 
6.132094e-01 5.112594e-07 3.207250e-01 
6.126418e-01 5.126576e-07 3.382620e-01 
6.144502e-01 5.172588e-07 3.248620e-01 
6.130183e-01 5.111290e-07 3.225080e-01 
6.110995e-01 5.069110e-07 3.272740e-01 
6.127936e-01 5.125775e-07 3.253480e-01 
6.124263e-01 5.114167e-07 3.239450e-01 
6.131179e-01 5.137137e-07 3.322560e-01 
6.122424e-01 5.105063e-07 3.230250e-01 
6.124442e-01 5.117672e-07 3.210520e-01 
6.125364e-01 5.109224e-07 4.053750e-01 
6.124910e-01 5.127382e-07 3.233330e-01 
6.145469e-01 5.198810e-07 3.219810e-01 
6.139998e-01 5.138464e-07 3.263340e-01 
6.132457e-01 5.135546e-07 3.220850e-01 
6.124342e-01 5.139733e-07 3.246860e-01 
6.117188e-01 5.093828e-07 3.400930e-01 
6.133068e-01 5.151875e-07 3.248370e-01 
6.122857e-01 5.093926e-07 3.203350e-01 
6.125710e-01 5.121375e-07 3.255480e-01 
6.127168e-01 5.090960e-07 3.213250e-01 
6.125821e-01 5.131586e-07 3.249590e-01 
6.131818e-01 5.132387e-07 3.286750e-01 
6.126964e-01 5.125864e-07 3.233160e-01 
6.122635e-01 5.105874e-07 3.254150e-01 
6.118437e-01 5.117585e-07 3.517370e-01 
6.122010e-01 5.110151e-07 3.215120e-01 
6.129551e-01 5.121518e-07 3.277050e-01 
6.122825e-01 5.110489e-07 3.367000e-01 
6.142269e-01 5.128084e-07 3.241980e-01 
6.129560e-01 5.150738e-07 3.222920e-01 
6.134683e-01 5.146968e-07 3.316970e-01 
6.124091e-01 5.078097e-07 3.268280e-01 
6.142832e-01 5.149514e-07 3.216500e-01 
6.128533e-01 5.125023e-07 3.225110e-01 
6.135652e-01 5.138869e-07 3.292510e-01 
6.115856e-01 5.080320e-07 3.233180e-01 
6.130238e-01 5.115634e-07 3.244140e-01 
6.135543e-01 5.136936e-07 3.256490e-01 
6.119443e-01 5.106538e-07 3.231170e-01 
6.124777e-01 5.118404e-07 3.244080e-01 
6.127794e-01 5.102211e-07 3.302050e-01 
6.113850e-01 5.087192e-07 3.214190e-01 
6.120740e-01 5.098543e-07 3.245570e-01 
6.124773e-01 5.104817e-07 3.251820e-01 
6.118168e-01 5.114683e-07 3.227840e-01 
6.139959e-01 5.184679e-07 3.258440e-01 
6.128366e-01 5.105111e-07 3.243370e-01 
6.123408e-01 5.114733e-07 3.228090e-01 
6.135526e-01 5.154886e-07 3.210700e-01 
6.128003e-01 5.118506e-07 3.334590e-01 
6.130095e-01 5.115780e-07 3.256090e-01 
6.124946e-01 5.113834e-07 3.205220e-01 
6.133722e-01 5.147464e-07 3.335440e-01 
6.110478e-01 5.061016e-07 3.253880e-01 
6.123447e-01 5.078919e-07 3.249800e-01 
6.118153e-01 5.041379e-07 3.465620e-01 
6.134368e-01 5.129582e-07 3.275760e-01 
6.122626e-01 5.105746e-07 3.208010e-01 
6.147071e-01 5.135825e-07 3.237630e-01 
6.126830e-01 5.100358e-07 3.218030e-01 
6.116632e-01 5.088520e-07 3.235410e-01 
6.127586e-01 5.159903e-07 3.375210e-01 
6.132462e-01 5.138814e-07 3.248080e-01 
6.113982e-01 5.089956e-07 3.195890e-01 
6.117046e-01 5.090027e-07 3.339820e-01 
6.123315e-01 5.105844e-07 3.246470e-01 
6.121460e-01 5.108118e-07 3.195290e-01 
6.133255e-01 5.134440e-07 3.240560e-01 
6.127537e-01 5.118795e-07 3.209360e-01 
6.114797e-01 5.091326e-07 3.236650e-01 
6.131439e-01 5.094696e-07 3.364560e-01 
6.120626e-01 5.081739e-07 3.233120e-01 
6.146007e-01 5.165437e-07 3.235830e-01 
6.116191e-01 5.061133e-07 3.238590e-01 
6.135949e-01 5.186710e-07 3.223850e-01 
6.128674e-01 5.117207e-07 3.239100e-01 
6.119370e-01 5.067026e-07 3.349750e-01 
6.116922e-01 5.107969e-07 3.269980e-01 
6.121873e-01 5.095830e-07 3.234470e-01 
6.134130e-01 5.136422e-07 3.242620e-01 
6.132187e-01 5.144741e-07 3.588950e-01 
6.134154e-01 5.151400e-07 3.234430e-01 
6.140346e-01 5.132400e-07 3.209300e-01 
6.127246e-01 5.087063e-07 3.250830e-01 
6.129239e-01 5.112911e-07 3.241260e-01 
6.136979e-01 5.141294e-07 3.403200e-01 
6.134124e-01 5.083623e-07 3.259570e-01 
6.122496e-01 5.078702e-07 3.241500e-01 
6.121671e-01 5.094495e-07 3.245350e-01 
6.123677e-01 5.098767e-07 3.348500e-01 
6.130363e-01 5.090924e-07 3.253290e-01 
6.132713e-01 5.135788e-07 3.491520e-01 
6.133588e-01 5.102245e-07 3.463800e-01 
6.129703e-01 5.119160e-07 3.248640e-01 
6.123133e-01 5.119227e-07 3.234950e-01 
6.122354e-01 5.133681e-07 3.261560e-01 
6.129905e-01 5.123032e-07 3.221330e-01 
6.126068e-01 5.117008e-07 3.231300e-01 
6.126809e-01 5.103797e-07 3.253760e-01 
6.133748e-01 5.155576e-07 3.230890e-01 
6.124033e-01 5.081867e-07 3.321540e-01 
6.121969e-01 5.106609e-07 3.328030e-01 
6.132638e-01 5.126034e-07 3.209520e-01 
6.132958e-01 5.124989e-07 3.269780e-01 
6.131464e-01 5.107752e-07 3.214550e-01 
6.121907e-01 5.086799e-07 3.213540e-01 
6.130403e-01 5.115618e-07 3.232690e-01 
6.126069e-01 5.054313e-07 3.316510e-01 
6.130873e-01 5.107454e-07 3.226650e-01 
6.119939e-01 5.097166e-07 3.230850e-01 
6.123739e-01 5.100094e-07 3.268680e-01 
6.135171e-01 5.114789e-07 3.226380e-01 
6.126394e-01 5.105913e-07 3.225720e-01 
6.119750e-01 5.091283e-07 3.315820e-01 
6.130116e-01 5.117781e-07 3.261520e-01 
6.129708e-01 5.124498e-07 3.261230e-01 
6.127741e-01 5.107187e-07 3.361080e-01 
6.129678e-01 5.129120e-07 3.245960e-01 
6.137253e-01 5.156434e-07 3.229250e-01 
6.113049e-01 5.084790e-07 3.298400e-01 
6.123222e-01 5.096983e-07 3.234800e-01 
6.121136e-01 5.086350e-07 3.228100e-01 
6.130548e-01 5.104046e-07 3.439580e-01 
6.131055e-01 5.116711e-07 3.219770e-01 
6.135943e-01 5.121660e-07 3.204120e-01 
6.136598e-01 5.137412e-07 3.301020e-01 
6.118505e-01 5.081184e-07 3.240950e-01 
6.132262e-01 5.122014e-07 3.229030e-01 
6.121187e-01 5.097354e-07 3.262800e-01 
6.141348e-01 5.152853e-07 3.222250e-01 
6.119250e-01 5.063374e-07 3.251080e-01 
6.132035e-01 5.130365e-07 3.372630e-01 
6.129422e-01 5.131196e-07 3.253560e-01 
6.122735e-01 5.076108e-07 3.237210e-01 
6.128050e-01 5.123196e-07 3.243210e-01 
6.119139e-01 5.085750e-07 3.237770e-01 
6.143541e-01 5.117737e-07 3.248830e-01 
6.126606e-01 5.101841e-07 3.359390e-01 
6.138812e-01 5.161871e-07 3.295920e-01 
6.120792e-01 5.097630e-07 3.258530e-01 
6.126870e-01 5.140072e-07 3.216850e-01 
6.131324e-01 5.091075e-07 3.267330e-01 
6.138803e-01 5.124972e-07 3.232430e-01 
6.128905e-01 5.115089e-07 3.257110e-01 
6.128778e-01 5.103612e-07 3.260010e-01 
6.121890e-01 5.099099e-07 3.265360e-01 
6.144238e-01 5.195720e-07 3.468830e-01 
6.132203e-01 5.133381e-07 3.302630e-01 
6.122497e-01 5.128370e-07 3.231150e-01 
6.130446e-01 5.081984e-07 3.223700e-01 
6.132614e-01 5.109667e-07 3.307490e-01 
6.122232e-01 5.093631e-07 3.270590e-01 
6.125301e-01 5.141296e-07 3.321470e-01 
6.120315e-01 5.127915e-07 3.299230e-01 
6.129905e-01 5.120709e-07 3.312190e-01 
6.126204e-01 5.114430e-07 3.299240e-01 
6.125197e-01 5.097725e-07 3.270950e-01 
6.134560e-01 5.151001e-07 3.241280e-01 
6.129627e-01 5.125893e-07 3.213040e-01 
6.132227e-01 5.137528e-07 3.245970e-01 
6.132315e-01 5.114220e-07 3.235890e-01 
6.129020e-01 5.099510e-07 3.348840e-01 
6.124666e-01 5.100575e-07 3.314030e-01 
6.133035e-01 5.130575e-07 3.365720e-01 
6.138804e-01 5.141020e-07 3.277010e-01 
6.137858e-01 5.156719e-07 3.231220e-01 
6.125611e-01 5.109991e-07 3.231400e-01 
6.134096e-01 5.103490e-07 3.289880e-01 
6.135217e-01 5.137199e-07 3.332020e-01 
6.131307e-01 5.144492e-07 3.211130e-01 
6.144043e-01 5.149898e-07 3.230610e-01 
6.125542e-01 5.080936e-07 3.275900e-01 
6.129567e-01 5.104352e-07 3.230240e-01 
6.124122e-01 5.100492e-07 3.263110e-01 
6.130641e-01 5.134944e-07 3.262720e-01 
6.126573e-01 5.079473e-07 3.237730e-01 
6.123910e-01 5.114823e-07 3.218180e-01 
6.126864e-01 5.121996e-07 3.357400e-01 
6.110230e-01 5.068336e-07 3.302120e-01 
6.128673e-01 5.099762e-07 3.329210e-01 
6.128904e-01 5.137290e-07 3.344580e-01 
6.126919e-01 5.127244e-07 3.288780e-01 
6.124824e-01 5.095506e-07 3.225040e-01 
6.136612e-01 5.173465e-07 3.404820e-01 
6.130001e-01 5.103427e-07 3.249800e-01 
6.127573e-01 5.112744e-07 3.402940e-01 
6.139200e-01 5.146147e-07 3.299820e-01 
6.123252e-01 5.075781e-07 3.209850e-01 
6.129736e-01 5.143958e-07 3.246260e-01 
6.123213e-01 5.077625e-07 3.268170e-01 
6.119007e-01 5.109707e-07 3.272670e-01 
6.123190e-01 5.105311e-07 3.247930e-01 
6.125061e-01 5.104264e-07 3.726450e-01 
6.138326e-01 5.136238e-07 3.249330e-01 
6.130535e-01 5.119120e-07 3.289970e-01 
6.122489e-01 5.071132e-07 3.339510e-01 
6.140849e-01 5.166673e-07 3.237560e-01 
6.132901e-01 5.084733e-07 3.258350e-01 
6.117747e-01 5.082643e-07 3.438070e-01 
6.136249e-01 5.130102e-07 3.420360e-01 
6.136653e-01 5.142267e-07 3.230680e-01 
6.125910e-01 5.104061e-07 3.437730e-01 
6.128660e-01 5.121092e-07 3.256930e-01 
6.126320e-01 5.108554e-07 3.276350e-01 
6.135403e-01 5.151738e-07 3.281110e-01 
6.120939e-01 5.110794e-07 3.289810e-01 
6.135153e-01 5.148025e-07 3.294170e-01 
6.126972e-01 5.127679e-07 3.430790e-01 
6.114357e-01 5.102011e-07 3.352950e-01 
6.131037e-01 5.134749e-07 3.242830e-01 
6.132235e-01 5.129769e-07 3.340780e-01 
6.127459e-01 5.091387e-07 3.283500e-01 
6.129642e-01 5.117830e-07 3.239110e-01 
6.120915e-01 5.075714e-07 3.440880e-01 
6.120787e-01 5.090013e-07 3.250090e-01 
6.122276e-01 5.119582e-07 3.273640e-01 
6.128765e-01 5.117806e-07 3.495480e-01 
6.142865e-01 5.139674e-07 3.214160e-01 
6.137041e-01 5.156681e-07 3.219860e-01 
6.138664e-01 5.163006e-07 3.338060e-01 
6.140827e-01 5.140130e-07 3.232510e-01 
6.132277e-01 5.131582e-07 3.269010e-01 
6.130295e-01 5.092983e-07 3.471250e-01 
6.132939e-01 5.134043e-07 3.213630e-01 
6.108800e-01 5.096171e-07 3.241530e-01 
6.126910e-01 5.128431e-07 3.372660e-01 
6.136067e-01 5.135661e-07 3.281090e-01 
6.129453e-01 5.120419e-07 3.234020e-01 
6.131225e-01 5.129471e-07 3.393150e-01 
6.129172e-01 5.092866e-07 3.236150e-01 
6.117954e-01 5.117612e-07 3.255720e-01 
6.114225e-01 5.071474e-07 3.214200e-01 
6.112470e-01 5.079548e-07 3.296850e-01 
6.119180e-01 5.071926e-07 3.257760e-01 
6.120761e-01 5.105869e-07 3.273290e-01 
6.127821e-01 5.121504e-07 3.279210e-01 
6.127182e-01 5.115522e-07 3.271920e-01 
6.127291e-01 5.143997e-07 3.371710e-01 
6.140176e-01 5.147098e-07 3.361730e-01 
6.131084e-01 5.124757e-07 3.248500e-01 
6.119460e-01 5.111509e-07 3.273400e-01 
6.127056e-01 5.098307e-07 3.241840e-01 
6.112594e-01 5.085964e-07 3.222390e-01 
6.135066e-01 5.126542e-07 3.240050e-01 
6.127889e-01 5.078557e-07 3.291700e-01 
6.126562e-01 5.122315e-07 3.287900e-01 
6.111468e-01 5.074159e-07 3.262980e-01 
6.120069e-01 5.082394e-07 3.291960e-01 
6.133227e-01 5.135765e-07 3.302540e-01 
6.127241e-01 5.131623e-07 3.227370e-01 
6.121640e-01 5.109762e-07 3.267310e-01 
6.127939e-01 5.092542e-07 3.261020e-01 
6.125982e-01 5.092785e-07 3.256020e-01 
6.127563e-01 5.134634e-07 3.395800e-01 
6.118702e-01 5.071100e-07 3.296480e-01 
6.126969e-01 5.119671e-07 3.287300e-01 
6.118193e-01 5.084008e-07 3.256150e-01 
6.131465e-01 5.127328e-07 3.242680e-01 
6.117366e-01 5.089609e-07 3.284440e-01 
6.134817e-01 5.144466e-07 3.384490e-01 
6.129242e-01 5.128699e-07 3.263280e-01 
6.123728e-01 5.156367e-07 3.263160e-01 
6.123145e-01 5.113135e-07 3.262760e-01 
6.114382e-01 5.071721e-07 3.221610e-01 
6.127139e-01 5.113611e-07 3.261460e-01 
6.135965e-01 5.137528e-07 3.297280e-01 
6.120234e-01 5.108908e-07 3.260180e-01 
6.119822e-01 5.114359e-07 3.222730e-01 
6.110340e-01 5.069513e-07 3.497670e-01 
6.115047e-01 5.096382e-07 3.271540e-01 
6.111550e-01 5.076950e-07 3.269030e-01 
6.122283e-01 5.093261e-07 3.252990e-01 
6.123752e-01 5.094146e-07 3.297480e-01 
6.136530e-01 5.146456e-07 3.335770e-01 
6.119906e-01 5.103607e-07 3.377420e-01 
6.122033e-01 5.112970e-07 3.238550e-01 
6.122451e-01 5.108174e-07 3.304810e-01 
6.120984e-01 5.112353e-07 3.271490e-01 
6.134267e-01 5.150293e-07 3.297250e-01 
6.133288e-01 5.129200e-07 3.215360e-01 
6.132967e-01 5.129183e-07 3.311770e-01 
6.121048e-01 5.112992e-07 3.258900e-01 
6.122316e-01 5.073804e-07 3.270800e-01 
6.120739e-01 5.080906e-07 3.445130e-01 
6.122127e-01 5.114298e-07 3.312800e-01 
6.121636e-01 5.104526e-07 3.247140e-01 
6.119891e-01 5.092793e-07 3.286880e-01 
6.123852e-01 5.085644e-07 3.284180e-01 
6.123956e-01 5.119175e-07 3.239500e-01 
6.125453e-01 5.131488e-07 3.309760e-01 
6.116491e-01 5.075846e-07 3.270730e-01 
6.115502e-01 5.108540e-07 3.296670e-01 
6.116907e-01 5.083574e-07 3.251250e-01 
6.116473e-01 5.095276e-07 3.229600e-01 
6.129559e-01 5.123656e-07 3.364420e-01 
6.144758e-01 5.141798e-07 3.279690e-01 
6.121604e-01 5.086689e-07 3.278140e-01 
6.120358e-01 5.085151e-07 3.266170e-01 
6.121148e-01 5.129135e-07 3.493090e-01 
6.128782e-01 5.124564e-07 3.222930e-01 
6.105570e-01 5.049306e-07 3.238800e-01 
6.127040e-01 5.133618e-07 3.279010e-01 
6.130440e-01 5.117967e-07 3.336460e-01 
6.130679e-01 5.112961e-07 3.256550e-01 
6.121595e-01 5.118360e-07 3.818330e-01 
6.129751e-01 5.104026e-07 3.329260e-01 
6.134432e-01 5.125719e-07 3.253410e-01 
6.115927e-01 5.074846e-07 3.263140e-01 
6.129061e-01 5.120513e-07 3.222350e-01 
6.137467e-01 5.125723e-07 3.228620e-01 
6.116056e-01 5.104372e-07 3.421830e-01 
6.131259e-01 5.120118e-07 3.236510e-01 
6.125444e-01 5.112162e-07 3.225340e-01 
6.121638e-01 5.095308e-07 3.476950e-01 
6.123522e-01 5.096006e-07 3.276040e-01 
6.119253e-01 5.084469e-07 3.268390e-01 
6.138172e-01 5.132272e-07 3.233910e-01 
6.136933e-01 5.129101e-07 3.283140e-01 
6.130033e-01 5.102118e-07 3.250410e-01 
6.140961e-01 5.151267e-07 3.294100e-01 
6.118356e-01 5.092315e-07 3.291670e-01 
6.105724e-01 5.064182e-07 3.230520e-01 
6.119726e-01 5.102337e-07 3.243560e-01 
6.127966e-01 5.110916e-07 3.333720e-01 
6.123049e-01 5.117698e-07 3.220520e-01 
6.125664e-01 5.131520e-07 3.223860e-01 
6.134326e-01 5.152036e-07 3.314260e-01 
6.132155e-01 5.164892e-07 3.220060e-01 
6.138304e-01 5.123159e-07 3.515940e-01 
6.128007e-01 5.108493e-07 4.026260e-01 
6.125436e-01 5.080507e-07 3.292830e-01 
6.121839e-01 5.114796e-07 3.742190e-01 
6.131625e-01 5.125293e-07 3.394230e-01 
6.123110e-01 5.149482e-07 3.349580e-01 
6.125453e-01 5.104833e-07 3.826500e-01 
6.121095e-01 5.070552e-07 3.220060e-01 
6.120963e-01 5.100640e-07 3.220270e-01 
6.127871e-01 5.132641e-07 3.270030e-01 
6.115965e-01 5.105939e-07 3.257440e-01 
6.128670e-01 5.135873e-07 3.212390e-01 
6.119629e-01 5.095573e-07 3.256510e-01 
6.126178e-01 5.093562e-07 3.233370e-01 
6.132323e-01 5.154795e-07 3.215590e-01 
6.137235e-01 5.165823e-07 3.506230e-01 
6.139349e-01 5.174680e-07 3.252760e-01 
6.124502e-01 5.121716e-07 3.224490e-01 
6.138461e-01 5.141866e-07 3.358980e-01 
6.124793e-01 5.116918e-07 3.234490e-01 
6.126811e-01 5.106823e-07 3.272440e-01 
6.125683e-01 5.115927e-07 3.389630e-01 
6.123813e-01 5.086312e-07 3.264250e-01 
6.136488e-01 5.183930e-07 3.231310e-01 
6.124041e-01 5.111503e-07 3.251030e-01 
6.137277e-01 5.177919e-07 3.221800e-01 
6.129031e-01 5.112114e-07 3.245310e-01 
6.126981e-01 5.144584e-07 3.233010e-01 
6.110444e-01 5.097240e-07 3.244850e-01 
6.128009e-01 5.147357e-07 3.266680e-01 
6.118147e-01 5.103775e-07 3.355820e-01 
6.116223e-01 5.077205e-07 3.361680e-01 
6.126544e-01 5.093353e-07 3.237830e-01 
6.126059e-01 5.112456e-07 3.233230e-01 
6.133779e-01 5.148188e-07 3.302290e-01 
6.134164e-01 5.110281e-07 3.241800e-01 
6.144024e-01 5.151738e-07 3.342320e-01 
6.142559e-01 5.136739e-07 3.566500e-01 
6.120483e-01 5.132041e-07 3.223070e-01 
6.137578e-01 5.138787e-07 3.197670e-01 
6.140382e-01 5.146335e-07 3.261550e-01 
6.118589e-01 5.097551e-07 3.242100e-01 
6.129261e-01 5.125215e-07 3.230060e-01 
6.134579e-01 5.149741e-07 3.288270e-01 
6.126577e-01 5.107543e-07 3.200080e-01 
6.135183e-01 5.123599e-07 3.235490e-01 
6.119843e-01 5.081988e-07 3.223550e-01 
6.137529e-01 5.142742e-07 3.220830e-01 
6.122363e-01 5.134137e-07 3.238590e-01 
6.126269e-01 5.110594e-07 3.254020e-01 
6.116628e-01 5.067668e-07 3.216040e-01 
6.114986e-01 5.118921e-07 3.322300e-01 
6.134188e-01 5.112551e-07 3.316290e-01 
6.136434e-01 5.144348e-07 3.262870e-01 
6.130535e-01 5.129372e-07 3.349560e-01 
6.124068e-01 5.093787e-07 3.273440e-01 
6.133947e-01 5.096830e-07 3.209030e-01 
6.121855e-01 5.091127e-07 3.221680e-01 
6.129129e-01 5.133831e-07 3.322830e-01 
6.113940e-01 5.043697e-07 3.241180e-01 
6.139997e-01 5.166967e-07 3.299990e-01 
6.128002e-01 5.153792e-07 3.366840e-01 
6.119755e-01 5.112176e-07 3.549460e-01 
6.124995e-01 5.094290e-07 3.251040e-01 
6.127397e-01 5.119898e-07 3.497820e-01 
6.119486e-01 5.090615e-07 3.257450e-01 
6.137322e-01 5.154122e-07 3.339240e-01 
6.141400e-01 5.156248e-07 3.295820e-01 
6.115276e-01 5.073800e-07 3.231120e-01 
6.125606e-01 5.099973e-07 3.245300e-01 
6.121117e-01 5.103764e-07 3.298770e-01 
6.128985e-01 5.124061e-07 3.269130e-01 
6.132164e-01 5.135828e-07 3.269220e-01 
6.124663e-01 5.141019e-07 3.309330e-01 
6.131811e-01 5.128935e-07 3.258210e-01 
6.134450e-01 5.139386e-07 3.262870e-01 
6.136103e-01 5.131465e-07 3.387200e-01 
6.117721e-01 5.105306e-07 3.293050e-01 
6.140271e-01 5.144807e-07 3.220970e-01 
6.134041e-01 5.134750e-07 3.256220e-01 
6.120634e-01 5.094815e-07 3.267750e-01 
6.122929e-01 5.091830e-07 3.244080e-01 
6.131459e-01 5.134567e-07 3.397160e-01 
6.136887e-01 5.121198e-07 3.282090e-01 
6.129942e-01 5.101371e-07 3.221380e-01 
6.137654e-01 5.201317e-07 3.272150e-01 
6.123342e-01 5.123009e-07 3.217140e-01 
6.128724e-01 5.140204e-07 3.205790e-01 
6.124486e-01 5.117433e-07 3.311280e-01 
6.119382e-01 5.112200e-07 3.255260e-01 
6.122079e-01 5.112758e-07 3.279250e-01 
6.120299e-01 5.096583e-07 3.569100e-01 
6.114561e-01 5.088707e-07 3.284710e-01 
6.131602e-01 5.102975e-07 3.281490e-01 
6.127306e-01 5.096140e-07 3.318640e-01 
6.126200e-01 5.100995e-07 3.285440e-01 
6.120771e-01 5.086968e-07 3.270420e-01 
6.122983e-01 5.092904e-07 3.395160e-01 
6.139475e-01 5.182151e-07 3.257290e-01 
6.130965e-01 5.102896e-07 3.282660e-01 
6.140354e-01 5.136202e-07 3.327870e-01 
6.120697e-01 5.063617e-07 3.260630e-01 
6.134696e-01 5.131297e-07 3.292410e-01 
6.136236e-01 5.145735e-07 3.307900e-01 
6.139491e-01 5.160230e-07 3.285370e-01 
6.123287e-01 5.076689e-07 3.251020e-01 
6.121237e-01 5.082818e-07 3.469460e-01 
6.129857e-01 5.107856e-07 3.228150e-01 
6.131697e-01 5.148324e-07 3.242220e-01 
6.128925e-01 5.130324e-07 3.229850e-01 
6.126659e-01 5.098986e-07 3.297590e-01 
6.128596e-01 5.152367e-07 3.290810e-01 
6.136211e-01 5.133137e-07 3.331030e-01 
6.117580e-01 5.088549e-07 3.360240e-01 
6.131715e-01 5.128001e-07 3.213070e-01 
6.132465e-01 5.122734e-07 3.252210e-01 
6.134682e-01 5.127315e-07 3.294330e-01 
6.117926e-01 5.091539e-07 3.273670e-01 
6.125094e-01 5.108419e-07 3.213750e-01 
6.129278e-01 5.135055e-07 3.289750e-01 
6.122155e-01 5.088642e-07 3.215190e-01 
6.134638e-01 5.140268e-07 3.596740e-01 
6.136834e-01 5.159257e-07 3.703850e-01 
6.126393e-01 5.079507e-07 3.273110e-01 
6.115709e-01 5.099710e-07 3.273980e-01 
6.134970e-01 5.120626e-07 3.299480e-01 
6.127838e-01 5.116297e-07 3.285020e-01 
6.119647e-01 5.119030e-07 3.351110e-01 
6.126432e-01 5.107578e-07 3.318340e-01 
6.116747e-01 5.077215e-07 3.280710e-01 
6.124482e-01 5.129545e-07 3.261470e-01 
6.110499e-01 5.055672e-07 3.250110e-01 
6.125575e-01 5.109986e-07 3.267990e-01 
6.134625e-01 5.123599e-07 3.221510e-01 
6.131527e-01 5.159717e-07 3.255150e-01 
6.128612e-01 5.137941e-07 3.287220e-01 
6.129537e-01 5.128566e-07 3.429990e-01 
6.123984e-01 5.109893e-07 3.280880e-01 
6.127246e-01 5.118493e-07 3.261510e-01 
6.127787e-01 5.127014e-07 3.292510e-01 
6.118305e-01 5.121983e-07 3.308680e-01 
6.117756e-01 5.091065e-07 3.285200e-01 
6.116584e-01 5.083761e-07 3.289230e-01 
6.122499e-01 5.082529e-07 3.325420e-01 
6.125188e-01 5.125839e-07 3.239730e-01 
6.125952e-01 5.092009e-07 3.291730e-01 
6.119167e-01 5.089840e-07 3.522410e-01 
6.136503e-01 5.165912e-07 3.574240e-01 
6.124000e-01 5.108258e-07 3.278400e-01 
6.136472e-01 5.158378e-07 3.975230e-01 
6.135872e-01 5.130937e-07 3.415020e-01 
6.138667e-01 5.119586e-07 3.423330e-01 
6.125780e-01 5.120788e-07 3.219230e-01 
6.122136e-01 5.095310e-07 3.310110e-01 
6.139131e-01 5.161133e-07 3.270620e-01 
6.129235e-01 5.134011e-07 3.213800e-01 
6.128544e-01 5.088143e-07 3.235920e-01 
6.129954e-01 5.094554e-07 3.289250e-01 
6.128216e-01 5.099328e-07 3.304640e-01 
6.137302e-01 5.189272e-07 3.235130e-01 
6.136875e-01 5.118492e-07 3.230430e-01 
6.126604e-01 5.122340e-07 3.300610e-01 
6.135612e-01 5.115091e-07 3.227890e-01 
6.122191e-01 5.091266e-07 3.209670e-01 
6.135139e-01 5.112831e-07 3.234750e-01 
6.122991e-01 5.101848e-07 3.228600e-01 
6.145279e-01 5.152233e-07 3.481310e-01 
6.131273e-01 5.120068e-07 3.411240e-01 
6.135764e-01 5.123716e-07 3.288850e-01 
6.126295e-01 5.106647e-07 3.243750e-01 
6.130041e-01 5.137512e-07 3.269990e-01 
6.131508e-01 5.114658e-07 3.279060e-01 
6.124406e-01 5.107784e-07 3.333680e-01 
6.128216e-01 5.130398e-07 3.296580e-01 
6.134809e-01 5.125924e-07 3.290250e-01 
6.110501e-01 5.093044e-07 3.263590e-01 
6.122138e-01 5.110077e-07 3.296020e-01 
6.126668e-01 5.158337e-07 3.237490e-01 
6.128571e-01 5.105493e-07 3.233370e-01 
6.129506e-01 5.124263e-07 3.264820e-01 
6.122495e-01 5.096686e-07 3.242750e-01 
6.118346e-01 5.102328e-07 3.318310e-01 
6.121395e-01 5.086400e-07 3.389100e-01 
6.119801e-01 5.075549e-07 3.283240e-01 
6.128213e-01 5.109520e-07 3.249660e-01 
6.129959e-01 5.107775e-07 3.330120e-01 
6.130385e-01 5.107284e-07 3.249810e-01 
6.130453e-01 5.132609e-07 3.354180e-01 
6.134703e-01 5.120622e-07 3.358670e-01 
6.128054e-01 5.098039e-07 3.257130e-01 
6.140681e-01 5.142820e-07 3.264610e-01 
6.120301e-01 5.098670e-07 3.283780e-01 
6.139452e-01 5.168511e-07 3.299430e-01 
6.126771e-01 5.126713e-07 3.234450e-01 
6.117883e-01 5.084157e-07 3.259190e-01 
6.117463e-01 5.100151e-07 3.235300e-01 
6.120262e-01 5.085145e-07 3.373480e-01 
6.122594e-01 5.097663e-07 3.417990e-01 
6.123921e-01 5.107432e-07 3.227080e-01 
6.132809e-01 5.145508e-07 3.316100e-01 
6.136207e-01 5.131365e-07 3.279750e-01 
6.121616e-01 5.104607e-07 3.230650e-01 
6.141373e-01 5.160368e-07 3.254030e-01 
6.122602e-01 5.103825e-07 3.412730e-01 
6.113292e-01 5.079671e-07 3.234120e-01 
6.127025e-01 5.093272e-07 3.278190e-01 
6.130508e-01 5.106030e-07 3.344140e-01 
6.137924e-01 5.124526e-07 3.212040e-01 
6.128572e-01 5.125201e-07 3.206180e-01 
6.133499e-01 5.117570e-07 3.327610e-01 
6.133744e-01 5.133620e-07 3.272980e-01 
6.127918e-01 5.119901e-07 3.269480e-01 
6.119981e-01 5.120366e-07 3.437160e-01 
6.123978e-01 5.131685e-07 3.254750e-01 
6.128651e-01 5.130666e-07 3.222220e-01 
6.143602e-01 5.146535e-07 3.261360e-01 
6.140652e-01 5.154708e-07 3.284230e-01 
6.125254e-01 5.127341e-07 3.272940e-01 
6.130816e-01 5.110125e-07 3.432710e-01 
6.125681e-01 5.104981e-07 3.212690e-01 
6.132661e-01 5.121572e-07 3.226580e-01 
6.126778e-01 5.103273e-07 3.250470e-01 
6.122683e-01 5.110266e-07 3.217410e-01 
6.135863e-01 5.129770e-07 3.230720e-01 
6.120580e-01 5.103225e-07 3.239460e-01 
6.127431e-01 5.115517e-07 3.383470e-01 
6.129578e-01 5.100135e-07 3.256320e-01 
6.116368e-01 5.100069e-07 3.376480e-01 
6.117886e-01 5.093971e-07 3.268310e-01 
6.131627e-01 5.138467e-07 3.239220e-01 
6.125717e-01 5.116726e-07 3.251080e-01 
6.109517e-01 5.059554e-07 3.343450e-01 
6.109595e-01 5.056064e-07 3.268720e-01 
6.132208e-01 5.151986e-07 3.424820e-01 
6.128341e-01 5.121152e-07 3.259140e-01 
6.126945e-01 5.115962e-07 3.233260e-01 
6.119746e-01 5.119220e-07 3.305860e-01 
6.120787e-01 5.107455e-07 3.334400e-01 
6.127853e-01 5.093519e-07 3.228190e-01 
6.124677e-01 5.091619e-07 3.250840e-01 
6.117496e-01 5.085926e-07 3.434800e-01 
6.134205e-01 5.147430e-07 3.224040e-01 
6.122630e-01 5.104499e-07 3.463110e-01 
6.127765e-01 5.103934e-07 3.340270e-01 
6.121054e-01 5.082040e-07 3.255680e-01 
6.118862e-01 5.100313e-07 3.274230e-01 
6.137086e-01 5.120282e-07 3.313050e-01 
6.127020e-01 5.123629e-07 3.243230e-01 
6.126335e-01 5.124385e-07 3.475540e-01 
6.131371e-01 5.143817e-07 3.363460e-01 
6.137512e-01 5.119601e-07 3.246360e-01 
6.123749e-01 5.088934e-07 3.295570e-01 
6.137909e-01 5.153919e-07 3.345350e-01 
6.130461e-01 5.131740e-07 3.244720e-01 
6.132867e-01 5.106937e-07 3.299740e-01 
6.131581e-01 5.104740e-07 3.291860e-01 
6.121074e-01 5.103619e-07 3.237770e-01 
6.122188e-01 5.120298e-07 3.343860e-01 
6.128643e-01 5.109207e-07 3.306980e-01 
6.118739e-01 5.090087e-07 3.260440e-01 
6.136609e-01 5.140743e-07 3.239620e-01 
6.124381e-01 5.083534e-07 3.299170e-01 
6.133900e-01 5.121674e-07 3.263400e-01 
6.127947e-01 5.123086e-07 3.584880e-01 
6.141400e-01 5.153585e-07 3.761380e-01 
6.133562e-01 5.118717e-07 3.299780e-01 
6.133902e-01 5.123405e-07 3.280190e-01 
6.130297e-01 5.118963e-07 3.341650e-01 
6.133715e-01 5.112484e-07 3.227380e-01 
6.123804e-01 5.137187e-07 3.232720e-01 
6.125088e-01 5.115907e-07 3.244180e-01 
6.127388e-01 5.132639e-07 3.229290e-01 
6.127233e-01 5.122839e-07 3.455860e-01 
6.119724e-01 5.094197e-07 3.289920e-01 
6.119151e-01 5.100677e-07 3.211730e-01 
6.127092e-01 5.123900e-07 3.277350e-01 
6.116027e-01 5.100502e-07 3.310420e-01 
6.129109e-01 5.121456e-07 3.223990e-01 
6.117264e-01 5.086147e-07 3.292840e-01 
6.123395e-01 5.107537e-07 3.298000e-01 
6.116624e-01 5.076534e-07 3.240330e-01 
6.133173e-01 5.144647e-07 3.314360e-01 
6.124937e-01 5.142121e-07 3.310780e-01 
6.121843e-01 5.088910e-07 3.233300e-01 
6.130425e-01 5.125550e-07 3.235050e-01 
6.123651e-01 5.112526e-07 3.268610e-01 
6.130337e-01 5.135158e-07 3.229540e-01 
6.142735e-01 5.146685e-07 3.244370e-01 
6.122718e-01 5.125535e-07 3.365650e-01 
6.129645e-01 5.164484e-07 3.309110e-01 
6.123069e-01 5.120320e-07 3.233310e-01 
6.121714e-01 5.088263e-07 3.324570e-01 
6.140831e-01 5.156158e-07 3.245520e-01 
6.128357e-01 5.121841e-07 3.335200e-01 
6.126367e-01 5.126283e-07 3.331590e-01 
6.125051e-01 5.126516e-07 3.281360e-01 
6.119242e-01 5.058331e-07 3.256680e-01 
6.111893e-01 5.105876e-07 3.329330e-01 
6.137620e-01 5.152774e-07 3.305360e-01 
6.128427e-01 5.142149e-07 3.218740e-01 
6.116470e-01 5.061732e-07 3.307240e-01 
6.131662e-01 5.146228e-07 3.263280e-01 
6.130613e-01 5.124804e-07 3.287390e-01 
6.141436e-01 5.184962e-07 3.413270e-01 
6.135041e-01 5.118554e-07 3.341170e-01 
6.121977e-01 5.091457e-07 3.279380e-01 
6.127746e-01 5.135470e-07 3.257220e-01 
6.139853e-01 5.120941e-07 3.232770e-01 
6.141551e-01 5.127505e-07 3.258960e-01 
6.131931e-01 5.080538e-07 3.420760e-01 
6.131949e-01 5.120466e-07 3.274800e-01 
6.125432e-01 5.143002e-07 3.272960e-01 
6.122559e-01 5.092843e-07 3.339300e-01 
6.133729e-01 5.137743e-07 3.278970e-01 
6.134482e-01 5.128888e-07 3.234640e-01 
6.124397e-01 5.109532e-07 3.391510e-01 
6.129751e-01 5.129315e-07 3.262800e-01 
6.141395e-01 5.138856e-07 3.277390e-01 
6.130838e-01 5.119984e-07 3.384260e-01 
6.127697e-01 5.114410e-07 3.315940e-01 
6.137777e-01 5.174957e-07 3.281820e-01 
6.124478e-01 5.095696e-07 3.284950e-01 
6.132326e-01 5.138891e-07 3.275310e-01 
6.128444e-01 5.113083e-07 3.280480e-01 
6.124914e-01 5.104786e-07 3.379120e-01 
6.140675e-01 5.154178e-07 3.306150e-01 
6.128393e-01 5.126474e-07 3.243330e-01 
6.123563e-01 5.102919e-07 3.257960e-01 
6.131366e-01 5.130953e-07 3.239600e-01 
6.133510e-01 5.125716e-07 3.326170e-01 
6.135007e-01 5.119822e-07 3.252610e-01 
6.142561e-01 5.172132e-07 3.301350e-01 
6.127044e-01 5.123281e-07 3.251670e-01 
6.123731e-01 5.099248e-07 3.637200e-01 
6.135522e-01 5.113676e-07 3.305340e-01 
6.134187e-01 5.128072e-07 3.220600e-01 
6.132590e-01 5.138126e-07 3.295920e-01 
6.118485e-01 5.091670e-07 3.268930e-01 
6.126717e-01 5.099186e-07 3.229300e-01 
6.118540e-01 5.064408e-07 3.474190e-01 
6.120151e-01 5.115268e-07 3.233510e-01 
6.106295e-01 5.053398e-07 3.258370e-01 
6.129034e-01 5.138749e-07 3.349040e-01 
6.135744e-01 5.143265e-07 3.250400e-01 
6.120960e-01 5.120031e-07 3.271380e-01 
6.126807e-01 5.111933e-07 3.369800e-01 
6.128179e-01 5.137718e-07 3.302310e-01 
6.124365e-01 5.116719e-07 3.257540e-01 
6.125620e-01 5.118561e-07 3.369330e-01 
6.123169e-01 5.103139e-07 3.289850e-01 
6.114248e-01 5.102544e-07 3.251220e-01 
6.119382e-01 5.058759e-07 3.299120e-01 
6.122783e-01 5.094160e-07 3.292750e-01 
6.140116e-01 5.136603e-07 3.265560e-01 
6.131223e-01 5.097782e-07 3.365870e-01 
6.122811e-01 5.082813e-07 3.252410e-01 
6.137165e-01 5.162048e-07 3.221060e-01 
6.120704e-01 5.127673e-07 3.284700e-01 
6.133261e-01 5.144920e-07 3.256950e-01 
6.127181e-01 5.072231e-07 3.263040e-01 
6.123602e-01 5.117535e-07 3.236960e-01 
6.130836e-01 5.144095e-07 3.286060e-01 
6.132515e-01 5.150576e-07 3.359150e-01 
6.111454e-01 5.100961e-07 3.411550e-01 
6.131203e-01 5.104108e-07 3.342350e-01 
6.131904e-01 5.118442e-07 3.252320e-01 
6.123139e-01 5.068462e-07 3.220070e-01 
6.129401e-01 5.113793e-07 3.226040e-01 
6.129368e-01 5.084214e-07 3.224700e-01 
6.124034e-01 5.101899e-07 3.301120e-01 
6.139533e-01 5.145672e-07 3.319640e-01 
6.133134e-01 5.134266e-07 3.223470e-01 
6.125369e-01 5.071285e-07 3.241200e-01 
6.115708e-01 5.081509e-07 3.239040e-01 
6.131600e-01 5.133522e-07 3.235000e-01 
6.128002e-01 5.134482e-07 3.219720e-01 
6.126005e-01 5.138122e-07 3.310610e-01 
6.105542e-01 5.050681e-07 3.240540e-01 
6.132162e-01 5.140617e-07 3.256520e-01 
6.132528e-01 5.116162e-07 4.021040e-01 
6.134597e-01 5.117333e-07 3.224810e-01 
6.124816e-01 5.094299e-07 3.278640e-01 
6.113829e-01 5.090749e-07 3.284710e-01 
6.128150e-01 5.101032e-07 3.250500e-01 
6.122245e-01 5.098707e-07 3.372710e-01 
6.129303e-01 5.121656e-07 3.291850e-01 
6.127875e-01 5.141654e-07 3.278150e-01 
6.123865e-01 5.104785e-07 3.263390e-01 
