# dim  N   mc   sigma  Gibbs 
# 1    1 600000 1
#
# Theoretical Energy = 5.000000e-01
# Energy     Variance     CPU time
6.282127e-01 5.263051e-07 3.391800e-01 
6.280462e-01 5.261053e-07 3.236240e-01 
6.247870e-01 5.178274e-07 3.301470e-01 
6.235483e-01 5.190609e-07 3.322080e-01 
6.228696e-01 5.156693e-07 3.266750e-01 
6.202474e-01 5.142382e-07 3.273970e-01 
6.198895e-01 5.096135e-07 3.345350e-01 
6.200067e-01 5.166285e-07 3.306870e-01 
6.184258e-01 5.138253e-07 3.257680e-01 
6.178375e-01 5.129245e-07 3.410830e-01 
6.167988e-01 5.102942e-07 3.252820e-01 
6.158345e-01 5.120536e-07 3.347220e-01 
6.162799e-01 5.093800e-07 3.326120e-01 
6.165054e-01 5.112071e-07 3.305240e-01 
6.164202e-01 5.127598e-07 3.254680e-01 
6.157706e-01 5.104125e-07 3.302380e-01 
6.156119e-01 5.121652e-07 3.238650e-01 
6.155240e-01 5.098489e-07 3.290160e-01 
6.145319e-01 5.125245e-07 3.304680e-01 
6.148575e-01 5.131720e-07 3.267970e-01 
6.143199e-01 5.133655e-07 3.285550e-01 
6.147095e-01 5.137017e-07 3.452450e-01 
6.148398e-01 5.144517e-07 3.292690e-01 
6.137890e-01 5.134794e-07 3.236670e-01 
6.128512e-01 5.085870e-07 3.356620e-01 
6.141472e-01 5.123312e-07 3.234030e-01 
6.136768e-01 5.133686e-07 3.250880e-01 
6.141183e-01 5.125698e-07 3.361010e-01 
6.133756e-01 5.120069e-07 3.233800e-01 
6.135672e-01 5.085207e-07 3.285380e-01 
6.137530e-01 5.125163e-07 3.252610e-01 
6.128109e-01 5.133591e-07 3.254080e-01 
6.129874e-01 5.124910e-07 3.207710e-01 
6.119174e-01 5.081463e-07 3.273310e-01 
6.132090e-01 5.126134e-07 3.279720e-01 
6.129067e-01 5.125049e-07 3.275340e-01 
6.128649e-01 5.108143e-07 3.487560e-01 
6.124995e-01 5.133089e-07 3.242210e-01 
6.131613e-01 5.102875e-07 3.241950e-01 
6.124309e-01 5.106885e-07 3.305700e-01 
6.121213e-01 5.107040e-07 3.216570e-01 
6.130192e-01 5.135951e-07 3.209430e-01 
6.131327e-01 5.128731e-07 3.438980e-01 
6.139077e-01 5.144720e-07 3.240630e-01 
6.127583e-01 5.121078e-07 3.220920e-01 
6.123386e-01 5.086094e-07 3.246000e-01 
6.133423e-01 5.141240e-07 3.241820e-01 
6.129097e-01 5.160320e-07 3.226610e-01 
6.136627e-01 5.127083e-07 3.322440e-01 
6.131749e-01 5.145482e-07 3.203630e-01 
6.145136e-01 5.168423e-07 3.237710e-01 
6.127126e-01 5.094596e-07 3.276280e-01 
6.120492e-01 5.106623e-07 3.235750e-01 
6.120643e-01 5.083591e-07 3.232460e-01 
6.128210e-01 5.100820e-07 3.248800e-01 
6.125536e-01 5.137200e-07 3.324040e-01 
6.125015e-01 5.122836e-07 3.256810e-01 
6.122876e-01 5.130342e-07 3.388780e-01 
6.125303e-01 5.100301e-07 3.255170e-01 
6.132445e-01 5.151005e-07 3.240140e-01 
6.125518e-01 5.116176e-07 3.226890e-01 
6.127074e-01 5.141861e-07 3.333170e-01 
6.119594e-01 5.104566e-07 3.223260e-01 
6.116327e-01 5.097089e-07 3.237490e-01 
6.134387e-01 5.185567e-07 3.225190e-01 
6.124762e-01 5.102865e-07 3.247950e-01 
6.129298e-01 5.084451e-07 3.516860e-01 
6.120582e-01 5.068975e-07 3.282020e-01 
6.122370e-01 5.077500e-07 3.264820e-01 
6.143756e-01 5.140470e-07 3.193360e-01 
6.120841e-01 5.084657e-07 3.335320e-01 
6.142764e-01 5.159388e-07 3.227390e-01 
6.130131e-01 5.122026e-07 3.297650e-01 
6.123006e-01 5.115858e-07 3.249690e-01 
6.128287e-01 5.140896e-07 3.260340e-01 
6.124960e-01 5.101462e-07 3.239600e-01 
6.144163e-01 5.164872e-07 3.356170e-01 
6.114130e-01 5.042093e-07 3.243640e-01 
6.122207e-01 5.108952e-07 3.203510e-01 
6.131631e-01 5.127691e-07 3.227770e-01 
6.117546e-01 5.107014e-07 3.226730e-01 
6.126636e-01 5.096044e-07 3.233410e-01 
6.131644e-01 5.132612e-07 3.401470e-01 
6.120858e-01 5.090811e-07 3.232530e-01 
6.135136e-01 5.123867e-07 3.270210e-01 
6.120976e-01 5.093058e-07 3.269760e-01 
6.118836e-01 5.086481e-07 3.221150e-01 
6.124368e-01 5.134450e-07 3.240390e-01 
6.113957e-01 5.078051e-07 3.398560e-01 
6.134949e-01 5.135731e-07 3.274380e-01 
6.121139e-01 5.097659e-07 3.212470e-01 
6.136370e-01 5.160334e-07 3.308490e-01 
6.127014e-01 5.117367e-07 3.241110e-01 
6.132655e-01 5.123671e-07 3.213270e-01 
6.129792e-01 5.137710e-07 3.307070e-01 
6.128788e-01 5.131762e-07 3.233940e-01 
6.142751e-01 5.144316e-07 3.197410e-01 
6.121367e-01 5.096093e-07 3.394690e-01 
6.126348e-01 5.105118e-07 3.268590e-01 
6.134025e-01 5.097304e-07 3.216080e-01 
6.128605e-01 5.127330e-07 3.270960e-01 
6.125442e-01 5.151549e-07 3.214850e-01 
6.125620e-01 5.125210e-07 3.273470e-01 
6.112299e-01 5.079599e-07 3.410570e-01 
6.120869e-01 5.095706e-07 3.190980e-01 
6.118057e-01 5.090765e-07 3.223090e-01 
6.135945e-01 5.162805e-07 3.282390e-01 
6.127635e-01 5.116781e-07 3.378690e-01 
6.135695e-01 5.138167e-07 3.243230e-01 
6.119670e-01 5.137235e-07 3.295430e-01 
6.131593e-01 5.124535e-07 3.288730e-01 
6.110482e-01 5.049349e-07 3.256300e-01 
6.120689e-01 5.136335e-07 3.367340e-01 
6.118723e-01 5.125034e-07 3.251130e-01 
6.141478e-01 5.145011e-07 3.268790e-01 
6.131831e-01 5.106162e-07 3.238700e-01 
6.140036e-01 5.145619e-07 3.301090e-01 
6.141944e-01 5.139026e-07 3.213730e-01 
6.127100e-01 5.096057e-07 3.272820e-01 
6.130062e-01 5.123683e-07 3.259100e-01 
6.130519e-01 5.088796e-07 3.239150e-01 
6.141625e-01 5.159374e-07 3.254330e-01 
6.121871e-01 5.101735e-07 3.259980e-01 
6.133261e-01 5.121357e-07 3.247280e-01 
6.129748e-01 5.101557e-07 3.221830e-01 
6.133284e-01 5.139835e-07 3.315840e-01 
6.130055e-01 5.112009e-07 3.244330e-01 
6.135823e-01 5.141489e-07 3.420770e-01 
6.105653e-01 5.051275e-07 3.339490e-01 
6.130255e-01 5.137165e-07 3.239610e-01 
6.127669e-01 5.156760e-07 3.252210e-01 
6.135695e-01 5.130976e-07 3.243440e-01 
6.116165e-01 5.071819e-07 3.199080e-01 
6.117723e-01 5.061504e-07 3.223180e-01 
6.137314e-01 5.148818e-07 3.285200e-01 
6.103298e-01 5.065578e-07 3.215020e-01 
6.109942e-01 5.038664e-07 3.237430e-01 
6.121892e-01 5.116302e-07 3.226540e-01 
6.126344e-01 5.128086e-07 3.207670e-01 
6.113619e-01 5.087188e-07 3.263330e-01 
6.111560e-01 5.092218e-07 3.308640e-01 
6.125641e-01 5.098234e-07 3.377270e-01 
6.113387e-01 5.074850e-07 3.317610e-01 
6.123705e-01 5.101971e-07 3.391250e-01 
6.131199e-01 5.159630e-07 3.278420e-01 
6.123493e-01 5.096647e-07 3.268940e-01 
6.128513e-01 5.102466e-07 3.289730e-01 
6.125067e-01 5.080523e-07 3.282560e-01 
6.140812e-01 5.147189e-07 3.283660e-01 
6.120880e-01 5.121331e-07 3.686960e-01 
6.136460e-01 5.128668e-07 3.254460e-01 
6.130462e-01 5.126685e-07 3.240940e-01 
6.135877e-01 5.160151e-07 3.316050e-01 
6.120330e-01 5.098333e-07 3.232780e-01 
6.124227e-01 5.106447e-07 3.274630e-01 
6.132736e-01 5.109429e-07 3.233300e-01 
6.135468e-01 5.148915e-07 3.225280e-01 
6.134416e-01 5.134378e-07 3.224460e-01 
6.129314e-01 5.124850e-07 3.602470e-01 
6.137056e-01 5.164636e-07 3.566760e-01 
6.121973e-01 5.096532e-07 4.329000e-01 
6.111908e-01 5.054290e-07 4.069790e-01 
6.137073e-01 5.112740e-07 4.118870e-01 
6.141060e-01 5.113709e-07 3.440310e-01 
6.134852e-01 5.139138e-07 3.255280e-01 
6.132268e-01 5.115602e-07 3.275170e-01 
6.126366e-01 5.094962e-07 3.371730e-01 
6.127079e-01 5.132114e-07 3.285640e-01 
6.135635e-01 5.151704e-07 3.249060e-01 
6.134949e-01 5.129946e-07 3.303860e-01 
6.117553e-01 5.099869e-07 3.260570e-01 
6.111913e-01 5.074350e-07 3.277350e-01 
6.126567e-01 5.112216e-07 3.550860e-01 
6.119048e-01 5.105588e-07 4.010440e-01 
6.115445e-01 5.073297e-07 3.315840e-01 
6.127804e-01 5.078217e-07 3.963480e-01 
6.134100e-01 5.117166e-07 3.269530e-01 
6.125261e-01 5.115599e-07 3.867190e-01 
6.133606e-01 5.176531e-07 3.452070e-01 
6.129000e-01 5.089655e-07 3.222830e-01 
6.127609e-01 5.123074e-07 3.275140e-01 
6.130019e-01 5.125435e-07 3.308390e-01 
6.125361e-01 5.113302e-07 3.305610e-01 
6.118278e-01 5.100346e-07 3.234550e-01 
6.126160e-01 5.085211e-07 3.241080e-01 
6.128493e-01 5.107457e-07 3.262980e-01 
6.127491e-01 5.109537e-07 3.394020e-01 
6.119771e-01 5.138216e-07 3.292590e-01 
6.132080e-01 5.142863e-07 3.378630e-01 
6.123075e-01 5.087436e-07 3.304820e-01 
6.133231e-01 5.145914e-07 3.294560e-01 
6.122202e-01 5.070608e-07 3.289190e-01 
6.124736e-01 5.118618e-07 3.500500e-01 
6.137512e-01 5.165866e-07 3.381890e-01 
6.134847e-01 5.122556e-07 3.263880e-01 
6.140530e-01 5.157231e-07 3.280490e-01 
6.144533e-01 5.134823e-07 3.291820e-01 
6.128733e-01 5.080484e-07 3.233810e-01 
6.129599e-01 5.123619e-07 3.266700e-01 
6.135386e-01 5.121765e-07 3.251020e-01 
6.140353e-01 5.162495e-07 3.250890e-01 
6.124799e-01 5.109040e-07 3.365180e-01 
6.118285e-01 5.114514e-07 3.828600e-01 
6.116431e-01 5.087395e-07 3.273000e-01 
6.120422e-01 5.080829e-07 3.289700e-01 
6.135824e-01 5.144801e-07 3.287770e-01 
6.135704e-01 5.151015e-07 3.293390e-01 
6.133329e-01 5.118049e-07 3.468320e-01 
6.121638e-01 5.103555e-07 3.269350e-01 
6.114345e-01 5.074054e-07 3.236710e-01 
6.121577e-01 5.104369e-07 3.275670e-01 
6.117040e-01 5.102169e-07 3.290840e-01 
6.124672e-01 5.107261e-07 3.221510e-01 
6.134538e-01 5.126869e-07 3.302710e-01 
6.135636e-01 5.123226e-07 3.233290e-01 
6.127721e-01 5.108865e-07 3.287290e-01 
6.115635e-01 5.084553e-07 3.287180e-01 
6.126058e-01 5.106194e-07 3.401940e-01 
6.131185e-01 5.125903e-07 3.302420e-01 
6.127067e-01 5.126147e-07 3.226680e-01 
6.121119e-01 5.106161e-07 3.254090e-01 
6.132790e-01 5.140976e-07 3.208260e-01 
6.123486e-01 5.116743e-07 3.329940e-01 
6.128525e-01 5.129409e-07 3.468760e-01 
6.132679e-01 5.117022e-07 3.244110e-01 
6.147485e-01 5.158960e-07 3.246290e-01 
6.120084e-01 5.080072e-07 3.346180e-01 
6.134815e-01 5.100508e-07 3.274240e-01 
6.119873e-01 5.077161e-07 3.243360e-01 
6.126654e-01 5.131275e-07 3.266910e-01 
6.126903e-01 5.127531e-07 3.255860e-01 
6.129207e-01 5.111547e-07 3.274100e-01 
6.129793e-01 5.113169e-07 3.370320e-01 
6.137065e-01 5.135755e-07 3.261410e-01 
6.126638e-01 5.119834e-07 3.257020e-01 
6.133851e-01 5.138822e-07 3.312250e-01 
6.128976e-01 5.108967e-07 3.246140e-01 
6.130001e-01 5.090358e-07 3.222170e-01 
6.135429e-01 5.107917e-07 3.371740e-01 
6.116229e-01 5.110848e-07 3.298960e-01 
6.131790e-01 5.117637e-07 3.229140e-01 
6.124344e-01 5.097762e-07 3.321960e-01 
6.127958e-01 5.127244e-07 3.264050e-01 
6.136998e-01 5.186698e-07 3.216380e-01 
6.124153e-01 5.129603e-07 3.548140e-01 
6.120769e-01 5.126639e-07 3.260190e-01 
6.115516e-01 5.118058e-07 3.266810e-01 
6.120130e-01 5.115002e-07 3.374490e-01 
6.128242e-01 5.103573e-07 3.359330e-01 
6.124328e-01 5.107562e-07 3.258200e-01 
6.121026e-01 5.135245e-07 3.344230e-01 
6.107380e-01 5.068651e-07 3.257290e-01 
6.131070e-01 5.131581e-07 3.260490e-01 
6.110122e-01 5.058166e-07 3.517740e-01 
6.127752e-01 5.131706e-07 3.227650e-01 
6.128974e-01 5.116751e-07 3.216520e-01 
6.126461e-01 5.109156e-07 3.413760e-01 
6.128282e-01 5.123593e-07 3.266540e-01 
6.131966e-01 5.120457e-07 3.295110e-01 
6.122046e-01 5.112715e-07 3.339450e-01 
6.129437e-01 5.100900e-07 3.205370e-01 
6.120737e-01 5.112134e-07 3.266090e-01 
6.127046e-01 5.107958e-07 3.362820e-01 
6.127998e-01 5.140104e-07 3.244720e-01 
6.128352e-01 5.098081e-07 3.243130e-01 
6.127739e-01 5.100116e-07 3.224540e-01 
6.132634e-01 5.121998e-07 3.440370e-01 
6.135446e-01 5.127691e-07 3.249850e-01 
6.118877e-01 5.083099e-07 3.353380e-01 
6.118323e-01 5.091336e-07 3.242190e-01 
6.128970e-01 5.131894e-07 3.305110e-01 
6.127229e-01 5.111865e-07 3.271130e-01 
6.117128e-01 5.082942e-07 3.332070e-01 
6.138908e-01 5.150400e-07 3.262730e-01 
6.124578e-01 5.084423e-07 3.233700e-01 
6.127777e-01 5.131678e-07 3.299070e-01 
6.122247e-01 5.111315e-07 3.273550e-01 
6.115990e-01 5.061813e-07 3.484220e-01 
6.130323e-01 5.130399e-07 3.290630e-01 
6.122338e-01 5.104753e-07 3.294270e-01 
6.130570e-01 5.121436e-07 3.347170e-01 
6.130794e-01 5.102850e-07 3.326840e-01 
6.120602e-01 5.083159e-07 3.298430e-01 
6.129963e-01 5.144183e-07 3.304300e-01 
6.125754e-01 5.101830e-07 3.280710e-01 
6.139595e-01 5.157535e-07 3.216970e-01 
6.128408e-01 5.116066e-07 3.287530e-01 
6.138465e-01 5.138429e-07 3.322430e-01 
6.129324e-01 5.113066e-07 3.243510e-01 
6.125664e-01 5.126220e-07 3.214560e-01 
6.128875e-01 5.133353e-07 3.337630e-01 
6.109376e-01 5.064324e-07 3.246310e-01 
6.122229e-01 5.106816e-07 3.246960e-01 
6.125307e-01 5.108679e-07 3.303110e-01 
6.125409e-01 5.111274e-07 3.285890e-01 
6.136581e-01 5.107068e-07 3.296850e-01 
6.130416e-01 5.128389e-07 3.312440e-01 
6.126663e-01 5.102070e-07 3.270730e-01 
6.126952e-01 5.114544e-07 3.345290e-01 
6.128794e-01 5.130256e-07 3.306300e-01 
6.129269e-01 5.099264e-07 3.274730e-01 
6.128375e-01 5.125841e-07 3.247630e-01 
6.139015e-01 5.158721e-07 3.298130e-01 
6.128172e-01 5.081748e-07 3.264680e-01 
6.132312e-01 5.118096e-07 3.381580e-01 
6.125786e-01 5.096373e-07 3.323680e-01 
6.125875e-01 5.083814e-07 3.251620e-01 
6.129976e-01 5.126768e-07 3.246930e-01 
6.135645e-01 5.124947e-07 3.371720e-01 
6.127866e-01 5.101996e-07 3.261360e-01 
6.133157e-01 5.139367e-07 3.242590e-01 
6.119668e-01 5.084827e-07 3.299750e-01 
6.129354e-01 5.101454e-07 3.245790e-01 
6.132052e-01 5.131679e-07 3.243140e-01 
6.123479e-01 5.118644e-07 3.347180e-01 
6.128926e-01 5.136203e-07 3.241290e-01 
6.130839e-01 5.135422e-07 3.224900e-01 
6.122544e-01 5.106621e-07 3.327770e-01 
6.130259e-01 5.125336e-07 3.249160e-01 
6.124185e-01 5.136014e-07 3.226490e-01 
6.138986e-01 5.153943e-07 3.395000e-01 
6.134785e-01 5.147949e-07 3.295830e-01 
6.128209e-01 5.107807e-07 3.208690e-01 
6.129076e-01 5.135356e-07 3.394940e-01 
6.142925e-01 5.130481e-07 3.232500e-01 
6.122185e-01 5.123455e-07 3.224980e-01 
6.130756e-01 5.105259e-07 3.335100e-01 
6.125583e-01 5.104243e-07 3.253900e-01 
6.124638e-01 5.142531e-07 3.254920e-01 
6.121273e-01 5.140462e-07 3.357060e-01 
6.126907e-01 5.161110e-07 3.243590e-01 
6.123478e-01 5.101435e-07 3.248770e-01 
6.138838e-01 5.141506e-07 3.329870e-01 
6.123919e-01 5.113786e-07 3.200450e-01 
6.146292e-01 5.159839e-07 3.244850e-01 
6.130315e-01 5.123999e-07 3.255710e-01 
6.125687e-01 5.089913e-07 3.249910e-01 
6.122662e-01 5.090105e-07 3.266040e-01 
6.134998e-01 5.113911e-07 3.346160e-01 
6.119805e-01 5.122667e-07 3.259400e-01 
6.124463e-01 5.107176e-07 3.332130e-01 
6.125824e-01 5.110281e-07 3.281810e-01 
6.116257e-01 5.092805e-07 3.275640e-01 
6.128159e-01 5.123931e-07 3.267830e-01 
6.128275e-01 5.117953e-07 3.362720e-01 
6.130663e-01 5.142509e-07 3.232650e-01 
6.132378e-01 5.130857e-07 3.240900e-01 
6.119116e-01 5.081921e-07 3.215310e-01 
6.130104e-01 5.118611e-07 3.322940e-01 
6.134333e-01 5.131013e-07 3.208840e-01 
6.125952e-01 5.137928e-07 3.207220e-01 
6.146982e-01 5.184753e-07 3.282600e-01 
6.124842e-01 5.110763e-07 3.212880e-01 
6.123014e-01 5.139204e-07 3.302440e-01 
6.115049e-01 5.084104e-07 3.338970e-01 
6.128457e-01 5.100048e-07 3.225600e-01 
6.127495e-01 5.096916e-07 3.268040e-01 
6.128524e-01 5.106004e-07 3.253370e-01 
6.126162e-01 5.101463e-07 3.242480e-01 
6.113190e-01 5.031734e-07 3.346920e-01 
6.126015e-01 5.105977e-07 3.290090e-01 
6.130711e-01 5.140683e-07 3.215070e-01 
6.121432e-01 5.088982e-07 3.240060e-01 
6.124542e-01 5.098209e-07 3.303720e-01 
6.132635e-01 5.120794e-07 3.224760e-01 
6.129192e-01 5.120846e-07 3.230930e-01 
6.124672e-01 5.121302e-07 3.256920e-01 
6.127464e-01 5.084916e-07 3.235420e-01 
6.124493e-01 5.131493e-07 3.243590e-01 
6.124145e-01 5.111814e-07 3.445870e-01 
6.123586e-01 5.115814e-07 3.270850e-01 
6.134188e-01 5.107402e-07 3.205960e-01 
6.120407e-01 5.100691e-07 3.310990e-01 
6.130433e-01 5.115234e-07 3.233180e-01 
6.129989e-01 5.109741e-07 3.222370e-01 
6.123923e-01 5.099723e-07 3.348710e-01 
6.129846e-01 5.117061e-07 3.230600e-01 
6.129490e-01 5.103269e-07 3.234830e-01 
6.115749e-01 5.101892e-07 3.246200e-01 
6.130264e-01 5.135643e-07 3.271970e-01 
6.125207e-01 5.155301e-07 3.198940e-01 
6.135543e-01 5.129496e-07 3.350080e-01 
6.127372e-01 5.114525e-07 3.202710e-01 
6.130996e-01 5.139223e-07 3.204480e-01 
6.132854e-01 5.121469e-07 3.376640e-01 
6.127403e-01 5.157099e-07 3.251180e-01 
6.123617e-01 5.118906e-07 3.219470e-01 
6.114845e-01 5.096847e-07 3.279890e-01 
6.125059e-01 5.128543e-07 3.212440e-01 
6.122362e-01 5.124209e-07 3.256440e-01 
6.126373e-01 5.101113e-07 3.437290e-01 
6.110019e-01 5.090359e-07 3.199820e-01 
6.125427e-01 5.119804e-07 3.242300e-01 
6.132184e-01 5.124384e-07 3.242680e-01 
6.122367e-01 5.112572e-07 3.222810e-01 
6.130574e-01 5.115063e-07 3.248690e-01 
6.118360e-01 5.098470e-07 3.214320e-01 
6.126626e-01 5.138295e-07 3.342180e-01 
6.135725e-01 5.150555e-07 3.331380e-01 
6.123221e-01 5.097176e-07 3.421310e-01 
6.122789e-01 5.123540e-07 3.331920e-01 
6.133281e-01 5.150590e-07 3.236080e-01 
6.135367e-01 5.168652e-07 3.230960e-01 
6.118174e-01 5.076334e-07 3.291010e-01 
6.131471e-01 5.124253e-07 3.226470e-01 
6.117682e-01 5.127454e-07 3.625210e-01 
6.130697e-01 5.101398e-07 4.041080e-01 
6.127279e-01 5.135663e-07 3.210120e-01 
6.128292e-01 5.119534e-07 3.261950e-01 
6.124619e-01 5.094859e-07 3.212670e-01 
6.127688e-01 5.124420e-07 3.250350e-01 
6.130729e-01 5.110505e-07 3.263300e-01 
6.142124e-01 5.164524e-07 3.215450e-01 
6.113054e-01 5.053293e-07 3.245020e-01 
6.134238e-01 5.147659e-07 3.320450e-01 
6.124135e-01 5.092932e-07 3.214900e-01 
6.125758e-01 5.147384e-07 3.270820e-01 
6.133291e-01 5.122254e-07 3.231750e-01 
6.114026e-01 5.081661e-07 3.269210e-01 
6.122136e-01 5.098502e-07 3.221000e-01 
6.143498e-01 5.139356e-07 3.377120e-01 
6.119449e-01 5.057066e-07 3.277020e-01 
6.132796e-01 5.107767e-07 3.243600e-01 
6.134172e-01 5.124177e-07 3.204990e-01 
6.126485e-01 5.095047e-07 3.249310e-01 
6.126841e-01 5.132806e-07 3.214250e-01 
6.134520e-01 5.161785e-07 3.230840e-01 
6.118020e-01 5.092216e-07 3.243710e-01 
6.130741e-01 5.108783e-07 3.203230e-01 
6.124392e-01 5.136244e-07 3.289680e-01 
6.129604e-01 5.125053e-07 3.327800e-01 
6.128156e-01 5.143601e-07 3.241850e-01 
6.124996e-01 5.099826e-07 3.230310e-01 
6.123438e-01 5.109537e-07 3.248940e-01 
6.124641e-01 5.133388e-07 3.252540e-01 
6.121069e-01 5.099753e-07 3.343090e-01 
6.127498e-01 5.099762e-07 3.289240e-01 
6.112299e-01 5.073028e-07 3.224200e-01 
6.123336e-01 5.108721e-07 3.258770e-01 
6.129196e-01 5.105824e-07 3.255840e-01 
6.123241e-01 5.098624e-07 3.238020e-01 
6.120816e-01 5.075418e-07 3.224180e-01 
6.136306e-01 5.166361e-07 3.258960e-01 
6.129849e-01 5.127126e-07 3.227520e-01 
6.125137e-01 5.117375e-07 3.212600e-01 
6.132647e-01 5.146171e-07 3.378700e-01 
6.121689e-01 5.096521e-07 3.253680e-01 
6.122573e-01 5.100879e-07 3.212030e-01 
6.122026e-01 5.086648e-07 3.346940e-01 
6.144298e-01 5.154370e-07 3.244360e-01 
6.114587e-01 5.098640e-07 3.194870e-01 
6.126831e-01 5.096016e-07 3.311530e-01 
6.121679e-01 5.096456e-07 3.324590e-01 
6.126008e-01 5.104780e-07 3.256660e-01 
6.129601e-01 5.147767e-07 3.340830e-01 
6.143716e-01 5.132985e-07 3.197100e-01 
6.131742e-01 5.130027e-07 3.219190e-01 
6.114199e-01 5.076930e-07 3.253570e-01 
6.130162e-01 5.107185e-07 3.213260e-01 
6.118281e-01 5.091852e-07 3.281980e-01 
6.123028e-01 5.109281e-07 3.562050e-01 
6.131236e-01 5.108543e-07 3.369740e-01 
6.129904e-01 5.149126e-07 3.232100e-01 
6.133984e-01 5.167018e-07 3.286850e-01 
6.138773e-01 5.154627e-07 3.211290e-01 
6.132882e-01 5.126971e-07 3.223170e-01 
6.124396e-01 5.107506e-07 3.396950e-01 
6.122856e-01 5.120116e-07 3.227850e-01 
6.129825e-01 5.116715e-07 3.247630e-01 
6.123099e-01 5.096348e-07 3.235500e-01 
6.126190e-01 5.070675e-07 3.250540e-01 
6.120459e-01 5.109679e-07 3.248720e-01 
6.121391e-01 5.120958e-07 3.213340e-01 
6.132494e-01 5.121957e-07 3.264490e-01 
6.135457e-01 5.124215e-07 3.229120e-01 
6.118469e-01 5.100780e-07 3.277400e-01 
6.136805e-01 5.138107e-07 3.286970e-01 
6.132955e-01 5.102035e-07 3.238590e-01 
6.118513e-01 5.089892e-07 3.238010e-01 
6.114934e-01 5.088066e-07 3.241100e-01 
6.123123e-01 5.097156e-07 3.219470e-01 
6.120562e-01 5.110848e-07 3.329920e-01 
6.133691e-01 5.143116e-07 3.368050e-01 
6.124157e-01 5.126457e-07 3.234320e-01 
6.116538e-01 5.091136e-07 3.231680e-01 
6.115562e-01 5.103161e-07 3.549670e-01 
6.128065e-01 5.115496e-07 3.528800e-01 
6.131342e-01 5.102470e-07 3.218460e-01 
6.128913e-01 5.122684e-07 3.913730e-01 
6.128928e-01 5.082636e-07 3.239680e-01 
6.127317e-01 5.121320e-07 3.278490e-01 
6.129149e-01 5.125679e-07 3.329630e-01 
6.123972e-01 5.107114e-07 3.460060e-01 
6.131568e-01 5.143717e-07 3.241490e-01 
6.131556e-01 5.140656e-07 3.320290e-01 
6.125925e-01 5.137663e-07 3.234010e-01 
6.111970e-01 5.051458e-07 3.290760e-01 
6.126013e-01 5.116435e-07 3.249740e-01 
6.120465e-01 5.083483e-07 3.250590e-01 
6.107208e-01 5.057610e-07 3.235920e-01 
6.128326e-01 5.124538e-07 3.252720e-01 
6.126990e-01 5.098749e-07 3.210180e-01 
6.128037e-01 5.092407e-07 3.244640e-01 
6.130014e-01 5.121755e-07 3.267890e-01 
6.127987e-01 5.110224e-07 3.243430e-01 
6.131234e-01 5.114027e-07 3.271090e-01 
6.113841e-01 5.080771e-07 3.270290e-01 
6.129041e-01 5.121700e-07 3.231620e-01 
6.119255e-01 5.112881e-07 3.249980e-01 
6.133378e-01 5.120444e-07 3.432310e-01 
6.136455e-01 5.142667e-07 3.262560e-01 
6.124933e-01 5.108448e-07 3.391790e-01 
6.118536e-01 5.103129e-07 3.387340e-01 
6.132040e-01 5.103597e-07 3.230150e-01 
6.119748e-01 5.116157e-07 3.247360e-01 
6.133091e-01 5.149147e-07 3.245900e-01 
6.114410e-01 5.066536e-07 3.222630e-01 
6.123479e-01 5.098160e-07 3.232100e-01 
6.134532e-01 5.135757e-07 3.232800e-01 
6.128528e-01 5.112716e-07 3.235840e-01 
6.127769e-01 5.103496e-07 3.264680e-01 
6.137387e-01 5.146245e-07 3.727140e-01 
6.126029e-01 5.117722e-07 3.320500e-01 
6.128285e-01 5.145768e-07 3.220440e-01 
6.121519e-01 5.111315e-07 3.245610e-01 
6.134789e-01 5.122778e-07 3.220610e-01 
6.131176e-01 5.124878e-07 3.240260e-01 
6.127728e-01 5.117334e-07 3.440280e-01 
6.136100e-01 5.144115e-07 3.214510e-01 
6.127791e-01 5.101037e-07 3.197490e-01 
6.130578e-01 5.135084e-07 3.247310e-01 
6.130192e-01 5.146908e-07 3.237820e-01 
6.128760e-01 5.136972e-07 3.195820e-01 
6.138186e-01 5.136270e-07 3.248710e-01 
6.131479e-01 5.110818e-07 3.236650e-01 
6.119453e-01 5.062576e-07 3.213050e-01 
6.129640e-01 5.140498e-07 3.431410e-01 
6.135653e-01 5.120176e-07 3.224780e-01 
6.124912e-01 5.121267e-07 3.208820e-01 
6.137356e-01 5.161740e-07 3.529000e-01 
6.122752e-01 5.113787e-07 3.232090e-01 
6.131178e-01 5.154657e-07 3.223410e-01 
6.139673e-01 5.127947e-07 3.397360e-01 
6.114009e-01 5.110761e-07 3.245710e-01 
6.135405e-01 5.137818e-07 3.240710e-01 
6.117662e-01 5.083380e-07 3.296270e-01 
6.130933e-01 5.125833e-07 3.437430e-01 
6.130428e-01 5.142903e-07 3.222160e-01 
6.131940e-01 5.133843e-07 3.533710e-01 
6.112523e-01 5.096380e-07 3.249330e-01 
6.125187e-01 5.077288e-07 3.243520e-01 
6.125844e-01 5.112274e-07 3.425680e-01 
6.118074e-01 5.111241e-07 3.207850e-01 
6.125707e-01 5.082515e-07 3.243410e-01 
6.128635e-01 5.089567e-07 3.280990e-01 
6.130334e-01 5.130156e-07 3.249340e-01 
6.136693e-01 5.123082e-07 3.384520e-01 
6.130908e-01 5.128718e-07 3.395120e-01 
6.125154e-01 5.095311e-07 3.214310e-01 
6.124580e-01 5.131449e-07 3.258480e-01 
6.134632e-01 5.138987e-07 3.290460e-01 
6.136945e-01 5.173554e-07 3.222310e-01 
6.126442e-01 5.129570e-07 3.214020e-01 
6.125614e-01 5.144395e-07 3.196630e-01 
6.134248e-01 5.128106e-07 3.305410e-01 
6.122489e-01 5.102777e-07 3.244170e-01 
6.138469e-01 5.157024e-07 3.267820e-01 
6.119731e-01 5.078629e-07 3.317400e-01 
6.130813e-01 5.104463e-07 3.230790e-01 
6.128111e-01 5.137402e-07 3.240010e-01 
6.134387e-01 5.138669e-07 3.293910e-01 
6.116416e-01 5.067516e-07 3.239070e-01 
6.118737e-01 5.085150e-07 3.367640e-01 
6.136909e-01 5.153048e-07 3.248930e-01 
6.120322e-01 5.084518e-07 3.195180e-01 
6.108596e-01 5.082515e-07 3.282220e-01 
6.123472e-01 5.088867e-07 3.293250e-01 
6.119343e-01 5.103225e-07 3.236030e-01 
6.131536e-01 5.133237e-07 3.206860e-01 
6.117469e-01 5.089957e-07 3.289170e-01 
6.128061e-01 5.111358e-07 3.238910e-01 
6.143339e-01 5.160790e-07 3.275680e-01 
6.128844e-01 5.109226e-07 3.337420e-01 
6.138080e-01 5.128078e-07 3.245100e-01 
6.143478e-01 5.145210e-07 3.251950e-01 
6.128991e-01 5.138553e-07 3.287510e-01 
6.131830e-01 5.118628e-07 3.263200e-01 
6.127136e-01 5.113071e-07 3.242670e-01 
6.127582e-01 5.102089e-07 3.285190e-01 
6.141412e-01 5.162210e-07 3.197440e-01 
6.120764e-01 5.063413e-07 3.236870e-01 
6.124533e-01 5.098208e-07 3.258970e-01 
6.129475e-01 5.115214e-07 3.247650e-01 
6.123886e-01 5.070200e-07 3.208640e-01 
6.137486e-01 5.129194e-07 3.301250e-01 
6.124186e-01 5.103137e-07 3.241900e-01 
6.117104e-01 5.109362e-07 3.226480e-01 
6.141625e-01 5.147277e-07 3.286140e-01 
6.127297e-01 5.130827e-07 3.219020e-01 
6.113950e-01 5.085283e-07 3.204990e-01 
6.128261e-01 5.119603e-07 3.278680e-01 
6.129721e-01 5.126930e-07 3.218070e-01 
6.113788e-01 5.076992e-07 3.215560e-01 
6.122374e-01 5.092759e-07 3.462080e-01 
6.139763e-01 5.142973e-07 3.266910e-01 
6.125104e-01 5.123106e-07 3.255940e-01 
6.133715e-01 5.150930e-07 3.254320e-01 
6.127626e-01 5.096754e-07 3.227050e-01 
6.123035e-01 5.075849e-07 3.251870e-01 
6.129907e-01 5.104742e-07 3.217560e-01 
6.123682e-01 5.114800e-07 3.247860e-01 
6.121811e-01 5.091576e-07 3.229570e-01 
6.126994e-01 5.117130e-07 3.360430e-01 
6.125796e-01 5.098171e-07 3.366720e-01 
6.132632e-01 5.135133e-07 3.244320e-01 
6.142292e-01 5.153592e-07 3.277030e-01 
6.126304e-01 5.124130e-07 3.222720e-01 
6.127994e-01 5.106380e-07 3.254660e-01 
6.125834e-01 5.086430e-07 3.287600e-01 
6.133548e-01 5.136946e-07 3.248220e-01 
6.132925e-01 5.136806e-07 3.227040e-01 
6.127993e-01 5.116882e-07 3.242260e-01 
6.140848e-01 5.160986e-07 3.251600e-01 
6.131405e-01 5.092311e-07 3.215350e-01 
6.127976e-01 5.144694e-07 3.251810e-01 
6.129617e-01 5.113931e-07 3.296210e-01 
6.117558e-01 5.082368e-07 3.241320e-01 
6.123951e-01 5.108233e-07 3.255180e-01 
6.126904e-01 5.135596e-07 3.276550e-01 
6.138538e-01 5.161192e-07 3.216470e-01 
6.125626e-01 5.122681e-07 3.265160e-01 
6.125774e-01 5.091421e-07 3.246050e-01 
6.125122e-01 5.092960e-07 3.234280e-01 
6.113183e-01 5.095799e-07 3.260710e-01 
6.113788e-01 5.070264e-07 3.362680e-01 
6.134777e-01 5.104515e-07 3.250340e-01 
6.115805e-01 5.081069e-07 3.213760e-01 
6.120015e-01 5.077873e-07 3.261410e-01 
6.128128e-01 5.109120e-07 3.233230e-01 
6.128303e-01 5.126162e-07 3.225480e-01 
6.122725e-01 5.112822e-07 3.254940e-01 
6.132731e-01 5.144641e-07 3.243470e-01 
6.120826e-01 5.092677e-07 3.204440e-01 
6.122305e-01 5.101306e-07 3.445290e-01 
6.125830e-01 5.121187e-07 3.290940e-01 
6.140077e-01 5.143354e-07 3.227230e-01 
6.127821e-01 5.124031e-07 3.315510e-01 
6.121267e-01 5.075804e-07 3.238310e-01 
6.122968e-01 5.098196e-07 3.198320e-01 
6.123855e-01 5.114819e-07 3.332570e-01 
6.132101e-01 5.158416e-07 3.223700e-01 
6.125850e-01 5.109521e-07 3.220130e-01 
6.112366e-01 5.093426e-07 3.254130e-01 
6.123067e-01 5.117189e-07 3.232050e-01 
6.118914e-01 5.114207e-07 3.213340e-01 
6.125825e-01 5.111841e-07 3.229480e-01 
6.128581e-01 5.112090e-07 3.216460e-01 
6.124741e-01 5.129128e-07 3.259430e-01 
6.127310e-01 5.085140e-07 3.244390e-01 
6.127977e-01 5.103193e-07 3.273080e-01 
6.129532e-01 5.131753e-07 3.271510e-01 
6.131999e-01 5.114352e-07 3.225620e-01 
6.130855e-01 5.124212e-07 3.289790e-01 
6.117262e-01 5.092776e-07 3.211290e-01 
6.135316e-01 5.133838e-07 3.226280e-01 
6.127530e-01 5.120123e-07 3.258920e-01 
6.141080e-01 5.161118e-07 3.372760e-01 
6.121308e-01 5.108586e-07 3.729160e-01 
6.135730e-01 5.149073e-07 3.269810e-01 
6.128972e-01 5.123108e-07 3.250890e-01 
6.132686e-01 5.124167e-07 3.314290e-01 
6.121580e-01 5.092710e-07 3.278760e-01 
6.116514e-01 5.065803e-07 3.230800e-01 
6.112059e-01 5.044961e-07 3.392800e-01 
6.130188e-01 5.139381e-07 3.291560e-01 
6.121307e-01 5.126112e-07 3.235130e-01 
6.123971e-01 5.118924e-07 3.228240e-01 
6.124132e-01 5.117206e-07 3.290050e-01 
6.130287e-01 5.134347e-07 3.245200e-01 
6.139822e-01 5.160518e-07 3.264070e-01 
6.135234e-01 5.132981e-07 3.226690e-01 
6.141466e-01 5.127204e-07 3.218640e-01 
6.132907e-01 5.111087e-07 3.250170e-01 
6.125760e-01 5.115750e-07 3.309690e-01 
6.139207e-01 5.117992e-07 3.283200e-01 
6.129256e-01 5.140871e-07 3.390930e-01 
6.120734e-01 5.086557e-07 3.290030e-01 
6.123552e-01 5.148175e-07 3.262060e-01 
6.128499e-01 5.121186e-07 3.290140e-01 
6.119826e-01 5.099404e-07 3.377970e-01 
6.130110e-01 5.120709e-07 3.266630e-01 
6.131598e-01 5.150459e-07 3.237100e-01 
6.119715e-01 5.083017e-07 3.914000e-01 
6.122814e-01 5.049151e-07 3.209290e-01 
6.131981e-01 5.110549e-07 3.968420e-01 
6.121031e-01 5.074686e-07 3.342510e-01 
6.130795e-01 5.125763e-07 3.597080e-01 
6.133562e-01 5.158537e-07 3.531600e-01 
6.136605e-01 5.136597e-07 3.214040e-01 
6.131938e-01 5.129335e-07 3.242340e-01 
6.139215e-01 5.151087e-07 3.231500e-01 
6.140379e-01 5.125961e-07 3.243270e-01 
6.126340e-01 5.106042e-07 3.308020e-01 
6.138322e-01 5.150191e-07 3.377620e-01 
6.117339e-01 5.097008e-07 3.235710e-01 
6.110600e-01 5.015994e-07 3.273790e-01 
6.126031e-01 5.106068e-07 3.220660e-01 
6.128120e-01 5.107419e-07 3.309500e-01 
6.135374e-01 5.113759e-07 3.218580e-01 
6.132069e-01 5.126999e-07 3.360380e-01 
6.131054e-01 5.112337e-07 3.276510e-01 
6.122463e-01 5.082113e-07 3.222070e-01 
6.122836e-01 5.067675e-07 3.229780e-01 
6.126251e-01 5.117815e-07 3.374590e-01 
6.119376e-01 5.085308e-07 3.244680e-01 
6.124830e-01 5.096578e-07 3.191480e-01 
6.119669e-01 5.073035e-07 3.235010e-01 
6.122570e-01 5.108375e-07 3.208940e-01 
6.114050e-01 5.094980e-07 3.291050e-01 
6.118587e-01 5.075055e-07 3.862120e-01 
6.126125e-01 5.099928e-07 3.210970e-01 
6.135982e-01 5.130847e-07 3.275870e-01 
6.125670e-01 5.087310e-07 3.322490e-01 
6.119401e-01 5.102153e-07 3.214390e-01 
6.136744e-01 5.104188e-07 3.275660e-01 
6.132527e-01 5.090068e-07 3.262040e-01 
6.137981e-01 5.136231e-07 3.386520e-01 
6.124077e-01 5.112489e-07 3.232740e-01 
6.123943e-01 5.096632e-07 3.258120e-01 
6.131297e-01 5.111997e-07 3.247360e-01 
6.127303e-01 5.133849e-07 3.211110e-01 
6.127854e-01 5.143924e-07 3.229460e-01 
6.134337e-01 5.137889e-07 3.226060e-01 
6.139419e-01 5.124213e-07 3.365240e-01 
6.124297e-01 5.110653e-07 3.364950e-01 
6.112550e-01 5.066208e-07 3.250820e-01 
6.120930e-01 5.090097e-07 3.244260e-01 
6.115396e-01 5.089097e-07 3.276180e-01 
6.126747e-01 5.136442e-07 3.231960e-01 
6.115589e-01 5.067753e-07 3.347210e-01 
6.133647e-01 5.146000e-07 3.361020e-01 
6.128170e-01 5.091635e-07 3.229190e-01 
6.131320e-01 5.173849e-07 3.229760e-01 
6.131731e-01 5.149161e-07 3.234420e-01 
6.115810e-01 5.100456e-07 3.226670e-01 
6.115750e-01 5.080324e-07 3.198100e-01 
6.122305e-01 5.114523e-07 3.229860e-01 
6.124410e-01 5.102870e-07 3.205490e-01 
6.121243e-01 5.109965e-07 3.193130e-01 
6.113028e-01 5.105734e-07 3.406090e-01 
6.119756e-01 5.094678e-07 3.227510e-01 
6.149848e-01 5.183112e-07 3.211210e-01 
6.132362e-01 5.137937e-07 3.297190e-01 
6.131138e-01 5.135394e-07 3.197210e-01 
6.121947e-01 5.078270e-07 3.250270e-01 
6.141924e-01 5.148781e-07 3.482290e-01 
6.135344e-01 5.130897e-07 3.209450e-01 
6.119539e-01 5.111818e-07 3.227920e-01 
6.136495e-01 5.121554e-07 3.358360e-01 
6.124026e-01 5.131071e-07 3.239340e-01 
6.122880e-01 5.127860e-07 3.242090e-01 
6.121007e-01 5.081959e-07 3.221660e-01 
6.127251e-01 5.119966e-07 3.219930e-01 
6.128515e-01 5.117457e-07 3.266900e-01 
6.119190e-01 5.088391e-07 3.298680e-01 
6.114791e-01 5.088488e-07 3.256750e-01 
6.139102e-01 5.165555e-07 3.302420e-01 
6.131225e-01 5.120772e-07 3.238560e-01 
6.124735e-01 5.116933e-07 3.291500e-01 
6.127247e-01 5.111524e-07 3.213960e-01 
6.136047e-01 5.138693e-07 3.326290e-01 
6.126314e-01 5.121655e-07 3.282330e-01 
6.129005e-01 5.118062e-07 3.241710e-01 
6.130370e-01 5.118436e-07 3.209450e-01 
6.121059e-01 5.137531e-07 3.273080e-01 
6.139107e-01 5.143769e-07 3.239510e-01 
6.122538e-01 5.112627e-07 3.224170e-01 
6.118882e-01 5.104336e-07 3.229450e-01 
6.131188e-01 5.117279e-07 3.251680e-01 
6.133007e-01 5.136045e-07 3.258930e-01 
6.124134e-01 5.116001e-07 3.320780e-01 
6.125342e-01 5.134395e-07 3.230650e-01 
6.138360e-01 5.109324e-07 3.256470e-01 
6.141877e-01 5.155240e-07 3.242480e-01 
6.121679e-01 5.090430e-07 3.216990e-01 
6.124371e-01 5.077714e-07 3.293700e-01 
6.135347e-01 5.129013e-07 3.322870e-01 
6.125090e-01 5.082548e-07 3.218130e-01 
6.120985e-01 5.072042e-07 3.227970e-01 
6.122102e-01 5.095089e-07 3.262720e-01 
6.134891e-01 5.138974e-07 3.217770e-01 
6.118314e-01 5.095767e-07 3.206140e-01 
6.135198e-01 5.136240e-07 3.303110e-01 
6.120789e-01 5.091990e-07 3.220210e-01 
6.132103e-01 5.123077e-07 3.248200e-01 
6.138964e-01 5.150209e-07 3.409080e-01 
6.125744e-01 5.130557e-07 3.261090e-01 
6.129420e-01 5.087722e-07 3.250200e-01 
6.139282e-01 5.150412e-07 3.315670e-01 
6.113348e-01 5.045639e-07 3.265160e-01 
6.123604e-01 5.100324e-07 3.240950e-01 
6.119907e-01 5.112469e-07 3.450490e-01 
6.127826e-01 5.126712e-07 3.251300e-01 
6.133688e-01 5.125251e-07 3.250530e-01 
6.131996e-01 5.141340e-07 3.325230e-01 
6.126198e-01 5.143163e-07 3.228480e-01 
6.132181e-01 5.114888e-07 3.255320e-01 
6.120098e-01 5.085298e-07 3.247720e-01 
6.122779e-01 5.125754e-07 3.201010e-01 
6.128282e-01 5.092456e-07 3.259190e-01 
6.120543e-01 5.090181e-07 3.392130e-01 
6.119905e-01 5.099152e-07 3.186820e-01 
6.117511e-01 5.085838e-07 3.241250e-01 
6.124683e-01 5.135958e-07 3.224180e-01 
6.122461e-01 5.077716e-07 3.275920e-01 
6.123884e-01 5.108697e-07 3.238410e-01 
6.121895e-01 5.119625e-07 3.332610e-01 
6.130252e-01 5.126612e-07 3.261790e-01 
6.128865e-01 5.123795e-07 3.243420e-01 
6.119758e-01 5.117561e-07 3.230920e-01 
6.117859e-01 5.069328e-07 3.335510e-01 
6.116749e-01 5.067722e-07 3.234210e-01 
6.121020e-01 5.097401e-07 3.212170e-01 
6.126465e-01 5.093396e-07 3.260180e-01 
6.133511e-01 5.137340e-07 3.251880e-01 
6.128722e-01 5.117627e-07 3.294210e-01 
6.130026e-01 5.096526e-07 3.588830e-01 
6.135074e-01 5.126549e-07 3.228420e-01 
6.127656e-01 5.120202e-07 3.238910e-01 
6.126253e-01 5.092555e-07 3.331920e-01 
6.112617e-01 5.074535e-07 3.216450e-01 
6.122575e-01 5.108179e-07 3.405540e-01 
6.122401e-01 5.087580e-07 3.267490e-01 
6.116292e-01 5.087029e-07 3.245100e-01 
6.125404e-01 5.115492e-07 3.227070e-01 
6.120199e-01 5.112265e-07 3.252770e-01 
6.118404e-01 5.091247e-07 3.230510e-01 
6.097644e-01 5.038962e-07 3.218860e-01 
6.135097e-01 5.139874e-07 3.276320e-01 
6.126408e-01 5.116421e-07 3.263170e-01 
6.133722e-01 5.142919e-07 3.253700e-01 
6.117368e-01 5.085728e-07 3.450450e-01 
6.110510e-01 5.096144e-07 3.262330e-01 
6.131179e-01 5.111167e-07 3.214950e-01 
6.127940e-01 5.121100e-07 3.240000e-01 
6.123315e-01 5.130858e-07 3.241600e-01 
6.108675e-01 5.071881e-07 3.314740e-01 
6.123868e-01 5.132493e-07 3.306940e-01 
6.133949e-01 5.155122e-07 3.231950e-01 
6.119257e-01 5.128061e-07 3.247360e-01 
6.121866e-01 5.098012e-07 3.305670e-01 
6.114567e-01 5.068995e-07 3.245870e-01 
6.119815e-01 5.092222e-07 3.227850e-01 
6.136787e-01 5.154115e-07 3.250240e-01 
6.118076e-01 5.115080e-07 3.222590e-01 
6.120348e-01 5.103761e-07 3.258690e-01 
6.120459e-01 5.087837e-07 3.421200e-01 
6.131272e-01 5.114306e-07 3.218780e-01 
6.122230e-01 5.108634e-07 3.361120e-01 
6.121286e-01 5.078820e-07 3.243020e-01 
6.142694e-01 5.158111e-07 3.236530e-01 
6.120534e-01 5.100613e-07 3.214770e-01 
6.115581e-01 5.073384e-07 3.474370e-01 
6.132435e-01 5.127629e-07 3.232870e-01 
6.126387e-01 5.102241e-07 3.229800e-01 
6.121940e-01 5.132305e-07 3.229260e-01 
6.143298e-01 5.130154e-07 3.200500e-01 
6.124021e-01 5.112187e-07 3.265070e-01 
6.133869e-01 5.128007e-07 3.244460e-01 
6.123726e-01 5.113182e-07 3.211490e-01 
6.119104e-01 5.087020e-07 3.231870e-01 
6.120232e-01 5.092692e-07 3.453160e-01 
6.132432e-01 5.093495e-07 3.215570e-01 
6.120478e-01 5.105672e-07 3.236340e-01 
6.117545e-01 5.084924e-07 3.211460e-01 
6.121414e-01 5.095602e-07 3.273820e-01 
6.134073e-01 5.149294e-07 3.229280e-01 
6.133531e-01 5.121060e-07 3.282190e-01 
6.128780e-01 5.126918e-07 3.282500e-01 
6.109486e-01 5.065512e-07 3.255270e-01 
6.123047e-01 5.081552e-07 3.220750e-01 
6.132944e-01 5.147581e-07 3.330400e-01 
6.129367e-01 5.109662e-07 3.217990e-01 
6.130632e-01 5.122765e-07 3.246400e-01 
6.116453e-01 5.067826e-07 3.252730e-01 
6.119590e-01 5.104013e-07 3.258760e-01 
6.124412e-01 5.111456e-07 3.284720e-01 
6.112957e-01 5.099802e-07 3.315660e-01 
6.120374e-01 5.110769e-07 3.226350e-01 
6.126099e-01 5.121857e-07 3.222190e-01 
6.127872e-01 5.080702e-07 3.329140e-01 
6.127772e-01 5.131335e-07 3.232820e-01 
6.129341e-01 5.119664e-07 3.287090e-01 
6.120941e-01 5.128259e-07 3.281970e-01 
6.111526e-01 5.074326e-07 3.266430e-01 
6.126365e-01 5.114766e-07 3.258140e-01 
6.110867e-01 5.089012e-07 3.261620e-01 
6.109338e-01 5.076936e-07 3.282540e-01 
6.128794e-01 5.126790e-07 3.265050e-01 
6.127854e-01 5.125442e-07 3.279530e-01 
6.140803e-01 5.156085e-07 3.236150e-01 
6.124360e-01 5.120699e-07 3.350450e-01 
6.132520e-01 5.111844e-07 3.335850e-01 
6.118661e-01 5.069900e-07 3.237900e-01 
6.120260e-01 5.134748e-07 3.274210e-01 
6.114657e-01 5.073313e-07 3.266330e-01 
6.131123e-01 5.125625e-07 3.285800e-01 
6.121300e-01 5.071714e-07 3.252460e-01 
6.123322e-01 5.059422e-07 3.329480e-01 
6.127717e-01 5.116588e-07 3.254000e-01 
6.133019e-01 5.136569e-07 3.235290e-01 
6.137338e-01 5.157332e-07 3.301860e-01 
6.127869e-01 5.094944e-07 3.271080e-01 
6.127983e-01 5.103729e-07 3.221890e-01 
6.130129e-01 5.091236e-07 3.239870e-01 
6.125443e-01 5.122616e-07 3.235430e-01 
6.131970e-01 5.105690e-07 3.239400e-01 
6.123458e-01 5.119116e-07 3.502800e-01 
6.129737e-01 5.131955e-07 3.253050e-01 
6.126477e-01 5.142104e-07 3.283410e-01 
6.135564e-01 5.131817e-07 3.266970e-01 
6.140152e-01 5.132985e-07 3.243300e-01 
6.129194e-01 5.122302e-07 3.241250e-01 
6.116761e-01 5.126775e-07 4.124860e-01 
6.118807e-01 5.095706e-07 3.253530e-01 
6.117492e-01 5.074980e-07 3.243710e-01 
6.120411e-01 5.113992e-07 3.318320e-01 
6.123997e-01 5.106081e-07 3.241090e-01 
6.124329e-01 5.110401e-07 3.197790e-01 
6.133147e-01 5.134288e-07 3.238240e-01 
6.130448e-01 5.123587e-07 3.199950e-01 
6.128309e-01 5.082977e-07 3.242140e-01 
6.134328e-01 5.125043e-07 3.448010e-01 
6.122744e-01 5.104657e-07 3.221710e-01 
6.125800e-01 5.112374e-07 3.263900e-01 
6.127466e-01 5.090576e-07 3.264410e-01 
6.103744e-01 5.080791e-07 3.212720e-01 
6.109414e-01 5.089337e-07 3.244640e-01 
6.125360e-01 5.099864e-07 3.406630e-01 
6.122692e-01 5.086471e-07 3.255950e-01 
6.127657e-01 5.121062e-07 3.217060e-01 
6.131751e-01 5.071363e-07 3.253880e-01 
6.139817e-01 5.157999e-07 3.238720e-01 
6.137346e-01 5.143268e-07 3.259370e-01 
6.121750e-01 5.106014e-07 3.222360e-01 
6.129700e-01 5.148339e-07 3.270160e-01 
6.106973e-01 5.088356e-07 3.243810e-01 
6.118260e-01 5.110597e-07 3.299250e-01 
6.130006e-01 5.150732e-07 3.361530e-01 
6.133516e-01 5.139919e-07 3.247620e-01 
6.119321e-01 5.091903e-07 3.225960e-01 
6.117714e-01 5.116438e-07 3.297970e-01 
6.115660e-01 5.087645e-07 3.215320e-01 
6.120378e-01 5.094057e-07 3.372400e-01 
6.122687e-01 5.114728e-07 3.249430e-01 
6.132131e-01 5.128817e-07 3.242890e-01 
6.140128e-01 5.137503e-07 3.205720e-01 
6.136527e-01 5.115706e-07 3.289970e-01 
6.120787e-01 5.113675e-07 3.222340e-01 
6.143329e-01 5.156414e-07 3.235870e-01 
6.121372e-01 5.058951e-07 3.263500e-01 
6.115055e-01 5.079846e-07 3.251220e-01 
6.133871e-01 5.134290e-07 3.270460e-01 
6.121386e-01 5.094470e-07 3.306010e-01 
6.128224e-01 5.124706e-07 3.228810e-01 
6.124940e-01 5.113068e-07 3.226110e-01 
6.138975e-01 5.137282e-07 3.282310e-01 
6.124924e-01 5.116909e-07 3.224480e-01 
6.137626e-01 5.143678e-07 3.337180e-01 
6.126757e-01 5.097957e-07 3.376240e-01 
6.124509e-01 5.082834e-07 3.228160e-01 
6.118063e-01 5.113751e-07 3.246250e-01 
6.122376e-01 5.110632e-07 3.247980e-01 
6.130740e-01 5.114978e-07 3.234830e-01 
6.133564e-01 5.153593e-07 3.226250e-01 
6.127855e-01 5.109890e-07 3.259430e-01 
6.127669e-01 5.124899e-07 3.277510e-01 
6.125195e-01 5.099723e-07 3.212390e-01 
6.133563e-01 5.112913e-07 3.451760e-01 
6.129550e-01 5.122844e-07 3.796180e-01 
6.132249e-01 5.147955e-07 3.443630e-01 
6.128236e-01 5.101347e-07 3.245120e-01 
6.120860e-01 5.116391e-07 3.197340e-01 
6.124503e-01 5.122017e-07 3.303100e-01 
6.113332e-01 5.066533e-07 3.389070e-01 
6.119915e-01 5.100348e-07 3.246230e-01 
6.109143e-01 5.099285e-07 3.218200e-01 
6.110914e-01 5.088797e-07 3.387800e-01 
6.135443e-01 5.131214e-07 3.272800e-01 
6.122761e-01 5.120219e-07 3.263810e-01 
6.125641e-01 5.103423e-07 3.305240e-01 
6.130005e-01 5.134748e-07 3.294910e-01 
6.122733e-01 5.115627e-07 3.217940e-01 
6.128221e-01 5.125269e-07 3.479500e-01 
6.121171e-01 5.086041e-07 3.252500e-01 
6.122612e-01 5.133491e-07 3.250220e-01 
6.125406e-01 5.145360e-07 3.266720e-01 
6.111577e-01 5.082280e-07 3.227460e-01 
6.120985e-01 5.108398e-07 3.211450e-01 
6.114273e-01 5.070033e-07 3.342990e-01 
6.119584e-01 5.085501e-07 3.287040e-01 
6.123312e-01 5.077911e-07 3.213720e-01 
6.119044e-01 5.093319e-07 3.365380e-01 
6.124040e-01 5.083797e-07 3.214310e-01 
6.127048e-01 5.084736e-07 3.776760e-01 
6.129336e-01 5.140921e-07 3.425240e-01 
6.123448e-01 5.125231e-07 3.411790e-01 
6.124996e-01 5.090452e-07 3.647370e-01 
6.108501e-01 5.030087e-07 3.357780e-01 
6.124858e-01 5.092960e-07 3.903010e-01 
6.127554e-01 5.101928e-07 3.208760e-01 
6.124992e-01 5.071184e-07 3.250080e-01 
6.130216e-01 5.144034e-07 3.294670e-01 
6.122595e-01 5.098288e-07 3.282410e-01 
6.130004e-01 5.122165e-07 3.355360e-01 
6.125894e-01 5.126155e-07 3.238600e-01 
6.128561e-01 5.143036e-07 3.227400e-01 
6.131180e-01 5.118552e-07 3.243100e-01 
6.115920e-01 5.059959e-07 3.225950e-01 
6.112862e-01 5.083763e-07 3.231040e-01 
6.122968e-01 5.090685e-07 3.240230e-01 
6.120365e-01 5.126819e-07 3.216120e-01 
6.115910e-01 5.058869e-07 3.212810e-01 
6.123587e-01 5.078197e-07 3.355240e-01 
6.132298e-01 5.149028e-07 3.471650e-01 
6.133540e-01 5.104331e-07 3.224380e-01 
6.124707e-01 5.083388e-07 3.234370e-01 
6.136174e-01 5.149398e-07 3.231800e-01 
6.136119e-01 5.123933e-07 3.214660e-01 
6.129074e-01 5.152101e-07 3.370280e-01 
6.126112e-01 5.100244e-07 3.266590e-01 
6.130928e-01 5.105858e-07 3.190740e-01 
6.120184e-01 5.096045e-07 3.256980e-01 
6.123810e-01 5.096938e-07 3.204160e-01 
6.129221e-01 5.098171e-07 3.351280e-01 
6.139889e-01 5.141098e-07 3.244790e-01 
6.134591e-01 5.112367e-07 3.232030e-01 
6.132998e-01 5.115476e-07 3.249860e-01 
6.140173e-01 5.131311e-07 3.442750e-01 
6.120297e-01 5.103757e-07 3.233660e-01 
6.120318e-01 5.104355e-07 3.219710e-01 
6.125264e-01 5.130612e-07 3.345360e-01 
6.125327e-01 5.123316e-07 3.248110e-01 
6.139842e-01 5.166108e-07 3.206440e-01 
6.124088e-01 5.097137e-07 3.343680e-01 
6.128749e-01 5.133467e-07 3.194310e-01 
6.120549e-01 5.098576e-07 3.240440e-01 
6.113138e-01 5.077031e-07 3.243310e-01 
6.123349e-01 5.111661e-07 3.282120e-01 
6.129380e-01 5.110243e-07 3.268320e-01 
6.144881e-01 5.131621e-07 3.273200e-01 
6.122618e-01 5.098717e-07 3.286510e-01 
6.114725e-01 5.052025e-07 3.225610e-01 
6.129479e-01 5.091222e-07 3.283460e-01 
6.135323e-01 5.136101e-07 3.249620e-01 
6.134075e-01 5.131178e-07 3.265110e-01 
6.132612e-01 5.122978e-07 3.210410e-01 
6.112985e-01 5.055267e-07 3.267110e-01 
6.121653e-01 5.084858e-07 3.263420e-01 
6.129381e-01 5.115440e-07 3.251910e-01 
6.128751e-01 5.102523e-07 3.297090e-01 
6.128107e-01 5.130308e-07 3.216510e-01 
6.134281e-01 5.165781e-07 3.223310e-01 
6.129598e-01 5.107834e-07 3.255150e-01 
6.124072e-01 5.109713e-07 3.238870e-01 
6.131608e-01 5.143086e-07 3.216200e-01 
6.120890e-01 5.112612e-07 3.270020e-01 
6.117162e-01 5.075677e-07 3.264570e-01 
6.138219e-01 5.156027e-07 3.263570e-01 
6.128536e-01 5.116880e-07 3.368920e-01 
6.130471e-01 5.111097e-07 3.228740e-01 
6.131471e-01 5.121909e-07 3.295710e-01 
6.110280e-01 5.082223e-07 3.292780e-01 
6.119471e-01 5.092298e-07 3.240830e-01 
6.117912e-01 5.079438e-07 3.232770e-01 
6.106416e-01 5.055711e-07 3.301840e-01 
6.125347e-01 5.102819e-07 3.208680e-01 
6.124585e-01 5.100613e-07 3.236290e-01 
6.128178e-01 5.132726e-07 3.315130e-01 
6.118444e-01 5.101363e-07 3.226090e-01 
6.121578e-01 5.108800e-07 3.207350e-01 
6.120339e-01 5.119918e-07 3.251830e-01 
6.119216e-01 5.065502e-07 3.210000e-01 
6.111759e-01 5.077709e-07 3.193250e-01 
6.123300e-01 5.119615e-07 3.352550e-01 
6.115755e-01 5.094215e-07 3.218730e-01 
6.125596e-01 5.101629e-07 3.230060e-01 
6.124620e-01 5.099924e-07 3.314020e-01 
6.117363e-01 5.098337e-07 3.202670e-01 
6.122574e-01 5.118609e-07 3.236980e-01 
6.130859e-01 5.156532e-07 3.265510e-01 
6.125711e-01 5.114943e-07 3.288850e-01 
6.128646e-01 5.088395e-07 3.249740e-01 
6.119424e-01 5.109194e-07 3.195670e-01 
6.128006e-01 5.094542e-07 3.324210e-01 
6.131608e-01 5.115385e-07 3.225700e-01 
6.126328e-01 5.107081e-07 3.234830e-01 
6.124953e-01 5.108387e-07 3.234370e-01 
6.133935e-01 5.118589e-07 3.232900e-01 
6.138295e-01 5.151419e-07 3.396760e-01 
6.118378e-01 5.100142e-07 3.300760e-01 
6.127178e-01 5.089982e-07 3.210960e-01 
6.126387e-01 5.113977e-07 3.253130e-01 
6.121698e-01 5.103109e-07 3.214760e-01 
6.123015e-01 5.071789e-07 3.242580e-01 
6.125415e-01 5.104947e-07 3.263470e-01 
6.125615e-01 5.149171e-07 3.339440e-01 
6.136828e-01 5.160948e-07 3.240600e-01 
6.142709e-01 5.152661e-07 3.218990e-01 
6.129538e-01 5.126117e-07 3.450670e-01 
6.120775e-01 5.072355e-07 3.201380e-01 
6.122462e-01 5.090164e-07 3.217790e-01 
6.135225e-01 5.129898e-07 3.212650e-01 
6.135370e-01 5.125285e-07 3.222000e-01 
6.120705e-01 5.082925e-07 3.234420e-01 
6.128515e-01 5.088270e-07 3.384890e-01 
6.126856e-01 5.096761e-07 3.214670e-01 
6.133252e-01 5.122558e-07 3.237970e-01 
6.127194e-01 5.116949e-07 3.250610e-01 
6.122405e-01 5.114067e-07 3.241850e-01 
6.129212e-01 5.140603e-07 3.226490e-01 
6.130442e-01 5.135609e-07 3.369040e-01 
6.133188e-01 5.120996e-07 3.222900e-01 
6.112161e-01 5.093566e-07 3.240160e-01 
6.131791e-01 5.137031e-07 3.264860e-01 
6.121034e-01 5.125967e-07 3.236790e-01 
6.124023e-01 5.099642e-07 3.221640e-01 
6.122480e-01 5.132007e-07 3.304410e-01 
6.132833e-01 5.135130e-07 3.221610e-01 
6.119980e-01 5.097139e-07 3.225620e-01 
6.137958e-01 5.150953e-07 3.673210e-01 
6.129067e-01 5.108631e-07 3.498890e-01 
6.132729e-01 5.128301e-07 3.224800e-01 
6.134755e-01 5.134366e-07 3.224690e-01 
6.127550e-01 5.140193e-07 3.225400e-01 
6.129844e-01 5.150628e-07 3.205980e-01 
6.130048e-01 5.127120e-07 3.346250e-01 
6.134079e-01 5.126376e-07 3.255990e-01 
6.137748e-01 5.153908e-07 3.214720e-01 
6.129414e-01 5.134742e-07 3.247600e-01 
6.119679e-01 5.067106e-07 3.207000e-01 
6.127337e-01 5.116692e-07 3.226540e-01 
6.132485e-01 5.118627e-07 3.255540e-01 
6.123573e-01 5.104939e-07 3.198350e-01 
6.121030e-01 5.086690e-07 3.217320e-01 
6.120955e-01 5.078714e-07 3.374660e-01 
6.125292e-01 5.107119e-07 3.230220e-01 
6.120890e-01 5.081816e-07 3.240270e-01 
6.114446e-01 5.114578e-07 3.249540e-01 
6.121059e-01 5.122361e-07 3.258180e-01 
6.129969e-01 5.128516e-07 3.259700e-01 
6.125095e-01 5.120942e-07 3.322340e-01 
6.119539e-01 5.095667e-07 3.328850e-01 
6.129235e-01 5.110523e-07 3.238680e-01 
6.128438e-01 5.107530e-07 3.210180e-01 
6.140393e-01 5.158968e-07 3.246280e-01 
6.140700e-01 5.145382e-07 3.268730e-01 
6.132242e-01 5.129788e-07 3.241790e-01 
6.129509e-01 5.141371e-07 3.238320e-01 
6.118718e-01 5.099659e-07 3.264060e-01 
6.124911e-01 5.100031e-07 3.250320e-01 
6.136372e-01 5.130786e-07 3.290060e-01 
6.124468e-01 5.118870e-07 3.203080e-01 
6.125249e-01 5.153330e-07 3.227250e-01 
6.127799e-01 5.125229e-07 3.259690e-01 
6.134975e-01 5.127626e-07 3.272940e-01 
6.133467e-01 5.112458e-07 3.261490e-01 
6.130316e-01 5.109554e-07 3.301970e-01 
6.142395e-01 5.166088e-07 3.225260e-01 
6.139250e-01 5.139329e-07 3.281860e-01 
6.131674e-01 5.097765e-07 3.222150e-01 
6.136799e-01 5.138940e-07 3.251600e-01 
6.131641e-01 5.136988e-07 3.231720e-01 
6.123836e-01 5.072041e-07 3.222200e-01 
6.119257e-01 5.066210e-07 3.230910e-01 
6.120316e-01 5.096454e-07 3.231000e-01 
6.130448e-01 5.133680e-07 3.378480e-01 
6.117148e-01 5.072192e-07 3.211690e-01 
6.133858e-01 5.122726e-07 3.211360e-01 
6.134553e-01 5.134089e-07 3.321100e-01 
6.119240e-01 5.112412e-07 3.215450e-01 
6.126394e-01 5.097292e-07 3.215400e-01 
6.126329e-01 5.114588e-07 4.083820e-01 
6.132029e-01 5.105895e-07 3.207400e-01 
6.113991e-01 5.078510e-07 3.240680e-01 
6.125798e-01 5.124800e-07 3.266000e-01 
6.137354e-01 5.144094e-07 3.230320e-01 
6.132410e-01 5.141876e-07 3.210200e-01 
6.118988e-01 5.093751e-07 3.262470e-01 
6.132903e-01 5.119743e-07 3.246160e-01 
6.126860e-01 5.128581e-07 3.217510e-01 
6.123746e-01 5.085482e-07 3.374490e-01 
6.130408e-01 5.112199e-07 3.233010e-01 
6.119492e-01 5.102084e-07 3.281940e-01 
6.130751e-01 5.133098e-07 3.270600e-01 
6.120337e-01 5.111806e-07 3.230440e-01 
6.123848e-01 5.124118e-07 3.235170e-01 
6.119610e-01 5.107439e-07 3.426970e-01 
6.125890e-01 5.106002e-07 3.205420e-01 
6.121450e-01 5.124895e-07 3.231070e-01 
6.117193e-01 5.066174e-07 3.250210e-01 
6.117944e-01 5.106046e-07 3.207530e-01 
6.133181e-01 5.134647e-07 3.229500e-01 
6.111523e-01 5.111331e-07 3.192790e-01 
6.123840e-01 5.090171e-07 3.250930e-01 
6.122843e-01 5.099528e-07 3.235670e-01 
6.129273e-01 5.140010e-07 3.258720e-01 
6.124451e-01 5.113217e-07 3.965210e-01 
6.123030e-01 5.104858e-07 3.264850e-01 
6.112291e-01 5.098008e-07 3.606940e-01 
6.115072e-01 5.055131e-07 3.627900e-01 
6.130924e-01 5.099801e-07 3.211440e-01 
6.131151e-01 5.117029e-07 3.950470e-01 
6.137674e-01 5.165770e-07 3.253570e-01 
6.135389e-01 5.138646e-07 3.241240e-01 
6.134802e-01 5.133131e-07 3.317990e-01 
6.116269e-01 5.088973e-07 3.254890e-01 
6.128847e-01 5.131959e-07 3.245060e-01 
6.136117e-01 5.136780e-07 3.257730e-01 
6.129802e-01 5.116796e-07 3.213280e-01 
6.126387e-01 5.112381e-07 3.237180e-01 
6.134569e-01 5.135674e-07 3.376560e-01 
6.118583e-01 5.085355e-07 3.259030e-01 
6.126480e-01 5.098119e-07 3.308980e-01 
6.140942e-01 5.141295e-07 3.273340e-01 
6.126800e-01 5.112514e-07 3.227760e-01 
6.129125e-01 5.106241e-07 3.250870e-01 
6.139780e-01 5.138776e-07 3.452520e-01 
6.120808e-01 5.099056e-07 3.253210e-01 
6.136403e-01 5.126822e-07 3.235650e-01 
6.150503e-01 5.167135e-07 3.296020e-01 
6.140528e-01 5.162230e-07 3.248050e-01 
6.135797e-01 5.147120e-07 3.233620e-01 
6.134251e-01 5.134910e-07 3.232860e-01 
6.131328e-01 5.107007e-07 3.267910e-01 
6.129325e-01 5.107149e-07 3.250730e-01 
6.124944e-01 5.108665e-07 3.398760e-01 
6.125315e-01 5.113313e-07 3.261030e-01 
6.122376e-01 5.112732e-07 3.242020e-01 
6.122982e-01 5.098569e-07 3.239970e-01 
6.131959e-01 5.124768e-07 3.290320e-01 
6.130964e-01 5.106775e-07 3.217640e-01 
6.127332e-01 5.115198e-07 3.303330e-01 
6.135658e-01 5.142524e-07 3.309280e-01 
6.125790e-01 5.099098e-07 3.225890e-01 
6.113935e-01 5.072997e-07 3.221420e-01 
6.123764e-01 5.136875e-07 3.268800e-01 
6.134484e-01 5.138381e-07 3.225190e-01 
6.140227e-01 5.149633e-07 3.403500e-01 
6.129019e-01 5.133751e-07 3.255130e-01 
6.128719e-01 5.132096e-07 3.230500e-01 
6.115364e-01 5.068840e-07 3.367020e-01 
6.126706e-01 5.137347e-07 3.723720e-01 
6.129946e-01 5.131530e-07 3.240600e-01 
6.130834e-01 5.096044e-07 3.233350e-01 
6.133115e-01 5.170058e-07 3.337000e-01 
6.132120e-01 5.102722e-07 3.198130e-01 
6.126294e-01 5.103541e-07 3.241720e-01 
6.130663e-01 5.124866e-07 3.235390e-01 
6.126840e-01 5.115082e-07 3.249920e-01 
6.129489e-01 5.134790e-07 3.223580e-01 
6.117857e-01 5.096714e-07 3.215070e-01 
6.127325e-01 5.102004e-07 3.220550e-01 
6.137863e-01 5.138383e-07 3.210410e-01 
6.126528e-01 5.084773e-07 3.279750e-01 
6.117936e-01 5.096829e-07 3.221600e-01 
6.131735e-01 5.129125e-07 3.225560e-01 
6.139281e-01 5.125964e-07 3.284710e-01 
6.117265e-01 5.064496e-07 3.234870e-01 
6.121439e-01 5.088202e-07 3.213120e-01 
6.123956e-01 5.099999e-07 3.304050e-01 
6.133865e-01 5.134936e-07 3.232050e-01 
6.133673e-01 5.128242e-07 3.213700e-01 
6.124265e-01 5.102759e-07 3.404720e-01 
6.134756e-01 5.152860e-07 3.205480e-01 
6.126816e-01 5.119736e-07 3.201080e-01 
6.132994e-01 5.141572e-07 3.239510e-01 
6.123449e-01 5.073497e-07 3.202080e-01 
6.127047e-01 5.108050e-07 3.195340e-01 
6.133109e-01 5.116598e-07 3.251590e-01 
6.133478e-01 5.127117e-07 3.203300e-01 
6.136469e-01 5.152988e-07 3.242620e-01 
6.118586e-01 5.092004e-07 3.360750e-01 
6.129459e-01 5.130083e-07 3.231430e-01 
6.127234e-01 5.121458e-07 3.277080e-01 
6.124991e-01 5.131746e-07 3.331550e-01 
6.118935e-01 5.126508e-07 3.215240e-01 
6.121516e-01 5.102502e-07 3.221290e-01 
6.126838e-01 5.130221e-07 3.275000e-01 
6.125749e-01 5.116763e-07 3.264080e-01 
6.125079e-01 5.110036e-07 3.218990e-01 
6.132201e-01 5.108406e-07 3.205310e-01 
6.133044e-01 5.136398e-07 3.300090e-01 
6.135391e-01 5.122659e-07 3.220960e-01 
6.136280e-01 5.141904e-07 3.216810e-01 
6.124312e-01 5.096629e-07 3.247760e-01 
6.133963e-01 5.107426e-07 3.255780e-01 
6.135248e-01 5.122493e-07 3.285570e-01 
6.123342e-01 5.119086e-07 3.275690e-01 
6.122352e-01 5.102173e-07 3.229350e-01 
6.117733e-01 5.080211e-07 3.440980e-01 
6.123661e-01 5.092377e-07 3.264960e-01 
6.125378e-01 5.078806e-07 3.213760e-01 
6.129008e-01 5.139682e-07 3.401200e-01 
6.106325e-01 5.044111e-07 3.285490e-01 
6.131290e-01 5.108855e-07 3.234960e-01 
6.130055e-01 5.144502e-07 3.249010e-01 
6.132664e-01 5.137741e-07 3.312580e-01 
6.123598e-01 5.123825e-07 3.233200e-01 
6.133782e-01 5.118866e-07 3.218520e-01 
6.133535e-01 5.141864e-07 3.277120e-01 
6.117543e-01 5.098098e-07 3.246660e-01 
6.121904e-01 5.121268e-07 3.417600e-01 
6.126934e-01 5.111138e-07 3.326310e-01 
6.109960e-01 5.080027e-07 3.232420e-01 
6.139766e-01 5.121947e-07 3.221220e-01 
6.119826e-01 5.058805e-07 3.279900e-01 
6.119753e-01 5.107498e-07 3.248340e-01 
6.133929e-01 5.117736e-07 3.247560e-01 
6.129637e-01 5.075702e-07 3.353610e-01 
6.134517e-01 5.141157e-07 3.263180e-01 
6.123126e-01 5.097543e-07 3.215380e-01 
6.126674e-01 5.103152e-07 3.334260e-01 
6.110805e-01 5.079797e-07 3.228020e-01 
6.125005e-01 5.114965e-07 3.219600e-01 
6.130198e-01 5.121899e-07 3.238420e-01 
6.125212e-01 5.104597e-07 3.243780e-01 
6.121370e-01 5.086698e-07 3.238240e-01 
6.128198e-01 5.116185e-07 3.402540e-01 
6.128386e-01 5.140409e-07 3.247180e-01 
6.135907e-01 5.122628e-07 3.211350e-01 
6.122944e-01 5.080989e-07 3.268440e-01 
6.132083e-01 5.110579e-07 3.213820e-01 
6.133027e-01 5.146689e-07 3.231130e-01 
6.119990e-01 5.103359e-07 3.355790e-01 
6.131731e-01 5.122123e-07 3.221870e-01 
6.128458e-01 5.088606e-07 3.272070e-01 
6.132300e-01 5.119241e-07 3.266060e-01 
6.130311e-01 5.120499e-07 3.202100e-01 
6.116034e-01 5.090411e-07 3.247440e-01 
6.122651e-01 5.121460e-07 3.221180e-01 
6.129561e-01 5.108354e-07 3.256970e-01 
6.123527e-01 5.082578e-07 3.275470e-01 
6.117776e-01 5.113043e-07 3.465030e-01 
6.121846e-01 5.113214e-07 3.388650e-01 
6.125382e-01 5.116146e-07 3.260600e-01 
6.112652e-01 5.100795e-07 3.259080e-01 
6.114073e-01 5.114492e-07 3.256020e-01 
6.120495e-01 5.108141e-07 3.282240e-01 
6.125134e-01 5.112716e-07 3.496430e-01 
6.109124e-01 5.093262e-07 3.324780e-01 
6.121052e-01 5.123838e-07 3.283190e-01 
6.120733e-01 5.079355e-07 3.276200e-01 
6.135812e-01 5.126060e-07 3.302120e-01 
6.126242e-01 5.102580e-07 3.310990e-01 
6.119480e-01 5.103912e-07 3.259980e-01 
6.127360e-01 5.079494e-07 3.311300e-01 
6.127830e-01 5.117994e-07 3.282810e-01 
6.129387e-01 5.133417e-07 3.338500e-01 
6.116749e-01 5.048146e-07 3.324450e-01 
6.136663e-01 5.151142e-07 3.275590e-01 
6.118596e-01 5.103148e-07 3.313010e-01 
6.133963e-01 5.144562e-07 3.320890e-01 
6.129930e-01 5.133566e-07 3.350690e-01 
6.125528e-01 5.102309e-07 3.365460e-01 
6.125815e-01 5.138568e-07 3.316180e-01 
6.129615e-01 5.130760e-07 3.250380e-01 
6.111869e-01 5.085413e-07 3.246910e-01 
6.144756e-01 5.147078e-07 3.279350e-01 
6.115980e-01 5.105374e-07 3.210730e-01 
6.126205e-01 5.100993e-07 3.203890e-01 
6.127038e-01 5.135349e-07 3.240580e-01 
6.127663e-01 5.155847e-07 3.310850e-01 
6.119721e-01 5.051765e-07 3.308110e-01 
6.123368e-01 5.097443e-07 3.334940e-01 
6.136855e-01 5.149175e-07 3.335650e-01 
6.126491e-01 5.113491e-07 3.246880e-01 
6.137882e-01 5.139859e-07 3.292670e-01 
6.125732e-01 5.114118e-07 3.277920e-01 
6.123834e-01 5.079301e-07 3.411160e-01 
6.120677e-01 5.108771e-07 3.340570e-01 
6.116571e-01 5.096415e-07 3.232780e-01 
6.109543e-01 5.053908e-07 3.228530e-01 
6.129904e-01 5.124887e-07 3.286660e-01 
6.116586e-01 5.102848e-07 3.220180e-01 
6.116525e-01 5.075573e-07 3.244280e-01 
6.125540e-01 5.127506e-07 3.260830e-01 
6.121069e-01 5.076551e-07 3.250890e-01 
6.119128e-01 5.093740e-07 3.262750e-01 
6.130292e-01 5.147044e-07 3.373750e-01 
6.117957e-01 5.121203e-07 3.225140e-01 
6.123466e-01 5.092546e-07 3.259890e-01 
6.126262e-01 5.107310e-07 3.342630e-01 
6.120846e-01 5.111135e-07 3.310100e-01 
6.129141e-01 5.113413e-07 3.260030e-01 
6.130778e-01 5.117360e-07 3.264690e-01 
6.127017e-01 5.112238e-07 3.228630e-01 
6.123721e-01 5.100395e-07 3.312250e-01 
6.132132e-01 5.154677e-07 3.296070e-01 
6.122463e-01 5.092146e-07 3.232100e-01 
6.126968e-01 5.147638e-07 3.435950e-01 
6.127963e-01 5.128461e-07 3.267370e-01 
6.131531e-01 5.145322e-07 3.213620e-01 
6.127394e-01 5.114224e-07 3.243310e-01 
6.133729e-01 5.109819e-07 3.454790e-01 
6.125099e-01 5.097131e-07 3.260420e-01 
6.135610e-01 5.129654e-07 3.217090e-01 
6.135111e-01 5.180243e-07 3.301770e-01 
6.133662e-01 5.126097e-07 3.218670e-01 
6.124494e-01 5.102966e-07 3.276050e-01 
6.133631e-01 5.164746e-07 3.453560e-01 
6.124338e-01 5.116499e-07 3.249970e-01 
6.133408e-01 5.144157e-07 3.241030e-01 
6.123042e-01 5.129896e-07 3.326870e-01 
6.132451e-01 5.116732e-07 3.283410e-01 
6.121107e-01 5.126353e-07 3.230700e-01 
6.125728e-01 5.089523e-07 3.314990e-01 
6.118326e-01 5.104390e-07 3.290800e-01 
6.133540e-01 5.122755e-07 3.308060e-01 
6.111691e-01 5.078934e-07 3.379390e-01 
6.117924e-01 5.088358e-07 3.239720e-01 
6.123390e-01 5.085849e-07 3.222260e-01 
6.122361e-01 5.088210e-07 3.308020e-01 
6.117792e-01 5.106132e-07 3.302420e-01 
6.111804e-01 5.085489e-07 3.281050e-01 
6.119916e-01 5.099585e-07 3.325960e-01 
6.120108e-01 5.108318e-07 3.320570e-01 
6.129364e-01 5.094722e-07 3.256990e-01 
6.127894e-01 5.131246e-07 3.213230e-01 
6.117533e-01 5.121285e-07 3.235780e-01 
6.117458e-01 5.089379e-07 3.238860e-01 
6.120979e-01 5.127074e-07 3.280000e-01 
6.114122e-01 5.089516e-07 3.319400e-01 
6.106233e-01 5.097041e-07 3.283740e-01 
6.112013e-01 5.085554e-07 3.735340e-01 
6.112887e-01 5.066067e-07 3.290950e-01 
6.128019e-01 5.122986e-07 3.314720e-01 
6.122003e-01 5.086968e-07 3.252490e-01 
6.131176e-01 5.120967e-07 3.348900e-01 
6.137924e-01 5.141223e-07 3.252870e-01 
6.135211e-01 5.139125e-07 3.477050e-01 
6.124092e-01 5.087624e-07 3.277340e-01 
6.131897e-01 5.104216e-07 3.232430e-01 
6.118509e-01 5.084599e-07 3.266670e-01 
6.139180e-01 5.119154e-07 3.321200e-01 
6.135017e-01 5.153034e-07 3.221560e-01 
6.141024e-01 5.138777e-07 3.255610e-01 
6.131713e-01 5.128569e-07 3.306350e-01 
6.130427e-01 5.119009e-07 3.226970e-01 
6.142723e-01 5.172258e-07 3.321300e-01 
6.131746e-01 5.152444e-07 3.348320e-01 
6.122119e-01 5.098752e-07 3.267170e-01 
6.120165e-01 5.112626e-07 3.275820e-01 
6.133998e-01 5.124710e-07 3.263270e-01 
6.109558e-01 5.044383e-07 3.236710e-01 
6.125083e-01 5.108921e-07 3.390370e-01 
6.129110e-01 5.125681e-07 3.298920e-01 
6.126019e-01 5.098464e-07 3.284740e-01 
6.118329e-01 5.067690e-07 3.275020e-01 
6.123910e-01 5.085505e-07 3.288400e-01 
6.117975e-01 5.084880e-07 3.270390e-01 
6.118155e-01 5.113350e-07 3.257510e-01 
6.127003e-01 5.090165e-07 3.332450e-01 
6.136794e-01 5.140403e-07 3.227310e-01 
6.117913e-01 5.095665e-07 3.322990e-01 
6.124861e-01 5.123286e-07 3.417770e-01 
6.131218e-01 5.129443e-07 3.299330e-01 
6.124504e-01 5.123259e-07 3.252900e-01 
6.118500e-01 5.111409e-07 3.351190e-01 
6.121996e-01 5.102311e-07 3.228520e-01 
6.134266e-01 5.147292e-07 3.350880e-01 
6.132757e-01 5.150978e-07 3.370510e-01 
6.133849e-01 5.149156e-07 3.726710e-01 
6.131212e-01 5.112257e-07 3.242820e-01 
6.132146e-01 5.154985e-07 3.304780e-01 
6.129685e-01 5.121409e-07 3.227150e-01 
6.119450e-01 5.077563e-07 3.237760e-01 
6.138025e-01 5.171956e-07 3.358770e-01 
6.142820e-01 5.140035e-07 3.289910e-01 
6.128027e-01 5.083732e-07 3.266830e-01 
6.130010e-01 5.102732e-07 3.393840e-01 
6.130854e-01 5.144057e-07 3.249570e-01 
6.140581e-01 5.133197e-07 3.241930e-01 
6.127929e-01 5.115550e-07 3.303080e-01 
6.128058e-01 5.094893e-07 3.257360e-01 
6.120915e-01 5.120818e-07 3.345870e-01 
6.137971e-01 5.157506e-07 3.394260e-01 
6.129284e-01 5.110798e-07 3.216200e-01 
6.134856e-01 5.156310e-07 3.266180e-01 
6.127930e-01 5.109131e-07 3.269080e-01 
6.126651e-01 5.105929e-07 3.252750e-01 
6.127937e-01 5.096081e-07 3.196180e-01 
6.132456e-01 5.150361e-07 3.362980e-01 
6.143192e-01 5.151670e-07 3.267240e-01 
6.133994e-01 5.142447e-07 3.235090e-01 
6.128143e-01 5.121820e-07 3.430290e-01 
6.136651e-01 5.151428e-07 3.270180e-01 
6.122393e-01 5.090877e-07 3.242570e-01 
6.114990e-01 5.074395e-07 3.287860e-01 
6.136241e-01 5.145522e-07 3.246990e-01 
6.120626e-01 5.094840e-07 3.203630e-01 
6.121608e-01 5.087928e-07 3.498100e-01 
6.124170e-01 5.118991e-07 3.267400e-01 
6.124269e-01 5.095511e-07 3.249520e-01 
6.119699e-01 5.090782e-07 3.332180e-01 
6.137802e-01 5.143031e-07 3.220730e-01 
6.122176e-01 5.104333e-07 3.227580e-01 
6.121175e-01 5.077995e-07 3.325000e-01 
6.126659e-01 5.108543e-07 3.269610e-01 
6.122762e-01 5.084508e-07 3.258400e-01 
6.117943e-01 5.074125e-07 3.594710e-01 
6.126426e-01 5.109898e-07 3.393960e-01 
6.134491e-01 5.161356e-07 3.249700e-01 
6.131604e-01 5.125854e-07 3.352600e-01 
6.137795e-01 5.148780e-07 3.299880e-01 
6.134709e-01 5.129030e-07 3.225690e-01 
6.129126e-01 5.111761e-07 3.471320e-01 
6.121697e-01 5.103517e-07 3.277320e-01 
6.123572e-01 5.085050e-07 3.234490e-01 
6.131463e-01 5.099156e-07 3.331630e-01 
6.138877e-01 5.140695e-07 3.239880e-01 
6.127583e-01 5.095965e-07 3.296440e-01 
6.130159e-01 5.118948e-07 3.386770e-01 
6.127859e-01 5.105387e-07 3.198050e-01 
6.145181e-01 5.181127e-07 3.222080e-01 
6.121908e-01 5.106001e-07 3.508940e-01 
6.134576e-01 5.133705e-07 3.238820e-01 
6.123859e-01 5.108730e-07 3.268310e-01 
6.120659e-01 5.118941e-07 3.302090e-01 
6.125197e-01 5.104722e-07 3.197740e-01 
6.131369e-01 5.137710e-07 3.328140e-01 
6.139599e-01 5.169187e-07 3.318470e-01 
6.125966e-01 5.085799e-07 3.284710e-01 
6.125798e-01 5.122856e-07 3.276650e-01 
6.130858e-01 5.130521e-07 3.268410e-01 
6.127766e-01 5.139279e-07 3.999360e-01 
6.137942e-01 5.156569e-07 3.229000e-01 
6.126134e-01 5.146779e-07 3.978660e-01 
6.131354e-01 5.162555e-07 3.260700e-01 
6.133714e-01 5.147920e-07 3.570020e-01 
6.132432e-01 5.138487e-07 3.919640e-01 
6.124157e-01 5.135118e-07 3.271100e-01 
6.108982e-01 5.072586e-07 3.441490e-01 
6.124136e-01 5.109109e-07 3.290750e-01 
6.123631e-01 5.096694e-07 3.258890e-01 
6.121940e-01 5.078080e-07 3.340270e-01 
6.140311e-01 5.137977e-07 3.282530e-01 
6.122280e-01 5.079471e-07 3.287130e-01 
6.139228e-01 5.112691e-07 3.323820e-01 
6.134182e-01 5.103076e-07 3.297760e-01 
6.119827e-01 5.114030e-07 3.252240e-01 
6.115825e-01 5.068886e-07 3.227100e-01 
6.118145e-01 5.096262e-07 3.361590e-01 
6.140224e-01 5.141402e-07 3.238000e-01 
6.126654e-01 5.121440e-07 3.340770e-01 
6.130834e-01 5.104700e-07 3.518500e-01 
6.125835e-01 5.084780e-07 3.257930e-01 
6.130989e-01 5.106544e-07 3.224330e-01 
6.121821e-01 5.102836e-07 3.275820e-01 
6.122102e-01 5.083664e-07 3.263640e-01 
6.138292e-01 5.142660e-07 3.263210e-01 
6.127446e-01 5.114857e-07 3.370860e-01 
6.117572e-01 5.093296e-07 3.219000e-01 
6.121640e-01 5.103078e-07 3.274930e-01 
6.124889e-01 5.110450e-07 3.294940e-01 
6.133105e-01 5.128168e-07 3.270470e-01 
6.121417e-01 5.119941e-07 3.202040e-01 
6.134158e-01 5.119150e-07 3.318920e-01 
6.137330e-01 5.112370e-07 3.237670e-01 
6.137676e-01 5.126076e-07 3.245180e-01 
6.119941e-01 5.101846e-07 3.416980e-01 
6.126095e-01 5.110314e-07 3.267690e-01 
6.117497e-01 5.109175e-07 3.236880e-01 
6.111483e-01 5.083125e-07 3.308150e-01 
6.113778e-01 5.080253e-07 3.275630e-01 
6.123271e-01 5.121499e-07 3.201220e-01 
6.126205e-01 5.089839e-07 3.378740e-01 
6.106210e-01 5.052628e-07 3.247800e-01 
6.120727e-01 5.093118e-07 3.203560e-01 
6.135061e-01 5.102906e-07 3.309480e-01 
6.134928e-01 5.146134e-07 3.247460e-01 
6.116752e-01 5.103064e-07 3.246890e-01 
6.129653e-01 5.129187e-07 3.321130e-01 
6.125066e-01 5.128594e-07 3.273420e-01 
6.134743e-01 5.113220e-07 3.330610e-01 
6.117229e-01 5.072901e-07 3.485580e-01 
6.106894e-01 5.064409e-07 3.208230e-01 
6.115838e-01 5.100741e-07 3.283940e-01 
6.116354e-01 5.093876e-07 3.282330e-01 
6.117237e-01 5.089462e-07 3.236690e-01 
6.126104e-01 5.120988e-07 3.256460e-01 
6.120602e-01 5.119515e-07 3.329420e-01 
6.123988e-01 5.086697e-07 3.305380e-01 
6.121800e-01 5.103152e-07 3.266530e-01 
6.125341e-01 5.088226e-07 3.215880e-01 
6.114173e-01 5.091576e-07 3.311530e-01 
6.121277e-01 5.077386e-07 3.266770e-01 
6.126743e-01 5.148250e-07 3.302590e-01 
6.118344e-01 5.088302e-07 3.326250e-01 
6.122892e-01 5.071697e-07 3.243930e-01 
6.117869e-01 5.062997e-07 3.264430e-01 
6.120250e-01 5.125296e-07 3.362970e-01 
6.135173e-01 5.125409e-07 3.213270e-01 
6.118636e-01 5.107339e-07 3.209220e-01 
6.130039e-01 5.139458e-07 3.263880e-01 
6.127037e-01 5.114867e-07 3.294150e-01 
6.121189e-01 5.110711e-07 3.281040e-01 
6.125935e-01 5.086459e-07 3.278260e-01 
6.122036e-01 5.122190e-07 3.271210e-01 
6.129028e-01 5.122392e-07 3.280270e-01 
6.123152e-01 5.110669e-07 3.279800e-01 
6.127696e-01 5.137272e-07 3.225390e-01 
6.125373e-01 5.121237e-07 3.254190e-01 
6.134099e-01 5.131505e-07 3.331710e-01 
6.121822e-01 5.094787e-07 3.294040e-01 
6.135789e-01 5.147155e-07 3.326520e-01 
6.123517e-01 5.093942e-07 3.351400e-01 
6.125994e-01 5.111637e-07 3.302190e-01 
6.120282e-01 5.078088e-07 3.252370e-01 
6.124896e-01 5.115866e-07 3.329350e-01 
6.135942e-01 5.128216e-07 3.256320e-01 
6.126712e-01 5.095237e-07 3.311030e-01 
6.119858e-01 5.103305e-07 3.382630e-01 
6.113475e-01 5.130799e-07 3.296210e-01 
6.124520e-01 5.119136e-07 3.279620e-01 
6.120574e-01 5.087743e-07 3.234600e-01 
6.128114e-01 5.123355e-07 3.264380e-01 
6.134393e-01 5.149226e-07 3.252200e-01 
6.133342e-01 5.125892e-07 3.250250e-01 
6.118199e-01 5.079861e-07 3.277620e-01 
6.116747e-01 5.080401e-07 3.277260e-01 
6.132066e-01 5.132492e-07 3.324740e-01 
6.126182e-01 5.096860e-07 3.260610e-01 
6.123181e-01 5.104732e-07 3.306080e-01 
6.129263e-01 5.127460e-07 3.248250e-01 
6.123947e-01 5.144069e-07 3.248360e-01 
6.127600e-01 5.109816e-07 3.225290e-01 
6.123691e-01 5.152590e-07 3.438520e-01 
6.133947e-01 5.145737e-07 3.232730e-01 
6.137822e-01 5.145557e-07 3.201230e-01 
6.134903e-01 5.143168e-07 3.310470e-01 
6.123361e-01 5.087479e-07 3.239000e-01 
6.121163e-01 5.106195e-07 3.290180e-01 
6.130352e-01 5.146400e-07 3.265080e-01 
6.118606e-01 5.102104e-07 3.292600e-01 
6.123512e-01 5.095303e-07 3.212160e-01 
6.131296e-01 5.121970e-07 3.378190e-01 
6.130458e-01 5.142601e-07 3.296430e-01 
6.123761e-01 5.122758e-07 3.263810e-01 
6.139364e-01 5.155087e-07 3.271740e-01 
6.117122e-01 5.084641e-07 3.233820e-01 
6.130785e-01 5.141611e-07 3.268090e-01 
6.120078e-01 5.090879e-07 3.506460e-01 
6.123007e-01 5.099826e-07 3.254660e-01 
6.135344e-01 5.124074e-07 3.253950e-01 
6.128254e-01 5.111476e-07 3.312190e-01 
6.129073e-01 5.130443e-07 3.274200e-01 
6.119624e-01 5.091102e-07 3.259420e-01 
6.104746e-01 5.082375e-07 3.267390e-01 
6.129390e-01 5.149178e-07 3.236650e-01 
6.118121e-01 5.073156e-07 3.273750e-01 
6.123237e-01 5.107731e-07 3.345320e-01 
6.123356e-01 5.096742e-07 3.257860e-01 
6.122990e-01 5.110355e-07 3.251750e-01 
6.117741e-01 5.083181e-07 3.270520e-01 
6.117841e-01 5.049450e-07 3.259220e-01 
6.127749e-01 5.130215e-07 3.237420e-01 
6.137419e-01 5.198389e-07 3.394630e-01 
6.121662e-01 5.123849e-07 3.275750e-01 
6.118113e-01 5.121459e-07 3.239670e-01 
6.120225e-01 5.076098e-07 3.266470e-01 
6.122034e-01 5.091787e-07 3.266940e-01 
6.127405e-01 5.144250e-07 3.249920e-01 
6.117626e-01 5.110459e-07 3.244040e-01 
6.128562e-01 5.112186e-07 3.303860e-01 
6.118666e-01 5.096652e-07 3.282490e-01 
6.125520e-01 5.126529e-07 3.315160e-01 
6.139166e-01 5.149370e-07 3.383490e-01 
6.122939e-01 5.061926e-07 3.246950e-01 
6.124012e-01 5.095270e-07 3.232860e-01 
6.125364e-01 5.105713e-07 3.263520e-01 
6.139410e-01 5.147026e-07 3.209350e-01 
6.114222e-01 5.071219e-07 3.335450e-01 
6.127359e-01 5.107603e-07 3.303850e-01 
6.151027e-01 5.183597e-07 3.221100e-01 
6.122537e-01 5.100683e-07 3.249100e-01 
6.120294e-01 5.126391e-07 3.254050e-01 
6.108359e-01 5.074854e-07 3.218940e-01 
6.126065e-01 5.105480e-07 3.262030e-01 
6.124785e-01 5.147610e-07 3.316900e-01 
6.111639e-01 5.066022e-07 3.214710e-01 
6.127625e-01 5.110602e-07 3.212770e-01 
6.119263e-01 5.097412e-07 3.364860e-01 
6.111523e-01 5.054162e-07 3.257590e-01 
6.119260e-01 5.089159e-07 3.221750e-01 
6.134999e-01 5.129287e-07 3.253050e-01 
6.123051e-01 5.124466e-07 3.255940e-01 
6.114208e-01 5.081047e-07 3.240730e-01 
6.114659e-01 5.103443e-07 3.387250e-01 
6.135908e-01 5.130819e-07 3.231880e-01 
6.120352e-01 5.092939e-07 3.227510e-01 
6.122362e-01 5.125306e-07 3.229410e-01 
6.128835e-01 5.091774e-07 3.270520e-01 
6.119555e-01 5.092078e-07 3.216010e-01 
6.132640e-01 5.139843e-07 3.225830e-01 
6.129332e-01 5.121300e-07 3.227120e-01 
6.122342e-01 5.119547e-07 3.248400e-01 
6.107956e-01 5.066374e-07 3.462270e-01 
6.122345e-01 5.129786e-07 3.378460e-01 
6.131598e-01 5.114997e-07 3.220930e-01 
6.130387e-01 5.123607e-07 3.353270e-01 
6.114651e-01 5.100969e-07 3.217840e-01 
6.123104e-01 5.145008e-07 3.271120e-01 
6.136659e-01 5.134424e-07 3.332030e-01 
6.128062e-01 5.107563e-07 3.231200e-01 
6.134559e-01 5.112670e-07 3.257440e-01 
6.130098e-01 5.129161e-07 3.273750e-01 
6.139259e-01 5.119438e-07 3.233470e-01 
6.127175e-01 5.100414e-07 3.247310e-01 
6.137991e-01 5.123443e-07 3.229480e-01 
6.134798e-01 5.141335e-07 3.264410e-01 
6.135323e-01 5.130332e-07 3.280840e-01 
6.140257e-01 5.147516e-07 3.294790e-01 
6.145040e-01 5.155808e-07 3.333210e-01 
6.110810e-01 5.076819e-07 3.250430e-01 
6.135651e-01 5.127593e-07 3.256630e-01 
6.130840e-01 5.131644e-07 3.256440e-01 
6.137802e-01 5.152548e-07 3.284290e-01 
6.125863e-01 5.105282e-07 3.255530e-01 
6.133975e-01 5.131808e-07 3.439910e-01 
6.137787e-01 5.135455e-07 3.224910e-01 
6.129530e-01 5.131628e-07 3.234400e-01 
6.128851e-01 5.133400e-07 3.255050e-01 
6.140174e-01 5.127178e-07 3.241520e-01 
6.132074e-01 5.142932e-07 3.231650e-01 
6.134272e-01 5.155221e-07 3.255340e-01 
6.139199e-01 5.141368e-07 3.251920e-01 
6.122168e-01 5.077463e-07 3.270760e-01 
6.120269e-01 5.111460e-07 3.597010e-01 
6.128150e-01 5.109628e-07 3.247880e-01 
6.119365e-01 5.094338e-07 3.208850e-01 
6.121284e-01 5.121965e-07 3.234680e-01 
6.108518e-01 5.065417e-07 3.245470e-01 
6.128318e-01 5.126519e-07 3.255940e-01 
6.120477e-01 5.090875e-07 3.318180e-01 
6.119997e-01 5.129579e-07 3.352140e-01 
6.122458e-01 5.127800e-07 3.555230e-01 
6.135989e-01 5.100841e-07 3.267130e-01 
6.129277e-01 5.119679e-07 3.207190e-01 
6.127824e-01 5.123618e-07 3.223320e-01 
6.122144e-01 5.121397e-07 3.277690e-01 
6.121892e-01 5.089361e-07 3.248000e-01 
6.127942e-01 5.127420e-07 3.257270e-01 
6.114533e-01 5.096622e-07 3.436090e-01 
6.123117e-01 5.099384e-07 3.240350e-01 
6.144587e-01 5.165822e-07 3.231430e-01 
6.126281e-01 5.107528e-07 3.309570e-01 
6.144244e-01 5.150825e-07 3.226830e-01 
6.130038e-01 5.135187e-07 3.216800e-01 
6.116314e-01 5.074431e-07 3.315330e-01 
6.140816e-01 5.154702e-07 3.256190e-01 
6.128834e-01 5.107540e-07 3.251030e-01 
6.119888e-01 5.114353e-07 3.249720e-01 
6.121213e-01 5.081997e-07 3.464090e-01 
6.124724e-01 5.107421e-07 3.406540e-01 
6.120427e-01 5.102600e-07 3.477900e-01 
6.119917e-01 5.117742e-07 3.238160e-01 
6.110422e-01 5.075877e-07 3.275830e-01 
6.122609e-01 5.103642e-07 4.169000e-01 
6.135414e-01 5.151233e-07 3.225390e-01 
6.122674e-01 5.135747e-07 3.226260e-01 
6.128949e-01 5.150740e-07 4.003830e-01 
6.118751e-01 5.095715e-07 3.231810e-01 
6.109878e-01 5.051744e-07 4.201450e-01 
6.118854e-01 5.130830e-07 3.237840e-01 
6.130404e-01 5.131311e-07 3.890780e-01 
6.114587e-01 5.074383e-07 3.452210e-01 
6.135980e-01 5.150069e-07 3.263020e-01 
6.115316e-01 5.087671e-07 3.233910e-01 
6.128292e-01 5.153265e-07 3.461150e-01 
6.135759e-01 5.144261e-07 3.207750e-01 
6.120092e-01 5.074341e-07 3.291250e-01 
6.130733e-01 5.126613e-07 3.356940e-01 
6.137430e-01 5.139179e-07 3.286060e-01 
6.127843e-01 5.106345e-07 3.252200e-01 
6.130745e-01 5.133828e-07 3.328850e-01 
6.124359e-01 5.087972e-07 3.257210e-01 
6.143739e-01 5.182526e-07 3.273060e-01 
6.129395e-01 5.121079e-07 3.423160e-01 
6.126128e-01 5.111747e-07 3.255530e-01 
6.118119e-01 5.059520e-07 3.325920e-01 
6.125885e-01 5.082517e-07 3.315330e-01 
6.136086e-01 5.118603e-07 3.219820e-01 
6.128659e-01 5.106855e-07 3.245570e-01 
6.116185e-01 5.077143e-07 3.312280e-01 
6.107821e-01 5.065008e-07 3.208690e-01 
6.113509e-01 5.084003e-07 3.299870e-01 
6.130684e-01 5.124714e-07 3.386510e-01 
6.132418e-01 5.128973e-07 3.273630e-01 
6.122569e-01 5.103534e-07 3.293310e-01 
6.126541e-01 5.111199e-07 3.240320e-01 
6.134064e-01 5.125084e-07 3.250630e-01 
6.135268e-01 5.127287e-07 3.223260e-01 
6.134100e-01 5.116476e-07 3.278940e-01 
6.118049e-01 5.114884e-07 3.422790e-01 
6.118622e-01 5.111304e-07 3.279680e-01 
6.132561e-01 5.124896e-07 3.209190e-01 
6.126360e-01 5.115558e-07 3.246930e-01 
6.126506e-01 5.118859e-07 3.222870e-01 
6.120060e-01 5.111917e-07 3.241630e-01 
6.107998e-01 5.051853e-07 3.316500e-01 
6.136048e-01 5.153173e-07 3.273380e-01 
6.117351e-01 5.077343e-07 3.322120e-01 
6.117038e-01 5.101207e-07 3.293710e-01 
6.119589e-01 5.118164e-07 3.241020e-01 
6.117496e-01 5.069710e-07 3.242720e-01 
6.126754e-01 5.099649e-07 3.271700e-01 
6.128753e-01 5.119246e-07 3.228680e-01 
6.139572e-01 5.156981e-07 3.373180e-01 
6.128453e-01 5.096932e-07 3.255950e-01 
6.124700e-01 5.136876e-07 3.231970e-01 
6.127581e-01 5.129041e-07 3.257640e-01 
6.127523e-01 5.090512e-07 3.303610e-01 
6.120772e-01 5.102149e-07 3.295570e-01 
6.134972e-01 5.116235e-07 3.277760e-01 
6.112689e-01 5.043307e-07 3.338810e-01 
6.136858e-01 5.154388e-07 3.268170e-01 
6.127069e-01 5.098835e-07 3.371910e-01 
6.124416e-01 5.085108e-07 3.361710e-01 
6.131953e-01 5.145442e-07 3.306640e-01 
6.135556e-01 5.106025e-07 3.287770e-01 
6.121715e-01 5.111581e-07 3.300890e-01 
6.139473e-01 5.153512e-07 3.292730e-01 
6.135915e-01 5.114044e-07 3.303330e-01 
6.124886e-01 5.133545e-07 3.371440e-01 
6.127077e-01 5.133805e-07 3.273790e-01 
6.137641e-01 5.154697e-07 3.299300e-01 
6.120711e-01 5.118089e-07 3.289260e-01 
6.124694e-01 5.100254e-07 3.308880e-01 
6.111624e-01 5.094558e-07 3.338240e-01 
6.118680e-01 5.100773e-07 3.394700e-01 
6.128434e-01 5.113673e-07 3.282970e-01 
6.128717e-01 5.131502e-07 3.347230e-01 
6.120996e-01 5.102382e-07 3.362420e-01 
6.126488e-01 5.083155e-07 3.265980e-01 
6.112667e-01 5.074043e-07 3.267430e-01 
6.123042e-01 5.114918e-07 3.314080e-01 
6.114067e-01 5.066731e-07 3.283910e-01 
6.122752e-01 5.106023e-07 3.240980e-01 
6.132531e-01 5.124422e-07 3.396550e-01 
6.121396e-01 5.108144e-07 3.233120e-01 
6.122096e-01 5.105406e-07 3.237510e-01 
6.129476e-01 5.129723e-07 3.287940e-01 
6.125306e-01 5.103637e-07 3.228960e-01 
6.123132e-01 5.084448e-07 3.221040e-01 
6.114664e-01 5.089311e-07 3.313220e-01 
6.119751e-01 5.071265e-07 3.241360e-01 
6.123824e-01 5.133760e-07 3.248740e-01 
6.114217e-01 5.078223e-07 3.509610e-01 
6.131012e-01 5.117426e-07 3.260310e-01 
6.119102e-01 5.091374e-07 3.252370e-01 
6.122970e-01 5.121309e-07 3.268300e-01 
6.115294e-01 5.097231e-07 3.230160e-01 
6.131250e-01 5.147026e-07 3.217400e-01 
6.118119e-01 5.089048e-07 3.376780e-01 
6.130030e-01 5.118211e-07 3.261870e-01 
6.130247e-01 5.136172e-07 3.220130e-01 
6.114645e-01 5.111800e-07 3.321750e-01 
6.123484e-01 5.093540e-07 3.281470e-01 
6.121308e-01 5.121017e-07 3.256610e-01 
6.115417e-01 5.082021e-07 3.375720e-01 
6.109886e-01 5.055988e-07 3.274920e-01 
6.132955e-01 5.102720e-07 3.273520e-01 
6.135107e-01 5.117349e-07 3.359330e-01 
6.128604e-01 5.119558e-07 3.249450e-01 
6.128685e-01 5.107084e-07 3.246390e-01 
6.139618e-01 5.146820e-07 3.335300e-01 
6.131902e-01 5.142519e-07 3.254890e-01 
6.125393e-01 5.088653e-07 3.279400e-01 
6.132389e-01 5.112649e-07 3.380440e-01 
6.117619e-01 5.082897e-07 3.225860e-01 
6.130265e-01 5.111825e-07 3.313250e-01 
6.129855e-01 5.102110e-07 3.300270e-01 
6.137647e-01 5.121225e-07 3.233940e-01 
6.142312e-01 5.137284e-07 3.245260e-01 
6.131614e-01 5.135376e-07 3.262810e-01 
6.130879e-01 5.099923e-07 3.285760e-01 
6.127358e-01 5.099941e-07 3.239680e-01 
6.121664e-01 5.113839e-07 3.413690e-01 
6.126412e-01 5.109302e-07 3.343360e-01 
6.125217e-01 5.118235e-07 3.270060e-01 
6.118868e-01 5.070848e-07 3.222230e-01 
6.127356e-01 5.129321e-07 3.267750e-01 
6.116396e-01 5.100390e-07 3.251950e-01 
6.129595e-01 5.150231e-07 3.255480e-01 
6.127593e-01 5.135797e-07 3.259750e-01 
6.136962e-01 5.125500e-07 3.230160e-01 
6.116173e-01 5.058221e-07 3.241050e-01 
6.114233e-01 5.063953e-07 3.294390e-01 
6.121851e-01 5.097390e-07 3.234740e-01 
6.110384e-01 5.095603e-07 3.323600e-01 
6.128841e-01 5.145374e-07 3.302490e-01 
6.113350e-01 5.083511e-07 3.267490e-01 
6.114682e-01 5.084661e-07 3.249820e-01 
6.122614e-01 5.116211e-07 3.441300e-01 
6.120472e-01 5.090548e-07 3.264770e-01 
6.128889e-01 5.121915e-07 3.311670e-01 
6.116199e-01 5.068757e-07 3.293540e-01 
6.137283e-01 5.180176e-07 3.217240e-01 
6.116231e-01 5.077108e-07 3.268560e-01 
6.126298e-01 5.096841e-07 3.341910e-01 
6.130078e-01 5.123984e-07 3.267780e-01 
6.121585e-01 5.092814e-07 3.308190e-01 
6.127826e-01 5.123157e-07 3.276190e-01 
6.119702e-01 5.074902e-07 3.274270e-01 
6.144387e-01 5.148254e-07 3.297840e-01 
6.121014e-01 5.110619e-07 3.282870e-01 
6.134654e-01 5.099566e-07 3.307350e-01 
6.144280e-01 5.132220e-07 3.387250e-01 
6.127679e-01 5.130100e-07 3.298880e-01 
6.105611e-01 5.034469e-07 3.249360e-01 
6.127565e-01 5.099363e-07 3.222470e-01 
6.126962e-01 5.147212e-07 3.412640e-01 
6.129930e-01 5.113066e-07 3.253510e-01 
6.125415e-01 5.091868e-07 3.276580e-01 
6.134002e-01 5.145651e-07 3.380710e-01 
6.129262e-01 5.103849e-07 3.323210e-01 
6.127139e-01 5.097725e-07 3.261490e-01 
6.110764e-01 5.070336e-07 3.317200e-01 
6.121021e-01 5.105233e-07 3.236120e-01 
6.118155e-01 5.080828e-07 3.248290e-01 
6.130498e-01 5.145098e-07 3.377570e-01 
6.121899e-01 5.120965e-07 3.271410e-01 
6.123545e-01 5.129344e-07 3.272370e-01 
6.113177e-01 5.069547e-07 3.463230e-01 
6.131074e-01 5.082307e-07 3.301460e-01 
6.123305e-01 5.076057e-07 3.234510e-01 
6.127984e-01 5.129799e-07 3.319000e-01 
6.131956e-01 5.121339e-07 3.238520e-01 
6.132326e-01 5.151456e-07 3.270410e-01 
6.134198e-01 5.123866e-07 3.390090e-01 
6.119834e-01 5.107755e-07 3.245690e-01 
6.117763e-01 5.106317e-07 3.280540e-01 
6.127752e-01 5.118201e-07 3.306420e-01 
6.117215e-01 5.103650e-07 3.225580e-01 
6.128038e-01 5.126778e-07 3.244510e-01 
6.111794e-01 5.049814e-07 3.279680e-01 
6.124996e-01 5.141008e-07 3.268330e-01 
6.121079e-01 5.109501e-07 3.287080e-01 
6.128909e-01 5.104060e-07 3.423020e-01 
6.132666e-01 5.114358e-07 3.273790e-01 
6.130759e-01 5.135685e-07 3.268960e-01 
6.138063e-01 5.148641e-07 3.293450e-01 
6.113502e-01 5.079028e-07 3.211620e-01 
6.114636e-01 5.088387e-07 3.216570e-01 
6.127362e-01 5.096869e-07 3.432410e-01 
6.124635e-01 5.113129e-07 3.245860e-01 
6.124630e-01 5.142614e-07 3.264400e-01 
6.114212e-01 5.097926e-07 3.317420e-01 
6.132264e-01 5.165455e-07 3.231320e-01 
6.137882e-01 5.135142e-07 3.258220e-01 
6.130391e-01 5.145433e-07 3.248160e-01 
6.131901e-01 5.152923e-07 3.299310e-01 
6.115370e-01 5.088317e-07 3.260420e-01 
6.131960e-01 5.120831e-07 3.241000e-01 
6.128993e-01 5.110784e-07 3.321370e-01 
6.115196e-01 5.094464e-07 3.279100e-01 
6.131308e-01 5.108713e-07 3.243390e-01 
6.136765e-01 5.102946e-07 3.346880e-01 
6.142184e-01 5.163989e-07 3.282470e-01 
6.138082e-01 5.139158e-07 3.424620e-01 
6.130905e-01 5.158140e-07 3.281640e-01 
6.127205e-01 5.143079e-07 3.280480e-01 
6.128717e-01 5.129975e-07 3.230770e-01 
6.139656e-01 5.168008e-07 3.260280e-01 
6.133813e-01 5.145137e-07 3.258900e-01 
6.122754e-01 5.122989e-07 3.274220e-01 
6.126408e-01 5.083596e-07 3.277310e-01 
6.132671e-01 5.132710e-07 3.228280e-01 
6.128797e-01 5.130168e-07 3.352240e-01 
6.132797e-01 5.140845e-07 3.303450e-01 
6.116761e-01 5.069387e-07 3.254760e-01 
6.124681e-01 5.094009e-07 3.268090e-01 
6.120330e-01 5.103830e-07 3.331570e-01 
6.130049e-01 5.152604e-07 3.313180e-01 
6.137252e-01 5.116374e-07 4.120020e-01 
6.116801e-01 5.099948e-07 4.195000e-01 
6.117748e-01 5.095867e-07 3.991090e-01 
6.141284e-01 5.128515e-07 3.964670e-01 
6.135911e-01 5.172899e-07 3.389360e-01 
6.131087e-01 5.114916e-07 3.305030e-01 
6.117115e-01 5.063036e-07 3.331750e-01 
6.130704e-01 5.101856e-07 3.274760e-01 
6.130241e-01 5.106432e-07 3.335670e-01 
6.121033e-01 5.081625e-07 3.466370e-01 
6.126230e-01 5.125368e-07 3.254180e-01 
6.132344e-01 5.124260e-07 3.359180e-01 
6.139978e-01 5.130797e-07 3.300160e-01 
6.124261e-01 5.127244e-07 3.251160e-01 
