# dim  N   mc   sigma  Gibbs 
# 1    1 600000 1
#
# Theoretical Energy = 5.000000e-01
# Energy     Variance     CPU time
6.287575e-01 5.282788e-07 3.557770e-01 
6.259355e-01 5.228564e-07 3.389060e-01 
6.259026e-01 5.264056e-07 3.263390e-01 
6.216993e-01 5.163105e-07 3.278030e-01 
6.216188e-01 5.203766e-07 3.321300e-01 
6.192096e-01 5.137724e-07 3.277460e-01 
6.179520e-01 5.145160e-07 3.312380e-01 
6.168903e-01 5.127108e-07 3.309100e-01 
6.181961e-01 5.133798e-07 3.271930e-01 
6.177399e-01 5.140972e-07 3.439560e-01 
6.151040e-01 5.116747e-07 3.432480e-01 
6.151161e-01 5.127010e-07 3.241070e-01 
6.145460e-01 5.102275e-07 3.293870e-01 
6.139694e-01 5.120390e-07 3.321480e-01 
6.146583e-01 5.139313e-07 3.232970e-01 
6.138725e-01 5.127516e-07 3.391400e-01 
6.139895e-01 5.126068e-07 3.348770e-01 
6.139282e-01 5.122950e-07 3.290220e-01 
6.132309e-01 5.077765e-07 3.276290e-01 
6.140226e-01 5.124015e-07 3.356510e-01 
6.135848e-01 5.091460e-07 3.248710e-01 
6.138866e-01 5.147839e-07 3.281630e-01 
6.130715e-01 5.087641e-07 3.313640e-01 
6.141088e-01 5.127333e-07 3.310480e-01 
6.136397e-01 5.093208e-07 3.371010e-01 
6.140290e-01 5.119227e-07 3.395400e-01 
6.124951e-01 5.106834e-07 3.226270e-01 
6.129649e-01 5.127819e-07 3.272360e-01 
6.133440e-01 5.098019e-07 3.354820e-01 
6.136281e-01 5.151151e-07 3.230640e-01 
6.143864e-01 5.137576e-07 3.336530e-01 
6.131083e-01 5.112180e-07 4.163410e-01 
6.119633e-01 5.080414e-07 3.266890e-01 
6.135998e-01 5.129600e-07 3.286620e-01 
6.133148e-01 5.100621e-07 3.341200e-01 
6.123329e-01 5.084395e-07 3.249900e-01 
6.124031e-01 5.093487e-07 3.214780e-01 
6.125285e-01 5.103296e-07 3.306170e-01 
6.136768e-01 5.143603e-07 3.220390e-01 
6.126843e-01 5.093334e-07 3.270120e-01 
6.125876e-01 5.105153e-07 4.129370e-01 
6.121365e-01 5.106892e-07 3.227180e-01 
6.118514e-01 5.103523e-07 3.270380e-01 
6.129372e-01 5.119751e-07 3.258270e-01 
6.127513e-01 5.115255e-07 3.248360e-01 
6.129701e-01 5.142090e-07 3.262510e-01 
6.116543e-01 5.078901e-07 3.300190e-01 
6.130297e-01 5.131085e-07 3.234540e-01 
6.123614e-01 5.084984e-07 3.210940e-01 
6.121130e-01 5.078862e-07 3.254310e-01 
6.119020e-01 5.078698e-07 3.210340e-01 
6.121784e-01 5.107490e-07 3.217030e-01 
6.131331e-01 5.117497e-07 3.250560e-01 
6.128203e-01 5.094396e-07 3.242440e-01 
6.127271e-01 5.120398e-07 3.320500e-01 
6.123459e-01 5.121886e-07 3.327870e-01 
6.134120e-01 5.139565e-07 3.263770e-01 
6.129455e-01 5.137651e-07 3.260960e-01 
6.109552e-01 5.072978e-07 3.243360e-01 
6.115105e-01 5.082646e-07 3.250740e-01 
6.138183e-01 5.149616e-07 3.244690e-01 
6.125957e-01 5.154504e-07 3.312320e-01 
6.122198e-01 5.103638e-07 3.244020e-01 
6.127059e-01 5.118340e-07 3.221210e-01 
6.142680e-01 5.141252e-07 3.279670e-01 
6.127236e-01 5.080102e-07 4.078400e-01 
6.131993e-01 5.109743e-07 3.245270e-01 
6.132255e-01 5.155005e-07 4.081300e-01 
6.122513e-01 5.132515e-07 3.240930e-01 
6.136154e-01 5.131575e-07 3.490970e-01 
6.131073e-01 5.101965e-07 3.799800e-01 
6.125377e-01 5.120454e-07 3.252560e-01 
6.118536e-01 5.059176e-07 3.291460e-01 
6.132634e-01 5.102843e-07 3.296170e-01 
6.121325e-01 5.092112e-07 3.286360e-01 
6.125912e-01 5.109261e-07 3.404700e-01 
6.122541e-01 5.128590e-07 3.324590e-01 
6.123975e-01 5.100962e-07 3.263570e-01 
6.114413e-01 5.045603e-07 3.309070e-01 
6.139092e-01 5.137694e-07 3.231980e-01 
6.116203e-01 5.104213e-07 3.292690e-01 
6.122991e-01 5.126816e-07 3.277670e-01 
6.127091e-01 5.112642e-07 3.295640e-01 
6.121728e-01 5.123815e-07 3.266830e-01 
6.110077e-01 5.064184e-07 3.386070e-01 
6.118409e-01 5.096739e-07 3.305490e-01 
6.119972e-01 5.088040e-07 3.276160e-01 
6.138790e-01 5.167135e-07 3.261330e-01 
6.115489e-01 5.085861e-07 3.265670e-01 
6.133600e-01 5.146114e-07 3.241610e-01 
6.125121e-01 5.112054e-07 3.412340e-01 
6.122349e-01 5.094471e-07 3.278850e-01 
6.127906e-01 5.160056e-07 3.233530e-01 
6.119350e-01 5.123724e-07 3.241990e-01 
6.121558e-01 5.109911e-07 3.307480e-01 
6.115211e-01 5.087016e-07 3.236720e-01 
6.124026e-01 5.109630e-07 3.248950e-01 
6.125870e-01 5.116408e-07 3.253160e-01 
6.124988e-01 5.109829e-07 3.227180e-01 
6.119179e-01 5.122635e-07 3.326040e-01 
6.133518e-01 5.159366e-07 3.446110e-01 
6.122497e-01 5.108913e-07 3.322370e-01 
6.129938e-01 5.175100e-07 3.280290e-01 
6.128825e-01 5.125670e-07 3.249340e-01 
6.124471e-01 5.116618e-07 3.266150e-01 
6.115231e-01 5.055848e-07 3.237410e-01 
6.123285e-01 5.095609e-07 3.380240e-01 
6.132033e-01 5.090905e-07 3.262370e-01 
6.126982e-01 5.104338e-07 3.228690e-01 
6.142117e-01 5.164687e-07 3.264310e-01 
6.118464e-01 5.093438e-07 3.229600e-01 
6.122040e-01 5.118218e-07 3.241040e-01 
6.124658e-01 5.128415e-07 3.331130e-01 
6.118797e-01 5.100146e-07 3.242680e-01 
6.129900e-01 5.105643e-07 3.262310e-01 
6.125556e-01 5.116364e-07 3.324100e-01 
6.109693e-01 5.055041e-07 3.367490e-01 
6.131625e-01 5.120156e-07 3.320660e-01 
6.128716e-01 5.116181e-07 3.301460e-01 
6.129696e-01 5.133702e-07 3.232650e-01 
6.133938e-01 5.093165e-07 3.271230e-01 
6.134568e-01 5.129365e-07 3.407600e-01 
6.132396e-01 5.085528e-07 3.259070e-01 
6.120205e-01 5.102179e-07 3.230600e-01 
6.120532e-01 5.101373e-07 3.352340e-01 
6.122042e-01 5.124460e-07 3.244810e-01 
6.128988e-01 5.145637e-07 3.424400e-01 
6.128730e-01 5.122072e-07 3.291490e-01 
6.129567e-01 5.121009e-07 3.241140e-01 
6.122659e-01 5.100472e-07 3.292080e-01 
6.113292e-01 5.090840e-07 3.485320e-01 
6.123895e-01 5.082686e-07 3.278310e-01 
6.125795e-01 5.146397e-07 3.250560e-01 
6.120735e-01 5.092606e-07 3.329870e-01 
6.125917e-01 5.102163e-07 3.262280e-01 
6.128614e-01 5.113817e-07 3.277250e-01 
6.132415e-01 5.126954e-07 3.514260e-01 
6.120003e-01 5.114378e-07 3.289960e-01 
6.126644e-01 5.098386e-07 3.247340e-01 
6.125504e-01 5.092376e-07 3.291250e-01 
6.128441e-01 5.096892e-07 3.282980e-01 
6.127052e-01 5.106837e-07 3.264050e-01 
6.124959e-01 5.071692e-07 3.494750e-01 
6.126396e-01 5.095399e-07 3.232640e-01 
6.137082e-01 5.108425e-07 3.298510e-01 
6.118336e-01 5.079605e-07 3.331000e-01 
6.127254e-01 5.100645e-07 3.290270e-01 
6.129043e-01 5.096543e-07 3.259410e-01 
6.124678e-01 5.097097e-07 3.352510e-01 
6.126694e-01 5.095426e-07 3.236870e-01 
6.122925e-01 5.091623e-07 3.326920e-01 
6.140818e-01 5.185494e-07 3.475330e-01 
6.122541e-01 5.096099e-07 3.216610e-01 
6.123342e-01 5.110296e-07 3.287910e-01 
6.132124e-01 5.118936e-07 3.269700e-01 
6.126762e-01 5.115568e-07 3.217430e-01 
6.128184e-01 5.119807e-07 3.228590e-01 
6.122696e-01 5.084091e-07 3.232290e-01 
6.127130e-01 5.140290e-07 3.322750e-01 
6.130420e-01 5.117706e-07 3.279440e-01 
6.133508e-01 5.148582e-07 3.362650e-01 
6.141723e-01 5.151417e-07 3.281680e-01 
6.120911e-01 5.076817e-07 3.313030e-01 
6.113390e-01 5.069054e-07 3.273930e-01 
6.132645e-01 5.146901e-07 3.318880e-01 
6.132424e-01 5.136964e-07 3.271700e-01 
6.135412e-01 5.111560e-07 3.344310e-01 
6.127528e-01 5.089848e-07 3.322030e-01 
6.111627e-01 5.054242e-07 3.238060e-01 
6.136805e-01 5.185424e-07 3.247370e-01 
6.109581e-01 5.068684e-07 3.331130e-01 
6.128138e-01 5.125273e-07 3.295560e-01 
6.134477e-01 5.136243e-07 3.263930e-01 
6.123212e-01 5.109761e-07 3.275960e-01 
6.119022e-01 5.089469e-07 3.235490e-01 
6.126371e-01 5.080952e-07 3.477610e-01 
6.108590e-01 5.075786e-07 3.285220e-01 
6.133450e-01 5.123856e-07 3.248320e-01 
6.134131e-01 5.122721e-07 3.257320e-01 
6.123254e-01 5.142166e-07 3.302920e-01 
6.132256e-01 5.127532e-07 3.235760e-01 
6.125212e-01 5.085451e-07 3.434590e-01 
6.134233e-01 5.146841e-07 3.330920e-01 
6.139783e-01 5.171912e-07 3.318700e-01 
6.113989e-01 5.073094e-07 3.283660e-01 
6.107642e-01 5.052690e-07 3.298650e-01 
6.127357e-01 5.128084e-07 3.254100e-01 
6.142543e-01 5.171379e-07 3.262160e-01 
6.131255e-01 5.135556e-07 3.315150e-01 
6.138723e-01 5.118239e-07 3.226710e-01 
6.127791e-01 5.127835e-07 3.300310e-01 
6.128402e-01 5.097010e-07 3.466030e-01 
6.137784e-01 5.087222e-07 3.277710e-01 
6.138997e-01 5.157622e-07 3.271670e-01 
6.132667e-01 5.128242e-07 3.290230e-01 
6.131495e-01 5.115898e-07 3.294170e-01 
6.129788e-01 5.124166e-07 3.434110e-01 
6.137896e-01 5.124393e-07 3.426400e-01 
6.128626e-01 5.132264e-07 3.284210e-01 
6.138486e-01 5.136032e-07 3.272820e-01 
6.117577e-01 5.099999e-07 3.283170e-01 
6.115002e-01 5.068539e-07 3.275950e-01 
6.134166e-01 5.146668e-07 3.248150e-01 
6.120500e-01 5.101027e-07 3.305550e-01 
6.111505e-01 5.075520e-07 3.292360e-01 
6.128338e-01 5.084860e-07 3.287840e-01 
6.128201e-01 5.109700e-07 3.320020e-01 
6.121700e-01 5.123814e-07 3.272330e-01 
6.140089e-01 5.121487e-07 3.257910e-01 
6.128840e-01 5.111554e-07 3.298310e-01 
6.122383e-01 5.095178e-07 3.222970e-01 
6.129201e-01 5.135083e-07 3.368630e-01 
6.115143e-01 5.086003e-07 3.414270e-01 
6.112497e-01 5.078274e-07 3.265230e-01 
6.117970e-01 5.095492e-07 3.267520e-01 
6.131591e-01 5.153075e-07 3.255830e-01 
6.137904e-01 5.160839e-07 3.229960e-01 
6.115406e-01 5.098772e-07 3.224780e-01 
6.122445e-01 5.115361e-07 3.357460e-01 
6.125353e-01 5.077458e-07 3.257110e-01 
6.135332e-01 5.123187e-07 3.280330e-01 
6.135599e-01 5.137563e-07 3.515520e-01 
6.145560e-01 5.142751e-07 3.307180e-01 
6.140889e-01 5.131743e-07 3.262970e-01 
6.140304e-01 5.147625e-07 3.342920e-01 
6.129992e-01 5.132275e-07 3.228200e-01 
6.130115e-01 5.119481e-07 3.214750e-01 
6.130404e-01 5.118873e-07 3.383280e-01 
6.132126e-01 5.134966e-07 3.260550e-01 
6.122726e-01 5.091896e-07 3.213200e-01 
6.116559e-01 5.094016e-07 3.269080e-01 
6.120490e-01 5.126855e-07 3.249260e-01 
6.136918e-01 5.142774e-07 3.234200e-01 
6.123298e-01 5.088125e-07 3.305530e-01 
6.123318e-01 5.066047e-07 3.229090e-01 
6.135872e-01 5.134891e-07 3.243230e-01 
6.129000e-01 5.102278e-07 3.371450e-01 
6.125935e-01 5.099908e-07 3.221640e-01 
6.129119e-01 5.105308e-07 3.274630e-01 
6.135092e-01 5.119334e-07 3.268390e-01 
6.119305e-01 5.104331e-07 3.218540e-01 
6.122713e-01 5.101106e-07 3.228470e-01 
6.128619e-01 5.120479e-07 3.427250e-01 
6.127946e-01 5.103918e-07 3.260490e-01 
6.118920e-01 5.109787e-07 3.233600e-01 
6.107268e-01 5.066856e-07 3.248940e-01 
6.126689e-01 5.113214e-07 3.323620e-01 
6.119143e-01 5.097565e-07 3.259930e-01 
6.134171e-01 5.134926e-07 3.220650e-01 
6.127287e-01 5.148826e-07 3.305910e-01 
6.124175e-01 5.110005e-07 3.268450e-01 
6.119708e-01 5.117560e-07 3.388900e-01 
6.126992e-01 5.114720e-07 3.347320e-01 
6.133555e-01 5.122546e-07 3.302470e-01 
6.131276e-01 5.153681e-07 3.241120e-01 
6.118317e-01 5.080800e-07 3.333080e-01 
6.123542e-01 5.106651e-07 3.286340e-01 
6.126360e-01 5.098419e-07 3.305190e-01 
6.112961e-01 5.046480e-07 3.367880e-01 
6.126685e-01 5.101169e-07 3.264370e-01 
6.126850e-01 5.101121e-07 3.357110e-01 
6.129797e-01 5.100263e-07 3.320670e-01 
6.140213e-01 5.129641e-07 3.290140e-01 
6.131842e-01 5.105325e-07 3.257160e-01 
6.129035e-01 5.132769e-07 3.291840e-01 
6.121547e-01 5.101609e-07 3.234570e-01 
6.138624e-01 5.159464e-07 3.312440e-01 
6.144701e-01 5.173185e-07 3.277100e-01 
6.136393e-01 5.156262e-07 3.233800e-01 
6.128484e-01 5.085627e-07 3.251650e-01 
6.123762e-01 5.058661e-07 3.318030e-01 
6.129180e-01 5.144916e-07 3.208550e-01 
6.128090e-01 5.111733e-07 3.291450e-01 
6.125095e-01 5.129664e-07 3.292870e-01 
6.130932e-01 5.111962e-07 3.234100e-01 
6.120476e-01 5.102580e-07 3.268970e-01 
6.130705e-01 5.098273e-07 3.289350e-01 
6.124392e-01 5.094655e-07 3.225260e-01 
6.124786e-01 5.116073e-07 3.273040e-01 
6.108068e-01 5.072988e-07 3.268630e-01 
6.116810e-01 5.071450e-07 3.241340e-01 
6.125676e-01 5.125232e-07 3.293530e-01 
6.128977e-01 5.099953e-07 3.390040e-01 
6.130998e-01 5.118458e-07 3.280780e-01 
6.126114e-01 5.103131e-07 3.241280e-01 
6.130894e-01 5.105377e-07 3.347210e-01 
6.125959e-01 5.112998e-07 3.239830e-01 
6.120675e-01 5.057080e-07 3.330900e-01 
6.127954e-01 5.118470e-07 3.409660e-01 
6.131164e-01 5.139412e-07 3.320660e-01 
6.131153e-01 5.136159e-07 3.271650e-01 
6.136854e-01 5.135065e-07 3.255790e-01 
6.134961e-01 5.131392e-07 3.294680e-01 
6.123205e-01 5.089173e-07 3.278880e-01 
6.126946e-01 5.122479e-07 3.269760e-01 
6.116203e-01 5.085076e-07 3.274480e-01 
6.117857e-01 5.108833e-07 3.251420e-01 
6.123381e-01 5.120280e-07 3.437560e-01 
6.117302e-01 5.117045e-07 3.338540e-01 
6.129831e-01 5.112558e-07 3.240270e-01 
6.131140e-01 5.118324e-07 3.328050e-01 
6.133023e-01 5.106856e-07 3.269210e-01 
6.128612e-01 5.106846e-07 3.266580e-01 
6.115405e-01 5.081396e-07 3.422480e-01 
6.136087e-01 5.133637e-07 3.258280e-01 
6.131822e-01 5.112053e-07 3.280880e-01 
6.122543e-01 5.079022e-07 3.346720e-01 
6.126092e-01 5.127033e-07 3.258980e-01 
6.123833e-01 5.097103e-07 3.250090e-01 
6.119253e-01 5.075038e-07 3.299890e-01 
6.123388e-01 5.140671e-07 3.218480e-01 
6.133386e-01 5.124273e-07 3.318440e-01 
6.142557e-01 5.206984e-07 3.435670e-01 
6.119195e-01 5.090878e-07 3.210050e-01 
6.119577e-01 5.108858e-07 3.253260e-01 
6.116844e-01 5.062283e-07 3.267460e-01 
6.122048e-01 5.109115e-07 3.212580e-01 
6.121083e-01 5.105797e-07 3.231300e-01 
6.126483e-01 5.096228e-07 3.345950e-01 
6.126110e-01 5.131626e-07 3.242410e-01 
6.120251e-01 5.121545e-07 3.225580e-01 
6.124562e-01 5.119590e-07 3.247690e-01 
6.130403e-01 5.143439e-07 3.244030e-01 
6.133714e-01 5.132603e-07 3.239530e-01 
6.119329e-01 5.078060e-07 3.236930e-01 
6.120692e-01 5.099840e-07 3.574310e-01 
6.125360e-01 5.091700e-07 3.238220e-01 
6.134851e-01 5.138155e-07 3.249590e-01 
6.125362e-01 5.106835e-07 3.327330e-01 
6.138567e-01 5.156020e-07 3.200500e-01 
6.126855e-01 5.096452e-07 3.254080e-01 
6.114207e-01 5.060287e-07 3.232400e-01 
6.126030e-01 5.106948e-07 3.239330e-01 
6.141528e-01 5.143619e-07 3.345850e-01 
6.126169e-01 5.083389e-07 3.371900e-01 
6.122152e-01 5.116289e-07 3.481440e-01 
6.127491e-01 5.081736e-07 3.246970e-01 
6.134655e-01 5.144749e-07 3.246350e-01 
6.128309e-01 5.121944e-07 3.252600e-01 
6.127842e-01 5.115876e-07 3.225150e-01 
6.137595e-01 5.149660e-07 3.265960e-01 
6.117285e-01 5.104862e-07 3.240850e-01 
6.124243e-01 5.116435e-07 3.256700e-01 
6.134656e-01 5.121815e-07 3.976260e-01 
6.125636e-01 5.090749e-07 3.238730e-01 
6.129682e-01 5.147591e-07 3.243240e-01 
6.123291e-01 5.110441e-07 3.287500e-01 
6.114388e-01 5.069865e-07 3.302800e-01 
6.125338e-01 5.096815e-07 3.282860e-01 
6.113491e-01 5.104616e-07 3.311560e-01 
6.129102e-01 5.101887e-07 3.237260e-01 
6.130949e-01 5.111191e-07 3.233600e-01 
6.127053e-01 5.129353e-07 3.312410e-01 
6.122865e-01 5.098045e-07 3.239700e-01 
6.125177e-01 5.097139e-07 3.210100e-01 
6.135605e-01 5.148760e-07 3.254630e-01 
6.130836e-01 5.145878e-07 3.216600e-01 
6.130455e-01 5.118499e-07 3.367290e-01 
6.130053e-01 5.107116e-07 3.317430e-01 
6.129555e-01 5.114721e-07 3.245310e-01 
6.126521e-01 5.137054e-07 4.198230e-01 
6.119490e-01 5.058678e-07 3.274080e-01 
6.139568e-01 5.114398e-07 3.924120e-01 
6.117506e-01 5.105864e-07 3.299770e-01 
6.113534e-01 5.061225e-07 3.263080e-01 
6.129290e-01 5.112002e-07 3.231520e-01 
6.132066e-01 5.144066e-07 3.213300e-01 
6.121564e-01 5.088864e-07 3.251800e-01 
6.127995e-01 5.071952e-07 3.267670e-01 
6.121602e-01 5.082978e-07 3.220920e-01 
6.142295e-01 5.147563e-07 3.298500e-01 
6.116227e-01 5.088309e-07 3.259330e-01 
6.123931e-01 5.104258e-07 3.407630e-01 
6.131044e-01 5.102996e-07 3.276770e-01 
6.127036e-01 5.097908e-07 3.266030e-01 
6.114494e-01 5.054473e-07 3.271350e-01 
6.130388e-01 5.154928e-07 3.297650e-01 
6.129360e-01 5.152341e-07 3.234090e-01 
6.126748e-01 5.104212e-07 3.260830e-01 
6.134736e-01 5.112496e-07 3.415440e-01 
6.123512e-01 5.094345e-07 3.265310e-01 
6.122314e-01 5.118832e-07 3.272260e-01 
6.136987e-01 5.121488e-07 3.249100e-01 
6.140154e-01 5.162016e-07 3.230460e-01 
6.114930e-01 5.092685e-07 3.250310e-01 
6.125343e-01 5.128845e-07 3.322490e-01 
6.124503e-01 5.125991e-07 3.273490e-01 
6.120576e-01 5.102902e-07 3.253600e-01 
6.123263e-01 5.139640e-07 3.299370e-01 
6.127898e-01 5.123263e-07 3.227040e-01 
6.134841e-01 5.141122e-07 3.252520e-01 
6.130429e-01 5.134310e-07 3.315920e-01 
6.123431e-01 5.120070e-07 3.243290e-01 
6.111269e-01 5.072921e-07 3.396010e-01 
6.112558e-01 5.067458e-07 3.273630e-01 
6.122127e-01 5.111460e-07 3.227640e-01 
6.137183e-01 5.172681e-07 3.265200e-01 
6.133867e-01 5.102683e-07 3.278960e-01 
6.139866e-01 5.109940e-07 3.238820e-01 
6.137794e-01 5.125980e-07 3.219380e-01 
6.132576e-01 5.119273e-07 3.318480e-01 
6.131872e-01 5.141443e-07 3.250040e-01 
6.118762e-01 5.093280e-07 3.229840e-01 
6.132908e-01 5.119302e-07 3.351260e-01 
6.128216e-01 5.092643e-07 3.349760e-01 
6.135740e-01 5.145655e-07 3.230700e-01 
6.123465e-01 5.088750e-07 3.289430e-01 
6.120926e-01 5.112271e-07 3.241290e-01 
6.126863e-01 5.138057e-07 3.234010e-01 
6.123990e-01 5.104040e-07 3.407450e-01 
6.133919e-01 5.113527e-07 3.231800e-01 
6.129230e-01 5.149244e-07 3.257780e-01 
6.130599e-01 5.154764e-07 3.299830e-01 
6.125797e-01 5.114070e-07 3.231390e-01 
6.119375e-01 5.081204e-07 3.219430e-01 
6.123399e-01 5.089987e-07 3.341020e-01 
6.122017e-01 5.095983e-07 3.205790e-01 
6.125500e-01 5.088023e-07 3.292620e-01 
6.131227e-01 5.127967e-07 3.460960e-01 
6.114670e-01 5.056307e-07 3.237570e-01 
6.132530e-01 5.133708e-07 3.227600e-01 
6.126235e-01 5.113249e-07 3.279560e-01 
6.121079e-01 5.094627e-07 3.219330e-01 
6.136310e-01 5.168841e-07 3.312060e-01 
6.129497e-01 5.126779e-07 3.394760e-01 
6.120747e-01 5.101286e-07 3.291050e-01 
6.125080e-01 5.103614e-07 3.256160e-01 
6.137031e-01 5.139346e-07 3.280160e-01 
6.132977e-01 5.130648e-07 3.291140e-01 
6.136933e-01 5.130591e-07 3.234830e-01 
6.122993e-01 5.111041e-07 3.256640e-01 
6.131645e-01 5.124327e-07 3.251010e-01 
6.119511e-01 5.111011e-07 3.287040e-01 
6.131222e-01 5.109242e-07 3.354860e-01 
6.117228e-01 5.068026e-07 3.402930e-01 
6.122610e-01 5.106737e-07 3.247370e-01 
6.135306e-01 5.159349e-07 3.293790e-01 
6.134824e-01 5.136706e-07 3.319500e-01 
6.134285e-01 5.110139e-07 3.276330e-01 
6.135401e-01 5.104077e-07 3.295420e-01 
6.123546e-01 5.094255e-07 3.313790e-01 
6.125130e-01 5.108397e-07 3.257540e-01 
6.138588e-01 5.095564e-07 3.271050e-01 
6.126671e-01 5.063971e-07 3.348650e-01 
6.144443e-01 5.149221e-07 3.226350e-01 
6.128688e-01 5.117710e-07 3.240230e-01 
6.118675e-01 5.098363e-07 3.243030e-01 
6.110978e-01 5.101343e-07 3.311040e-01 
6.122759e-01 5.110911e-07 3.427230e-01 
6.111640e-01 5.053066e-07 3.305380e-01 
6.135382e-01 5.114969e-07 3.286420e-01 
6.125976e-01 5.105493e-07 3.235780e-01 
6.139715e-01 5.144103e-07 3.269240e-01 
6.135503e-01 5.174081e-07 3.235040e-01 
6.126725e-01 5.120922e-07 3.316480e-01 
6.126971e-01 5.108422e-07 3.237990e-01 
6.123294e-01 5.092586e-07 3.234240e-01 
6.140533e-01 5.167637e-07 3.242660e-01 
6.132213e-01 5.127033e-07 3.297370e-01 
6.117868e-01 5.060381e-07 3.333080e-01 
6.131551e-01 5.119438e-07 3.230430e-01 
6.127685e-01 5.103123e-07 3.275430e-01 
6.134564e-01 5.128737e-07 3.214330e-01 
6.122451e-01 5.097013e-07 3.242890e-01 
6.115062e-01 5.093608e-07 3.406210e-01 
6.119551e-01 5.091191e-07 3.247360e-01 
6.120523e-01 5.084148e-07 3.240200e-01 
6.129321e-01 5.092993e-07 3.240520e-01 
6.119523e-01 5.088107e-07 3.264230e-01 
6.140758e-01 5.141649e-07 3.380920e-01 
6.138403e-01 5.142305e-07 3.331230e-01 
6.125600e-01 5.100608e-07 3.219920e-01 
6.121774e-01 5.103202e-07 3.258810e-01 
6.118368e-01 5.114299e-07 3.249010e-01 
6.113041e-01 5.123543e-07 3.242920e-01 
6.119551e-01 5.124215e-07 3.206040e-01 
6.126074e-01 5.103810e-07 3.260140e-01 
6.124714e-01 5.137252e-07 3.214090e-01 
6.121810e-01 5.129410e-07 3.188890e-01 
6.113329e-01 5.074712e-07 3.288830e-01 
6.130578e-01 5.123542e-07 3.242300e-01 
6.121774e-01 5.095856e-07 3.233860e-01 
6.120715e-01 5.077904e-07 3.315400e-01 
6.131671e-01 5.109265e-07 3.239390e-01 
6.120334e-01 5.108000e-07 3.278560e-01 
6.120334e-01 5.110534e-07 3.281190e-01 
6.119032e-01 5.085091e-07 3.225470e-01 
6.137649e-01 5.147273e-07 3.255980e-01 
6.125564e-01 5.133000e-07 3.334920e-01 
6.120038e-01 5.083045e-07 3.229170e-01 
6.127641e-01 5.131132e-07 3.231510e-01 
6.141051e-01 5.160961e-07 3.390360e-01 
6.124224e-01 5.128177e-07 3.219810e-01 
6.123049e-01 5.088201e-07 3.229320e-01 
6.123081e-01 5.120270e-07 3.682990e-01 
6.135958e-01 5.131465e-07 3.212790e-01 
6.149032e-01 5.190587e-07 3.243610e-01 
6.124093e-01 5.083610e-07 3.249170e-01 
6.131635e-01 5.152867e-07 3.268470e-01 
6.116972e-01 5.086660e-07 3.254790e-01 
6.119188e-01 5.095965e-07 3.319450e-01 
6.130729e-01 5.115845e-07 3.309930e-01 
6.126738e-01 5.103878e-07 3.235610e-01 
6.132635e-01 5.125725e-07 3.277080e-01 
6.128232e-01 5.081500e-07 3.233860e-01 
6.142686e-01 5.143890e-07 3.245220e-01 
6.120673e-01 5.069846e-07 3.272180e-01 
6.128241e-01 5.080782e-07 3.252740e-01 
6.129037e-01 5.104307e-07 3.224200e-01 
6.129747e-01 5.115495e-07 3.306600e-01 
6.134804e-01 5.154971e-07 3.271280e-01 
6.135871e-01 5.129596e-07 3.403980e-01 
6.116558e-01 5.074300e-07 3.260900e-01 
6.136227e-01 5.142909e-07 3.320500e-01 
6.115565e-01 5.113200e-07 3.220320e-01 
6.117938e-01 5.077615e-07 3.426470e-01 
6.117171e-01 5.092687e-07 3.306280e-01 
6.127156e-01 5.093225e-07 3.255940e-01 
6.123392e-01 5.119725e-07 3.228240e-01 
6.127522e-01 5.081293e-07 3.298050e-01 
6.125568e-01 5.101324e-07 3.242920e-01 
6.121675e-01 5.108987e-07 3.235360e-01 
6.122252e-01 5.107638e-07 3.235840e-01 
6.134279e-01 5.136810e-07 3.240480e-01 
6.140474e-01 5.120460e-07 3.258620e-01 
6.115007e-01 5.073700e-07 3.329360e-01 
6.125129e-01 5.095702e-07 3.235420e-01 
6.122761e-01 5.114683e-07 3.254340e-01 
6.127998e-01 5.116887e-07 3.412220e-01 
6.133914e-01 5.134085e-07 3.228310e-01 
6.127532e-01 5.118276e-07 3.232600e-01 
6.121982e-01 5.119721e-07 3.394870e-01 
6.118444e-01 5.101447e-07 3.268000e-01 
6.120043e-01 5.116822e-07 3.250830e-01 
6.124641e-01 5.100305e-07 3.301600e-01 
6.117381e-01 5.076782e-07 3.233330e-01 
6.128195e-01 5.137080e-07 3.233680e-01 
6.129117e-01 5.084910e-07 3.227350e-01 
6.128516e-01 5.116399e-07 3.235630e-01 
6.126551e-01 5.090947e-07 3.234870e-01 
6.121851e-01 5.126730e-07 3.303630e-01 
6.131278e-01 5.124106e-07 3.229890e-01 
6.122577e-01 5.125192e-07 3.243680e-01 
6.123140e-01 5.096882e-07 3.422470e-01 
6.116594e-01 5.128219e-07 3.221940e-01 
6.125590e-01 5.113331e-07 3.207650e-01 
6.119212e-01 5.098273e-07 3.299870e-01 
6.125671e-01 5.116255e-07 3.226630e-01 
6.125438e-01 5.101008e-07 3.222070e-01 
6.116239e-01 5.059370e-07 3.261620e-01 
6.124931e-01 5.116617e-07 3.217900e-01 
6.122125e-01 5.103112e-07 3.234530e-01 
6.114178e-01 5.072786e-07 3.318440e-01 
6.134287e-01 5.142009e-07 3.202570e-01 
6.123124e-01 5.094721e-07 3.250040e-01 
6.125568e-01 5.106941e-07 3.317250e-01 
6.115497e-01 5.103265e-07 3.370180e-01 
6.119933e-01 5.096509e-07 3.239320e-01 
6.128132e-01 5.111504e-07 3.212320e-01 
6.142370e-01 5.145513e-07 3.306090e-01 
6.127092e-01 5.067449e-07 3.235030e-01 
6.118861e-01 5.097789e-07 3.319730e-01 
6.132135e-01 5.130046e-07 3.246210e-01 
6.123618e-01 5.103254e-07 3.273620e-01 
6.122874e-01 5.052446e-07 3.219110e-01 
6.133385e-01 5.131084e-07 3.312170e-01 
6.132946e-01 5.116668e-07 3.247400e-01 
6.126373e-01 5.104343e-07 3.227990e-01 
6.122006e-01 5.069498e-07 3.290250e-01 
6.111440e-01 5.083366e-07 3.231500e-01 
6.125408e-01 5.101207e-07 3.365070e-01 
6.123524e-01 5.087236e-07 3.254280e-01 
6.130051e-01 5.137342e-07 3.226820e-01 
6.129596e-01 5.126155e-07 3.242570e-01 
6.128684e-01 5.142967e-07 3.303930e-01 
6.128488e-01 5.114981e-07 3.247030e-01 
6.138322e-01 5.131784e-07 3.248490e-01 
6.130401e-01 5.123129e-07 3.290300e-01 
6.130198e-01 5.141767e-07 3.245980e-01 
6.120053e-01 5.088842e-07 3.234860e-01 
6.123150e-01 5.100218e-07 3.282820e-01 
6.131223e-01 5.108252e-07 3.219370e-01 
6.117535e-01 5.053489e-07 3.209700e-01 
6.126930e-01 5.113321e-07 3.214690e-01 
6.130199e-01 5.117781e-07 3.255850e-01 
6.116226e-01 5.066913e-07 3.251960e-01 
6.124715e-01 5.087181e-07 3.400080e-01 
6.133336e-01 5.142392e-07 3.254160e-01 
6.123346e-01 5.118309e-07 3.230690e-01 
6.126445e-01 5.105756e-07 3.317650e-01 
6.147728e-01 5.173494e-07 3.236630e-01 
6.119468e-01 5.073066e-07 3.224960e-01 
6.110428e-01 5.102950e-07 3.442400e-01 
6.106831e-01 5.090114e-07 3.253280e-01 
6.117576e-01 5.066200e-07 3.230090e-01 
6.130147e-01 5.136887e-07 3.306790e-01 
6.114686e-01 5.087234e-07 3.224130e-01 
6.132576e-01 5.130749e-07 3.215500e-01 
6.127067e-01 5.131910e-07 3.264980e-01 
6.129811e-01 5.117532e-07 3.235320e-01 
6.134816e-01 5.124134e-07 3.240860e-01 
6.129855e-01 5.101694e-07 3.297840e-01 
6.137138e-01 5.133840e-07 3.274640e-01 
6.123499e-01 5.086302e-07 3.227710e-01 
6.120658e-01 5.110074e-07 3.354030e-01 
6.120501e-01 5.107099e-07 3.230620e-01 
6.132057e-01 5.139659e-07 3.242050e-01 
6.131079e-01 5.087293e-07 3.243470e-01 
6.138182e-01 5.157830e-07 3.393640e-01 
6.125907e-01 5.094124e-07 3.244360e-01 
6.139332e-01 5.150527e-07 3.247690e-01 
6.132163e-01 5.098698e-07 3.317840e-01 
6.121612e-01 5.111186e-07 3.246770e-01 
6.136918e-01 5.153819e-07 3.299020e-01 
6.127070e-01 5.088446e-07 3.269820e-01 
6.128128e-01 5.118348e-07 3.221620e-01 
6.138151e-01 5.148996e-07 3.307920e-01 
6.121265e-01 5.098059e-07 3.925040e-01 
6.136343e-01 5.125728e-07 3.248050e-01 
6.137868e-01 5.155484e-07 3.309770e-01 
6.116501e-01 5.087034e-07 3.247070e-01 
6.126377e-01 5.128158e-07 3.248450e-01 
6.137252e-01 5.136616e-07 3.296700e-01 
6.108534e-01 5.048023e-07 3.223670e-01 
6.120278e-01 5.105570e-07 3.234410e-01 
6.113674e-01 5.100469e-07 3.260620e-01 
6.122854e-01 5.106343e-07 3.352860e-01 
6.131865e-01 5.110447e-07 3.250400e-01 
6.125403e-01 5.115367e-07 3.227790e-01 
6.139648e-01 5.197465e-07 3.293280e-01 
6.138332e-01 5.136185e-07 3.235890e-01 
6.136440e-01 5.122860e-07 3.326500e-01 
6.129031e-01 5.130531e-07 3.372670e-01 
6.118154e-01 5.103184e-07 3.249090e-01 
6.137188e-01 5.160675e-07 3.247350e-01 
6.116787e-01 5.108312e-07 3.255110e-01 
6.116308e-01 5.107647e-07 3.234250e-01 
6.123904e-01 5.115225e-07 3.317280e-01 
6.126630e-01 5.107612e-07 3.817040e-01 
6.146616e-01 5.188859e-07 3.213680e-01 
6.132939e-01 5.134821e-07 3.258450e-01 
6.127511e-01 5.092168e-07 3.240090e-01 
6.119438e-01 5.115149e-07 4.027660e-01 
6.118921e-01 5.086139e-07 3.275160e-01 
6.132906e-01 5.087348e-07 4.214620e-01 
6.132064e-01 5.141730e-07 3.242370e-01 
6.122510e-01 5.120184e-07 3.448360e-01 
6.115502e-01 5.083648e-07 3.344160e-01 
6.136410e-01 5.142413e-07 3.220770e-01 
6.110692e-01 5.065998e-07 3.340040e-01 
6.122171e-01 5.100388e-07 3.234150e-01 
6.133130e-01 5.126766e-07 3.245560e-01 
6.124791e-01 5.096209e-07 3.627020e-01 
6.128758e-01 5.091076e-07 3.321710e-01 
6.122999e-01 5.100405e-07 3.228690e-01 
6.122148e-01 5.075992e-07 3.267190e-01 
6.130593e-01 5.128231e-07 3.254490e-01 
6.122192e-01 5.136866e-07 3.209590e-01 
6.132903e-01 5.142568e-07 3.276350e-01 
6.125677e-01 5.133306e-07 3.241510e-01 
6.127838e-01 5.126057e-07 3.273390e-01 
6.128409e-01 5.106208e-07 3.385460e-01 
6.116773e-01 5.086291e-07 3.232460e-01 
6.116659e-01 5.121234e-07 3.254410e-01 
6.116583e-01 5.088732e-07 3.294500e-01 
6.121008e-01 5.120535e-07 3.264880e-01 
6.126706e-01 5.123577e-07 3.239870e-01 
6.129348e-01 5.126837e-07 3.601640e-01 
6.130544e-01 5.111076e-07 3.254570e-01 
6.123051e-01 5.106701e-07 3.249400e-01 
6.133595e-01 5.142027e-07 3.254900e-01 
6.118234e-01 5.081117e-07 3.243250e-01 
6.131185e-01 5.093199e-07 3.277340e-01 
6.116209e-01 5.099471e-07 3.235890e-01 
6.111029e-01 5.083841e-07 3.355130e-01 
6.120025e-01 5.089358e-07 3.309720e-01 
6.131908e-01 5.082821e-07 3.460120e-01 
6.128176e-01 5.103686e-07 3.277380e-01 
6.125962e-01 5.091560e-07 3.311630e-01 
6.136795e-01 5.117177e-07 3.243870e-01 
6.137787e-01 5.157362e-07 3.316580e-01 
6.114993e-01 5.124894e-07 3.250110e-01 
6.131643e-01 5.161901e-07 3.444790e-01 
6.121827e-01 5.101611e-07 3.292820e-01 
6.114688e-01 5.101359e-07 3.267740e-01 
6.122538e-01 5.113736e-07 3.218420e-01 
6.124306e-01 5.078102e-07 3.326850e-01 
6.128898e-01 5.112425e-07 3.233850e-01 
6.126801e-01 5.100071e-07 3.253130e-01 
6.116712e-01 5.132191e-07 3.260680e-01 
6.098590e-01 5.060515e-07 3.258580e-01 
6.122104e-01 5.100033e-07 3.254820e-01 
6.112734e-01 5.096647e-07 3.313410e-01 
6.108607e-01 5.057170e-07 3.278550e-01 
6.116668e-01 5.105094e-07 3.271180e-01 
6.119579e-01 5.099031e-07 3.336100e-01 
6.121368e-01 5.126047e-07 3.223380e-01 
6.118993e-01 5.074284e-07 3.418890e-01 
6.129528e-01 5.125712e-07 3.265970e-01 
6.122202e-01 5.107828e-07 3.258810e-01 
6.120391e-01 5.089352e-07 3.542270e-01 
6.135099e-01 5.131023e-07 3.316400e-01 
6.127126e-01 5.137276e-07 3.303670e-01 
6.129996e-01 5.147292e-07 3.223060e-01 
6.125856e-01 5.111428e-07 3.283180e-01 
6.117845e-01 5.073957e-07 3.251140e-01 
6.117878e-01 5.113586e-07 3.367700e-01 
6.116047e-01 5.083044e-07 3.326930e-01 
6.132681e-01 5.121436e-07 3.276240e-01 
6.128338e-01 5.127207e-07 3.225090e-01 
6.123062e-01 5.091453e-07 3.318700e-01 
6.123535e-01 5.148244e-07 3.243270e-01 
6.133699e-01 5.140968e-07 3.335720e-01 
6.126832e-01 5.111803e-07 3.266550e-01 
6.128416e-01 5.090165e-07 3.240820e-01 
6.112444e-01 5.065139e-07 3.272200e-01 
6.130103e-01 5.133661e-07 3.259860e-01 
6.138611e-01 5.140816e-07 3.224440e-01 
6.137549e-01 5.180627e-07 3.220070e-01 
6.140180e-01 5.115102e-07 3.283360e-01 
6.127355e-01 5.091159e-07 3.219490e-01 
6.135361e-01 5.145727e-07 3.254180e-01 
6.131354e-01 5.121640e-07 3.294090e-01 
6.126843e-01 5.104743e-07 3.255720e-01 
6.126989e-01 5.102862e-07 3.236910e-01 
6.137108e-01 5.163537e-07 3.273540e-01 
6.119292e-01 5.094411e-07 3.274260e-01 
6.129922e-01 5.113795e-07 3.218700e-01 
6.123094e-01 5.121607e-07 3.378670e-01 
6.134482e-01 5.109068e-07 3.225970e-01 
6.124858e-01 5.095490e-07 3.213260e-01 
6.111685e-01 5.079183e-07 3.299270e-01 
6.116254e-01 5.091456e-07 3.265960e-01 
6.121257e-01 5.064456e-07 3.239120e-01 
6.123541e-01 5.083420e-07 3.312690e-01 
6.129368e-01 5.119675e-07 3.221990e-01 
6.125280e-01 5.124297e-07 3.309800e-01 
6.123404e-01 5.094148e-07 3.490790e-01 
6.130254e-01 5.108509e-07 3.255570e-01 
6.128075e-01 5.104246e-07 3.239910e-01 
6.133257e-01 5.108529e-07 3.342020e-01 
6.137819e-01 5.135487e-07 3.203700e-01 
6.127050e-01 5.120742e-07 3.271720e-01 
6.122746e-01 5.075099e-07 3.303400e-01 
6.136328e-01 5.145279e-07 3.293120e-01 
6.108848e-01 5.095228e-07 3.244420e-01 
6.144531e-01 5.154139e-07 3.265740e-01 
6.114910e-01 5.060267e-07 3.254870e-01 
6.123407e-01 5.123986e-07 3.287500e-01 
6.136875e-01 5.145294e-07 3.258880e-01 
6.135279e-01 5.132436e-07 3.320120e-01 
6.129731e-01 5.150670e-07 3.286570e-01 
6.117843e-01 5.072407e-07 3.291940e-01 
6.110977e-01 5.082287e-07 3.321620e-01 
6.118065e-01 5.050693e-07 3.273220e-01 
6.127923e-01 5.066554e-07 3.241000e-01 
6.130086e-01 5.116881e-07 3.297580e-01 
6.123430e-01 5.083171e-07 3.260380e-01 
6.136967e-01 5.148234e-07 3.298170e-01 
6.130007e-01 5.115663e-07 3.285430e-01 
6.136758e-01 5.147148e-07 3.256040e-01 
6.122801e-01 5.107638e-07 3.261380e-01 
6.126003e-01 5.120634e-07 3.353540e-01 
6.130579e-01 5.148034e-07 3.283610e-01 
6.131150e-01 5.126496e-07 3.281870e-01 
6.118056e-01 5.115241e-07 3.294080e-01 
6.117202e-01 5.088144e-07 3.267510e-01 
6.134540e-01 5.155637e-07 3.340130e-01 
6.129667e-01 5.131657e-07 3.329950e-01 
6.128160e-01 5.108405e-07 3.270530e-01 
6.137703e-01 5.149526e-07 3.262700e-01 
6.130424e-01 5.146824e-07 3.355580e-01 
6.117992e-01 5.087891e-07 3.234590e-01 
6.137960e-01 5.130867e-07 3.371800e-01 
6.123221e-01 5.134357e-07 3.266850e-01 
6.125959e-01 5.111923e-07 3.230060e-01 
6.129042e-01 5.093374e-07 3.223770e-01 
6.137147e-01 5.121934e-07 3.271500e-01 
6.135404e-01 5.130163e-07 3.269600e-01 
6.115561e-01 5.077448e-07 3.220650e-01 
6.120704e-01 5.076172e-07 3.267740e-01 
6.133643e-01 5.130777e-07 3.242890e-01 
6.109663e-01 5.069404e-07 3.227630e-01 
6.133220e-01 5.141630e-07 3.388700e-01 
6.113607e-01 5.076481e-07 3.271630e-01 
6.124248e-01 5.103191e-07 3.252390e-01 
6.120411e-01 5.099416e-07 3.258690e-01 
6.118738e-01 5.054200e-07 3.262510e-01 
6.123820e-01 5.084957e-07 3.295890e-01 
6.120957e-01 5.082005e-07 3.435080e-01 
6.124716e-01 5.076190e-07 3.316550e-01 
6.133840e-01 5.102195e-07 3.277260e-01 
6.117833e-01 5.103185e-07 3.272530e-01 
6.128772e-01 5.125135e-07 3.269650e-01 
6.129170e-01 5.146548e-07 3.233170e-01 
6.115206e-01 5.091388e-07 3.322100e-01 
6.113235e-01 5.085690e-07 3.242880e-01 
6.132303e-01 5.141143e-07 3.260750e-01 
6.140923e-01 5.157106e-07 3.420830e-01 
6.135209e-01 5.116337e-07 3.309650e-01 
6.126351e-01 5.113136e-07 3.237630e-01 
6.127628e-01 5.111523e-07 3.319480e-01 
6.117813e-01 5.062110e-07 3.536880e-01 
6.122312e-01 5.089135e-07 3.214980e-01 
6.127260e-01 5.084302e-07 3.482090e-01 
6.123982e-01 5.133553e-07 3.246120e-01 
6.135811e-01 5.125076e-07 3.248280e-01 
6.115684e-01 5.078809e-07 3.274510e-01 
6.129702e-01 5.097074e-07 3.250560e-01 
6.134875e-01 5.141555e-07 3.209920e-01 
6.122804e-01 5.077588e-07 3.365440e-01 
6.113709e-01 5.060088e-07 3.252130e-01 
6.132086e-01 5.132461e-07 3.293770e-01 
6.127500e-01 5.131176e-07 3.428530e-01 
6.129361e-01 5.110851e-07 3.254450e-01 
6.123754e-01 5.116902e-07 3.256590e-01 
6.124633e-01 5.110069e-07 3.357050e-01 
6.132977e-01 5.163014e-07 3.276130e-01 
6.124315e-01 5.123768e-07 3.280910e-01 
6.138188e-01 5.136726e-07 3.491180e-01 
6.121551e-01 5.113201e-07 3.214380e-01 
6.120982e-01 5.106756e-07 3.289690e-01 
6.116154e-01 5.075612e-07 3.294000e-01 
6.129813e-01 5.151995e-07 3.254200e-01 
6.138456e-01 5.156230e-07 3.466710e-01 
6.137965e-01 5.128603e-07 3.305600e-01 
6.125567e-01 5.132137e-07 3.257100e-01 
6.128781e-01 5.135045e-07 3.287110e-01 
6.133593e-01 5.136777e-07 3.578020e-01 
6.108891e-01 5.104149e-07 3.246140e-01 
6.130142e-01 5.142440e-07 3.310240e-01 
6.126175e-01 5.136557e-07 3.290340e-01 
6.135681e-01 5.154220e-07 3.252310e-01 
6.131773e-01 5.096967e-07 3.284580e-01 
6.142926e-01 5.137746e-07 3.476020e-01 
6.127755e-01 5.125430e-07 3.302850e-01 
6.127634e-01 5.118059e-07 3.276840e-01 
6.135850e-01 5.149183e-07 3.404850e-01 
6.131930e-01 5.141569e-07 3.276320e-01 
6.103690e-01 5.048223e-07 3.265300e-01 
6.124477e-01 5.120005e-07 3.301540e-01 
6.130776e-01 5.117990e-07 3.237910e-01 
6.131770e-01 5.146542e-07 3.255670e-01 
6.137245e-01 5.127191e-07 3.295520e-01 
6.134762e-01 5.095627e-07 3.342160e-01 
6.129397e-01 5.082245e-07 3.266660e-01 
6.125815e-01 5.103761e-07 3.210350e-01 
6.119402e-01 5.110679e-07 3.244370e-01 
6.122088e-01 5.124614e-07 3.234670e-01 
6.127682e-01 5.136154e-07 3.246680e-01 
6.123735e-01 5.087581e-07 3.410040e-01 
6.125169e-01 5.102474e-07 3.257390e-01 
6.135425e-01 5.164687e-07 3.217280e-01 
6.118104e-01 5.125425e-07 3.298760e-01 
6.136044e-01 5.146892e-07 3.232260e-01 
6.134713e-01 5.107584e-07 3.351700e-01 
6.118471e-01 5.086827e-07 3.262560e-01 
6.117178e-01 5.080344e-07 3.242940e-01 
6.123348e-01 5.087023e-07 3.470950e-01 
6.131090e-01 5.114569e-07 3.388690e-01 
6.128189e-01 5.117689e-07 3.213520e-01 
6.126100e-01 5.084151e-07 3.238870e-01 
6.131448e-01 5.125375e-07 3.288820e-01 
6.127350e-01 5.114875e-07 3.231850e-01 
6.136110e-01 5.088205e-07 3.432170e-01 
6.141441e-01 5.142829e-07 3.253200e-01 
6.119163e-01 5.109361e-07 3.236620e-01 
6.118156e-01 5.115534e-07 3.215670e-01 
6.126757e-01 5.097767e-07 3.268920e-01 
6.125678e-01 5.115341e-07 3.243770e-01 
6.114409e-01 5.120826e-07 3.284880e-01 
6.126500e-01 5.105276e-07 3.275720e-01 
6.131025e-01 5.125582e-07 3.251690e-01 
6.133288e-01 5.141505e-07 3.245240e-01 
6.129419e-01 5.124662e-07 3.371970e-01 
6.129945e-01 5.151686e-07 3.235920e-01 
6.108182e-01 5.072612e-07 3.277590e-01 
6.104804e-01 5.084077e-07 3.323190e-01 
6.140689e-01 5.158855e-07 3.218680e-01 
6.132927e-01 5.119280e-07 3.240180e-01 
6.135755e-01 5.142533e-07 3.292180e-01 
6.138294e-01 5.166857e-07 3.237140e-01 
6.133351e-01 5.148346e-07 3.219910e-01 
6.129269e-01 5.118655e-07 3.330300e-01 
6.128650e-01 5.118283e-07 3.205590e-01 
6.127044e-01 5.107667e-07 3.209140e-01 
6.120602e-01 5.067615e-07 3.253730e-01 
6.140724e-01 5.130243e-07 3.232490e-01 
6.126133e-01 5.097976e-07 3.232500e-01 
6.138499e-01 5.146921e-07 3.887660e-01 
6.118822e-01 5.098939e-07 3.246590e-01 
6.136114e-01 5.145097e-07 3.228940e-01 
6.129222e-01 5.117320e-07 3.235970e-01 
6.127899e-01 5.120520e-07 3.248470e-01 
6.133289e-01 5.150872e-07 3.243980e-01 
6.137373e-01 5.131506e-07 3.386220e-01 
6.126489e-01 5.115951e-07 3.241560e-01 
6.128398e-01 5.107053e-07 3.234470e-01 
6.121097e-01 5.101012e-07 3.285760e-01 
6.132919e-01 5.084888e-07 3.233770e-01 
6.126301e-01 5.095611e-07 3.229380e-01 
6.131390e-01 5.087367e-07 3.256190e-01 
6.131243e-01 5.141135e-07 3.229650e-01 
6.137288e-01 5.123792e-07 3.214650e-01 
6.119397e-01 5.098916e-07 4.229740e-01 
6.136731e-01 5.119930e-07 3.206830e-01 
6.136395e-01 5.170115e-07 3.236250e-01 
6.121171e-01 5.093657e-07 3.261160e-01 
6.124217e-01 5.109735e-07 3.228860e-01 
6.125451e-01 5.082204e-07 3.201880e-01 
6.131509e-01 5.132416e-07 3.441800e-01 
6.136880e-01 5.156210e-07 3.230880e-01 
6.124159e-01 5.101846e-07 3.225720e-01 
6.125380e-01 5.098481e-07 3.240750e-01 
6.117215e-01 5.131838e-07 3.515050e-01 
6.122062e-01 5.080479e-07 3.215830e-01 
6.125155e-01 5.116840e-07 3.531020e-01 
6.129532e-01 5.146981e-07 3.211340e-01 
6.106732e-01 5.092356e-07 3.226540e-01 
6.127759e-01 5.124751e-07 3.477860e-01 
6.118260e-01 5.102080e-07 3.290310e-01 
6.125476e-01 5.114161e-07 3.273310e-01 
6.117025e-01 5.100369e-07 3.318110e-01 
6.117015e-01 5.087632e-07 3.271500e-01 
6.122461e-01 5.102705e-07 3.195470e-01 
6.124626e-01 5.124735e-07 4.227960e-01 
6.124696e-01 5.090633e-07 3.232180e-01 
6.116205e-01 5.082953e-07 3.223470e-01 
6.128539e-01 5.133743e-07 3.286500e-01 
6.121806e-01 5.126661e-07 3.261910e-01 
6.125072e-01 5.135419e-07 3.252260e-01 
6.120297e-01 5.116926e-07 3.250860e-01 
6.125206e-01 5.081078e-07 3.219590e-01 
6.106159e-01 5.084874e-07 3.203800e-01 
6.121231e-01 5.108714e-07 3.517780e-01 
6.128952e-01 5.128931e-07 3.252520e-01 
6.129493e-01 5.130310e-07 3.232230e-01 
6.139717e-01 5.188071e-07 3.227200e-01 
6.120679e-01 5.088230e-07 3.366480e-01 
6.128487e-01 5.125968e-07 3.217490e-01 
6.130325e-01 5.143541e-07 3.440560e-01 
6.121472e-01 5.094423e-07 3.256520e-01 
6.125146e-01 5.143506e-07 3.235460e-01 
6.121935e-01 5.127606e-07 3.358960e-01 
6.121244e-01 5.093773e-07 3.257490e-01 
6.129778e-01 5.103386e-07 3.238820e-01 
6.128255e-01 5.117333e-07 3.250430e-01 
6.123932e-01 5.118958e-07 3.197530e-01 
6.118458e-01 5.125801e-07 3.235580e-01 
6.136013e-01 5.152856e-07 3.350690e-01 
6.121765e-01 5.119092e-07 3.216010e-01 
6.127376e-01 5.095655e-07 3.268460e-01 
6.122085e-01 5.059951e-07 3.234970e-01 
6.125467e-01 5.102830e-07 3.275590e-01 
6.130649e-01 5.117174e-07 3.252070e-01 
6.138053e-01 5.148304e-07 3.279600e-01 
6.125970e-01 5.108954e-07 3.252990e-01 
6.122380e-01 5.124839e-07 3.225950e-01 
6.128962e-01 5.127723e-07 3.233470e-01 
6.115506e-01 5.051949e-07 3.226340e-01 
6.124152e-01 5.111609e-07 3.239600e-01 
6.112656e-01 5.078780e-07 3.214560e-01 
6.127907e-01 5.122267e-07 3.337720e-01 
6.117303e-01 5.118402e-07 3.231420e-01 
6.120549e-01 5.100196e-07 3.336870e-01 
6.127833e-01 5.117315e-07 3.328460e-01 
6.122456e-01 5.110724e-07 3.218880e-01 
6.118790e-01 5.101855e-07 3.255230e-01 
6.113934e-01 5.076535e-07 3.441660e-01 
6.126403e-01 5.129974e-07 3.228220e-01 
6.134416e-01 5.133888e-07 3.249560e-01 
6.134483e-01 5.141261e-07 3.329520e-01 
6.130695e-01 5.092687e-07 3.235890e-01 
6.119955e-01 5.096718e-07 3.238810e-01 
6.135960e-01 5.155450e-07 3.319880e-01 
6.126075e-01 5.088490e-07 3.215340e-01 
6.134133e-01 5.140094e-07 3.234060e-01 
6.130888e-01 5.101413e-07 3.243360e-01 
6.126458e-01 5.124939e-07 3.238780e-01 
6.125169e-01 5.117860e-07 3.252600e-01 
6.132128e-01 5.139156e-07 3.421130e-01 
6.112395e-01 5.089256e-07 3.313570e-01 
6.129959e-01 5.106937e-07 3.239250e-01 
6.147402e-01 5.145585e-07 3.261790e-01 
6.117635e-01 5.068383e-07 3.228840e-01 
6.132182e-01 5.126451e-07 3.216330e-01 
6.116949e-01 5.062413e-07 3.318290e-01 
6.125290e-01 5.109252e-07 3.237980e-01 
6.119538e-01 5.118050e-07 3.218740e-01 
6.132025e-01 5.137969e-07 3.266680e-01 
6.128998e-01 5.136375e-07 3.215400e-01 
6.131725e-01 5.087894e-07 3.209890e-01 
6.116576e-01 5.069229e-07 3.287440e-01 
6.128401e-01 5.122682e-07 3.239490e-01 
6.124831e-01 5.089715e-07 3.225210e-01 
6.132913e-01 5.108915e-07 3.349460e-01 
6.125891e-01 5.064668e-07 3.225020e-01 
6.125612e-01 5.111934e-07 3.237200e-01 
6.133998e-01 5.134100e-07 3.332570e-01 
6.131420e-01 5.110839e-07 3.208640e-01 
6.135786e-01 5.137260e-07 3.211190e-01 
6.123705e-01 5.098549e-07 3.265320e-01 
6.142831e-01 5.165179e-07 3.232900e-01 
6.132548e-01 5.135765e-07 3.239560e-01 
6.125925e-01 5.083304e-07 3.220940e-01 
6.132531e-01 5.130209e-07 3.333920e-01 
6.126869e-01 5.133791e-07 3.235990e-01 
6.121650e-01 5.090872e-07 3.222250e-01 
6.122527e-01 5.097708e-07 3.270390e-01 
6.117501e-01 5.080748e-07 3.223690e-01 
6.138725e-01 5.164160e-07 3.379090e-01 
6.116527e-01 5.102090e-07 3.396350e-01 
6.122248e-01 5.106883e-07 3.259470e-01 
6.133260e-01 5.134303e-07 3.225990e-01 
6.123051e-01 5.085533e-07 3.280010e-01 
6.136641e-01 5.147348e-07 3.226520e-01 
6.123851e-01 5.119693e-07 3.423940e-01 
6.128780e-01 5.128348e-07 3.340220e-01 
6.129171e-01 5.141084e-07 3.199630e-01 
6.130049e-01 5.115600e-07 3.232860e-01 
6.132038e-01 5.139440e-07 3.297010e-01 
6.127230e-01 5.123512e-07 3.225190e-01 
6.110846e-01 5.061113e-07 3.225210e-01 
6.130378e-01 5.145909e-07 3.307270e-01 
6.122463e-01 5.082863e-07 3.217750e-01 
6.134231e-01 5.133644e-07 3.356580e-01 
6.133915e-01 5.134142e-07 3.246260e-01 
6.123800e-01 5.060997e-07 3.200800e-01 
6.121864e-01 5.066603e-07 3.201950e-01 
6.127438e-01 5.128784e-07 3.258670e-01 
6.115869e-01 5.081507e-07 3.254100e-01 
6.127580e-01 5.115082e-07 3.394830e-01 
6.131659e-01 5.132450e-07 3.387200e-01 
6.133591e-01 5.124669e-07 3.209900e-01 
6.141397e-01 5.133132e-07 3.221800e-01 
6.119612e-01 5.087476e-07 3.233910e-01 
6.125341e-01 5.090819e-07 3.227780e-01 
6.126523e-01 5.125383e-07 3.228900e-01 
6.135540e-01 5.143065e-07 3.295930e-01 
6.122736e-01 5.119564e-07 3.230010e-01 
6.122854e-01 5.132933e-07 3.303450e-01 
6.120429e-01 5.093605e-07 3.554340e-01 
6.126385e-01 5.105534e-07 3.224110e-01 
6.111767e-01 5.055389e-07 3.226500e-01 
6.122419e-01 5.100751e-07 3.289140e-01 
6.131168e-01 5.149281e-07 3.240040e-01 
6.116311e-01 5.092147e-07 3.208600e-01 
6.121756e-01 5.112930e-07 3.355750e-01 
6.138472e-01 5.130565e-07 3.363620e-01 
6.133966e-01 5.134200e-07 3.222910e-01 
6.129301e-01 5.148423e-07 3.251360e-01 
6.123844e-01 5.103862e-07 3.216520e-01 
6.115751e-01 5.081220e-07 3.239000e-01 
6.121321e-01 5.104693e-07 3.371140e-01 
6.125050e-01 5.106803e-07 3.229520e-01 
6.129931e-01 5.119597e-07 3.217540e-01 
6.116479e-01 5.098637e-07 3.379880e-01 
6.128790e-01 5.106799e-07 3.215670e-01 
6.130003e-01 5.136110e-07 3.235350e-01 
6.112590e-01 5.039440e-07 3.218530e-01 
6.126676e-01 5.110191e-07 3.228640e-01 
6.133160e-01 5.128012e-07 3.236590e-01 
6.126698e-01 5.111573e-07 3.261290e-01 
6.130626e-01 5.106737e-07 3.486260e-01 
6.137340e-01 5.160092e-07 3.308720e-01 
6.123368e-01 5.119278e-07 3.209750e-01 
6.129126e-01 5.135525e-07 3.314590e-01 
6.120483e-01 5.101868e-07 3.223170e-01 
6.127150e-01 5.118130e-07 3.218230e-01 
6.113787e-01 5.072966e-07 3.267710e-01 
6.117844e-01 5.110427e-07 3.259810e-01 
6.126988e-01 5.117297e-07 3.304000e-01 
6.127398e-01 5.118093e-07 3.372120e-01 
6.135960e-01 5.099332e-07 3.237580e-01 
6.125182e-01 5.061280e-07 3.222170e-01 
6.140515e-01 5.148487e-07 3.356810e-01 
6.128798e-01 5.105879e-07 3.283950e-01 
6.135552e-01 5.096963e-07 3.251900e-01 
6.135721e-01 5.125885e-07 3.285620e-01 
6.127925e-01 5.096491e-07 3.268170e-01 
6.126866e-01 5.093454e-07 3.236200e-01 
6.133055e-01 5.145073e-07 3.295430e-01 
6.135802e-01 5.112892e-07 3.220550e-01 
6.129638e-01 5.090394e-07 3.225240e-01 
6.120931e-01 5.099569e-07 3.281120e-01 
6.135198e-01 5.152793e-07 3.213880e-01 
6.120916e-01 5.100681e-07 3.245970e-01 
6.124003e-01 5.111240e-07 3.311280e-01 
6.131972e-01 5.148401e-07 3.214700e-01 
6.129061e-01 5.118336e-07 3.246140e-01 
6.130768e-01 5.130015e-07 3.332970e-01 
6.142993e-01 5.170575e-07 3.217300e-01 
6.127944e-01 5.113904e-07 3.229250e-01 
6.133694e-01 5.139702e-07 3.333410e-01 
6.146057e-01 5.186364e-07 3.223140e-01 
6.136666e-01 5.148304e-07 3.244960e-01 
6.139193e-01 5.204155e-07 3.297160e-01 
6.126869e-01 5.127515e-07 3.224080e-01 
6.122931e-01 5.129491e-07 3.211120e-01 
6.128997e-01 5.151543e-07 3.242050e-01 
6.123360e-01 5.089518e-07 3.237730e-01 
6.119257e-01 5.103571e-07 3.237150e-01 
6.121633e-01 5.120463e-07 3.335670e-01 
6.125532e-01 5.079329e-07 3.246750e-01 
6.130018e-01 5.130748e-07 3.249670e-01 
6.127136e-01 5.125297e-07 3.336320e-01 
6.114541e-01 5.078486e-07 3.213530e-01 
6.113364e-01 5.088728e-07 3.232600e-01 
6.132325e-01 5.137247e-07 3.385430e-01 
6.134810e-01 5.122789e-07 3.209950e-01 
6.125522e-01 5.104444e-07 3.215970e-01 
6.132084e-01 5.109376e-07 3.231590e-01 
6.135897e-01 5.135884e-07 3.238760e-01 
6.125258e-01 5.087754e-07 3.207630e-01 
6.129282e-01 5.099545e-07 3.207220e-01 
6.118179e-01 5.089914e-07 3.276310e-01 
6.114717e-01 5.090603e-07 3.227760e-01 
6.133098e-01 5.159503e-07 3.257170e-01 
6.125633e-01 5.098832e-07 3.302440e-01 
6.120935e-01 5.099234e-07 3.219830e-01 
6.136589e-01 5.123893e-07 3.263610e-01 
6.138372e-01 5.134655e-07 3.239660e-01 
6.136718e-01 5.150374e-07 3.216850e-01 
6.129925e-01 5.123916e-07 3.264460e-01 
6.133848e-01 5.150293e-07 3.269070e-01 
6.125532e-01 5.095559e-07 3.216040e-01 
6.128370e-01 5.138751e-07 3.265390e-01 
6.119056e-01 5.069845e-07 3.227340e-01 
6.127832e-01 5.128759e-07 3.262030e-01 
6.129629e-01 5.141995e-07 3.197100e-01 
6.127022e-01 5.152295e-07 3.261790e-01 
6.127116e-01 5.092010e-07 3.246690e-01 
6.122799e-01 5.085200e-07 3.350200e-01 
6.113389e-01 5.070737e-07 3.449780e-01 
6.128229e-01 5.129759e-07 3.318240e-01 
6.118480e-01 5.083589e-07 3.279900e-01 
6.111154e-01 5.069284e-07 3.289520e-01 
6.119774e-01 5.120197e-07 3.313090e-01 
6.121087e-01 5.108479e-07 3.316960e-01 
6.121857e-01 5.076864e-07 3.431610e-01 
6.130236e-01 5.126979e-07 3.250970e-01 
6.127492e-01 5.120902e-07 3.435250e-01 
6.137627e-01 5.155925e-07 3.283260e-01 
6.140036e-01 5.126093e-07 3.281130e-01 
6.127585e-01 5.105415e-07 3.268860e-01 
6.125447e-01 5.127409e-07 3.371980e-01 
6.131581e-01 5.105192e-07 3.217600e-01 
6.124345e-01 5.106461e-07 3.404190e-01 
6.128757e-01 5.120053e-07 3.413680e-01 
6.125198e-01 5.106285e-07 3.248180e-01 
6.119793e-01 5.107257e-07 3.283140e-01 
6.128485e-01 5.116457e-07 3.361050e-01 
6.120149e-01 5.083444e-07 3.251090e-01 
6.127036e-01 5.106600e-07 3.272320e-01 
6.115354e-01 5.109247e-07 3.357240e-01 
6.136290e-01 5.124202e-07 3.212090e-01 
6.119815e-01 5.096867e-07 3.273220e-01 
6.123511e-01 5.090177e-07 3.313530e-01 
6.128659e-01 5.143090e-07 3.285050e-01 
6.124429e-01 5.105245e-07 3.239450e-01 
6.121562e-01 5.119917e-07 3.310880e-01 
6.131602e-01 5.134073e-07 3.262290e-01 
6.112042e-01 5.079966e-07 3.285470e-01 
6.113056e-01 5.100379e-07 3.463140e-01 
6.128595e-01 5.121570e-07 3.315570e-01 
6.135672e-01 5.094103e-07 3.295380e-01 
6.120824e-01 5.100099e-07 3.312140e-01 
6.128042e-01 5.117784e-07 3.281740e-01 
6.127736e-01 5.138451e-07 3.214020e-01 
6.128651e-01 5.152666e-07 3.479100e-01 
6.134206e-01 5.151556e-07 3.312340e-01 
6.117314e-01 5.088733e-07 3.221440e-01 
6.120180e-01 5.133984e-07 3.333080e-01 
6.129910e-01 5.130862e-07 3.263980e-01 
6.125920e-01 5.117663e-07 3.216200e-01 
6.123764e-01 5.110451e-07 3.379850e-01 
6.117154e-01 5.074816e-07 3.240300e-01 
6.126807e-01 5.099602e-07 3.269380e-01 
6.119564e-01 5.091590e-07 3.384940e-01 
6.124092e-01 5.129704e-07 3.228570e-01 
6.125661e-01 5.135132e-07 3.274720e-01 
6.112581e-01 5.080009e-07 3.350270e-01 
6.123041e-01 5.128934e-07 3.328240e-01 
6.129144e-01 5.107646e-07 3.266190e-01 
6.122327e-01 5.142199e-07 3.380370e-01 
6.128179e-01 5.105903e-07 3.281180e-01 
6.132142e-01 5.130305e-07 3.271020e-01 
6.126965e-01 5.108758e-07 3.308720e-01 
6.120652e-01 5.123792e-07 3.228730e-01 
6.120476e-01 5.074727e-07 3.260670e-01 
6.139223e-01 5.118270e-07 3.314100e-01 
6.132994e-01 5.143237e-07 3.218780e-01 
6.124324e-01 5.125594e-07 3.211180e-01 
6.140069e-01 5.165683e-07 3.891280e-01 
6.127762e-01 5.122686e-07 3.661280e-01 
6.120299e-01 5.113479e-07 3.256120e-01 
6.132421e-01 5.102682e-07 3.353570e-01 
6.120246e-01 5.099015e-07 3.299590e-01 
6.130853e-01 5.125531e-07 3.301540e-01 
6.126347e-01 5.109864e-07 3.324390e-01 
6.120665e-01 5.112000e-07 3.265500e-01 
6.109968e-01 5.068872e-07 3.382720e-01 
6.131030e-01 5.100342e-07 3.327290e-01 
6.123695e-01 5.090898e-07 3.246610e-01 
6.111552e-01 5.059202e-07 3.211260e-01 
6.113538e-01 5.073443e-07 3.299730e-01 
6.127430e-01 5.107453e-07 3.268300e-01 
6.130879e-01 5.103378e-07 3.258970e-01 
6.143796e-01 5.160257e-07 3.328640e-01 
6.118398e-01 5.114276e-07 3.322660e-01 
6.118766e-01 5.101955e-07 3.243210e-01 
6.126504e-01 5.107169e-07 3.313430e-01 
6.125650e-01 5.093556e-07 3.218550e-01 
6.130463e-01 5.120356e-07 3.266790e-01 
6.111735e-01 5.065688e-07 3.396240e-01 
6.131833e-01 5.120171e-07 3.302810e-01 
6.124354e-01 5.077844e-07 3.237180e-01 
6.124245e-01 5.101116e-07 3.278460e-01 
6.128200e-01 5.142155e-07 3.547900e-01 
6.116783e-01 5.063804e-07 3.473010e-01 
6.127742e-01 5.086570e-07 3.357630e-01 
6.124154e-01 5.066249e-07 3.990900e-01 
6.122848e-01 5.104618e-07 3.340300e-01 
6.132686e-01 5.147708e-07 4.229590e-01 
6.130240e-01 5.133228e-07 3.276010e-01 
6.116623e-01 5.087826e-07 3.220350e-01 
6.124804e-01 5.120322e-07 3.298450e-01 
6.124497e-01 5.123780e-07 3.228350e-01 
6.111313e-01 5.077777e-07 3.377320e-01 
6.129150e-01 5.101498e-07 3.615400e-01 
6.127376e-01 5.114767e-07 3.262710e-01 
6.126440e-01 5.119663e-07 3.230360e-01 
6.130492e-01 5.093642e-07 3.256820e-01 
6.131378e-01 5.128449e-07 3.220920e-01 
6.131488e-01 5.097454e-07 3.241220e-01 
6.135572e-01 5.160043e-07 3.261060e-01 
6.135081e-01 5.126202e-07 3.234080e-01 
6.140559e-01 5.140305e-07 3.363030e-01 
6.126219e-01 5.101210e-07 3.338770e-01 
6.129263e-01 5.122370e-07 3.236430e-01 
6.117648e-01 5.089290e-07 3.344900e-01 
6.120785e-01 5.088731e-07 3.246080e-01 
6.120504e-01 5.117770e-07 3.275750e-01 
6.129311e-01 5.137940e-07 3.253620e-01 
6.120081e-01 5.120666e-07 3.353790e-01 
6.133515e-01 5.143622e-07 3.245650e-01 
6.139347e-01 5.135051e-07 3.275240e-01 
6.138624e-01 5.146930e-07 3.340540e-01 
6.122509e-01 5.095076e-07 3.243210e-01 
6.117193e-01 5.085581e-07 3.269030e-01 
6.132550e-01 5.137301e-07 3.271330e-01 
6.130102e-01 5.105516e-07 3.262950e-01 
6.130631e-01 5.138030e-07 3.289550e-01 
6.125574e-01 5.106572e-07 3.428850e-01 
6.119455e-01 5.081439e-07 4.078460e-01 
6.137573e-01 5.145505e-07 3.286430e-01 
6.130945e-01 5.089395e-07 4.103620e-01 
6.119979e-01 5.077541e-07 3.275090e-01 
6.125885e-01 5.136372e-07 3.639330e-01 
6.134827e-01 5.112461e-07 3.602980e-01 
6.130437e-01 5.111333e-07 3.250010e-01 
6.121661e-01 5.100969e-07 3.311660e-01 
6.145871e-01 5.163996e-07 3.316450e-01 
6.128661e-01 5.110975e-07 3.305390e-01 
6.132936e-01 5.127228e-07 3.220460e-01 
6.133403e-01 5.137243e-07 3.322130e-01 
6.117576e-01 5.066470e-07 3.271330e-01 
6.124381e-01 5.110204e-07 3.290230e-01 
6.125134e-01 5.095671e-07 3.327780e-01 
6.142282e-01 5.157757e-07 3.276600e-01 
6.114577e-01 5.077387e-07 3.265530e-01 
6.118372e-01 5.090439e-07 3.268360e-01 
6.135629e-01 5.125413e-07 3.276520e-01 
6.116598e-01 5.092418e-07 3.384710e-01 
6.118419e-01 5.095881e-07 3.334370e-01 
6.130540e-01 5.118368e-07 3.247500e-01 
6.126602e-01 5.102057e-07 3.249540e-01 
6.134568e-01 5.174533e-07 3.262530e-01 
6.118692e-01 5.084978e-07 3.213690e-01 
6.133417e-01 5.126896e-07 3.267570e-01 
6.126542e-01 5.083732e-07 3.310140e-01 
6.113799e-01 5.086953e-07 3.332770e-01 
6.131336e-01 5.156216e-07 3.322450e-01 
6.116030e-01 5.076094e-07 3.360990e-01 
6.130212e-01 5.140008e-07 3.230350e-01 
6.142283e-01 5.151821e-07 3.230230e-01 
6.134254e-01 5.149510e-07 3.234410e-01 
6.130056e-01 5.117831e-07 3.240890e-01 
6.129280e-01 5.145566e-07 3.396340e-01 
6.130056e-01 5.122914e-07 3.288300e-01 
6.124552e-01 5.077501e-07 3.241510e-01 
6.126575e-01 5.098830e-07 3.271040e-01 
6.127051e-01 5.095519e-07 3.326560e-01 
6.141804e-01 5.166473e-07 3.243820e-01 
6.132663e-01 5.112357e-07 3.263750e-01 
6.123872e-01 5.075451e-07 3.270490e-01 
6.119203e-01 5.074978e-07 3.254420e-01 
6.135905e-01 5.149257e-07 3.258600e-01 
6.123457e-01 5.074985e-07 3.374210e-01 
6.119481e-01 5.120159e-07 3.241620e-01 
6.130281e-01 5.110780e-07 3.252830e-01 
6.117181e-01 5.080161e-07 3.311060e-01 
6.140037e-01 5.138665e-07 3.254960e-01 
6.135669e-01 5.128204e-07 3.310460e-01 
6.137952e-01 5.144987e-07 3.363600e-01 
6.129037e-01 5.117385e-07 3.259520e-01 
6.124372e-01 5.124139e-07 3.267770e-01 
6.128275e-01 5.105482e-07 3.321090e-01 
6.123052e-01 5.118263e-07 3.280420e-01 
6.120412e-01 5.086572e-07 3.209190e-01 
6.136443e-01 5.137047e-07 3.357460e-01 
6.136240e-01 5.123854e-07 3.263480e-01 
6.133441e-01 5.132984e-07 3.252850e-01 
6.124450e-01 5.098156e-07 3.412650e-01 
6.120044e-01 5.091587e-07 3.276800e-01 
6.123272e-01 5.093275e-07 3.217630e-01 
6.126763e-01 5.094789e-07 3.311370e-01 
6.125520e-01 5.115068e-07 3.236420e-01 
6.127067e-01 5.095382e-07 3.256580e-01 
6.131678e-01 5.136680e-07 3.475950e-01 
6.127984e-01 5.090235e-07 3.252230e-01 
6.141444e-01 5.143561e-07 3.263320e-01 
6.119151e-01 5.103948e-07 3.312530e-01 
6.129130e-01 5.127748e-07 3.290070e-01 
6.114607e-01 5.086087e-07 3.270980e-01 
6.118296e-01 5.092575e-07 3.514230e-01 
6.123675e-01 5.122052e-07 3.544920e-01 
6.119277e-01 5.106710e-07 3.260670e-01 
6.131959e-01 5.111399e-07 3.320910e-01 
6.124454e-01 5.109672e-07 3.283570e-01 
6.125215e-01 5.101184e-07 3.273260e-01 
6.129389e-01 5.081737e-07 3.353440e-01 
6.137471e-01 5.144375e-07 3.257240e-01 
6.123053e-01 5.081697e-07 3.231110e-01 
6.149765e-01 5.173872e-07 3.366540e-01 
6.124465e-01 5.067639e-07 3.250800e-01 
6.128636e-01 5.129866e-07 3.273160e-01 
6.124564e-01 5.112392e-07 3.312420e-01 
6.116736e-01 5.108888e-07 3.240790e-01 
6.139761e-01 5.138802e-07 3.251480e-01 
6.118830e-01 5.102742e-07 3.355550e-01 
6.128178e-01 5.108684e-07 3.234090e-01 
6.116409e-01 5.068468e-07 3.237030e-01 
6.118889e-01 5.090809e-07 3.315360e-01 
6.134200e-01 5.138613e-07 3.252060e-01 
6.133120e-01 5.152204e-07 3.281200e-01 
6.120836e-01 5.086621e-07 3.210470e-01 
6.119448e-01 5.098847e-07 3.328260e-01 
6.120759e-01 5.112939e-07 3.251320e-01 
6.121515e-01 5.059106e-07 3.220860e-01 
6.128050e-01 5.098447e-07 3.496040e-01 
6.124560e-01 5.072016e-07 3.299180e-01 
6.123059e-01 5.104881e-07 3.263340e-01 
6.118557e-01 5.088381e-07 3.280190e-01 
6.121353e-01 5.099391e-07 3.248250e-01 
6.120098e-01 5.106389e-07 3.218350e-01 
6.128411e-01 5.108229e-07 3.319260e-01 
6.127653e-01 5.112384e-07 3.252830e-01 
6.140312e-01 5.122240e-07 3.361160e-01 
6.127958e-01 5.075100e-07 3.345520e-01 
6.126409e-01 5.103206e-07 3.234780e-01 
6.136022e-01 5.153551e-07 3.252980e-01 
6.109447e-01 5.080964e-07 3.297060e-01 
6.125133e-01 5.078865e-07 3.278650e-01 
6.125242e-01 5.122511e-07 3.284570e-01 
6.123330e-01 5.112245e-07 3.305000e-01 
6.126880e-01 5.121641e-07 3.285280e-01 
6.125237e-01 5.095882e-07 3.238730e-01 
6.122754e-01 5.109412e-07 3.276090e-01 
6.126987e-01 5.103666e-07 3.237240e-01 
6.125909e-01 5.084704e-07 3.238610e-01 
6.123665e-01 5.082735e-07 3.270550e-01 
6.143698e-01 5.160502e-07 3.264050e-01 
6.130133e-01 5.131820e-07 3.370180e-01 
6.137023e-01 5.166172e-07 3.384640e-01 
6.128055e-01 5.142716e-07 3.257910e-01 
6.125426e-01 5.108995e-07 3.240040e-01 
6.119661e-01 5.071001e-07 3.302610e-01 
6.117924e-01 5.095889e-07 3.262030e-01 
6.123524e-01 5.094293e-07 3.408180e-01 
6.131359e-01 5.128896e-07 3.433810e-01 
6.114776e-01 5.091073e-07 3.268380e-01 
6.120171e-01 5.134025e-07 3.234440e-01 
6.124510e-01 5.112690e-07 3.313280e-01 
6.132951e-01 5.125357e-07 3.260040e-01 
6.124217e-01 5.076854e-07 3.285690e-01 
6.125088e-01 5.112887e-07 3.267750e-01 
6.116609e-01 5.088204e-07 3.240770e-01 
6.125362e-01 5.125506e-07 3.228970e-01 
6.129890e-01 5.118139e-07 3.346070e-01 
6.122547e-01 5.107881e-07 3.333040e-01 
6.136902e-01 5.145265e-07 3.229290e-01 
6.126056e-01 5.115704e-07 3.250110e-01 
6.116309e-01 5.076782e-07 3.238980e-01 
6.138035e-01 5.155725e-07 3.257820e-01 
6.129297e-01 5.170790e-07 3.311520e-01 
6.130644e-01 5.109699e-07 3.248820e-01 
6.124409e-01 5.118478e-07 3.278680e-01 
6.124271e-01 5.149749e-07 3.305110e-01 
6.142728e-01 5.165781e-07 3.346720e-01 
6.128378e-01 5.129779e-07 3.219810e-01 
6.118407e-01 5.085005e-07 3.299280e-01 
6.126071e-01 5.134238e-07 3.277460e-01 
6.111599e-01 5.064074e-07 3.246450e-01 
6.126641e-01 5.118635e-07 3.479760e-01 
6.116634e-01 5.096278e-07 3.269970e-01 
6.123972e-01 5.132029e-07 3.287090e-01 
6.136576e-01 5.117014e-07 3.343620e-01 
6.131062e-01 5.131269e-07 3.247270e-01 
6.129260e-01 5.074318e-07 3.274310e-01 
6.119663e-01 5.063867e-07 3.433700e-01 
6.122313e-01 5.127025e-07 3.263120e-01 
6.119631e-01 5.093705e-07 3.276710e-01 
6.128910e-01 5.128067e-07 3.386990e-01 
6.135391e-01 5.143099e-07 3.217560e-01 
6.124455e-01 5.112550e-07 3.241920e-01 
6.133073e-01 5.081596e-07 3.375690e-01 
6.140615e-01 5.157022e-07 3.243230e-01 
6.128766e-01 5.107423e-07 3.298050e-01 
6.126203e-01 5.107804e-07 3.337630e-01 
6.135068e-01 5.152433e-07 3.278630e-01 
6.122260e-01 5.103967e-07 3.267310e-01 
6.117752e-01 5.082041e-07 3.225800e-01 
6.131138e-01 5.118030e-07 3.265500e-01 
6.122809e-01 5.083971e-07 3.244710e-01 
6.135485e-01 5.151962e-07 3.450640e-01 
6.133359e-01 5.108126e-07 3.252870e-01 
6.141552e-01 5.170653e-07 3.272650e-01 
6.142116e-01 5.171231e-07 3.285300e-01 
6.130150e-01 5.161836e-07 3.345220e-01 
6.115462e-01 5.083510e-07 3.277830e-01 
6.122694e-01 5.075186e-07 3.267250e-01 
6.132110e-01 5.114787e-07 3.250110e-01 
6.118517e-01 5.136159e-07 3.270080e-01 
6.122814e-01 5.118947e-07 3.426940e-01 
6.121348e-01 5.108391e-07 3.373510e-01 
6.132718e-01 5.138758e-07 3.306940e-01 
6.143327e-01 5.161226e-07 3.302960e-01 
6.130470e-01 5.092530e-07 3.262130e-01 
6.138395e-01 5.167248e-07 3.232520e-01 
6.121490e-01 5.111469e-07 3.294830e-01 
6.116029e-01 5.095283e-07 3.336010e-01 
6.130420e-01 5.130655e-07 3.298670e-01 
6.132451e-01 5.095769e-07 3.246640e-01 
6.132225e-01 5.098037e-07 3.299940e-01 
6.131108e-01 5.099450e-07 3.266890e-01 
6.133571e-01 5.126074e-07 3.218050e-01 
6.138618e-01 5.163833e-07 3.289070e-01 
6.123952e-01 5.078904e-07 3.230360e-01 
6.125062e-01 5.076638e-07 3.388300e-01 
6.133017e-01 5.131611e-07 3.390060e-01 
6.127620e-01 5.120065e-07 3.270810e-01 
6.130904e-01 5.154113e-07 3.229280e-01 
6.133339e-01 5.107773e-07 3.277170e-01 
6.129452e-01 5.112443e-07 3.216830e-01 
6.113597e-01 5.066944e-07 3.328350e-01 
6.131254e-01 5.122414e-07 3.293360e-01 
6.134700e-01 5.143445e-07 3.229960e-01 
6.142116e-01 5.182469e-07 3.245250e-01 
6.124843e-01 5.139967e-07 3.250280e-01 
6.122763e-01 5.086139e-07 3.244550e-01 
6.131353e-01 5.140215e-07 3.241700e-01 
6.138308e-01 5.168263e-07 3.335560e-01 
6.130469e-01 5.123546e-07 3.253410e-01 
6.125334e-01 5.119094e-07 3.276040e-01 
6.134872e-01 5.100485e-07 3.672170e-01 
6.123760e-01 5.085440e-07 3.318580e-01 
6.122521e-01 5.100503e-07 3.275620e-01 
6.128207e-01 5.105203e-07 3.300230e-01 
6.126704e-01 5.125496e-07 3.229450e-01 
6.118763e-01 5.055744e-07 3.321340e-01 
6.119071e-01 5.135210e-07 3.322040e-01 
6.131207e-01 5.135774e-07 3.224340e-01 
6.130439e-01 5.113674e-07 3.291350e-01 
6.137629e-01 5.164858e-07 3.274230e-01 
6.108606e-01 5.094139e-07 3.217430e-01 
6.142798e-01 5.146572e-07 3.219640e-01 
6.134043e-01 5.136850e-07 3.267430e-01 
6.134330e-01 5.155313e-07 3.238300e-01 
6.127182e-01 5.112723e-07 3.222940e-01 
6.118058e-01 5.070009e-07 3.373720e-01 
6.130241e-01 5.140516e-07 3.280190e-01 
6.126522e-01 5.108135e-07 3.215140e-01 
6.116753e-01 5.096242e-07 3.361750e-01 
6.126225e-01 5.123076e-07 3.232050e-01 
6.123413e-01 5.124448e-07 3.264780e-01 
6.131550e-01 5.117553e-07 3.383930e-01 
6.131958e-01 5.173085e-07 3.251130e-01 
6.129850e-01 5.122841e-07 3.262400e-01 
6.113972e-01 5.111625e-07 3.346580e-01 
6.120574e-01 5.116513e-07 3.221670e-01 
6.124133e-01 5.073817e-07 3.234840e-01 
6.139816e-01 5.155713e-07 3.268140e-01 
6.133957e-01 5.116254e-07 3.231530e-01 
6.124186e-01 5.071317e-07 3.258410e-01 
6.134290e-01 5.117781e-07 3.487100e-01 
6.130115e-01 5.128799e-07 3.241850e-01 
6.127523e-01 5.113295e-07 3.284000e-01 
6.128231e-01 5.136061e-07 3.268430e-01 
6.123686e-01 5.109475e-07 3.301680e-01 
6.133286e-01 5.136239e-07 3.285350e-01 
6.136133e-01 5.154882e-07 3.368760e-01 
6.128972e-01 5.132944e-07 3.289320e-01 
6.127267e-01 5.102616e-07 3.228730e-01 
6.131073e-01 5.118315e-07 3.238220e-01 
6.123523e-01 5.105094e-07 3.280350e-01 
6.128818e-01 5.104637e-07 3.238620e-01 
6.131134e-01 5.151352e-07 3.231360e-01 
6.128721e-01 5.098105e-07 3.257160e-01 
6.116580e-01 5.094848e-07 3.229550e-01 
6.130758e-01 5.137899e-07 3.313640e-01 
6.145859e-01 5.169540e-07 4.192090e-01 
6.116630e-01 5.073695e-07 3.223570e-01 
6.122827e-01 5.108315e-07 3.250190e-01 
6.123121e-01 5.127672e-07 3.222330e-01 
6.136259e-01 5.103023e-07 3.230070e-01 
6.130834e-01 5.136750e-07 3.279110e-01 
6.126783e-01 5.103207e-07 3.280410e-01 
6.125530e-01 5.101834e-07 3.208990e-01 
6.114774e-01 5.083522e-07 3.212130e-01 
6.120990e-01 5.099225e-07 3.237200e-01 
6.138550e-01 5.158307e-07 3.218870e-01 
6.120996e-01 5.084483e-07 3.222290e-01 
6.133565e-01 5.125969e-07 3.239950e-01 
6.130118e-01 5.131639e-07 3.226680e-01 
6.132493e-01 5.159289e-07 3.272490e-01 
6.140350e-01 5.143591e-07 3.415110e-01 
6.123149e-01 5.090313e-07 3.236520e-01 
6.117829e-01 5.066028e-07 3.237220e-01 
6.131655e-01 5.112346e-07 3.250560e-01 
6.121966e-01 5.125774e-07 3.240090e-01 
6.135641e-01 5.146377e-07 3.377470e-01 
6.131304e-01 5.125273e-07 4.023600e-01 
6.146613e-01 5.171475e-07 3.258000e-01 
6.124240e-01 5.108641e-07 3.247070e-01 
6.134046e-01 5.110636e-07 3.304800e-01 
6.132024e-01 5.105718e-07 3.224760e-01 
6.126906e-01 5.144389e-07 3.234930e-01 
6.127647e-01 5.123874e-07 3.248960e-01 
6.121703e-01 5.105951e-07 3.226160e-01 
6.123570e-01 5.079943e-07 3.368670e-01 
6.122279e-01 5.110542e-07 3.262740e-01 
6.138675e-01 5.120423e-07 3.240070e-01 
6.131913e-01 5.119158e-07 3.251390e-01 
6.140269e-01 5.113153e-07 3.312090e-01 
6.134120e-01 5.137397e-07 3.229860e-01 
6.131700e-01 5.124764e-07 3.245660e-01 
6.128137e-01 5.108144e-07 3.330570e-01 
6.129417e-01 5.141159e-07 3.224980e-01 
6.120078e-01 5.097244e-07 3.230210e-01 
6.124048e-01 5.083321e-07 3.333500e-01 
6.118172e-01 5.090023e-07 3.215880e-01 
6.134807e-01 5.150270e-07 3.223440e-01 
6.139239e-01 5.143205e-07 3.229600e-01 
6.125596e-01 5.114047e-07 3.229870e-01 
6.124371e-01 5.075283e-07 3.216120e-01 
6.127538e-01 5.141509e-07 3.318740e-01 
6.118205e-01 5.065592e-07 3.252490e-01 
6.122707e-01 5.087550e-07 3.224700e-01 
6.109775e-01 5.075495e-07 3.258360e-01 
6.113420e-01 5.099803e-07 3.234140e-01 
6.115931e-01 5.095996e-07 3.205110e-01 
6.132076e-01 5.121216e-07 3.549390e-01 
6.115433e-01 5.086141e-07 3.246510e-01 
6.126094e-01 5.121301e-07 3.213370e-01 
6.111245e-01 5.094542e-07 3.343100e-01 
6.130615e-01 5.107878e-07 3.211000e-01 
6.118936e-01 5.081507e-07 3.228310e-01 
6.127428e-01 5.111762e-07 3.262120e-01 
6.117437e-01 5.058018e-07 3.223580e-01 
6.122369e-01 5.115292e-07 3.218040e-01 
6.125977e-01 5.092497e-07 3.260860e-01 
6.131294e-01 5.119451e-07 3.247350e-01 
6.113051e-01 5.086544e-07 3.245540e-01 
6.139685e-01 5.165377e-07 3.205480e-01 
6.119238e-01 5.088303e-07 3.281290e-01 
6.120442e-01 5.108862e-07 3.264850e-01 
6.117721e-01 5.097500e-07 3.328160e-01 
6.124231e-01 5.107957e-07 3.279370e-01 
6.123435e-01 5.115825e-07 3.284130e-01 
6.126957e-01 5.108306e-07 3.230750e-01 
6.118089e-01 5.046109e-07 3.239140e-01 
6.140457e-01 5.169334e-07 3.232540e-01 
6.124350e-01 5.097448e-07 3.394180e-01 
6.115311e-01 5.119363e-07 3.256660e-01 
6.136457e-01 5.109386e-07 3.235410e-01 
6.127474e-01 5.141114e-07 3.380990e-01 
6.114504e-01 5.114810e-07 3.298270e-01 
6.129603e-01 5.127464e-07 3.228680e-01 
6.134591e-01 5.134766e-07 3.227840e-01 
6.140910e-01 5.137131e-07 3.297750e-01 
6.122661e-01 5.104236e-07 3.217010e-01 
6.125164e-01 5.125560e-07 3.268630e-01 
6.119659e-01 5.101578e-07 3.269850e-01 
6.123972e-01 5.091036e-07 3.230120e-01 
6.138755e-01 5.172689e-07 3.226730e-01 
6.128724e-01 5.079394e-07 3.236710e-01 
6.116284e-01 5.083489e-07 3.237040e-01 
6.134330e-01 5.141930e-07 3.245770e-01 
6.122810e-01 5.102232e-07 3.307690e-01 
6.121393e-01 5.093068e-07 3.215780e-01 
6.124856e-01 5.070455e-07 3.249860e-01 
6.116376e-01 5.081468e-07 3.371860e-01 
6.134032e-01 5.145557e-07 3.246100e-01 
6.112154e-01 5.087486e-07 3.237240e-01 
6.121302e-01 5.121326e-07 3.293380e-01 
6.117560e-01 5.107101e-07 3.233480e-01 
6.110040e-01 5.086292e-07 3.210170e-01 
6.125702e-01 5.090837e-07 3.392110e-01 
6.129859e-01 5.120110e-07 3.228850e-01 
6.110858e-01 5.053312e-07 3.212280e-01 
6.123106e-01 5.113151e-07 3.337380e-01 
6.122877e-01 5.102509e-07 3.254220e-01 
6.119446e-01 5.112661e-07 3.223190e-01 
6.135267e-01 5.132348e-07 3.245010e-01 
6.122126e-01 5.085244e-07 3.195020e-01 
6.124225e-01 5.112169e-07 3.270970e-01 
6.119872e-01 5.088621e-07 3.394230e-01 
6.129126e-01 5.093389e-07 3.248810e-01 
6.122636e-01 5.078088e-07 3.319760e-01 
6.127546e-01 5.072082e-07 3.243330e-01 
6.128152e-01 5.108454e-07 3.212100e-01 
6.132709e-01 5.152259e-07 3.235740e-01 
6.129551e-01 5.122511e-07 3.331960e-01 
6.119504e-01 5.095326e-07 3.264270e-01 
6.127782e-01 5.117423e-07 3.223960e-01 
6.123815e-01 5.077770e-07 3.218690e-01 
6.126580e-01 5.119786e-07 3.246520e-01 
6.128366e-01 5.106159e-07 3.233480e-01 
6.133693e-01 5.107869e-07 3.217580e-01 
6.122850e-01 5.060241e-07 3.299520e-01 
6.126435e-01 5.098804e-07 3.240630e-01 
6.123569e-01 5.089256e-07 3.234060e-01 
6.122620e-01 5.072737e-07 3.311730e-01 
6.132706e-01 5.133064e-07 3.211150e-01 
6.121026e-01 5.096146e-07 3.257850e-01 
6.122737e-01 5.096586e-07 3.241680e-01 
6.129580e-01 5.136433e-07 3.216020e-01 
6.120245e-01 5.112940e-07 3.306960e-01 
6.132969e-01 5.121188e-07 3.283030e-01 
6.123525e-01 5.138379e-07 3.231120e-01 
6.127360e-01 5.103213e-07 3.233330e-01 
6.112910e-01 5.068386e-07 3.238480e-01 
6.131615e-01 5.117152e-07 3.217560e-01 
6.119964e-01 5.061089e-07 3.208250e-01 
6.139418e-01 5.154920e-07 3.313910e-01 
6.118030e-01 5.087645e-07 3.237350e-01 
6.136839e-01 5.169431e-07 3.235650e-01 
6.123488e-01 5.116489e-07 3.329880e-01 
6.115295e-01 5.079631e-07 3.353060e-01 
6.127732e-01 5.107884e-07 3.277470e-01 
6.127080e-01 5.081679e-07 3.312400e-01 
6.126410e-01 5.104352e-07 3.269960e-01 
6.114021e-01 5.063388e-07 3.276770e-01 
6.126834e-01 5.101558e-07 3.438030e-01 
6.123190e-01 5.060535e-07 3.229340e-01 
6.130287e-01 5.118816e-07 3.287580e-01 
6.130980e-01 5.112632e-07 3.334660e-01 
6.135410e-01 5.124125e-07 3.236160e-01 
6.130594e-01 5.082422e-07 3.239120e-01 
6.112525e-01 5.061381e-07 3.289220e-01 
6.126187e-01 5.151888e-07 3.255820e-01 
6.126543e-01 5.105882e-07 3.262510e-01 
6.127120e-01 5.135701e-07 3.342550e-01 
6.119661e-01 5.044057e-07 3.273760e-01 
6.134200e-01 5.099822e-07 3.226710e-01 
6.134362e-01 5.149268e-07 3.315660e-01 
6.134564e-01 5.145231e-07 3.299600e-01 
6.135303e-01 5.130140e-07 3.226760e-01 
6.130929e-01 5.131142e-07 3.604850e-01 
6.142054e-01 5.180710e-07 3.263910e-01 
6.116748e-01 5.095460e-07 3.218980e-01 
6.128119e-01 5.156997e-07 3.362810e-01 
6.125290e-01 5.129614e-07 3.236850e-01 
6.117549e-01 5.118047e-07 3.237320e-01 
6.121352e-01 5.111773e-07 3.309500e-01 
6.137043e-01 5.143157e-07 3.224520e-01 
6.121449e-01 5.087653e-07 3.264100e-01 
6.119965e-01 5.091045e-07 3.632220e-01 
6.134085e-01 5.129851e-07 3.265720e-01 
6.136051e-01 5.110548e-07 3.298660e-01 
6.138602e-01 5.151734e-07 3.325710e-01 
6.118134e-01 5.068386e-07 3.259070e-01 
6.126516e-01 5.099696e-07 3.264150e-01 
6.121353e-01 5.122282e-07 3.372780e-01 
6.131660e-01 5.150679e-07 3.276250e-01 
6.131306e-01 5.127914e-07 3.218160e-01 
6.126121e-01 5.124557e-07 3.312550e-01 
6.113821e-01 5.051731e-07 3.255530e-01 
6.108737e-01 5.059723e-07 3.287860e-01 
6.118104e-01 5.075215e-07 3.327170e-01 
6.136112e-01 5.165764e-07 3.240770e-01 
6.130137e-01 5.096127e-07 3.260620e-01 
6.126801e-01 5.118062e-07 3.401120e-01 
6.124017e-01 5.090137e-07 3.298060e-01 
6.125246e-01 5.097356e-07 3.267110e-01 
6.123984e-01 5.094876e-07 3.238870e-01 
6.126855e-01 5.103679e-07 3.329780e-01 
6.138673e-01 5.140315e-07 3.265720e-01 
6.125534e-01 5.102883e-07 3.427860e-01 
6.126484e-01 5.108843e-07 3.323170e-01 
6.133157e-01 5.117715e-07 3.268760e-01 
6.127044e-01 5.106055e-07 3.256360e-01 
6.125379e-01 5.108029e-07 3.297770e-01 
6.127504e-01 5.131205e-07 3.270420e-01 
6.119661e-01 5.088935e-07 3.265180e-01 
6.125114e-01 5.095160e-07 3.238800e-01 
6.124576e-01 5.052659e-07 3.300220e-01 
6.140407e-01 5.158219e-07 3.433240e-01 
6.133851e-01 5.129298e-07 3.319170e-01 
6.133165e-01 5.106556e-07 3.295770e-01 
6.132405e-01 5.090880e-07 3.297820e-01 
6.121634e-01 5.108828e-07 3.263550e-01 
6.131145e-01 5.125798e-07 3.308450e-01 
6.131365e-01 5.124418e-07 3.416770e-01 
6.116585e-01 5.083121e-07 3.321970e-01 
6.139984e-01 5.158121e-07 3.270360e-01 
6.123641e-01 5.094265e-07 3.350900e-01 
6.126959e-01 5.090981e-07 3.273580e-01 
6.119813e-01 5.058432e-07 3.216220e-01 
6.124107e-01 5.079625e-07 3.295840e-01 
6.126735e-01 5.111941e-07 3.336030e-01 
6.118513e-01 5.110625e-07 3.234900e-01 
6.115305e-01 5.068723e-07 3.414550e-01 
6.121938e-01 5.106516e-07 3.372310e-01 
6.120638e-01 5.091226e-07 3.267370e-01 
6.122777e-01 5.093561e-07 3.258140e-01 
6.117201e-01 5.074401e-07 3.352370e-01 
6.125060e-01 5.130903e-07 3.234550e-01 
6.118234e-01 5.117895e-07 3.366080e-01 
6.136581e-01 5.115609e-07 3.284540e-01 
6.135789e-01 5.137528e-07 3.226670e-01 
6.131875e-01 5.113862e-07 3.259180e-01 
6.134342e-01 5.139830e-07 3.277140e-01 
6.130027e-01 5.111863e-07 3.272040e-01 
6.120439e-01 5.122593e-07 3.253420e-01 
6.137361e-01 5.139746e-07 3.259750e-01 
6.132696e-01 5.149704e-07 3.298750e-01 
6.129150e-01 5.131713e-07 3.269570e-01 
6.123176e-01 5.093678e-07 3.364240e-01 
6.120269e-01 5.091446e-07 3.313080e-01 
6.119778e-01 5.095343e-07 3.247980e-01 
6.123608e-01 5.109684e-07 3.275740e-01 
6.129976e-01 5.140971e-07 3.266450e-01 
6.130019e-01 5.115035e-07 3.273940e-01 
6.128208e-01 5.140315e-07 3.439120e-01 
6.122477e-01 5.096617e-07 3.282100e-01 
6.135313e-01 5.110759e-07 3.251920e-01 
6.126427e-01 5.138811e-07 3.287410e-01 
6.132362e-01 5.130182e-07 3.289520e-01 
6.131326e-01 5.126142e-07 3.256430e-01 
6.114977e-01 5.105465e-07 3.295960e-01 
6.134433e-01 5.139141e-07 3.275100e-01 
6.120058e-01 5.093356e-07 3.277750e-01 
6.117503e-01 5.057386e-07 3.409700e-01 
6.116698e-01 5.101522e-07 3.254000e-01 
6.112743e-01 5.067620e-07 3.245090e-01 
6.125206e-01 5.087457e-07 3.297390e-01 
6.130986e-01 5.139965e-07 3.240580e-01 
6.120934e-01 5.110341e-07 3.259520e-01 
6.125171e-01 5.126301e-07 3.413740e-01 
6.119789e-01 5.126499e-07 3.315560e-01 
6.133044e-01 5.120846e-07 3.219450e-01 
6.134227e-01 5.139119e-07 3.533670e-01 
6.122148e-01 5.108123e-07 3.222370e-01 
6.127846e-01 5.136203e-07 3.243780e-01 
6.130546e-01 5.106980e-07 3.246840e-01 
6.115295e-01 5.103513e-07 3.218690e-01 
6.121548e-01 5.109460e-07 3.305020e-01 
6.121520e-01 5.108917e-07 3.416610e-01 
6.118615e-01 5.101779e-07 3.275240e-01 
6.116981e-01 5.064008e-07 3.254170e-01 
6.115990e-01 5.083172e-07 3.296580e-01 
6.118826e-01 5.107572e-07 3.239330e-01 
6.130015e-01 5.123368e-07 3.279070e-01 
6.114844e-01 5.075299e-07 3.423220e-01 
6.115530e-01 5.074324e-07 3.258110e-01 
6.117783e-01 5.080127e-07 3.282820e-01 
6.134576e-01 5.124932e-07 3.322580e-01 
6.118633e-01 5.076951e-07 3.214190e-01 
6.123451e-01 5.092889e-07 3.272560e-01 
6.119533e-01 5.104949e-07 3.281110e-01 
6.128226e-01 5.149734e-07 3.243810e-01 
6.114588e-01 5.068249e-07 3.271700e-01 
6.139579e-01 5.175130e-07 3.419090e-01 
6.123328e-01 5.069516e-07 3.249670e-01 
6.130530e-01 5.146296e-07 3.267160e-01 
6.117961e-01 5.093461e-07 3.253490e-01 
6.130082e-01 5.119921e-07 3.352420e-01 
6.129047e-01 5.100972e-07 3.264140e-01 
6.121039e-01 5.076324e-07 3.469240e-01 
6.103902e-01 5.065788e-07 3.261790e-01 
6.122807e-01 5.137645e-07 3.227230e-01 
6.124532e-01 5.095173e-07 3.250740e-01 
6.119070e-01 5.093698e-07 3.355480e-01 
6.120486e-01 5.097122e-07 3.225350e-01 
6.124606e-01 5.128316e-07 3.256380e-01 
6.119691e-01 5.074654e-07 3.251640e-01 
6.139429e-01 5.133428e-07 3.286670e-01 
6.124744e-01 5.106330e-07 3.260960e-01 
6.129034e-01 5.133921e-07 3.505390e-01 
6.121432e-01 5.101194e-07 3.619870e-01 
6.123842e-01 5.077286e-07 3.232540e-01 
6.119587e-01 5.047412e-07 3.265960e-01 
6.119198e-01 5.110294e-07 3.253280e-01 
6.131020e-01 5.150961e-07 3.277490e-01 
6.122608e-01 5.137784e-07 3.338720e-01 
6.127786e-01 5.112612e-07 3.236250e-01 
6.124139e-01 5.094340e-07 3.296450e-01 
6.129256e-01 5.102238e-07 3.566830e-01 
6.124429e-01 5.101842e-07 4.289850e-01 
6.116989e-01 5.078953e-07 3.924410e-01 
6.144995e-01 5.167527e-07 3.657100e-01 
6.127330e-01 5.077098e-07 4.362700e-01 
6.126291e-01 5.093843e-07 3.493380e-01 
6.138517e-01 5.132363e-07 3.306560e-01 
6.116350e-01 5.082204e-07 3.376340e-01 
6.113037e-01 5.074574e-07 3.268240e-01 
6.117933e-01 5.078588e-07 3.265190e-01 
6.123268e-01 5.137647e-07 3.318190e-01 
6.124280e-01 5.117516e-07 3.675800e-01 
6.128488e-01 5.116893e-07 3.271110e-01 
6.132711e-01 5.127372e-07 3.266360e-01 
6.128593e-01 5.123480e-07 3.282860e-01 
6.128026e-01 5.108950e-07 3.262850e-01 
6.128329e-01 5.090843e-07 3.870840e-01 
6.133401e-01 5.154516e-07 3.246640e-01 
6.117630e-01 5.087974e-07 4.005060e-01 
6.127450e-01 5.119959e-07 3.488110e-01 
6.122072e-01 5.084553e-07 3.264760e-01 
6.122150e-01 5.122479e-07 3.298840e-01 
6.142601e-01 5.153025e-07 3.230040e-01 
6.125888e-01 5.110611e-07 3.226970e-01 
6.126299e-01 5.081287e-07 3.240410e-01 
6.117310e-01 5.133123e-07 3.501630e-01 
6.130003e-01 5.096317e-07 3.253070e-01 
6.135422e-01 5.078806e-07 3.234230e-01 
6.124608e-01 5.080610e-07 3.371140e-01 
6.122302e-01 5.099754e-07 3.224100e-01 
6.121449e-01 5.095405e-07 3.329600e-01 
6.120634e-01 5.106391e-07 3.254490e-01 
6.127748e-01 5.145512e-07 3.207560e-01 
6.123683e-01 5.101323e-07 3.222530e-01 
6.128509e-01 5.135594e-07 3.469990e-01 
6.130646e-01 5.105130e-07 3.370620e-01 
6.123465e-01 5.135827e-07 3.852650e-01 
6.146269e-01 5.158730e-07 3.299830e-01 
6.132360e-01 5.112419e-07 4.063550e-01 
6.120478e-01 5.106073e-07 3.228280e-01 
6.128179e-01 5.121517e-07 3.387900e-01 
6.132443e-01 5.132889e-07 3.950090e-01 
6.131446e-01 5.132087e-07 3.376030e-01 
6.129504e-01 5.096790e-07 3.323410e-01 
6.125846e-01 5.113347e-07 3.202690e-01 
6.125036e-01 5.120053e-07 3.247770e-01 
6.124964e-01 5.114342e-07 3.335190e-01 
6.125133e-01 5.118210e-07 3.239610e-01 
6.115280e-01 5.084818e-07 3.391810e-01 
6.130510e-01 5.144873e-07 3.387630e-01 
6.115939e-01 5.063467e-07 3.270490e-01 
6.124219e-01 5.121968e-07 3.234030e-01 
6.140079e-01 5.140727e-07 3.308460e-01 
6.117866e-01 5.034659e-07 3.284870e-01 
6.126211e-01 5.103756e-07 3.309090e-01 
6.121687e-01 5.102558e-07 3.414770e-01 
6.133157e-01 5.144830e-07 3.289830e-01 
6.121073e-01 5.098311e-07 3.248190e-01 
6.128022e-01 5.109486e-07 3.303740e-01 
6.114086e-01 5.091786e-07 3.265940e-01 
6.136724e-01 5.117096e-07 3.289180e-01 
6.134395e-01 5.155848e-07 3.310380e-01 
6.135478e-01 5.155510e-07 3.287900e-01 
6.134271e-01 5.124457e-07 3.247670e-01 
6.114796e-01 5.076764e-07 3.398980e-01 
6.134849e-01 5.134230e-07 3.266890e-01 
6.124648e-01 5.105860e-07 3.230160e-01 
6.135972e-01 5.126037e-07 3.259810e-01 
6.124289e-01 5.112881e-07 3.212800e-01 
6.122493e-01 5.107213e-07 3.227620e-01 
6.130348e-01 5.122820e-07 3.382580e-01 
6.134475e-01 5.124134e-07 3.261350e-01 
6.133319e-01 5.138588e-07 3.232890e-01 
6.115812e-01 5.083676e-07 3.363050e-01 
6.125350e-01 5.111222e-07 3.274150e-01 
6.117879e-01 5.089990e-07 3.219460e-01 
6.127486e-01 5.121456e-07 3.280850e-01 
6.129749e-01 5.087096e-07 3.228290e-01 
6.135718e-01 5.149910e-07 3.215110e-01 
6.121029e-01 5.107509e-07 3.407950e-01 
6.127254e-01 5.115509e-07 3.342310e-01 
6.120748e-01 5.120811e-07 3.263050e-01 
6.123970e-01 5.115643e-07 3.275200e-01 
6.128050e-01 5.140049e-07 3.272250e-01 
6.119804e-01 5.109150e-07 3.264520e-01 
6.121910e-01 5.109417e-07 3.438070e-01 
6.128750e-01 5.129227e-07 3.353550e-01 
6.111221e-01 5.114990e-07 3.241410e-01 
6.134083e-01 5.125925e-07 3.306580e-01 
6.116713e-01 5.064730e-07 3.232030e-01 
6.127013e-01 5.120533e-07 3.242780e-01 
6.117827e-01 5.080833e-07 3.338920e-01 
6.129975e-01 5.101734e-07 3.255040e-01 
6.125284e-01 5.121786e-07 3.282020e-01 
6.131620e-01 5.117368e-07 3.400600e-01 
6.120062e-01 5.132502e-07 3.236890e-01 
6.123410e-01 5.113487e-07 3.257710e-01 
6.116228e-01 5.080476e-07 3.279210e-01 
6.133574e-01 5.119518e-07 3.271580e-01 
6.136053e-01 5.140135e-07 3.250140e-01 
6.130161e-01 5.113057e-07 3.345480e-01 
6.124260e-01 5.109523e-07 3.302230e-01 
6.141045e-01 5.130417e-07 3.227560e-01 
6.132523e-01 5.114704e-07 3.233220e-01 
6.117706e-01 5.072780e-07 3.330480e-01 
6.119851e-01 5.092083e-07 3.261960e-01 
6.127747e-01 5.083700e-07 3.209590e-01 
6.136732e-01 5.130666e-07 3.247770e-01 
6.133416e-01 5.119657e-07 3.275310e-01 
6.139587e-01 5.140718e-07 3.352240e-01 
6.126935e-01 5.130358e-07 3.435940e-01 
6.110690e-01 5.078138e-07 3.255540e-01 
6.121331e-01 5.095145e-07 3.230660e-01 
6.138653e-01 5.161005e-07 3.230530e-01 
6.118384e-01 5.097609e-07 3.298920e-01 
6.132278e-01 5.102880e-07 3.350330e-01 
6.127223e-01 5.110099e-07 3.238100e-01 
6.127734e-01 5.124814e-07 3.241690e-01 
6.118524e-01 5.067502e-07 3.228180e-01 
6.143523e-01 5.128844e-07 3.311240e-01 
6.119239e-01 5.091777e-07 3.291370e-01 
6.129160e-01 5.109009e-07 3.284600e-01 
6.133456e-01 5.127581e-07 3.235530e-01 
6.136837e-01 5.134607e-07 3.256170e-01 
6.141841e-01 5.121116e-07 3.229750e-01 
6.126148e-01 5.096057e-07 3.472500e-01 
6.131615e-01 5.083561e-07 3.271520e-01 
6.132345e-01 5.151545e-07 3.267380e-01 
6.129216e-01 5.128065e-07 3.267000e-01 
6.125988e-01 5.117144e-07 3.263100e-01 
6.118095e-01 5.115258e-07 3.256220e-01 
6.124974e-01 5.155394e-07 3.319580e-01 
6.135152e-01 5.121704e-07 3.240320e-01 
6.126501e-01 5.115722e-07 3.259690e-01 
6.129566e-01 5.138753e-07 3.266610e-01 
6.140544e-01 5.122390e-07 3.310590e-01 
6.111180e-01 5.073952e-07 3.221750e-01 
6.124158e-01 5.115113e-07 3.421400e-01 
6.127093e-01 5.126792e-07 3.274230e-01 
6.128741e-01 5.112231e-07 3.257730e-01 
6.123778e-01 5.094007e-07 3.317610e-01 
6.118745e-01 5.103469e-07 3.264380e-01 
6.122988e-01 5.100697e-07 3.312110e-01 
6.131725e-01 5.117101e-07 3.392770e-01 
6.129457e-01 5.131072e-07 3.246510e-01 
6.127089e-01 5.132036e-07 3.213880e-01 
6.129023e-01 5.102575e-07 3.407610e-01 
6.124471e-01 5.093578e-07 3.271670e-01 
6.127051e-01 5.134375e-07 3.260900e-01 
6.136267e-01 5.122433e-07 3.296440e-01 
6.113997e-01 5.095299e-07 3.228720e-01 
6.120602e-01 5.121720e-07 3.221350e-01 
6.119415e-01 5.094274e-07 3.342900e-01 
6.115181e-01 5.092472e-07 3.236040e-01 
6.125235e-01 5.099789e-07 3.298550e-01 
6.130511e-01 5.117602e-07 3.328880e-01 
6.126402e-01 5.078432e-07 3.282090e-01 
6.125552e-01 5.107998e-07 3.244290e-01 
6.125956e-01 5.115363e-07 3.293730e-01 
6.118190e-01 5.083499e-07 3.224660e-01 
6.112468e-01 5.058068e-07 3.271090e-01 
6.130564e-01 5.108501e-07 3.486400e-01 
6.118598e-01 5.075995e-07 3.212780e-01 
6.126038e-01 5.110888e-07 3.279330e-01 
6.110396e-01 5.059606e-07 3.252450e-01 
6.125215e-01 5.100191e-07 3.223890e-01 
6.127501e-01 5.124728e-07 3.268970e-01 
6.139949e-01 5.151480e-07 3.232440e-01 
6.135315e-01 5.135822e-07 3.237490e-01 
6.126456e-01 5.107337e-07 3.262330e-01 
6.124701e-01 5.103180e-07 3.294110e-01 
6.127009e-01 5.124572e-07 3.382000e-01 
6.127534e-01 5.097264e-07 3.297960e-01 
6.119299e-01 5.079744e-07 3.326000e-01 
6.122470e-01 5.119662e-07 3.300980e-01 
6.137877e-01 5.151363e-07 3.277170e-01 
6.115595e-01 5.081798e-07 3.290510e-01 
6.137239e-01 5.118452e-07 3.329490e-01 
6.135249e-01 5.139094e-07 3.330530e-01 
6.135564e-01 5.155651e-07 3.265970e-01 
6.126666e-01 5.120289e-07 3.270610e-01 
6.125620e-01 5.110870e-07 3.275300e-01 
6.137661e-01 5.136132e-07 3.272240e-01 
6.132724e-01 5.121144e-07 3.315760e-01 
6.133117e-01 5.113794e-07 3.284830e-01 
6.138075e-01 5.126264e-07 3.486200e-01 
6.130353e-01 5.117428e-07 3.293360e-01 
6.115235e-01 5.078200e-07 3.284150e-01 
6.131172e-01 5.142274e-07 3.283390e-01 
6.131169e-01 5.097427e-07 3.259000e-01 
