# dim  N   mc   sigma  Gibbs 
# 2    2 300000 0.7
#
# Theoretical Energy = 2.000000e+00
# Energy     Variance     CPU time
3.748028e+00 2.469809e-05 1.901233e+00 
3.748517e+00 8.843384e-05 1.872896e+00 
3.755952e+00 3.246300e-05 1.915928e+00 
3.748255e+00 1.807953e-05 1.911256e+00 
3.746471e+00 3.154291e-05 1.917986e+00 
3.771718e+00 8.046278e-05 1.947372e+00 
3.745535e+00 1.533661e-05 1.972750e+00 
3.763464e+00 7.368478e-05 1.950270e+00 
3.749867e+00 1.914395e-05 1.953548e+00 
3.772872e+00 2.160750e-05 1.943543e+00 
3.767473e+00 2.062099e-05 1.914192e+00 
3.754284e+00 2.095093e-05 1.950498e+00 
3.765826e+00 2.826029e-05 1.931661e+00 
3.762299e+00 2.173741e-05 1.954104e+00 
3.771343e+00 1.712662e-05 1.825592e+00 
3.780911e+00 4.250768e-05 1.893935e+00 
3.767220e+00 2.352261e-05 1.903077e+00 
3.777592e+00 2.106015e-05 1.891687e+00 
3.776810e+00 3.158087e-05 1.938635e+00 
3.772622e+00 2.335198e-05 1.873095e+00 
3.772945e+00 2.547901e-05 1.889430e+00 
3.777163e+00 1.788181e-05 1.902912e+00 
3.782621e+00 2.393422e-05 1.935337e+00 
3.778100e+00 2.630321e-05 1.854644e+00 
3.780428e+00 4.977171e-05 1.865081e+00 
3.782321e+00 2.440006e-05 1.846783e+00 
3.776754e+00 1.927007e-05 1.849078e+00 
3.780766e+00 2.092740e-05 1.883000e+00 
3.778106e+00 1.869007e-05 1.865387e+00 
3.779961e+00 6.053242e-05 1.924664e+00 
3.788001e+00 3.385008e-05 1.847764e+00 
3.785897e+00 2.412701e-05 1.888672e+00 
3.792571e+00 2.906997e-05 1.849531e+00 
3.781737e+00 1.590235e-05 1.828351e+00 
3.786418e+00 2.406757e-05 1.846275e+00 
3.791084e+00 2.807704e-05 1.874335e+00 
3.792356e+00 2.419534e-05 1.886942e+00 
3.801367e+00 2.467407e-05 1.842286e+00 
3.803015e+00 2.868863e-05 1.837930e+00 
3.794712e+00 1.639419e-05 1.882914e+00 
3.795051e+00 2.184748e-05 1.830234e+00 
3.793418e+00 1.904146e-05 1.901590e+00 
3.810769e+00 4.852552e-05 1.846811e+00 
3.804384e+00 2.639268e-05 1.857985e+00 
3.799632e+00 1.994320e-05 1.846385e+00 
3.781494e+00 1.608788e-05 1.863296e+00 
3.802081e+00 2.448307e-05 1.867331e+00 
3.787683e+00 1.722283e-05 1.888500e+00 
3.799899e+00 2.094600e-05 1.878641e+00 
3.805052e+00 2.674272e-05 1.877432e+00 
3.793535e+00 2.088606e-05 1.869886e+00 
3.801309e+00 3.098663e-05 1.931444e+00 
3.792117e+00 2.616513e-05 1.885085e+00 
3.804403e+00 2.228026e-05 1.872945e+00 
3.809280e+00 3.547412e-05 1.934168e+00 
3.816713e+00 2.822796e-05 1.883155e+00 
3.800905e+00 2.120932e-05 1.854050e+00 
3.800481e+00 1.741794e-05 1.876108e+00 
3.800657e+00 2.243511e-05 1.866838e+00 
3.798305e+00 1.736916e-05 1.864348e+00 
3.807196e+00 1.966590e-05 1.883397e+00 
3.807245e+00 2.385364e-05 1.857791e+00 
3.804925e+00 1.801263e-05 1.849887e+00 
3.813741e+00 2.014117e-05 1.864237e+00 
3.806809e+00 1.895092e-05 1.900695e+00 
3.812507e+00 2.308907e-05 1.846643e+00 
3.808825e+00 2.119314e-05 1.876605e+00 
3.809151e+00 1.919920e-05 1.821387e+00 
3.812877e+00 3.845191e-05 1.852603e+00 
3.814429e+00 2.867917e-05 1.869723e+00 
3.855640e+00 3.410718e-04 1.887633e+00 
3.806066e+00 1.895812e-05 1.884900e+00 
3.820199e+00 2.089109e-05 1.867777e+00 
3.821836e+00 1.294158e-04 1.866865e+00 
3.819985e+00 2.716459e-05 1.829198e+00 
3.803229e+00 1.565828e-05 1.866872e+00 
3.806633e+00 1.638898e-05 1.770553e+00 
3.823579e+00 4.699666e-05 1.840836e+00 
3.813468e+00 2.099050e-05 1.825047e+00 
3.822290e+00 2.330471e-05 1.831723e+00 
3.797976e+00 1.512033e-05 1.823331e+00 
3.823466e+00 7.933559e-05 1.838609e+00 
3.808487e+00 1.816761e-05 1.853405e+00 
3.818563e+00 2.954809e-05 1.802567e+00 
3.821659e+00 3.120768e-05 1.845581e+00 
3.802405e+00 1.556868e-05 1.831960e+00 
3.816729e+00 3.323547e-05 1.866464e+00 
3.814817e+00 2.500794e-05 1.885720e+00 
3.802209e+00 1.922435e-05 1.879047e+00 
3.804232e+00 1.782284e-05 1.864120e+00 
3.806040e+00 1.615095e-05 1.842373e+00 
3.810567e+00 2.208939e-05 1.909880e+00 
3.806874e+00 1.972073e-05 1.878489e+00 
3.813475e+00 1.543599e-05 1.898996e+00 
3.818643e+00 2.520422e-05 1.872654e+00 
3.814520e+00 2.242882e-05 1.854058e+00 
3.818822e+00 2.102207e-05 1.879086e+00 
3.824594e+00 6.234769e-05 1.874078e+00 
3.808959e+00 2.126198e-05 1.883905e+00 
3.811925e+00 2.588387e-05 1.856142e+00 
3.815759e+00 5.481740e-05 1.897783e+00 
3.810562e+00 2.549824e-05 1.861198e+00 
3.831871e+00 3.551783e-05 1.858733e+00 
3.804994e+00 1.605601e-05 1.880645e+00 
3.821287e+00 4.460462e-05 1.870505e+00 
3.817460e+00 1.981700e-05 1.901256e+00 
3.816570e+00 2.533136e-05 1.880000e+00 
3.807693e+00 1.901665e-05 1.879002e+00 
3.804447e+00 1.700832e-05 1.849225e+00 
3.820376e+00 2.916060e-05 1.858794e+00 
3.810941e+00 3.134152e-05 1.863834e+00 
3.821234e+00 2.416813e-05 1.875233e+00 
3.806749e+00 1.562486e-05 1.875560e+00 
3.807119e+00 1.793388e-05 1.893563e+00 
3.820591e+00 2.440082e-05 1.909966e+00 
3.848161e+00 1.870114e-04 1.879275e+00 
3.808565e+00 1.709648e-05 1.851719e+00 
3.815113e+00 2.469888e-05 1.899311e+00 
3.821068e+00 8.056616e-05 1.867727e+00 
3.814146e+00 1.853633e-05 1.897027e+00 
3.816704e+00 3.494934e-05 1.911452e+00 
3.819066e+00 2.958827e-05 1.847285e+00 
3.835531e+00 2.431317e-04 1.863623e+00 
3.828655e+00 3.931410e-05 1.860960e+00 
3.819671e+00 1.942621e-05 1.857167e+00 
3.810021e+00 1.912268e-05 1.867306e+00 
3.810907e+00 2.003437e-05 1.858771e+00 
3.817219e+00 2.033903e-05 1.843068e+00 
3.828224e+00 3.080271e-05 1.881097e+00 
3.803041e+00 1.849269e-05 1.851344e+00 
3.817531e+00 2.417024e-05 1.855169e+00 
3.820907e+00 3.686237e-05 1.886333e+00 
3.809456e+00 2.838969e-05 1.867694e+00 
3.814917e+00 3.326447e-05 1.867869e+00 
3.825437e+00 3.786516e-05 1.902062e+00 
3.818707e+00 2.021383e-05 1.812728e+00 
3.816911e+00 2.052990e-05 1.847427e+00 
3.826244e+00 4.078254e-05 1.889793e+00 
3.820445e+00 2.804756e-05 1.859379e+00 
3.829026e+00 3.096999e-05 1.886904e+00 
3.829706e+00 2.965774e-05 1.895972e+00 
3.817983e+00 2.177939e-05 1.878438e+00 
3.806166e+00 1.759663e-05 1.850004e+00 
3.815162e+00 2.597390e-05 1.871370e+00 
3.818039e+00 6.423246e-05 1.876109e+00 
3.809824e+00 1.703846e-05 1.888834e+00 
3.817949e+00 2.494423e-05 1.853433e+00 
3.806616e+00 1.738789e-05 1.815853e+00 
3.799567e+00 1.512302e-05 1.901134e+00 
3.818643e+00 2.668704e-05 1.866888e+00 
3.816252e+00 2.912166e-05 1.862712e+00 
3.818170e+00 2.417284e-05 1.881665e+00 
3.812234e+00 2.133044e-05 1.844419e+00 
3.808763e+00 1.984346e-05 1.847519e+00 
3.827097e+00 4.501708e-05 1.852993e+00 
3.829050e+00 2.941064e-05 1.937487e+00 
3.821494e+00 2.260034e-05 1.844406e+00 
3.819779e+00 2.288923e-05 1.880298e+00 
3.807170e+00 3.447553e-05 1.877487e+00 
3.816974e+00 4.175929e-05 1.854695e+00 
3.810353e+00 1.791971e-05 1.868166e+00 
3.818184e+00 2.210960e-05 1.844069e+00 
3.809258e+00 2.191487e-05 1.850199e+00 
3.825612e+00 2.179442e-05 1.840750e+00 
3.800544e+00 1.339043e-05 1.859831e+00 
3.829031e+00 1.813750e-04 1.887055e+00 
3.816363e+00 2.630509e-05 1.862395e+00 
3.800038e+00 1.939200e-05 1.873982e+00 
3.811921e+00 2.465029e-05 1.882818e+00 
3.801846e+00 1.685248e-05 1.845400e+00 
3.805627e+00 1.666624e-05 1.896851e+00 
3.815545e+00 2.081458e-05 1.854894e+00 
3.819410e+00 3.540388e-05 1.865200e+00 
3.815094e+00 2.098441e-05 1.877183e+00 
3.808989e+00 5.078265e-05 1.851071e+00 
3.811253e+00 2.764624e-05 1.826397e+00 
3.809549e+00 1.800859e-05 1.875504e+00 
3.824136e+00 5.700161e-05 1.870667e+00 
3.812726e+00 2.212671e-05 1.859113e+00 
3.825184e+00 3.778443e-05 1.909406e+00 
3.809428e+00 1.711215e-05 1.844656e+00 
3.802240e+00 1.691555e-05 1.880396e+00 
3.798521e+00 1.639274e-05 1.890363e+00 
3.812366e+00 1.771465e-05 1.866674e+00 
3.818248e+00 2.181183e-05 1.892463e+00 
3.810860e+00 1.819675e-05 1.910571e+00 
3.819109e+00 1.008896e-04 1.887292e+00 
3.799198e+00 1.648939e-05 1.837713e+00 
3.815471e+00 2.641460e-05 1.890862e+00 
3.806522e+00 2.391495e-05 1.862616e+00 
3.797675e+00 1.534825e-05 1.869738e+00 
3.819782e+00 9.645195e-05 1.851320e+00 
3.805868e+00 1.684667e-05 1.866591e+00 
3.812297e+00 2.357050e-05 1.861949e+00 
3.820387e+00 3.112597e-05 1.865902e+00 
3.810789e+00 3.938680e-05 1.823184e+00 
3.811748e+00 2.225899e-05 1.849484e+00 
3.817126e+00 7.554239e-05 1.873289e+00 
3.806877e+00 2.101393e-05 1.824621e+00 
3.804807e+00 1.840995e-05 1.867454e+00 
3.798608e+00 1.701567e-05 1.830861e+00 
3.800154e+00 1.937629e-05 1.902735e+00 
3.814427e+00 2.383241e-05 1.865835e+00 
3.798446e+00 1.908605e-05 1.905570e+00 
3.809959e+00 2.403095e-05 1.867223e+00 
3.803642e+00 2.120721e-05 1.892973e+00 
3.802414e+00 2.567127e-05 1.855257e+00 
3.810091e+00 2.068944e-05 1.888100e+00 
3.787945e+00 2.697567e-05 1.845591e+00 
3.806997e+00 2.185852e-05 1.896148e+00 
3.805518e+00 2.325815e-05 1.914789e+00 
3.802053e+00 2.997001e-05 1.921626e+00 
3.812602e+00 2.643309e-05 1.892296e+00 
3.802515e+00 2.187116e-05 1.897780e+00 
3.809173e+00 1.708168e-05 1.858772e+00 
3.810582e+00 4.341287e-05 1.908743e+00 
3.811045e+00 3.169760e-05 1.878114e+00 
3.797847e+00 2.325435e-05 1.901143e+00 
3.809504e+00 1.886340e-05 1.871110e+00 
3.812834e+00 2.621031e-05 1.816511e+00 
3.801836e+00 1.847826e-05 1.878080e+00 
3.793961e+00 1.855069e-05 1.911469e+00 
3.807193e+00 2.116389e-05 1.826874e+00 
3.811139e+00 2.611126e-05 1.878755e+00 
3.805810e+00 1.739019e-05 1.845768e+00 
3.804118e+00 1.880865e-05 1.828986e+00 
3.807314e+00 1.984269e-05 1.863110e+00 
3.797748e+00 1.902149e-05 1.917133e+00 
3.815237e+00 2.433151e-05 1.870551e+00 
3.804267e+00 2.071499e-05 1.862800e+00 
3.803309e+00 2.541144e-05 1.868002e+00 
3.794719e+00 1.620103e-05 1.845047e+00 
3.821275e+00 3.549460e-04 1.851108e+00 
3.804486e+00 3.117048e-05 1.850161e+00 
3.803592e+00 4.094411e-05 1.850571e+00 
3.816914e+00 3.226386e-05 1.827032e+00 
3.799153e+00 1.971486e-05 1.860034e+00 
3.804507e+00 2.102216e-05 1.877253e+00 
3.802672e+00 1.921757e-05 1.856888e+00 
3.800985e+00 2.909703e-05 1.877506e+00 
3.797803e+00 1.635898e-05 1.879743e+00 
3.805290e+00 2.015065e-05 1.853320e+00 
3.802337e+00 1.904784e-05 1.843375e+00 
3.803686e+00 2.051163e-05 1.880062e+00 
3.791678e+00 1.985367e-05 1.820746e+00 
3.798054e+00 2.758185e-05 1.826209e+00 
3.795327e+00 1.869288e-05 1.851510e+00 
3.794648e+00 1.708824e-05 1.836611e+00 
3.804451e+00 2.341128e-05 1.822031e+00 
3.800771e+00 1.875255e-05 1.798935e+00 
3.785600e+00 2.543400e-05 1.827786e+00 
3.857958e+00 2.182907e-03 1.882348e+00 
3.794277e+00 1.605346e-05 1.845461e+00 
3.797968e+00 2.157547e-05 1.858176e+00 
3.804714e+00 3.809939e-05 1.829347e+00 
3.787558e+00 1.747663e-05 1.833947e+00 
3.799968e+00 2.337202e-05 1.851081e+00 
3.801364e+00 1.899333e-05 1.839487e+00 
3.807017e+00 2.644794e-05 1.839639e+00 
3.804657e+00 1.110800e-04 1.861334e+00 
3.794622e+00 1.827136e-05 1.861776e+00 
3.793294e+00 2.288197e-05 1.840726e+00 
3.790884e+00 1.723114e-05 1.887030e+00 
3.794604e+00 2.197586e-05 1.858421e+00 
3.808273e+00 2.473602e-05 1.869519e+00 
3.806519e+00 5.559333e-05 1.911726e+00 
3.788923e+00 2.108143e-05 1.874926e+00 
3.833977e+00 3.608968e-04 1.870311e+00 
3.836886e+00 9.430794e-04 1.921523e+00 
3.792780e+00 1.812817e-05 1.874572e+00 
3.803613e+00 2.110686e-05 1.910195e+00 
3.798696e+00 1.880271e-05 1.892353e+00 
3.790203e+00 1.626722e-05 1.856387e+00 
3.795465e+00 2.164027e-05 1.890869e+00 
3.811186e+00 9.433138e-05 1.905250e+00 
3.798846e+00 2.715987e-05 1.913399e+00 
3.809572e+00 1.086843e-04 1.859173e+00 
3.784975e+00 1.736393e-05 1.890975e+00 
3.799543e+00 2.286057e-05 1.859466e+00 
3.799821e+00 2.071855e-05 1.872805e+00 
3.788460e+00 1.990447e-05 1.895578e+00 
3.793891e+00 1.632341e-05 1.864145e+00 
3.787731e+00 1.626480e-05 1.857442e+00 
3.781889e+00 1.342048e-05 1.853757e+00 
3.792943e+00 2.867657e-05 1.871182e+00 
3.781974e+00 1.992068e-05 1.867335e+00 
3.802017e+00 1.878432e-05 1.839946e+00 
3.800563e+00 1.934904e-05 1.848078e+00 
3.800264e+00 2.548231e-05 1.804576e+00 
3.797288e+00 1.953240e-05 1.841072e+00 
3.794753e+00 2.452477e-05 1.894493e+00 
3.785643e+00 2.461487e-05 1.875961e+00 
3.796499e+00 1.820717e-05 1.825019e+00 
3.795322e+00 2.036451e-05 1.865121e+00 
3.793825e+00 2.031955e-05 1.836770e+00 
3.791674e+00 5.699952e-05 1.891420e+00 
3.790335e+00 1.851922e-05 1.826920e+00 
3.787289e+00 2.026999e-05 1.837726e+00 
3.803143e+00 7.842593e-05 1.869674e+00 
3.832288e+00 6.920348e-04 1.847806e+00 
3.814434e+00 1.779166e-04 1.792189e+00 
3.778390e+00 1.663155e-05 1.865274e+00 
3.791221e+00 1.836206e-05 1.777442e+00 
3.790921e+00 2.401756e-05 1.844051e+00 
3.788979e+00 1.890701e-05 1.875123e+00 
3.784694e+00 1.531916e-05 1.877552e+00 
3.790928e+00 2.187069e-05 1.817380e+00 
3.793196e+00 2.232166e-05 1.858393e+00 
3.792602e+00 2.280277e-05 1.855941e+00 
3.796752e+00 2.328302e-05 1.774692e+00 
3.791594e+00 1.985566e-05 1.852053e+00 
3.788183e+00 1.784580e-05 1.836570e+00 
3.795438e+00 1.976871e-05 1.875706e+00 
3.790070e+00 1.763594e-05 1.876104e+00 
3.794552e+00 2.582163e-05 1.859799e+00 
3.798341e+00 2.250753e-05 1.787212e+00 
3.778398e+00 1.530767e-05 1.851901e+00 
3.786905e+00 2.297648e-05 1.839755e+00 
3.777232e+00 1.979876e-05 1.843751e+00 
3.789343e+00 1.956518e-05 1.762123e+00 
3.794252e+00 2.105023e-05 1.744700e+00 
3.790858e+00 1.842629e-05 1.813736e+00 
3.780003e+00 1.934837e-05 1.784227e+00 
3.783754e+00 1.677679e-05 1.767609e+00 
3.786774e+00 2.139866e-05 1.919041e+00 
3.792174e+00 1.870302e-05 1.720319e+00 
3.785818e+00 1.846985e-05 1.656910e+00 
3.795425e+00 2.037719e-05 1.570187e+00 
3.797061e+00 2.326106e-05 1.734202e+00 
3.794511e+00 4.932304e-05 1.937909e+00 
3.784987e+00 2.602073e-05 1.809679e+00 
3.803666e+00 2.504709e-05 1.821744e+00 
3.786655e+00 1.587312e-05 1.889459e+00 
3.787749e+00 1.814437e-05 1.823984e+00 
3.787755e+00 2.439114e-05 1.820433e+00 
3.795804e+00 2.611561e-05 1.775128e+00 
3.781439e+00 3.411477e-05 1.721707e+00 
3.793055e+00 8.925036e-05 1.775307e+00 
3.788953e+00 2.749446e-05 1.816418e+00 
3.786595e+00 2.701463e-05 1.798549e+00 
3.789668e+00 1.959011e-05 1.903974e+00 
3.788329e+00 2.004888e-05 1.828923e+00 
3.834943e+00 2.060341e-03 1.819895e+00 
3.787983e+00 1.831775e-05 1.669126e+00 
3.796318e+00 6.254259e-05 1.723829e+00 
3.778487e+00 2.058483e-05 1.709546e+00 
3.795869e+00 9.016692e-05 1.578795e+00 
3.775492e+00 2.008647e-05 1.735191e+00 
3.782109e+00 1.715367e-05 1.766926e+00 
3.799663e+00 2.555961e-05 1.686091e+00 
3.794929e+00 2.631458e-05 1.932967e+00 
3.794915e+00 3.382796e-05 1.697577e+00 
3.789347e+00 2.750425e-05 1.487145e+00 
3.792989e+00 2.012206e-05 1.641218e+00 
3.778078e+00 1.616702e-05 1.697471e+00 
3.787687e+00 4.007105e-05 1.817148e+00 
3.805061e+00 5.381377e-05 1.821491e+00 
3.778245e+00 1.909368e-05 1.784113e+00 
3.799189e+00 2.171369e-05 1.584703e+00 
3.791018e+00 3.335583e-05 1.680672e+00 
3.787424e+00 3.386204e-05 1.785214e+00 
3.774044e+00 1.731802e-05 1.856166e+00 
3.788749e+00 3.314850e-05 1.725763e+00 
3.784094e+00 2.953834e-05 1.740722e+00 
3.794335e+00 1.976936e-05 1.755156e+00 
3.795968e+00 3.092732e-05 1.689361e+00 
3.784495e+00 5.464587e-05 1.658917e+00 
3.786881e+00 2.279184e-05 1.709230e+00 
3.778437e+00 2.027545e-05 1.722420e+00 
3.797007e+00 2.237562e-05 1.638978e+00 
3.793358e+00 3.559168e-05 1.662888e+00 
3.774344e+00 1.894160e-05 1.776026e+00 
3.777095e+00 2.573350e-05 1.656379e+00 
3.778355e+00 1.964126e-05 1.807264e+00 
3.781434e+00 1.859165e-05 1.713216e+00 
3.785498e+00 2.086702e-05 1.818409e+00 
3.772922e+00 1.655327e-05 1.787552e+00 
3.785906e+00 3.531206e-05 1.770827e+00 
3.780131e+00 2.093902e-05 1.632475e+00 
3.778494e+00 2.273933e-05 1.543896e+00 
3.778901e+00 1.982947e-05 1.796527e+00 
3.786368e+00 3.662793e-05 1.813319e+00 
3.789374e+00 7.204687e-05 1.760165e+00 
3.775379e+00 1.853600e-05 1.885480e+00 
3.774707e+00 1.699695e-05 1.713653e+00 
3.780727e+00 1.969787e-05 1.797154e+00 
3.787553e+00 8.323556e-05 1.805165e+00 
3.781837e+00 2.094178e-05 1.783786e+00 
3.778168e+00 1.861149e-05 1.764381e+00 
3.781026e+00 2.876111e-05 1.769556e+00 
3.773554e+00 1.604101e-05 1.826593e+00 
3.787038e+00 3.272635e-05 1.909415e+00 
3.781729e+00 2.254324e-05 1.866694e+00 
3.773639e+00 1.884017e-05 1.679382e+00 
3.771047e+00 1.616915e-05 1.546007e+00 
3.781594e+00 2.383619e-05 1.713774e+00 
3.779783e+00 1.824353e-05 1.635552e+00 
3.782604e+00 2.125349e-05 1.692775e+00 
3.775122e+00 2.591182e-05 1.544135e+00 
3.772036e+00 2.105915e-05 1.588458e+00 
3.771374e+00 1.912125e-05 1.554564e+00 
3.784351e+00 2.159801e-05 1.690720e+00 
3.774519e+00 2.139998e-05 1.810868e+00 
3.778062e+00 1.847766e-05 1.737882e+00 
3.782608e+00 4.792115e-05 1.802819e+00 
3.781707e+00 2.378516e-05 1.772224e+00 
3.771379e+00 1.740507e-05 1.711043e+00 
3.771724e+00 1.767243e-05 1.815349e+00 
3.787326e+00 1.935826e-05 1.785608e+00 
3.776857e+00 1.766757e-05 1.947677e+00 
3.785675e+00 3.630555e-05 1.946171e+00 
3.782831e+00 1.970476e-05 1.949276e+00 
3.769704e+00 1.577228e-05 1.845044e+00 
3.790851e+00 2.836289e-05 1.765609e+00 
3.778973e+00 2.500334e-05 1.632443e+00 
3.807189e+00 3.826759e-04 1.811560e+00 
3.779953e+00 2.446026e-05 1.876713e+00 
3.776875e+00 2.419697e-05 1.771926e+00 
3.763054e+00 1.867083e-05 1.849330e+00 
3.771505e+00 2.943723e-05 1.834612e+00 
3.769770e+00 1.788416e-05 1.824999e+00 
3.796159e+00 6.604622e-05 1.894880e+00 
3.778799e+00 2.559105e-05 1.892573e+00 
3.777176e+00 3.265451e-05 1.635355e+00 
3.776663e+00 1.765456e-05 1.610354e+00 
3.781733e+00 4.692131e-05 1.662273e+00 
3.773259e+00 2.302358e-05 1.736882e+00 
3.778162e+00 5.128845e-05 1.806003e+00 
3.778905e+00 2.534597e-04 1.699497e+00 
3.770000e+00 1.894268e-05 1.777501e+00 
3.777937e+00 3.516416e-05 1.660222e+00 
3.782183e+00 2.744725e-05 1.714148e+00 
3.775551e+00 2.213297e-05 1.634995e+00 
3.772720e+00 1.866031e-05 1.801754e+00 
3.781553e+00 3.781359e-05 1.826707e+00 
3.776898e+00 2.893644e-05 1.871626e+00 
3.770923e+00 2.565583e-05 1.676281e+00 
3.791071e+00 2.196319e-04 1.791134e+00 
3.776163e+00 1.880491e-05 1.615358e+00 
3.771204e+00 2.059213e-05 1.816191e+00 
3.766474e+00 2.107468e-05 1.770313e+00 
3.783434e+00 5.043082e-05 1.599015e+00 
3.773586e+00 2.092135e-05 1.828217e+00 
3.778595e+00 6.282523e-05 1.933554e+00 
3.780123e+00 2.425298e-05 1.927018e+00 
3.769983e+00 2.139587e-05 1.920348e+00 
3.779950e+00 4.536635e-05 1.877398e+00 
3.768194e+00 1.595176e-05 1.796800e+00 
3.772069e+00 1.621399e-05 1.956632e+00 
3.769682e+00 1.784544e-05 1.798104e+00 
3.779979e+00 2.186032e-05 1.844122e+00 
3.769869e+00 2.743874e-05 1.756625e+00 
3.760739e+00 1.596082e-05 1.769160e+00 
3.763746e+00 2.410021e-05 1.651318e+00 
3.770253e+00 2.349364e-05 1.785043e+00 
3.766892e+00 1.777853e-05 1.670197e+00 
3.768189e+00 2.246093e-05 1.694903e+00 
3.774417e+00 2.143598e-05 1.556981e+00 
3.789194e+00 4.706109e-05 1.730188e+00 
3.765297e+00 1.757941e-05 1.773689e+00 
3.762664e+00 1.895004e-05 1.659129e+00 
3.765523e+00 2.559317e-05 1.657886e+00 
3.785999e+00 6.383746e-05 1.721649e+00 
3.782423e+00 2.469874e-05 1.690347e+00 
3.771652e+00 3.418071e-05 1.739220e+00 
3.755228e+00 1.637620e-05 1.762675e+00 
3.775656e+00 2.159327e-05 1.758697e+00 
3.809786e+00 1.144265e-03 1.685168e+00 
3.775579e+00 2.640153e-05 1.774510e+00 
3.742760e+00 1.482042e-05 1.821227e+00 
3.775624e+00 2.054950e-05 1.768011e+00 
3.763756e+00 1.711571e-05 1.773339e+00 
3.769200e+00 1.910399e-05 1.646980e+00 
3.774367e+00 2.905571e-05 1.706473e+00 
3.774176e+00 3.285201e-05 1.578863e+00 
3.767585e+00 2.939934e-05 1.606019e+00 
3.766378e+00 1.968986e-05 1.646535e+00 
3.763692e+00 1.640908e-05 1.699363e+00 
3.771189e+00 1.538672e-05 1.682687e+00 
3.778521e+00 3.264631e-05 1.818046e+00 
3.767318e+00 2.525821e-05 1.742834e+00 
3.776065e+00 3.108867e-05 1.729096e+00 
3.769206e+00 1.850207e-05 1.810862e+00 
3.757416e+00 1.697040e-05 1.790771e+00 
3.766983e+00 4.603331e-05 1.692717e+00 
3.775237e+00 2.848211e-05 1.764484e+00 
3.767564e+00 1.746865e-05 1.826618e+00 
3.767715e+00 1.766728e-05 1.735476e+00 
3.767335e+00 1.914736e-05 1.795293e+00 
3.761951e+00 2.385272e-05 1.587803e+00 
3.772329e+00 2.753059e-05 1.564126e+00 
3.776727e+00 7.501441e-05 1.694364e+00 
3.775551e+00 2.142795e-05 1.891450e+00 
3.765514e+00 2.042397e-05 1.663817e+00 
3.767196e+00 1.659350e-05 1.599424e+00 
3.770242e+00 3.772792e-05 1.685930e+00 
3.764947e+00 2.435090e-05 1.690424e+00 
3.781325e+00 4.020833e-05 1.849831e+00 
3.773357e+00 2.243994e-05 1.642271e+00 
3.771197e+00 2.413595e-05 1.843857e+00 
3.764465e+00 1.980314e-05 1.886707e+00 
3.767519e+00 2.501462e-05 1.779336e+00 
3.762475e+00 2.167010e-05 1.815907e+00 
3.774642e+00 3.005375e-05 1.749967e+00 
3.773151e+00 2.921072e-05 1.723861e+00 
3.769539e+00 3.563097e-05 1.640842e+00 
3.763789e+00 1.727061e-05 1.731786e+00 
3.760981e+00 2.408999e-05 1.744236e+00 
3.765138e+00 1.958174e-05 1.547501e+00 
3.766553e+00 3.507793e-05 1.658160e+00 
3.754828e+00 1.604337e-05 1.764578e+00 
3.774476e+00 2.069566e-05 1.811672e+00 
3.763910e+00 2.072365e-05 1.859079e+00 
3.770022e+00 2.075617e-05 1.836309e+00 
3.769503e+00 2.212176e-05 1.610824e+00 
3.752772e+00 1.751807e-05 1.569394e+00 
3.765830e+00 1.969746e-05 1.685457e+00 
3.756887e+00 2.223531e-05 1.569595e+00 
3.757721e+00 1.804849e-05 1.818563e+00 
3.772203e+00 1.153876e-04 1.675816e+00 
3.767430e+00 2.167730e-05 1.691027e+00 
3.776959e+00 2.610270e-05 1.587694e+00 
3.760997e+00 2.826908e-05 1.860177e+00 
3.767241e+00 2.554296e-05 1.793496e+00 
3.769557e+00 2.390722e-05 1.887876e+00 
3.757326e+00 3.966355e-05 1.680588e+00 
3.764117e+00 2.067690e-05 1.686308e+00 
3.777012e+00 3.435649e-05 1.801428e+00 
3.762451e+00 1.952432e-05 1.550918e+00 
3.782055e+00 2.882360e-05 1.839283e+00 
3.779015e+00 2.252608e-05 1.849707e+00 
3.771837e+00 1.988760e-05 1.826736e+00 
3.760014e+00 1.938163e-05 1.877161e+00 
3.758549e+00 1.587092e-05 1.790379e+00 
3.751305e+00 1.757752e-05 1.665423e+00 
3.754015e+00 1.567633e-05 1.627618e+00 
3.770045e+00 3.059921e-05 1.785257e+00 
3.758830e+00 3.150988e-05 1.821603e+00 
3.781421e+00 5.843899e-05 1.618881e+00 
3.761897e+00 3.442913e-05 1.759584e+00 
3.755049e+00 2.731591e-05 1.600129e+00 
3.753410e+00 1.779504e-05 1.776779e+00 
3.765154e+00 2.085720e-05 1.768416e+00 
3.761895e+00 3.390762e-05 1.635362e+00 
3.765362e+00 2.819122e-05 1.694904e+00 
3.761136e+00 1.639005e-05 1.730545e+00 
3.757800e+00 1.594068e-05 1.760617e+00 
3.753058e+00 1.956458e-05 1.844318e+00 
3.753745e+00 1.722019e-05 1.578509e+00 
3.772670e+00 2.277262e-04 1.711464e+00 
3.770479e+00 1.871608e-05 1.862559e+00 
3.771798e+00 7.201713e-05 1.705832e+00 
3.754441e+00 1.993956e-05 1.738427e+00 
3.761766e+00 1.698567e-05 1.789473e+00 
3.766666e+00 2.825547e-05 1.810768e+00 
3.757149e+00 1.868259e-05 1.770803e+00 
3.775699e+00 1.057214e-04 1.857563e+00 
3.759716e+00 1.846211e-05 1.713470e+00 
3.751711e+00 1.776214e-05 1.636929e+00 
3.761868e+00 1.958852e-05 1.727440e+00 
3.757496e+00 1.752876e-05 1.773377e+00 
3.758150e+00 2.120373e-05 1.605140e+00 
3.754045e+00 1.720080e-05 1.738761e+00 
3.753378e+00 1.514614e-05 1.836328e+00 
3.751465e+00 1.741620e-05 1.856272e+00 
3.761721e+00 4.738408e-05 1.864296e+00 
3.758293e+00 2.082247e-05 1.802172e+00 
3.773338e+00 3.201800e-05 1.754805e+00 
3.760424e+00 2.365544e-05 1.748735e+00 
3.757027e+00 1.811661e-05 1.883980e+00 
3.758429e+00 1.993728e-05 1.704389e+00 
3.751969e+00 1.905367e-05 1.687101e+00 
3.764664e+00 2.209875e-05 1.594709e+00 
3.752195e+00 1.773750e-05 1.902328e+00 
3.758887e+00 4.377139e-05 1.679021e+00 
3.760143e+00 2.154202e-05 1.714069e+00 
3.759649e+00 3.272690e-05 1.747146e+00 
3.751976e+00 2.086772e-05 1.870792e+00 
3.772228e+00 3.039495e-05 1.757360e+00 
3.763614e+00 2.440739e-05 1.768550e+00 
3.754653e+00 1.818185e-05 1.731977e+00 
3.754760e+00 1.638650e-05 1.856227e+00 
3.764313e+00 3.878825e-05 1.856452e+00 
3.746154e+00 1.897106e-05 1.861224e+00 
3.758604e+00 2.587882e-05 1.820634e+00 
3.754867e+00 2.167363e-05 1.841939e+00 
3.759891e+00 2.856485e-05 1.698711e+00 
3.754937e+00 2.314683e-05 1.623832e+00 
3.768264e+00 4.958792e-05 1.922509e+00 
3.756463e+00 3.452281e-05 1.745846e+00 
3.753077e+00 2.823458e-05 1.731314e+00 
3.751232e+00 1.848869e-05 1.807691e+00 
3.749428e+00 1.994842e-05 1.744899e+00 
3.758815e+00 2.411870e-05 1.862457e+00 
3.756334e+00 2.212841e-05 1.770818e+00 
3.760300e+00 4.169092e-05 1.824679e+00 
3.750625e+00 1.815975e-05 1.781370e+00 
3.749304e+00 1.637231e-05 1.714384e+00 
3.745817e+00 1.637814e-05 1.810744e+00 
3.765532e+00 4.352636e-05 1.866953e+00 
3.744049e+00 1.757986e-05 1.623433e+00 
3.762772e+00 4.956406e-05 1.755820e+00 
3.740966e+00 2.108920e-05 1.719116e+00 
3.750256e+00 1.827859e-05 1.918361e+00 
3.755050e+00 2.130516e-05 1.818781e+00 
3.755295e+00 2.913768e-05 1.833465e+00 
3.749449e+00 2.130202e-05 1.826218e+00 
3.749022e+00 1.673977e-05 1.826375e+00 
3.744000e+00 1.840116e-05 1.564591e+00 
3.748688e+00 2.009348e-05 1.819168e+00 
3.756196e+00 2.250441e-05 1.728444e+00 
3.745060e+00 1.651967e-05 1.801596e+00 
3.759458e+00 2.473962e-05 1.782639e+00 
3.741590e+00 1.440292e-05 1.858835e+00 
3.749166e+00 2.879309e-05 1.808714e+00 
3.770228e+00 6.165700e-05 1.776719e+00 
3.736409e+00 1.494495e-05 1.814649e+00 
3.746179e+00 1.865194e-05 1.644578e+00 
3.744985e+00 1.769129e-05 1.725553e+00 
3.751725e+00 2.209220e-05 1.864664e+00 
3.761631e+00 5.490174e-05 1.851484e+00 
3.752234e+00 2.277559e-05 1.706575e+00 
3.736444e+00 1.550296e-05 1.817742e+00 
3.757875e+00 2.781032e-05 1.607426e+00 
3.746923e+00 1.921914e-05 1.808342e+00 
3.749618e+00 3.945247e-05 1.730241e+00 
3.742605e+00 1.822545e-05 1.916461e+00 
3.753347e+00 2.617111e-05 1.676147e+00 
3.741401e+00 1.833953e-05 1.814945e+00 
3.742575e+00 1.924069e-05 1.742610e+00 
3.750223e+00 1.822635e-05 1.696298e+00 
3.749714e+00 1.814759e-05 1.602604e+00 
3.746920e+00 2.038396e-05 1.850844e+00 
3.744529e+00 2.698402e-05 1.596351e+00 
3.745646e+00 2.153817e-05 1.708180e+00 
3.754038e+00 2.823480e-05 1.737418e+00 
3.754762e+00 2.400799e-05 1.783848e+00 
3.760204e+00 4.374332e-05 1.842610e+00 
3.741763e+00 1.509900e-05 1.765275e+00 
3.745736e+00 1.718686e-05 1.487766e+00 
3.756602e+00 5.954440e-05 1.691563e+00 
3.748102e+00 5.845997e-05 1.754831e+00 
3.742914e+00 1.800300e-05 1.923641e+00 
3.746195e+00 1.811728e-05 1.821629e+00 
3.745957e+00 1.836490e-05 1.831635e+00 
3.743820e+00 2.046462e-05 1.683683e+00 
3.748164e+00 2.035564e-05 1.776057e+00 
3.745378e+00 1.713274e-05 1.721979e+00 
3.743826e+00 2.214984e-05 1.808047e+00 
3.741660e+00 2.199434e-05 1.553674e+00 
3.752136e+00 1.811667e-05 1.738237e+00 
3.739822e+00 2.878112e-05 1.684823e+00 
3.747486e+00 2.825514e-05 1.926786e+00 
3.736964e+00 2.616245e-05 1.851362e+00 
3.761045e+00 5.459478e-05 1.713681e+00 
3.742816e+00 1.564171e-05 1.755927e+00 
3.741313e+00 1.951413e-05 1.686621e+00 
3.738033e+00 1.579807e-05 1.812800e+00 
3.741770e+00 2.156956e-05 1.753772e+00 
3.737567e+00 1.856609e-05 1.868693e+00 
3.740497e+00 2.407635e-05 1.916592e+00 
3.733779e+00 1.508766e-05 1.853743e+00 
3.748965e+00 4.964255e-05 1.706065e+00 
3.741747e+00 2.635636e-05 1.779881e+00 
3.751685e+00 8.756815e-05 1.797414e+00 
3.745286e+00 2.525835e-05 1.648772e+00 
3.753661e+00 6.232246e-05 1.839657e+00 
3.751276e+00 3.221774e-05 1.796267e+00 
3.736662e+00 1.540024e-05 1.766326e+00 
3.744280e+00 2.205754e-05 1.769235e+00 
3.740435e+00 1.751629e-05 1.821490e+00 
3.742909e+00 2.222141e-05 1.738639e+00 
3.734000e+00 1.602349e-05 1.751474e+00 
3.748300e+00 2.158046e-05 1.812341e+00 
3.734786e+00 1.804197e-05 1.765618e+00 
3.752741e+00 3.032327e-05 1.843778e+00 
3.735835e+00 2.711979e-05 1.767985e+00 
3.750431e+00 2.464434e-05 1.738998e+00 
3.734920e+00 2.100798e-05 1.814419e+00 
3.741807e+00 1.701260e-05 1.817046e+00 
3.751994e+00 2.773831e-05 1.743255e+00 
3.742312e+00 2.812795e-05 1.864233e+00 
3.743626e+00 2.109181e-05 1.774177e+00 
3.751481e+00 3.217005e-05 1.900349e+00 
3.746634e+00 2.889946e-05 1.814133e+00 
3.743011e+00 3.005868e-05 1.747919e+00 
3.740398e+00 1.862913e-05 1.729403e+00 
3.737448e+00 2.862211e-05 1.781403e+00 
3.741801e+00 2.058225e-05 1.778729e+00 
3.735962e+00 1.759862e-05 1.754890e+00 
3.748828e+00 1.151765e-04 1.765660e+00 
3.746097e+00 2.811572e-05 1.817222e+00 
3.752172e+00 3.086980e-05 1.881760e+00 
3.738810e+00 2.444978e-05 1.795397e+00 
3.740043e+00 2.223583e-05 1.757995e+00 
3.737743e+00 2.433755e-05 1.809580e+00 
3.744567e+00 2.093107e-05 1.841475e+00 
3.738121e+00 2.104380e-05 1.647834e+00 
3.747994e+00 2.239980e-05 1.795881e+00 
3.734590e+00 1.864500e-05 1.658981e+00 
3.733356e+00 1.833784e-05 1.815244e+00 
3.728534e+00 1.525546e-05 1.854002e+00 
3.741732e+00 1.902225e-05 1.775718e+00 
3.737442e+00 1.993896e-05 1.780501e+00 
3.739006e+00 1.940714e-05 1.778288e+00 
3.742358e+00 2.151070e-05 1.838477e+00 
3.737769e+00 2.244804e-05 1.834127e+00 
3.739527e+00 3.018386e-05 1.721825e+00 
3.742855e+00 3.712469e-05 1.589324e+00 
3.746119e+00 2.449402e-05 1.674200e+00 
3.723621e+00 1.815441e-05 1.761167e+00 
3.746737e+00 4.249659e-05 1.778333e+00 
3.737584e+00 2.993592e-05 1.704554e+00 
3.739460e+00 2.098153e-05 1.702058e+00 
3.726019e+00 1.522797e-05 1.507632e+00 
3.734172e+00 2.811538e-05 1.638470e+00 
3.734514e+00 2.100187e-05 1.816927e+00 
3.726443e+00 2.014335e-05 1.878879e+00 
3.737196e+00 3.495541e-05 1.793574e+00 
3.716629e+00 1.305732e-05 1.836552e+00 
3.732729e+00 1.924417e-05 1.606602e+00 
3.748526e+00 4.387846e-05 1.809939e+00 
3.730796e+00 2.392430e-05 1.876777e+00 
3.745603e+00 2.260185e-05 1.825526e+00 
3.852792e+00 7.458990e-03 1.846740e+00 
3.732241e+00 2.456622e-05 1.781049e+00 
3.719002e+00 1.574237e-05 1.901361e+00 
3.733936e+00 1.638502e-05 1.931409e+00 
3.740531e+00 2.081198e-05 1.933119e+00 
3.747535e+00 5.212872e-05 1.936983e+00 
3.735771e+00 2.341122e-05 1.873352e+00 
3.730996e+00 2.647015e-05 1.898446e+00 
3.722541e+00 1.951183e-05 1.780994e+00 
3.730299e+00 1.736479e-05 1.625477e+00 
3.729185e+00 1.557171e-05 1.724824e+00 
3.724810e+00 1.866209e-05 1.876556e+00 
3.727183e+00 1.707856e-05 1.757651e+00 
3.732094e+00 1.844417e-05 1.704873e+00 
3.730805e+00 1.716539e-05 1.795154e+00 
3.727184e+00 2.058187e-05 1.677431e+00 
3.729178e+00 2.425032e-05 1.748979e+00 
3.729007e+00 1.778467e-05 1.639808e+00 
3.716951e+00 1.764055e-05 1.592964e+00 
3.721308e+00 1.747992e-05 1.560770e+00 
3.726053e+00 2.286065e-05 1.565812e+00 
3.746036e+00 8.289923e-05 1.640183e+00 
3.733870e+00 2.567008e-05 1.724423e+00 
3.716764e+00 1.688193e-05 1.558944e+00 
3.729410e+00 1.868815e-05 1.505223e+00 
3.721413e+00 2.144202e-05 1.744719e+00 
3.730365e+00 2.521972e-05 1.769709e+00 
3.734451e+00 2.630751e-05 1.590472e+00 
3.748395e+00 2.747388e-04 1.512939e+00 
3.723014e+00 1.740881e-05 1.839678e+00 
3.731960e+00 2.965973e-05 1.794452e+00 
3.719565e+00 2.031535e-05 1.785901e+00 
3.724526e+00 1.529802e-05 1.732222e+00 
3.726237e+00 1.984911e-05 1.754205e+00 
3.724334e+00 2.598266e-05 1.614140e+00 
3.727344e+00 2.403011e-05 1.785438e+00 
3.732769e+00 2.844749e-05 1.723390e+00 
3.724847e+00 2.221597e-05 1.867689e+00 
3.731586e+00 2.650783e-05 1.819496e+00 
3.718069e+00 1.980704e-05 1.777188e+00 
3.727299e+00 3.677437e-05 1.664475e+00 
3.715304e+00 1.586849e-05 1.704550e+00 
3.713574e+00 1.726865e-05 1.680872e+00 
3.712157e+00 1.743475e-05 1.671892e+00 
3.732343e+00 2.507632e-05 1.847391e+00 
3.724648e+00 2.957164e-05 1.609313e+00 
3.730603e+00 2.360901e-05 1.835601e+00 
3.722907e+00 1.886170e-05 1.630001e+00 
3.736751e+00 8.749275e-05 1.605232e+00 
3.724465e+00 2.239175e-05 1.696313e+00 
3.723239e+00 2.068616e-05 1.762123e+00 
3.721246e+00 2.290303e-05 1.763165e+00 
3.716849e+00 3.022443e-05 1.713280e+00 
3.720335e+00 1.929127e-05 1.676544e+00 
3.722581e+00 2.160726e-05 1.683894e+00 
3.726788e+00 2.241134e-05 1.760606e+00 
3.716302e+00 1.543017e-05 1.752230e+00 
3.721737e+00 2.222416e-05 1.813270e+00 
3.724414e+00 2.447094e-05 1.696921e+00 
3.726574e+00 2.581018e-05 1.739032e+00 
3.715470e+00 2.228292e-05 1.600429e+00 
3.704707e+00 1.556418e-05 1.827819e+00 
3.745267e+00 1.899333e-04 1.837958e+00 
3.724802e+00 5.103607e-05 1.573770e+00 
3.721151e+00 1.736842e-05 1.657732e+00 
3.727503e+00 5.465363e-05 1.694079e+00 
3.720936e+00 2.173034e-05 1.605183e+00 
3.715134e+00 2.038889e-05 1.800724e+00 
3.737156e+00 4.233436e-05 1.702066e+00 
3.712810e+00 2.069568e-05 1.703076e+00 
3.724333e+00 2.607582e-05 1.574269e+00 
3.714019e+00 2.184576e-05 1.746317e+00 
3.741839e+00 2.745797e-04 1.663417e+00 
3.716319e+00 2.860690e-05 1.494384e+00 
3.719080e+00 2.107705e-05 1.671376e+00 
3.722193e+00 2.244881e-05 1.675851e+00 
3.714713e+00 2.139086e-05 1.685989e+00 
3.716483e+00 3.117464e-05 1.543398e+00 
3.714542e+00 1.835779e-05 1.815093e+00 
3.727400e+00 2.862584e-05 1.802145e+00 
3.711475e+00 1.715567e-05 1.685061e+00 
3.715480e+00 2.370749e-05 1.881050e+00 
3.710959e+00 2.304765e-05 1.694079e+00 
3.707591e+00 1.821487e-05 1.709597e+00 
3.717325e+00 1.794765e-05 1.866306e+00 
3.721869e+00 2.432567e-05 1.767056e+00 
3.714125e+00 1.923719e-05 1.634272e+00 
3.709093e+00 1.798898e-05 1.723278e+00 
3.725715e+00 3.813673e-05 1.595195e+00 
3.720774e+00 3.384623e-05 1.653449e+00 
3.733567e+00 6.768712e-05 1.780786e+00 
3.715582e+00 1.810429e-05 1.553525e+00 
3.709009e+00 2.029626e-05 1.781336e+00 
3.714300e+00 2.203489e-05 1.621512e+00 
3.721363e+00 2.326102e-05 1.745763e+00 
3.696336e+00 1.989791e-05 1.612374e+00 
3.706634e+00 1.691874e-05 1.771800e+00 
3.708851e+00 1.793080e-05 1.764172e+00 
3.710060e+00 1.708537e-05 1.715631e+00 
3.717943e+00 1.909890e-05 1.695169e+00 
3.723220e+00 5.225274e-05 1.649392e+00 
3.704753e+00 1.813941e-05 1.676517e+00 
3.720398e+00 3.218748e-05 1.655453e+00 
3.714492e+00 2.176957e-05 1.745795e+00 
3.700088e+00 1.805851e-05 1.776748e+00 
3.713953e+00 2.253653e-05 1.740080e+00 
3.702986e+00 1.595594e-05 1.820494e+00 
3.722220e+00 2.770045e-05 1.739624e+00 
3.725604e+00 2.757274e-05 1.714750e+00 
3.705779e+00 1.557920e-05 1.662617e+00 
3.721899e+00 6.897025e-05 1.681751e+00 
3.722479e+00 5.194019e-05 1.568720e+00 
3.712808e+00 2.491612e-05 1.650399e+00 
3.707329e+00 2.088961e-05 1.786447e+00 
3.714960e+00 2.277595e-05 1.656994e+00 
3.709686e+00 2.662929e-05 1.638815e+00 
3.713705e+00 1.715858e-05 1.739795e+00 
3.712298e+00 1.806825e-05 1.574904e+00 
3.706592e+00 1.937563e-05 1.791516e+00 
3.701826e+00 2.092675e-05 1.769894e+00 
3.718886e+00 4.015325e-05 1.644279e+00 
3.717387e+00 1.804963e-05 1.762657e+00 
3.704460e+00 4.623151e-05 1.765778e+00 
3.704287e+00 1.821638e-05 1.747279e+00 
3.707017e+00 2.434509e-05 1.798802e+00 
3.703016e+00 2.173321e-05 1.663589e+00 
3.715168e+00 4.714008e-05 1.755301e+00 
3.708471e+00 6.093692e-05 1.684544e+00 
3.707370e+00 1.806237e-05 1.515652e+00 
3.701800e+00 2.067176e-05 1.662295e+00 
3.707265e+00 2.019073e-05 1.711733e+00 
3.708674e+00 1.786977e-05 1.631053e+00 
3.703099e+00 2.360896e-05 1.697708e+00 
3.707615e+00 1.830139e-05 1.800355e+00 
3.709803e+00 2.624573e-05 1.672527e+00 
3.706507e+00 1.749425e-05 1.681137e+00 
3.703954e+00 1.706035e-05 1.544496e+00 
3.710084e+00 3.580036e-05 1.594164e+00 
3.707155e+00 2.951158e-05 1.760349e+00 
3.709316e+00 2.043127e-05 1.635650e+00 
3.701751e+00 1.741575e-05 1.593464e+00 
3.696891e+00 1.616820e-05 1.683551e+00 
3.701718e+00 1.888969e-05 1.554830e+00 
3.712242e+00 2.026002e-05 1.625621e+00 
3.702083e+00 1.979853e-05 1.720251e+00 
3.697326e+00 3.079527e-05 1.648123e+00 
3.707435e+00 2.165916e-05 1.786713e+00 
3.678222e+00 1.474416e-05 1.864733e+00 
3.691933e+00 1.546547e-05 1.628197e+00 
3.706247e+00 4.374168e-05 1.690992e+00 
3.703408e+00 2.120279e-05 1.670548e+00 
3.695422e+00 1.883219e-05 1.861737e+00 
3.700504e+00 2.881922e-05 1.808174e+00 
3.708202e+00 1.894979e-05 1.690408e+00 
3.694406e+00 1.730176e-05 1.682816e+00 
3.708991e+00 2.701292e-05 1.645851e+00 
3.712916e+00 3.964354e-05 1.585563e+00 
3.704636e+00 2.177338e-05 1.867563e+00 
3.712987e+00 4.249113e-05 1.660837e+00 
3.696901e+00 1.592872e-05 1.894171e+00 
3.704109e+00 2.599856e-05 1.790863e+00 
3.704557e+00 3.193769e-05 1.764539e+00 
3.687288e+00 1.715746e-05 1.608640e+00 
3.696644e+00 2.418161e-05 1.666103e+00 
3.696798e+00 5.729511e-05 1.677301e+00 
3.709386e+00 7.618576e-05 1.692997e+00 
3.698011e+00 1.837008e-05 1.709124e+00 
3.708877e+00 4.022316e-05 1.648594e+00 
3.699556e+00 2.064558e-05 1.703756e+00 
3.696129e+00 2.084316e-05 1.817676e+00 
3.698360e+00 2.446937e-05 1.521013e+00 
3.703611e+00 2.839106e-05 1.634964e+00 
3.690423e+00 1.732680e-05 1.759381e+00 
3.698457e+00 4.814305e-05 1.808860e+00 
3.699540e+00 2.325227e-05 1.436281e+00 
3.692053e+00 2.196357e-05 1.542745e+00 
3.701885e+00 2.612465e-05 1.550658e+00 
3.692616e+00 1.949527e-05 1.764417e+00 
3.693028e+00 1.698920e-05 1.605407e+00 
3.694370e+00 1.811630e-05 1.818184e+00 
3.685143e+00 1.678080e-05 1.736264e+00 
3.689712e+00 2.065565e-05 1.589562e+00 
3.693256e+00 2.214378e-05 1.713533e+00 
3.697621e+00 2.031458e-05 1.722791e+00 
3.686216e+00 2.091256e-05 1.595081e+00 
3.678597e+00 1.557534e-05 1.710052e+00 
3.701856e+00 2.990813e-05 1.733164e+00 
3.690143e+00 2.405877e-05 1.787144e+00 
3.687580e+00 1.712314e-05 1.647128e+00 
3.697069e+00 2.221473e-05 1.701370e+00 
3.685755e+00 2.207614e-05 1.686220e+00 
3.692913e+00 1.958113e-05 1.610113e+00 
3.696031e+00 2.273471e-05 1.708955e+00 
3.696959e+00 1.430408e-04 1.574681e+00 
3.681165e+00 1.963412e-05 1.730618e+00 
3.702821e+00 2.168887e-04 1.877345e+00 
3.703213e+00 5.826021e-05 1.676312e+00 
3.691954e+00 1.959866e-05 1.552709e+00 
3.694174e+00 3.632464e-05 1.676366e+00 
3.686564e+00 1.617608e-05 1.789329e+00 
3.694904e+00 2.773408e-05 1.800953e+00 
3.701292e+00 3.512846e-05 1.651835e+00 
3.693003e+00 2.083203e-05 1.718433e+00 
3.691218e+00 1.895701e-05 1.538093e+00 
3.691712e+00 2.127813e-05 1.794169e+00 
3.691338e+00 1.983400e-05 1.622353e+00 
3.687871e+00 2.231105e-05 1.756151e+00 
3.693700e+00 2.057090e-05 1.540823e+00 
3.686722e+00 2.286822e-05 1.642600e+00 
3.696762e+00 2.234764e-05 1.841992e+00 
3.682176e+00 1.909312e-05 1.582977e+00 
3.682146e+00 1.840131e-05 1.726058e+00 
3.696456e+00 5.088779e-05 1.721043e+00 
3.679516e+00 1.809917e-05 1.805268e+00 
3.682220e+00 2.185770e-05 1.705133e+00 
3.689417e+00 5.681670e-05 1.648128e+00 
3.696748e+00 2.470445e-05 1.657218e+00 
3.687960e+00 2.295643e-05 1.729868e+00 
3.677691e+00 3.602989e-05 1.722411e+00 
3.685316e+00 1.953303e-05 1.853167e+00 
3.684384e+00 3.238213e-05 1.540022e+00 
3.691146e+00 2.847289e-05 1.559232e+00 
3.680245e+00 2.148497e-05 1.772071e+00 
3.696672e+00 2.753559e-05 1.615079e+00 
3.676176e+00 2.161472e-05 1.783699e+00 
3.676360e+00 1.778425e-05 1.719998e+00 
3.674485e+00 1.790682e-05 1.730683e+00 
3.675918e+00 2.936769e-05 1.687314e+00 
3.678744e+00 1.720257e-05 1.814777e+00 
3.678775e+00 2.287156e-05 1.745610e+00 
3.685063e+00 2.227047e-05 1.744231e+00 
3.681450e+00 4.950954e-05 1.565134e+00 
3.671320e+00 1.883732e-05 1.542404e+00 
3.677994e+00 2.209519e-05 1.534574e+00 
3.691771e+00 2.847852e-05 1.633808e+00 
3.687111e+00 3.463880e-05 1.792205e+00 
3.678851e+00 2.043027e-05 1.624582e+00 
3.665512e+00 1.869947e-05 1.814696e+00 
3.675721e+00 1.666483e-05 1.733725e+00 
3.681657e+00 2.013840e-05 1.555513e+00 
3.683406e+00 3.357928e-05 1.574714e+00 
3.688020e+00 3.337463e-05 1.611713e+00 
3.670375e+00 1.930820e-05 1.654006e+00 
3.703396e+00 2.167941e-04 1.789410e+00 
3.673470e+00 2.504045e-05 1.703391e+00 
3.673012e+00 1.579176e-05 1.704744e+00 
3.676819e+00 2.754596e-05 1.552794e+00 
3.672712e+00 7.772077e-05 1.781592e+00 
3.670062e+00 1.811774e-05 1.730736e+00 
3.672028e+00 1.764801e-05 1.646382e+00 
3.673767e+00 2.414038e-05 1.621235e+00 
3.667554e+00 1.638703e-05 1.786710e+00 
3.674323e+00 1.673550e-05 1.497214e+00 
3.687251e+00 3.977286e-05 1.693215e+00 
3.671811e+00 2.558235e-05 1.705225e+00 
3.671255e+00 2.259678e-05 1.633418e+00 
3.689630e+00 5.323400e-05 1.547736e+00 
3.680143e+00 2.067638e-05 1.697772e+00 
3.669200e+00 2.043267e-05 1.742760e+00 
3.673936e+00 2.178608e-05 1.666229e+00 
3.671429e+00 2.866287e-05 1.458747e+00 
3.669318e+00 1.797306e-05 1.584101e+00 
3.666510e+00 1.919300e-05 1.675954e+00 
3.669869e+00 2.088933e-05 1.575325e+00 
3.675588e+00 2.224749e-05 1.645716e+00 
3.668894e+00 2.091836e-05 1.572665e+00 
3.658579e+00 1.858405e-05 1.858448e+00 
3.662672e+00 1.620875e-05 1.700475e+00 
3.683007e+00 1.906411e-05 1.698496e+00 
3.686483e+00 3.178826e-04 1.712116e+00 
3.674643e+00 1.884217e-05 1.852346e+00 
3.672200e+00 2.957259e-05 1.682516e+00 
3.658926e+00 1.615432e-05 1.563021e+00 
3.668117e+00 2.701799e-05 1.552911e+00 
3.673267e+00 2.360028e-05 1.730549e+00 
