# dim  N   mc   sigma  Gibbs 
# 1    1 600000 1
#
# Theoretical Energy = 5.000000e-01
# Energy     Variance     CPU time
6.284909e-01 5.302675e-07 2.711730e-01 
6.296155e-01 5.333682e-07 2.203030e-01 
6.283527e-01 5.221490e-07 2.096610e-01 
6.277068e-01 5.245629e-07 2.146450e-01 
6.281799e-01 5.255600e-07 2.118070e-01 
6.281018e-01 5.275356e-07 2.084840e-01 
6.296589e-01 5.322286e-07 2.230940e-01 
6.281753e-01 5.257361e-07 2.170050e-01 
6.283722e-01 5.248096e-07 2.291670e-01 
6.277752e-01 5.269721e-07 2.410440e-01 
6.268102e-01 5.235945e-07 2.253490e-01 
6.264068e-01 5.241784e-07 2.220740e-01 
6.277381e-01 5.255515e-07 2.349170e-01 
6.276087e-01 5.269034e-07 2.189140e-01 
6.267511e-01 5.248285e-07 2.048610e-01 
6.267447e-01 5.216442e-07 2.031150e-01 
6.295358e-01 5.304342e-07 2.053890e-01 
6.282732e-01 5.268699e-07 2.050080e-01 
6.280259e-01 5.259084e-07 2.105460e-01 
6.287291e-01 5.278086e-07 2.100320e-01 
6.286859e-01 5.248350e-07 2.088220e-01 
6.288241e-01 5.254260e-07 2.040650e-01 
6.279466e-01 5.262546e-07 2.122260e-01 
6.278492e-01 5.215795e-07 2.055810e-01 
6.274895e-01 5.239116e-07 2.080510e-01 
6.271981e-01 5.254863e-07 2.081080e-01 
6.277529e-01 5.261469e-07 2.078000e-01 
6.271131e-01 5.215704e-07 2.180800e-01 
6.277673e-01 5.239435e-07 2.052300e-01 
6.267912e-01 5.204256e-07 2.111790e-01 
6.284752e-01 5.279795e-07 2.065620e-01 
6.282227e-01 5.268639e-07 2.030010e-01 
6.276224e-01 5.230970e-07 2.129750e-01 
6.268568e-01 5.239260e-07 2.114670e-01 
6.269228e-01 5.220340e-07 2.115100e-01 
6.276787e-01 5.267718e-07 2.102840e-01 
6.288720e-01 5.254655e-07 2.106030e-01 
6.268611e-01 5.242241e-07 2.142620e-01 
6.281796e-01 5.259035e-07 2.072110e-01 
6.280853e-01 5.263638e-07 2.091590e-01 
6.265716e-01 5.220858e-07 2.113110e-01 
6.275690e-01 5.246137e-07 2.169690e-01 
6.280641e-01 5.271020e-07 2.093480e-01 
6.278742e-01 5.244776e-07 2.300020e-01 
6.284550e-01 5.260346e-07 2.231020e-01 
6.267962e-01 5.241881e-07 2.185530e-01 
6.289076e-01 5.279144e-07 2.386520e-01 
6.272842e-01 5.234609e-07 2.377300e-01 
6.267391e-01 5.235207e-07 2.050490e-01 
6.287352e-01 5.271342e-07 2.133820e-01 
6.274358e-01 5.239968e-07 2.228950e-01 
6.280020e-01 5.245567e-07 2.109180e-01 
6.267043e-01 5.238735e-07 2.053830e-01 
6.270324e-01 5.252295e-07 2.039870e-01 
6.266906e-01 5.239820e-07 2.060170e-01 
6.261678e-01 5.226178e-07 2.166200e-01 
6.282224e-01 5.278927e-07 2.128390e-01 
6.280818e-01 5.235034e-07 2.382420e-01 
6.269762e-01 5.230049e-07 2.065460e-01 
6.260370e-01 5.223347e-07 2.067820e-01 
6.273207e-01 5.237874e-07 2.155350e-01 
6.258846e-01 5.201071e-07 2.144520e-01 
6.262196e-01 5.210493e-07 2.087950e-01 
6.272912e-01 5.242240e-07 2.094360e-01 
6.264672e-01 5.205128e-07 2.103760e-01 
6.265564e-01 5.233858e-07 2.127790e-01 
6.277543e-01 5.288183e-07 2.162160e-01 
6.268975e-01 5.201965e-07 2.099430e-01 
6.262938e-01 5.234781e-07 2.087430e-01 
6.271093e-01 5.252944e-07 2.629660e-01 
6.275154e-01 5.260993e-07 2.151340e-01 
6.266937e-01 5.237088e-07 2.054510e-01 
6.265071e-01 5.213791e-07 2.062600e-01 
6.270905e-01 5.236457e-07 2.123210e-01 
6.264944e-01 5.227236e-07 2.219460e-01 
6.277012e-01 5.283710e-07 2.079800e-01 
6.256999e-01 5.183087e-07 2.036610e-01 
6.272730e-01 5.215840e-07 2.040930e-01 
6.273727e-01 5.221456e-07 2.055200e-01 
6.272262e-01 5.237663e-07 2.111440e-01 
6.260473e-01 5.197807e-07 2.125470e-01 
6.266869e-01 5.247873e-07 2.081230e-01 
6.270244e-01 5.265400e-07 2.062680e-01 
6.249046e-01 5.199140e-07 2.112620e-01 
6.261670e-01 5.206697e-07 2.058840e-01 
6.266019e-01 5.232269e-07 2.067950e-01 
6.259892e-01 5.207255e-07 2.062760e-01 
6.264201e-01 5.211856e-07 2.045140e-01 
6.264891e-01 5.225851e-07 2.129570e-01 
6.263374e-01 5.222704e-07 2.059910e-01 
6.270667e-01 5.243495e-07 2.112480e-01 
6.261170e-01 5.222973e-07 2.073370e-01 
6.251825e-01 5.167378e-07 2.037530e-01 
6.263662e-01 5.220739e-07 2.137200e-01 
6.259735e-01 5.195580e-07 2.139590e-01 
6.264608e-01 5.224197e-07 2.108420e-01 
6.270363e-01 5.250757e-07 2.060390e-01 
6.270723e-01 5.265361e-07 2.081950e-01 
6.260879e-01 5.219655e-07 2.136010e-01 
6.284820e-01 5.283352e-07 2.087780e-01 
6.266931e-01 5.214974e-07 2.055160e-01 
6.272639e-01 5.255674e-07 2.056280e-01 
6.274531e-01 5.237148e-07 2.096070e-01 
6.260597e-01 5.204247e-07 2.087760e-01 
6.257595e-01 5.178794e-07 2.116210e-01 
6.248208e-01 5.165714e-07 2.107340e-01 
6.261053e-01 5.204497e-07 2.058060e-01 
6.261176e-01 5.238525e-07 2.237150e-01 
6.268675e-01 5.208688e-07 2.063250e-01 
6.267355e-01 5.241068e-07 2.081370e-01 
6.272301e-01 5.224044e-07 2.070200e-01 
6.263705e-01 5.193378e-07 2.082450e-01 
6.266065e-01 5.235334e-07 2.115750e-01 
6.270413e-01 5.222920e-07 2.065180e-01 
6.254184e-01 5.195664e-07 2.136360e-01 
6.253755e-01 5.198569e-07 2.064960e-01 
6.261986e-01 5.203263e-07 2.082750e-01 
6.252787e-01 5.194151e-07 2.124940e-01 
6.258098e-01 5.188489e-07 2.069870e-01 
6.259849e-01 5.238278e-07 2.041600e-01 
6.247048e-01 5.169182e-07 2.073230e-01 
6.265043e-01 5.242159e-07 2.102140e-01 
6.252399e-01 5.204589e-07 2.121190e-01 
6.259735e-01 5.194263e-07 2.094260e-01 
6.252633e-01 5.185127e-07 2.067400e-01 
6.254473e-01 5.182962e-07 2.042910e-01 
6.242088e-01 5.215024e-07 2.087520e-01 
6.264456e-01 5.232660e-07 2.053070e-01 
6.261333e-01 5.220781e-07 2.132120e-01 
6.263131e-01 5.205688e-07 2.106770e-01 
6.253432e-01 5.213433e-07 2.054650e-01 
6.261980e-01 5.192899e-07 2.126310e-01 
6.251190e-01 5.184782e-07 2.077530e-01 
6.260196e-01 5.223490e-07 2.086930e-01 
6.255615e-01 5.210376e-07 2.069170e-01 
6.256909e-01 5.202232e-07 2.061480e-01 
6.260522e-01 5.256140e-07 2.128120e-01 
6.250615e-01 5.186000e-07 2.409730e-01 
6.253494e-01 5.204449e-07 2.249340e-01 
6.252701e-01 5.210375e-07 2.085870e-01 
6.260619e-01 5.193657e-07 2.110330e-01 
6.260302e-01 5.244124e-07 2.100110e-01 
6.260079e-01 5.218886e-07 2.081040e-01 
6.257105e-01 5.209432e-07 2.078840e-01 
6.253230e-01 5.211308e-07 2.042600e-01 
6.248104e-01 5.177609e-07 2.093370e-01 
6.256437e-01 5.237361e-07 2.068510e-01 
6.253500e-01 5.214818e-07 2.091070e-01 
6.242466e-01 5.192809e-07 2.074900e-01 
6.247424e-01 5.189273e-07 2.063810e-01 
6.253383e-01 5.187929e-07 2.127100e-01 
6.255731e-01 5.228433e-07 2.047270e-01 
6.248077e-01 5.175869e-07 2.220030e-01 
6.256021e-01 5.211689e-07 2.070780e-01 
6.251055e-01 5.189474e-07 2.085960e-01 
6.245111e-01 5.202370e-07 2.102900e-01 
6.251152e-01 5.216381e-07 2.118520e-01 
6.258000e-01 5.220024e-07 2.049750e-01 
6.245215e-01 5.156001e-07 2.075000e-01 
6.256451e-01 5.211805e-07 2.106450e-01 
6.246393e-01 5.182845e-07 2.106300e-01 
6.271405e-01 5.260086e-07 2.229900e-01 
6.241993e-01 5.168331e-07 2.205020e-01 
6.249823e-01 5.191536e-07 2.060410e-01 
6.251541e-01 5.243899e-07 2.147210e-01 
6.252614e-01 5.215786e-07 2.035660e-01 
6.260045e-01 5.227452e-07 2.050280e-01 
6.259345e-01 5.209954e-07 2.064920e-01 
6.256598e-01 5.232578e-07 2.018400e-01 
6.261837e-01 5.245977e-07 2.108120e-01 
6.244911e-01 5.177467e-07 2.059400e-01 
6.245416e-01 5.199622e-07 2.043980e-01 
6.248449e-01 5.177118e-07 2.055590e-01 
6.247110e-01 5.227447e-07 2.030270e-01 
6.247601e-01 5.202027e-07 2.121540e-01 
6.256730e-01 5.191614e-07 2.050020e-01 
6.252914e-01 5.227382e-07 2.144170e-01 
6.248077e-01 5.192752e-07 2.049710e-01 
6.248144e-01 5.213525e-07 2.075170e-01 
6.250135e-01 5.166794e-07 2.092490e-01 
6.252236e-01 5.224491e-07 2.042130e-01 
6.246670e-01 5.203285e-07 2.078740e-01 
6.246715e-01 5.179911e-07 2.070700e-01 
6.251338e-01 5.211708e-07 2.059080e-01 
6.252651e-01 5.213664e-07 2.109050e-01 
6.254198e-01 5.231684e-07 2.138600e-01 
6.241535e-01 5.198497e-07 2.048520e-01 
6.242186e-01 5.142592e-07 2.049370e-01 
6.237871e-01 5.188808e-07 2.121230e-01 
6.240131e-01 5.203538e-07 2.045400e-01 
6.234556e-01 5.195784e-07 2.064850e-01 
6.243656e-01 5.199270e-07 2.078400e-01 
6.240540e-01 5.158848e-07 2.049100e-01 
6.250290e-01 5.221558e-07 2.150120e-01 
6.246428e-01 5.190120e-07 2.056110e-01 
6.248489e-01 5.198636e-07 2.072450e-01 
6.251318e-01 5.216605e-07 2.048810e-01 
6.257419e-01 5.226590e-07 2.037480e-01 
6.243016e-01 5.194288e-07 2.149760e-01 
6.248991e-01 5.167726e-07 2.058560e-01 
6.245532e-01 5.182252e-07 2.197760e-01 
6.252178e-01 5.229561e-07 2.104640e-01 
6.231134e-01 5.161434e-07 2.101210e-01 
6.250283e-01 5.236071e-07 2.129240e-01 
6.247517e-01 5.183120e-07 2.046420e-01 
6.246187e-01 5.193306e-07 2.048270e-01 
6.231339e-01 5.165474e-07 2.042000e-01 
6.244743e-01 5.188923e-07 2.059800e-01 
6.242384e-01 5.190274e-07 2.080950e-01 
6.229135e-01 5.130622e-07 2.167510e-01 
6.249035e-01 5.215349e-07 2.056030e-01 
6.246129e-01 5.170330e-07 2.089530e-01 
6.235358e-01 5.177008e-07 2.133010e-01 
6.253660e-01 5.246223e-07 2.044580e-01 
6.254526e-01 5.256110e-07 2.046780e-01 
6.239834e-01 5.154191e-07 2.051920e-01 
6.241783e-01 5.225246e-07 2.054610e-01 
6.249587e-01 5.252338e-07 2.125330e-01 
6.236856e-01 5.166093e-07 2.055660e-01 
6.238594e-01 5.184779e-07 2.060760e-01 
6.239259e-01 5.175962e-07 2.045610e-01 
6.235032e-01 5.173825e-07 2.028680e-01 
6.238872e-01 5.166709e-07 2.104090e-01 
6.244931e-01 5.196360e-07 2.041130e-01 
6.238915e-01 5.189979e-07 2.171360e-01 
6.231715e-01 5.170994e-07 2.074990e-01 
6.233306e-01 5.153909e-07 2.062560e-01 
6.248871e-01 5.236345e-07 2.077310e-01 
6.238492e-01 5.191392e-07 2.066150e-01 
6.239569e-01 5.210158e-07 2.039490e-01 
6.249081e-01 5.221376e-07 2.088930e-01 
6.243520e-01 5.195658e-07 2.042660e-01 
6.238912e-01 5.202408e-07 2.119190e-01 
6.239741e-01 5.200694e-07 2.088900e-01 
6.239704e-01 5.183832e-07 2.089360e-01 
6.232476e-01 5.165575e-07 2.076590e-01 
6.237342e-01 5.191638e-07 2.067600e-01 
6.233202e-01 5.155031e-07 2.076500e-01 
6.233033e-01 5.153406e-07 2.069080e-01 
6.242635e-01 5.191994e-07 2.045290e-01 
6.245316e-01 5.205857e-07 2.037580e-01 
6.228475e-01 5.166629e-07 2.174350e-01 
6.246705e-01 5.185427e-07 2.034610e-01 
6.234513e-01 5.163213e-07 2.071210e-01 
6.248206e-01 5.202371e-07 2.061140e-01 
6.234770e-01 5.174480e-07 2.041300e-01 
6.232041e-01 5.185011e-07 2.098420e-01 
6.228160e-01 5.177622e-07 2.059580e-01 
6.231735e-01 5.147238e-07 2.195220e-01 
6.243978e-01 5.209476e-07 2.155950e-01 
6.246909e-01 5.202790e-07 2.085860e-01 
6.241943e-01 5.233629e-07 2.106050e-01 
6.236730e-01 5.192667e-07 2.057830e-01 
6.240400e-01 5.174292e-07 2.070820e-01 
6.229911e-01 5.159677e-07 2.058870e-01 
6.234015e-01 5.187745e-07 2.075630e-01 
6.239802e-01 5.205158e-07 2.127190e-01 
6.229123e-01 5.157246e-07 2.140780e-01 
6.234409e-01 5.190926e-07 2.072480e-01 
6.236432e-01 5.170713e-07 2.080240e-01 
6.233402e-01 5.187991e-07 2.126770e-01 
6.221947e-01 5.162251e-07 2.048830e-01 
6.229685e-01 5.160007e-07 2.071490e-01 
6.248861e-01 5.234491e-07 2.065060e-01 
6.225875e-01 5.154768e-07 2.059260e-01 
6.220562e-01 5.126327e-07 2.112700e-01 
6.237643e-01 5.204886e-07 2.065800e-01 
6.236940e-01 5.203244e-07 2.064380e-01 
6.234048e-01 5.173667e-07 2.062320e-01 
6.225353e-01 5.147867e-07 2.028210e-01 
6.236033e-01 5.173709e-07 2.159130e-01 
6.232634e-01 5.186811e-07 2.045300e-01 
6.224970e-01 5.144192e-07 2.085620e-01 
6.232088e-01 5.207531e-07 2.446920e-01 
6.236679e-01 5.187752e-07 2.081650e-01 
6.232881e-01 5.163413e-07 2.128130e-01 
6.228671e-01 5.153290e-07 2.070910e-01 
6.241499e-01 5.205793e-07 2.052630e-01 
6.233203e-01 5.214513e-07 2.070860e-01 
6.228576e-01 5.158725e-07 2.101200e-01 
6.235201e-01 5.164120e-07 2.085770e-01 
6.226816e-01 5.156958e-07 2.148290e-01 
6.229014e-01 5.162708e-07 2.051520e-01 
6.223323e-01 5.181757e-07 2.074190e-01 
6.226782e-01 5.147492e-07 2.095070e-01 
6.221908e-01 5.147754e-07 2.028220e-01 
6.230789e-01 5.197969e-07 2.071010e-01 
6.233470e-01 5.190322e-07 2.055840e-01 
6.225564e-01 5.169062e-07 2.067570e-01 
6.229864e-01 5.175174e-07 2.140460e-01 
6.230267e-01 5.190503e-07 2.057280e-01 
6.232403e-01 5.199417e-07 2.074380e-01 
6.240126e-01 5.244585e-07 2.053730e-01 
6.230127e-01 5.183596e-07 2.048600e-01 
6.225882e-01 5.142409e-07 2.115630e-01 
6.238654e-01 5.230351e-07 2.056510e-01 
6.224400e-01 5.163933e-07 2.164380e-01 
6.232493e-01 5.218864e-07 2.039930e-01 
6.245679e-01 5.238929e-07 2.067180e-01 
6.239450e-01 5.189478e-07 2.110400e-01 
6.206949e-01 5.119757e-07 2.050070e-01 
6.227338e-01 5.182462e-07 2.048230e-01 
6.225487e-01 5.175780e-07 2.060310e-01 
6.237852e-01 5.223499e-07 2.156530e-01 
6.218077e-01 5.123219e-07 2.090970e-01 
6.222984e-01 5.151124e-07 2.168460e-01 
6.221503e-01 5.159227e-07 2.075720e-01 
6.218650e-01 5.147419e-07 2.052110e-01 
6.232038e-01 5.178711e-07 2.464230e-01 
6.232600e-01 5.207543e-07 2.050280e-01 
6.223204e-01 5.171618e-07 2.082380e-01 
6.223683e-01 5.156548e-07 2.056830e-01 
6.229607e-01 5.180577e-07 2.074750e-01 
6.231081e-01 5.164818e-07 2.141020e-01 
6.215748e-01 5.148666e-07 2.057480e-01 
6.228085e-01 5.167752e-07 2.051700e-01 
6.230480e-01 5.197840e-07 2.084110e-01 
6.234790e-01 5.171735e-07 2.051670e-01 
6.227654e-01 5.149236e-07 2.102480e-01 
6.225295e-01 5.178823e-07 2.067970e-01 
6.227810e-01 5.182272e-07 2.079330e-01 
6.227399e-01 5.173941e-07 2.095930e-01 
6.215738e-01 5.155220e-07 2.079740e-01 
6.204733e-01 5.129397e-07 2.118280e-01 
6.225886e-01 5.155915e-07 2.081520e-01 
6.215887e-01 5.154818e-07 2.033390e-01 
6.231400e-01 5.200616e-07 2.046430e-01 
6.230933e-01 5.185943e-07 2.119760e-01 
6.225621e-01 5.180699e-07 2.049320e-01 
6.231486e-01 5.193407e-07 2.092980e-01 
6.215979e-01 5.155816e-07 2.091830e-01 
6.240345e-01 5.227583e-07 2.058210e-01 
6.225813e-01 5.200250e-07 2.137060e-01 
6.226336e-01 5.153851e-07 2.059560e-01 
6.217029e-01 5.162392e-07 2.050430e-01 
6.214962e-01 5.155655e-07 2.065400e-01 
6.219944e-01 5.146827e-07 2.021280e-01 
6.213399e-01 5.172544e-07 2.090750e-01 
6.234284e-01 5.234275e-07 2.049910e-01 
6.223221e-01 5.202046e-07 2.118980e-01 
6.235421e-01 5.205081e-07 2.025980e-01 
6.209001e-01 5.129514e-07 2.068670e-01 
6.230627e-01 5.189246e-07 2.129180e-01 
6.223983e-01 5.149387e-07 2.041960e-01 
6.231717e-01 5.232062e-07 2.351190e-01 
6.212972e-01 5.128678e-07 2.038750e-01 
6.229038e-01 5.199605e-07 2.083370e-01 
6.234022e-01 5.206481e-07 2.115030e-01 
6.227723e-01 5.188460e-07 2.100450e-01 
6.217223e-01 5.149131e-07 2.094010e-01 
6.225110e-01 5.186917e-07 2.065160e-01 
6.220305e-01 5.185695e-07 2.110880e-01 
6.227487e-01 5.173819e-07 2.046370e-01 
6.211219e-01 5.127545e-07 2.249770e-01 
6.212727e-01 5.173218e-07 2.235070e-01 
6.222525e-01 5.150174e-07 2.040130e-01 
6.224803e-01 5.185201e-07 2.123480e-01 
6.210102e-01 5.137064e-07 2.060250e-01 
6.222975e-01 5.191985e-07 2.064150e-01 
6.217496e-01 5.156270e-07 2.057810e-01 
6.214132e-01 5.144197e-07 2.075000e-01 
6.207201e-01 5.126951e-07 2.095930e-01 
6.229708e-01 5.172420e-07 2.092000e-01 
6.210441e-01 5.176803e-07 2.026810e-01 
6.207279e-01 5.150771e-07 2.034030e-01 
6.222514e-01 5.198158e-07 2.079810e-01 
6.224615e-01 5.165404e-07 2.093540e-01 
6.218676e-01 5.173589e-07 2.124090e-01 
6.211932e-01 5.135601e-07 2.051640e-01 
6.209906e-01 5.146254e-07 2.064380e-01 
6.223449e-01 5.174703e-07 2.132000e-01 
6.221903e-01 5.181689e-07 2.072330e-01 
6.224371e-01 5.177918e-07 2.048410e-01 
6.213178e-01 5.144767e-07 2.048730e-01 
6.220274e-01 5.200391e-07 2.046150e-01 
6.221011e-01 5.169429e-07 2.135980e-01 
6.209624e-01 5.159485e-07 2.041560e-01 
6.212425e-01 5.201087e-07 2.124970e-01 
6.218436e-01 5.162259e-07 2.080040e-01 
6.210492e-01 5.163199e-07 2.032080e-01 
6.211515e-01 5.146376e-07 2.128100e-01 
6.222917e-01 5.191305e-07 2.055170e-01 
6.218060e-01 5.180186e-07 2.022990e-01 
6.234407e-01 5.220809e-07 2.028710e-01 
6.209071e-01 5.173847e-07 2.076320e-01 
6.217486e-01 5.165052e-07 2.100920e-01 
6.203537e-01 5.136566e-07 2.080480e-01 
6.213137e-01 5.140573e-07 2.031080e-01 
6.225348e-01 5.198612e-07 2.036690e-01 
6.216212e-01 5.175517e-07 2.101090e-01 
6.208368e-01 5.164379e-07 2.267910e-01 
6.212501e-01 5.173408e-07 2.210540e-01 
6.216209e-01 5.166001e-07 2.457600e-01 
6.221149e-01 5.201577e-07 2.141550e-01 
6.220357e-01 5.164548e-07 2.270680e-01 
6.215147e-01 5.180439e-07 2.203510e-01 
6.212191e-01 5.172905e-07 2.178200e-01 
6.217320e-01 5.166126e-07 2.229590e-01 
6.220980e-01 5.177785e-07 2.264170e-01 
6.209145e-01 5.162424e-07 2.298390e-01 
6.201824e-01 5.116698e-07 2.898340e-01 
6.203930e-01 5.110897e-07 2.091270e-01 
6.218037e-01 5.202413e-07 2.110660e-01 
6.209036e-01 5.148241e-07 2.175140e-01 
6.198691e-01 5.144713e-07 2.090550e-01 
6.217405e-01 5.153867e-07 2.076480e-01 
6.201661e-01 5.108818e-07 2.053160e-01 
6.212936e-01 5.160572e-07 2.081740e-01 
6.211798e-01 5.145228e-07 2.113970e-01 
6.202113e-01 5.139485e-07 2.051870e-01 
6.215138e-01 5.151414e-07 2.051460e-01 
6.216370e-01 5.184990e-07 2.085770e-01 
6.206672e-01 5.154760e-07 2.072830e-01 
6.219266e-01 5.185358e-07 2.064720e-01 
6.204506e-01 5.165655e-07 2.126210e-01 
6.200328e-01 5.132675e-07 2.040480e-01 
6.209126e-01 5.180967e-07 2.055770e-01 
6.213321e-01 5.165185e-07 2.153750e-01 
6.205343e-01 5.157546e-07 2.069950e-01 
6.202857e-01 5.155395e-07 2.085920e-01 
6.216920e-01 5.166754e-07 2.066050e-01 
6.201729e-01 5.138460e-07 2.042760e-01 
6.212874e-01 5.151715e-07 2.124250e-01 
6.215848e-01 5.190186e-07 2.055490e-01 
6.208721e-01 5.154242e-07 2.145000e-01 
6.208504e-01 5.174183e-07 2.069560e-01 
6.202825e-01 5.154140e-07 2.078930e-01 
6.201637e-01 5.154783e-07 2.106610e-01 
6.207421e-01 5.170903e-07 2.068070e-01 
6.208783e-01 5.148816e-07 2.059370e-01 
6.219614e-01 5.197221e-07 2.048760e-01 
6.217672e-01 5.171371e-07 2.077420e-01 
6.197314e-01 5.163507e-07 2.115050e-01 
6.204511e-01 5.157807e-07 2.062800e-01 
6.209413e-01 5.162984e-07 2.060070e-01 
6.206648e-01 5.145704e-07 2.042160e-01 
6.221001e-01 5.189956e-07 2.124620e-01 
6.215943e-01 5.173963e-07 2.074760e-01 
6.195322e-01 5.124467e-07 2.147120e-01 
6.205370e-01 5.142668e-07 2.151480e-01 
6.211614e-01 5.201769e-07 2.068130e-01 
6.217434e-01 5.184017e-07 2.118580e-01 
6.198073e-01 5.138332e-07 2.042410e-01 
6.208308e-01 5.138755e-07 2.051620e-01 
6.214244e-01 5.148221e-07 2.054850e-01 
6.212950e-01 5.182844e-07 2.033900e-01 
6.207218e-01 5.125981e-07 2.139620e-01 
6.205693e-01 5.172859e-07 2.219920e-01 
6.203056e-01 5.143316e-07 2.851510e-01 
6.197615e-01 5.130153e-07 2.071700e-01 
6.201928e-01 5.163506e-07 2.123450e-01 
6.201889e-01 5.134435e-07 2.074640e-01 
6.198793e-01 5.153800e-07 2.066310e-01 
6.200279e-01 5.174019e-07 2.056270e-01 
6.214980e-01 5.159742e-07 2.031610e-01 
6.214435e-01 5.192800e-07 2.108190e-01 
6.199906e-01 5.130613e-07 2.042480e-01 
6.208873e-01 5.147097e-07 2.079840e-01 
6.204568e-01 5.172648e-07 2.048620e-01 
6.201327e-01 5.136255e-07 2.065710e-01 
6.211354e-01 5.194489e-07 2.117870e-01 
6.211868e-01 5.175673e-07 2.045790e-01 
6.210586e-01 5.147339e-07 2.179780e-01 
6.211661e-01 5.170515e-07 2.068750e-01 
6.201725e-01 5.176646e-07 2.072480e-01 
6.193197e-01 5.131660e-07 2.121170e-01 
6.209867e-01 5.181381e-07 2.045670e-01 
6.194501e-01 5.096487e-07 2.039760e-01 
6.205931e-01 5.160534e-07 2.049450e-01 
6.212036e-01 5.180528e-07 2.077100e-01 
6.214900e-01 5.175746e-07 2.115260e-01 
6.208203e-01 5.171508e-07 2.124400e-01 
6.208671e-01 5.147364e-07 2.137550e-01 
6.198411e-01 5.152478e-07 2.038200e-01 
6.207611e-01 5.168553e-07 2.077070e-01 
6.203286e-01 5.145939e-07 2.047110e-01 
6.207065e-01 5.127532e-07 2.061780e-01 
6.203688e-01 5.179462e-07 2.041790e-01 
6.206909e-01 5.145465e-07 2.057860e-01 
6.204093e-01 5.143966e-07 2.103430e-01 
6.202965e-01 5.116817e-07 2.032790e-01 
6.195734e-01 5.110998e-07 2.467040e-01 
6.196489e-01 5.111025e-07 2.045400e-01 
6.194675e-01 5.134692e-07 2.059000e-01 
6.197223e-01 5.180220e-07 2.121850e-01 
6.204929e-01 5.169035e-07 2.156780e-01 
6.200860e-01 5.147821e-07 2.128060e-01 
6.215932e-01 5.190182e-07 2.304100e-01 
6.189763e-01 5.112190e-07 2.245720e-01 
6.197930e-01 5.109064e-07 2.076450e-01 
6.209449e-01 5.176432e-07 2.065010e-01 
6.196775e-01 5.134113e-07 2.415800e-01 
6.198759e-01 5.124698e-07 2.035440e-01 
6.207475e-01 5.157990e-07 2.123230e-01 
6.206263e-01 5.187114e-07 2.051740e-01 
6.207484e-01 5.184313e-07 2.138310e-01 
6.185656e-01 5.135699e-07 2.099330e-01 
6.196975e-01 5.138697e-07 2.056910e-01 
6.200578e-01 5.151389e-07 2.093870e-01 
6.206893e-01 5.159783e-07 2.093970e-01 
6.210927e-01 5.192333e-07 2.050610e-01 
6.202272e-01 5.169998e-07 2.069180e-01 
6.212246e-01 5.186469e-07 2.079250e-01 
6.200857e-01 5.171527e-07 2.121190e-01 
6.213582e-01 5.171178e-07 2.076680e-01 
6.201304e-01 5.137526e-07 2.038000e-01 
6.198259e-01 5.138466e-07 2.038850e-01 
6.194377e-01 5.126403e-07 2.040240e-01 
6.206680e-01 5.176027e-07 2.120610e-01 
6.197869e-01 5.160006e-07 2.124000e-01 
6.199344e-01 5.131378e-07 2.039370e-01 
6.191990e-01 5.127290e-07 2.065180e-01 
6.208840e-01 5.163909e-07 2.123230e-01 
6.195799e-01 5.164567e-07 2.053960e-01 
6.192380e-01 5.125381e-07 2.114560e-01 
6.188925e-01 5.107796e-07 2.049540e-01 
6.208443e-01 5.197600e-07 2.044820e-01 
6.200339e-01 5.122769e-07 2.149540e-01 
6.187862e-01 5.095131e-07 2.046260e-01 
6.196404e-01 5.170655e-07 2.167970e-01 
6.198894e-01 5.181696e-07 2.065750e-01 
6.211125e-01 5.197589e-07 2.073560e-01 
6.194024e-01 5.153135e-07 2.118970e-01 
6.206284e-01 5.168904e-07 2.064490e-01 
6.200657e-01 5.159944e-07 2.066240e-01 
6.193163e-01 5.153502e-07 2.050210e-01 
6.203417e-01 5.173139e-07 2.065270e-01 
6.201495e-01 5.168018e-07 2.090020e-01 
6.203237e-01 5.170640e-07 2.039460e-01 
6.176633e-01 5.086262e-07 2.085740e-01 
6.203001e-01 5.203911e-07 2.044790e-01 
6.208255e-01 5.183441e-07 2.074870e-01 
6.195202e-01 5.157045e-07 2.109530e-01 
6.205412e-01 5.218697e-07 2.408320e-01 
6.192296e-01 5.121647e-07 2.150100e-01 
6.212686e-01 5.161747e-07 2.024110e-01 
6.199363e-01 5.175468e-07 2.138230e-01 
6.185823e-01 5.101520e-07 2.051110e-01 
6.198015e-01 5.136201e-07 2.045570e-01 
6.198067e-01 5.140534e-07 2.072390e-01 
6.192169e-01 5.078798e-07 2.121040e-01 
6.184660e-01 5.127339e-07 2.125660e-01 
6.199629e-01 5.183936e-07 2.107790e-01 
6.202325e-01 5.172723e-07 2.477920e-01 
6.197172e-01 5.150608e-07 2.070370e-01 
6.190533e-01 5.112845e-07 2.100440e-01 
6.194552e-01 5.143676e-07 2.104480e-01 
6.200559e-01 5.184366e-07 2.073890e-01 
6.191038e-01 5.122127e-07 2.050570e-01 
6.201598e-01 5.163148e-07 2.073390e-01 
6.186141e-01 5.118303e-07 2.148400e-01 
6.189192e-01 5.146735e-07 2.071150e-01 
6.190968e-01 5.146690e-07 2.069910e-01 
6.198480e-01 5.160836e-07 2.068850e-01 
6.200405e-01 5.177854e-07 2.041320e-01 
6.207724e-01 5.189504e-07 2.108750e-01 
6.186901e-01 5.127427e-07 2.043280e-01 
6.191881e-01 5.132465e-07 2.117550e-01 
6.205601e-01 5.169911e-07 2.134950e-01 
6.196300e-01 5.194028e-07 2.062050e-01 
6.194111e-01 5.156177e-07 2.110940e-01 
6.184921e-01 5.099889e-07 2.126890e-01 
6.194883e-01 5.165034e-07 2.067340e-01 
6.188326e-01 5.135825e-07 2.045510e-01 
6.208057e-01 5.171482e-07 2.064170e-01 
6.191236e-01 5.130273e-07 2.070850e-01 
6.188874e-01 5.130089e-07 2.139400e-01 
6.208689e-01 5.195159e-07 2.052150e-01 
6.203599e-01 5.191651e-07 2.054610e-01 
6.191841e-01 5.116996e-07 2.152440e-01 
6.186076e-01 5.147271e-07 2.046780e-01 
6.193754e-01 5.150030e-07 2.063150e-01 
6.190028e-01 5.164356e-07 2.054850e-01 
6.198106e-01 5.174149e-07 2.049750e-01 
6.198511e-01 5.147649e-07 2.128840e-01 
6.189616e-01 5.123557e-07 2.078710e-01 
6.198617e-01 5.159017e-07 2.045860e-01 
6.178983e-01 5.121762e-07 2.053470e-01 
6.189755e-01 5.143328e-07 2.032120e-01 
6.199650e-01 5.154343e-07 2.115350e-01 
6.197460e-01 5.186420e-07 2.059380e-01 
6.185254e-01 5.135238e-07 2.210030e-01 
6.188682e-01 5.164138e-07 2.057840e-01 
6.199175e-01 5.174069e-07 2.079490e-01 
6.183293e-01 5.111074e-07 2.113330e-01 
6.186014e-01 5.145673e-07 2.045520e-01 
6.191571e-01 5.140092e-07 2.097670e-01 
6.201237e-01 5.173227e-07 2.039180e-01 
6.186885e-01 5.094179e-07 2.064850e-01 
6.203988e-01 5.182751e-07 2.103050e-01 
6.189209e-01 5.147327e-07 2.143130e-01 
6.200267e-01 5.185868e-07 2.053500e-01 
6.187765e-01 5.152544e-07 2.063750e-01 
6.193488e-01 5.120652e-07 2.095960e-01 
6.198798e-01 5.152093e-07 2.039550e-01 
6.183447e-01 5.128102e-07 2.068150e-01 
6.189587e-01 5.153880e-07 2.063540e-01 
6.187256e-01 5.132776e-07 2.051380e-01 
6.185956e-01 5.140999e-07 2.104640e-01 
6.176947e-01 5.102730e-07 2.030750e-01 
6.178083e-01 5.111069e-07 2.081300e-01 
6.192168e-01 5.154048e-07 2.068530e-01 
6.189862e-01 5.142475e-07 2.041010e-01 
6.199485e-01 5.163383e-07 2.122180e-01 
6.196660e-01 5.168831e-07 2.055550e-01 
6.190826e-01 5.138606e-07 2.168520e-01 
6.172148e-01 5.095299e-07 2.049360e-01 
6.196738e-01 5.143936e-07 2.072520e-01 
6.191318e-01 5.160460e-07 2.127430e-01 
6.189762e-01 5.123565e-07 2.071180e-01 
6.179156e-01 5.114997e-07 2.041400e-01 
6.193290e-01 5.166148e-07 2.078580e-01 
6.204288e-01 5.173001e-07 2.083930e-01 
6.195412e-01 5.163942e-07 2.096670e-01 
6.187166e-01 5.132572e-07 2.114530e-01 
6.183947e-01 5.143879e-07 2.085400e-01 
6.182447e-01 5.153665e-07 2.046990e-01 
6.187294e-01 5.146398e-07 2.092750e-01 
6.192485e-01 5.158709e-07 2.049140e-01 
6.181306e-01 5.181360e-07 2.050970e-01 
6.187952e-01 5.146588e-07 2.019700e-01 
6.178902e-01 5.110868e-07 2.036910e-01 
6.194021e-01 5.166860e-07 2.110140e-01 
6.183681e-01 5.128791e-07 2.031380e-01 
6.187723e-01 5.148663e-07 2.095010e-01 
6.186215e-01 5.133026e-07 2.046280e-01 
6.178945e-01 5.102340e-07 2.043130e-01 
6.188815e-01 5.139879e-07 2.132390e-01 
6.188001e-01 5.147484e-07 2.033630e-01 
6.205466e-01 5.196108e-07 2.161030e-01 
6.178963e-01 5.122738e-07 2.056750e-01 
6.180887e-01 5.118898e-07 2.043840e-01 
6.189031e-01 5.143645e-07 2.104260e-01 
6.184656e-01 5.139643e-07 2.102330e-01 
6.185678e-01 5.097297e-07 2.061000e-01 
6.181888e-01 5.122057e-07 2.055820e-01 
6.202383e-01 5.178839e-07 2.070810e-01 
6.188846e-01 5.145811e-07 2.108350e-01 
6.186039e-01 5.141647e-07 2.092800e-01 
6.185725e-01 5.088879e-07 2.091630e-01 
6.180633e-01 5.115634e-07 2.053820e-01 
6.182662e-01 5.131031e-07 2.089730e-01 
6.187222e-01 5.134399e-07 2.046670e-01 
6.177510e-01 5.093348e-07 2.056760e-01 
6.200984e-01 5.223343e-07 2.046810e-01 
6.183583e-01 5.163839e-07 2.037200e-01 
6.194834e-01 5.192002e-07 2.127250e-01 
6.185236e-01 5.136508e-07 2.049790e-01 
6.192593e-01 5.164137e-07 2.078540e-01 
6.182961e-01 5.141288e-07 2.063650e-01 
6.177721e-01 5.126098e-07 2.064970e-01 
6.174103e-01 5.124076e-07 2.090420e-01 
6.188069e-01 5.160099e-07 2.056640e-01 
6.193093e-01 5.179340e-07 2.251870e-01 
6.190625e-01 5.155705e-07 2.493910e-01 
6.170855e-01 5.111230e-07 3.877590e-01 
6.188178e-01 5.177571e-07 3.507700e-01 
6.170664e-01 5.117610e-07 3.132170e-01 
6.179385e-01 5.139244e-07 2.195750e-01 
6.183548e-01 5.140004e-07 2.118230e-01 
6.190818e-01 5.161179e-07 2.104850e-01 
6.194147e-01 5.173527e-07 2.050340e-01 
6.192005e-01 5.122144e-07 2.057630e-01 
6.187895e-01 5.162262e-07 2.096890e-01 
6.177119e-01 5.152557e-07 2.052630e-01 
6.176271e-01 5.113879e-07 2.053110e-01 
6.177156e-01 5.103924e-07 2.065970e-01 
6.184530e-01 5.128583e-07 2.083580e-01 
6.183454e-01 5.144375e-07 2.091770e-01 
6.180418e-01 5.135532e-07 2.052240e-01 
6.180315e-01 5.145880e-07 2.048990e-01 
6.180261e-01 5.140491e-07 2.063180e-01 
6.186864e-01 5.158075e-07 2.124840e-01 
6.164283e-01 5.083857e-07 2.050760e-01 
6.177053e-01 5.130385e-07 2.200460e-01 
6.188482e-01 5.146007e-07 2.097790e-01 
6.168781e-01 5.127741e-07 2.062950e-01 
6.184713e-01 5.143460e-07 2.137100e-01 
6.180632e-01 5.133173e-07 2.052180e-01 
6.176852e-01 5.120364e-07 2.073860e-01 
6.184147e-01 5.159013e-07 2.045250e-01 
6.197028e-01 5.178481e-07 2.034580e-01 
6.186582e-01 5.143574e-07 2.121290e-01 
6.191323e-01 5.155941e-07 2.049600e-01 
6.181907e-01 5.143877e-07 2.149700e-01 
6.191735e-01 5.154566e-07 2.067150e-01 
6.174367e-01 5.106170e-07 2.064780e-01 
6.189845e-01 5.144591e-07 2.112050e-01 
6.190700e-01 5.180233e-07 2.053540e-01 
6.179594e-01 5.131357e-07 2.033530e-01 
6.177825e-01 5.156989e-07 2.055260e-01 
6.179990e-01 5.141220e-07 2.087280e-01 
6.168199e-01 5.133601e-07 2.081550e-01 
6.182034e-01 5.136281e-07 2.034040e-01 
6.191306e-01 5.134726e-07 2.022150e-01 
6.185976e-01 5.164276e-07 2.045990e-01 
6.181022e-01 5.114772e-07 2.178740e-01 
6.187931e-01 5.161397e-07 2.063250e-01 
6.176905e-01 5.120627e-07 2.120490e-01 
6.180913e-01 5.133362e-07 2.138460e-01 
6.181291e-01 5.135015e-07 2.100890e-01 
6.182334e-01 5.134896e-07 2.097120e-01 
6.183406e-01 5.136741e-07 2.069570e-01 
6.188579e-01 5.177037e-07 2.092780e-01 
6.171524e-01 5.089102e-07 2.065130e-01 
6.168846e-01 5.121200e-07 2.056610e-01 
6.177582e-01 5.141706e-07 2.076490e-01 
6.174592e-01 5.135788e-07 2.073440e-01 
6.187729e-01 5.125927e-07 2.127680e-01 
6.172308e-01 5.127319e-07 2.035090e-01 
6.175938e-01 5.127207e-07 2.058140e-01 
6.186104e-01 5.126644e-07 2.116810e-01 
6.176515e-01 5.123724e-07 2.041880e-01 
6.185830e-01 5.153988e-07 2.040290e-01 
6.168765e-01 5.092506e-07 2.054260e-01 
6.184484e-01 5.184899e-07 2.075610e-01 
6.177667e-01 5.142655e-07 2.105200e-01 
6.180458e-01 5.106647e-07 2.067880e-01 
6.168994e-01 5.145287e-07 2.049040e-01 
6.187935e-01 5.157348e-07 2.037210e-01 
6.182736e-01 5.119639e-07 2.116430e-01 
6.172408e-01 5.133110e-07 2.068370e-01 
6.178622e-01 5.125862e-07 2.230570e-01 
6.177732e-01 5.134122e-07 2.063410e-01 
6.185864e-01 5.162833e-07 2.053050e-01 
6.179471e-01 5.139828e-07 2.140660e-01 
6.177201e-01 5.128427e-07 2.089040e-01 
6.170379e-01 5.134558e-07 2.068770e-01 
6.179781e-01 5.111562e-07 2.049860e-01 
6.175885e-01 5.109906e-07 2.075920e-01 
6.191106e-01 5.150522e-07 2.144130e-01 
6.165479e-01 5.090482e-07 2.113040e-01 
6.172118e-01 5.136110e-07 2.161360e-01 
6.186191e-01 5.123772e-07 2.075210e-01 
6.187051e-01 5.147955e-07 2.071350e-01 
6.168234e-01 5.094300e-07 2.152500e-01 
6.189085e-01 5.136944e-07 2.050450e-01 
6.168133e-01 5.109919e-07 2.059260e-01 
6.167288e-01 5.111097e-07 2.059310e-01 
6.179408e-01 5.131368e-07 2.058950e-01 
6.169397e-01 5.134175e-07 2.074950e-01 
6.175901e-01 5.106096e-07 3.220860e-01 
6.177349e-01 5.146918e-07 3.231360e-01 
6.173900e-01 5.138372e-07 3.304070e-01 
6.182226e-01 5.136575e-07 3.635770e-01 
6.182764e-01 5.121537e-07 3.228360e-01 
6.172644e-01 5.132107e-07 3.275630e-01 
6.180569e-01 5.142235e-07 3.301720e-01 
6.174919e-01 5.131967e-07 3.267850e-01 
6.178408e-01 5.136467e-07 3.356540e-01 
6.176034e-01 5.128050e-07 3.529120e-01 
6.172627e-01 5.103357e-07 3.293180e-01 
6.175881e-01 5.123105e-07 3.290500e-01 
6.188455e-01 5.175636e-07 3.393860e-01 
6.181357e-01 5.166015e-07 3.261380e-01 
6.169467e-01 5.110047e-07 3.330000e-01 
6.183421e-01 5.190807e-07 3.240450e-01 
6.171334e-01 5.112799e-07 3.221150e-01 
6.166112e-01 5.106163e-07 3.338510e-01 
6.173045e-01 5.101673e-07 3.404320e-01 
6.175485e-01 5.121823e-07 3.384700e-01 
6.173301e-01 5.132166e-07 3.273700e-01 
6.174289e-01 5.128334e-07 3.246760e-01 
6.166467e-01 5.098604e-07 3.286650e-01 
6.168016e-01 5.127281e-07 3.316630e-01 
6.172109e-01 5.141919e-07 3.342050e-01 
6.180333e-01 5.169473e-07 3.266570e-01 
6.169012e-01 5.113408e-07 3.334060e-01 
6.182385e-01 5.149430e-07 3.245630e-01 
6.186947e-01 5.167484e-07 3.217670e-01 
6.169990e-01 5.121066e-07 3.283010e-01 
6.172848e-01 5.152250e-07 3.265750e-01 
6.176427e-01 5.147615e-07 3.261460e-01 
6.177818e-01 5.121333e-07 3.361350e-01 
6.171805e-01 5.132877e-07 3.324370e-01 
6.191032e-01 5.173803e-07 3.635940e-01 
6.163552e-01 5.100300e-07 3.315600e-01 
6.179074e-01 5.143385e-07 3.769640e-01 
6.176748e-01 5.150575e-07 3.259300e-01 
6.183897e-01 5.148733e-07 3.689860e-01 
6.171933e-01 5.091378e-07 3.331820e-01 
6.167464e-01 5.124781e-07 3.298560e-01 
6.181649e-01 5.141660e-07 3.306030e-01 
6.174652e-01 5.127772e-07 3.227420e-01 
6.161434e-01 5.075535e-07 3.233850e-01 
6.168311e-01 5.114003e-07 3.360890e-01 
6.171361e-01 5.098287e-07 3.240350e-01 
6.173232e-01 5.123757e-07 3.230830e-01 
6.169371e-01 5.127647e-07 3.352880e-01 
6.181481e-01 5.177492e-07 3.914410e-01 
6.176464e-01 5.146910e-07 3.426370e-01 
6.172672e-01 5.155369e-07 3.315610e-01 
6.178035e-01 5.164380e-07 3.273890e-01 
6.186620e-01 5.172933e-07 3.261910e-01 
6.176058e-01 5.160824e-07 3.320540e-01 
6.176190e-01 5.139264e-07 3.355530e-01 
6.178277e-01 5.159704e-07 3.255140e-01 
6.167552e-01 5.109023e-07 3.345850e-01 
6.150415e-01 5.103545e-07 3.261450e-01 
6.179652e-01 5.155330e-07 3.278250e-01 
6.175202e-01 5.172539e-07 3.290780e-01 
6.165875e-01 5.117878e-07 3.282830e-01 
6.170130e-01 5.126195e-07 3.269580e-01 
6.160782e-01 5.083837e-07 3.339720e-01 
6.182262e-01 5.174388e-07 3.340080e-01 
6.161991e-01 5.089133e-07 3.220460e-01 
6.167688e-01 5.130289e-07 3.303380e-01 
6.192083e-01 5.196636e-07 3.258470e-01 
6.155409e-01 5.085943e-07 3.272020e-01 
6.163919e-01 5.112413e-07 3.344180e-01 
6.161413e-01 5.103732e-07 3.437280e-01 
6.165557e-01 5.101130e-07 3.233240e-01 
6.167653e-01 5.098668e-07 3.266500e-01 
6.178984e-01 5.172269e-07 3.257480e-01 
6.170077e-01 5.163341e-07 3.273330e-01 
6.173580e-01 5.144327e-07 3.296560e-01 
6.160041e-01 5.096518e-07 3.247140e-01 
6.174233e-01 5.164494e-07 3.272020e-01 
6.174046e-01 5.125082e-07 3.343250e-01 
6.166923e-01 5.111217e-07 3.315460e-01 
6.173533e-01 5.123384e-07 3.203150e-01 
6.174869e-01 5.155654e-07 3.335110e-01 
6.171451e-01 5.173387e-07 3.239250e-01 
6.174236e-01 5.136554e-07 3.252480e-01 
6.176791e-01 5.115774e-07 3.311270e-01 
6.163928e-01 5.140137e-07 3.327430e-01 
6.164492e-01 5.113004e-07 3.240760e-01 
6.173970e-01 5.116160e-07 3.268270e-01 
6.178363e-01 5.143427e-07 3.266210e-01 
6.171480e-01 5.122207e-07 3.256130e-01 
6.182951e-01 5.178438e-07 3.299170e-01 
6.167271e-01 5.074481e-07 3.269360e-01 
6.176297e-01 5.138786e-07 3.236590e-01 
6.176954e-01 5.109997e-07 3.298690e-01 
6.166340e-01 5.111701e-07 3.282230e-01 
6.174185e-01 5.118648e-07 3.289240e-01 
6.167103e-01 5.133174e-07 3.378910e-01 
6.165763e-01 5.090334e-07 3.234310e-01 
6.170461e-01 5.125334e-07 3.217360e-01 
6.162459e-01 5.075033e-07 3.303920e-01 
6.165071e-01 5.133059e-07 3.278670e-01 
6.172401e-01 5.132526e-07 3.289220e-01 
6.164034e-01 5.114014e-07 3.371520e-01 
6.171059e-01 5.160368e-07 3.263130e-01 
6.177392e-01 5.128061e-07 3.250700e-01 
6.169125e-01 5.130406e-07 3.280380e-01 
6.179301e-01 5.148963e-07 3.235460e-01 
6.171294e-01 5.131296e-07 3.445830e-01 
6.175603e-01 5.143806e-07 3.331030e-01 
6.171609e-01 5.128415e-07 3.255100e-01 
6.165912e-01 5.131603e-07 3.388850e-01 
6.165104e-01 5.133841e-07 3.329760e-01 
6.170015e-01 5.141141e-07 3.259180e-01 
6.178268e-01 5.148059e-07 3.271430e-01 
6.170601e-01 5.146347e-07 3.308260e-01 
6.161605e-01 5.087494e-07 3.356300e-01 
6.169581e-01 5.098107e-07 3.329360e-01 
6.172926e-01 5.185020e-07 3.354210e-01 
6.164590e-01 5.117922e-07 3.264250e-01 
6.175592e-01 5.160323e-07 3.252910e-01 
6.165519e-01 5.123951e-07 3.266280e-01 
6.165657e-01 5.118345e-07 3.306080e-01 
6.177686e-01 5.182205e-07 3.246110e-01 
6.166711e-01 5.134894e-07 3.313460e-01 
6.163324e-01 5.121889e-07 3.262970e-01 
6.186142e-01 5.171999e-07 3.298800e-01 
6.171815e-01 5.150445e-07 3.304240e-01 
6.168361e-01 5.105955e-07 3.329340e-01 
6.160528e-01 5.088580e-07 3.267050e-01 
6.167996e-01 5.162235e-07 3.280350e-01 
6.174245e-01 5.128870e-07 3.305770e-01 
6.180667e-01 5.166726e-07 3.314740e-01 
6.163530e-01 5.134530e-07 3.226010e-01 
6.156472e-01 5.098735e-07 3.328320e-01 
6.176697e-01 5.145712e-07 3.204130e-01 
6.172339e-01 5.147882e-07 3.248700e-01 
6.174592e-01 5.155157e-07 3.325390e-01 
6.175149e-01 5.135309e-07 3.215750e-01 
6.162427e-01 5.121337e-07 3.276970e-01 
6.177224e-01 5.151259e-07 3.379220e-01 
6.166563e-01 5.096470e-07 3.785190e-01 
6.174336e-01 5.151594e-07 3.273310e-01 
6.164358e-01 5.126631e-07 3.326280e-01 
6.177768e-01 5.154061e-07 3.254810e-01 
6.157175e-01 5.097433e-07 3.266500e-01 
6.181192e-01 5.183908e-07 3.331970e-01 
6.172997e-01 5.144949e-07 3.515960e-01 
6.177406e-01 5.154358e-07 3.243610e-01 
6.159366e-01 5.125808e-07 3.336650e-01 
6.167248e-01 5.127299e-07 3.267830e-01 
6.148606e-01 5.069931e-07 3.281230e-01 
6.167150e-01 5.087880e-07 3.316320e-01 
6.168817e-01 5.118691e-07 3.258920e-01 
6.161040e-01 5.114575e-07 3.823250e-01 
6.165626e-01 5.121446e-07 3.291070e-01 
6.159474e-01 5.076467e-07 3.314420e-01 
6.167379e-01 5.116605e-07 3.276800e-01 
6.168621e-01 5.125024e-07 3.222920e-01 
6.165613e-01 5.124945e-07 3.239640e-01 
6.167829e-01 5.102743e-07 3.302460e-01 
6.165278e-01 5.123059e-07 3.299460e-01 
6.182210e-01 5.171663e-07 3.340270e-01 
6.155187e-01 5.095930e-07 3.293620e-01 
6.172734e-01 5.147350e-07 3.336370e-01 
6.171878e-01 5.155423e-07 3.445340e-01 
6.161814e-01 5.111546e-07 3.450210e-01 
6.163034e-01 5.128797e-07 3.605580e-01 
6.162820e-01 5.127820e-07 3.236710e-01 
6.167544e-01 5.113374e-07 3.722410e-01 
6.162272e-01 5.076174e-07 3.335040e-01 
6.146700e-01 5.086751e-07 3.323760e-01 
6.162888e-01 5.136897e-07 3.322950e-01 
6.169090e-01 5.133185e-07 3.295760e-01 
6.163685e-01 5.108588e-07 3.296970e-01 
6.161608e-01 5.156020e-07 3.289720e-01 
6.170770e-01 5.123891e-07 3.462800e-01 
6.163821e-01 5.114556e-07 3.306020e-01 
6.172044e-01 5.150597e-07 3.306790e-01 
6.170580e-01 5.129281e-07 3.305760e-01 
6.166095e-01 5.112876e-07 3.245070e-01 
6.173552e-01 5.157107e-07 3.316700e-01 
6.161204e-01 5.099464e-07 3.293940e-01 
6.150876e-01 5.080984e-07 3.237520e-01 
6.161875e-01 5.123419e-07 3.348290e-01 
6.159620e-01 5.116742e-07 3.320520e-01 
6.179116e-01 5.167943e-07 3.307630e-01 
6.158385e-01 5.094472e-07 3.295450e-01 
6.175194e-01 5.166281e-07 3.300840e-01 
6.166197e-01 5.118881e-07 3.280940e-01 
6.169816e-01 5.141685e-07 3.369950e-01 
6.161317e-01 5.119847e-07 3.331600e-01 
6.157427e-01 5.109941e-07 3.330290e-01 
6.174682e-01 5.170848e-07 3.370430e-01 
6.148011e-01 5.101946e-07 3.286460e-01 
6.187237e-01 5.174906e-07 3.271900e-01 
6.178348e-01 5.148252e-07 3.298980e-01 
6.184090e-01 5.202198e-07 3.315550e-01 
6.153007e-01 5.087724e-07 3.264820e-01 
6.168819e-01 5.111026e-07 3.310100e-01 
6.156182e-01 5.105127e-07 3.328550e-01 
6.164285e-01 5.129386e-07 3.454880e-01 
6.162350e-01 5.141497e-07 3.335450e-01 
6.181984e-01 5.188012e-07 3.326480e-01 
6.168589e-01 5.135217e-07 3.252810e-01 
6.176162e-01 5.159659e-07 3.353350e-01 
6.177889e-01 5.162076e-07 3.339440e-01 
6.156820e-01 5.116728e-07 3.301850e-01 
6.175894e-01 5.131532e-07 3.313380e-01 
6.169359e-01 5.111882e-07 3.236880e-01 
6.160687e-01 5.105177e-07 3.227100e-01 
6.161734e-01 5.109502e-07 3.334340e-01 
6.164381e-01 5.123445e-07 3.317830e-01 
6.166831e-01 5.129183e-07 3.259160e-01 
6.147237e-01 5.071544e-07 3.300150e-01 
6.160622e-01 5.111742e-07 3.247870e-01 
6.162125e-01 5.112373e-07 3.287940e-01 
6.160163e-01 5.109655e-07 3.299120e-01 
6.164614e-01 5.128755e-07 3.264230e-01 
6.160029e-01 5.118767e-07 3.309970e-01 
6.158151e-01 5.123594e-07 3.262400e-01 
6.161266e-01 5.111741e-07 3.317070e-01 
6.170544e-01 5.161481e-07 3.312710e-01 
6.175526e-01 5.156366e-07 3.268360e-01 
6.162460e-01 5.091933e-07 3.293150e-01 
6.169815e-01 5.132605e-07 3.231350e-01 
6.160469e-01 5.109794e-07 3.272240e-01 
6.151736e-01 5.090382e-07 3.300280e-01 
6.153676e-01 5.094483e-07 3.214330e-01 
6.160549e-01 5.146483e-07 3.270430e-01 
6.158114e-01 5.110348e-07 3.333150e-01 
6.165258e-01 5.114223e-07 3.360990e-01 
6.161541e-01 5.109959e-07 3.326090e-01 
6.168980e-01 5.157059e-07 3.360330e-01 
6.162405e-01 5.140218e-07 3.272270e-01 
6.161852e-01 5.119436e-07 3.300790e-01 
6.155628e-01 5.111712e-07 3.292260e-01 
6.165720e-01 5.139097e-07 3.333220e-01 
6.152078e-01 5.085988e-07 3.315220e-01 
6.165503e-01 5.149749e-07 3.311580e-01 
6.173074e-01 5.154994e-07 3.261860e-01 
6.162133e-01 5.113669e-07 3.366120e-01 
6.159964e-01 5.089018e-07 3.285500e-01 
6.151213e-01 5.104688e-07 3.333040e-01 
6.157338e-01 5.130091e-07 3.277710e-01 
6.176418e-01 5.174572e-07 3.288440e-01 
6.163115e-01 5.123893e-07 3.336270e-01 
6.155559e-01 5.095540e-07 3.373530e-01 
6.167848e-01 5.120587e-07 3.315440e-01 
6.166812e-01 5.146522e-07 3.292360e-01 
6.168411e-01 5.137584e-07 3.246020e-01 
6.174270e-01 5.128405e-07 3.342430e-01 
6.171302e-01 5.132922e-07 3.300540e-01 
6.172445e-01 5.140710e-07 3.286350e-01 
6.153600e-01 5.117931e-07 3.343470e-01 
6.151572e-01 5.096433e-07 3.221240e-01 
6.163489e-01 5.141183e-07 3.725860e-01 
6.159067e-01 5.120425e-07 3.333590e-01 
6.161641e-01 5.145352e-07 3.264330e-01 
6.170452e-01 5.146250e-07 3.260570e-01 
6.175409e-01 5.164006e-07 3.297170e-01 
6.156075e-01 5.068995e-07 3.433550e-01 
6.164233e-01 5.128177e-07 3.294790e-01 
6.164260e-01 5.089573e-07 3.269690e-01 
6.168757e-01 5.146308e-07 3.251080e-01 
6.166507e-01 5.147633e-07 3.282830e-01 
6.161554e-01 5.107742e-07 3.245810e-01 
6.154805e-01 5.069631e-07 3.386500e-01 
6.164419e-01 5.095567e-07 3.263000e-01 
6.161956e-01 5.128964e-07 3.256110e-01 
6.164742e-01 5.158815e-07 3.234920e-01 
6.167979e-01 5.112909e-07 3.210700e-01 
6.151691e-01 5.081555e-07 3.357000e-01 
6.156057e-01 5.133637e-07 3.222160e-01 
6.163314e-01 5.167596e-07 3.234550e-01 
6.168342e-01 5.141137e-07 3.336030e-01 
6.155109e-01 5.128886e-07 3.314840e-01 
6.169308e-01 5.124514e-07 3.260290e-01 
6.160301e-01 5.127329e-07 3.291110e-01 
6.154788e-01 5.125128e-07 3.253880e-01 
6.168193e-01 5.145074e-07 3.264030e-01 
6.173157e-01 5.154473e-07 3.343930e-01 
6.159323e-01 5.135765e-07 3.312560e-01 
6.158859e-01 5.101529e-07 3.256160e-01 
6.172337e-01 5.144193e-07 3.352130e-01 
6.164706e-01 5.145907e-07 3.229210e-01 
6.165334e-01 5.129291e-07 3.245930e-01 
6.141030e-01 5.066307e-07 3.258160e-01 
6.167241e-01 5.160606e-07 3.274460e-01 
6.162453e-01 5.106242e-07 3.198040e-01 
6.161125e-01 5.121662e-07 3.390550e-01 
6.163761e-01 5.153154e-07 3.445250e-01 
6.155142e-01 5.118439e-07 3.333510e-01 
6.143006e-01 5.092225e-07 3.325130e-01 
6.156603e-01 5.126162e-07 3.270050e-01 
6.161188e-01 5.135637e-07 3.280370e-01 
6.174038e-01 5.167930e-07 3.295720e-01 
6.165845e-01 5.141570e-07 3.290510e-01 
6.150260e-01 5.092818e-07 3.609880e-01 
6.172166e-01 5.155741e-07 3.317800e-01 
6.171070e-01 5.164584e-07 3.252130e-01 
6.151672e-01 5.125123e-07 3.265320e-01 
6.154006e-01 5.087305e-07 3.374680e-01 
6.166413e-01 5.164095e-07 3.269790e-01 
6.162581e-01 5.143898e-07 3.221320e-01 
6.156516e-01 5.125224e-07 3.302290e-01 
6.161272e-01 5.135180e-07 3.326380e-01 
6.165788e-01 5.101673e-07 3.248990e-01 
6.157157e-01 5.149272e-07 3.282150e-01 
6.167863e-01 5.138293e-07 3.279150e-01 
6.160693e-01 5.113200e-07 3.222960e-01 
6.160040e-01 5.091324e-07 3.361990e-01 
6.159310e-01 5.107212e-07 3.273180e-01 
6.152268e-01 5.086293e-07 3.301380e-01 
6.161677e-01 5.131000e-07 3.310880e-01 
6.143682e-01 5.074135e-07 3.271040e-01 
6.166808e-01 5.119918e-07 3.270180e-01 
6.157720e-01 5.127069e-07 3.343970e-01 
6.154620e-01 5.115192e-07 3.258570e-01 
6.164321e-01 5.121949e-07 3.269240e-01 
6.147483e-01 5.084132e-07 3.313460e-01 
6.144905e-01 5.081447e-07 3.354080e-01 
6.163202e-01 5.143430e-07 3.295000e-01 
6.172116e-01 5.157647e-07 3.419250e-01 
6.155162e-01 5.098817e-07 3.227690e-01 
6.165628e-01 5.158640e-07 3.338240e-01 
6.169429e-01 5.163153e-07 3.438000e-01 
6.159263e-01 5.144915e-07 3.280490e-01 
6.163113e-01 5.151455e-07 3.264790e-01 
6.153839e-01 5.125099e-07 3.307830e-01 
6.149854e-01 5.074432e-07 3.247110e-01 
6.156379e-01 5.140755e-07 3.249700e-01 
6.160693e-01 5.142029e-07 3.301490e-01 
6.150727e-01 5.094923e-07 3.222090e-01 
6.154937e-01 5.143636e-07 3.210240e-01 
6.164117e-01 5.138423e-07 3.594090e-01 
6.146749e-01 5.071129e-07 3.249010e-01 
6.161545e-01 5.105734e-07 3.248550e-01 
6.175817e-01 5.157336e-07 3.266680e-01 
6.157897e-01 5.137427e-07 3.262490e-01 
6.171079e-01 5.134108e-07 3.229150e-01 
6.153851e-01 5.115979e-07 3.229490e-01 
6.159784e-01 5.142487e-07 3.270290e-01 
6.169362e-01 5.173224e-07 3.349860e-01 
6.155992e-01 5.137113e-07 3.285090e-01 
6.155393e-01 5.108273e-07 3.271370e-01 
6.152118e-01 5.117251e-07 3.220720e-01 
6.165511e-01 5.137978e-07 3.256340e-01 
6.162749e-01 5.168924e-07 3.293060e-01 
6.153790e-01 5.110888e-07 3.265260e-01 
6.155810e-01 5.120456e-07 3.317750e-01 
6.166658e-01 5.168162e-07 3.293380e-01 
6.163604e-01 5.113782e-07 3.417600e-01 
6.149441e-01 5.097163e-07 3.303120e-01 
6.156073e-01 5.104149e-07 3.265880e-01 
6.151604e-01 5.102912e-07 3.238640e-01 
6.167049e-01 5.167312e-07 3.291720e-01 
6.172317e-01 5.141258e-07 3.313040e-01 
6.154961e-01 5.109947e-07 3.331250e-01 
6.153675e-01 5.140441e-07 3.235660e-01 
6.155853e-01 5.127063e-07 3.262720e-01 
6.167260e-01 5.153849e-07 3.270860e-01 
6.157396e-01 5.114352e-07 3.235980e-01 
6.150745e-01 5.125376e-07 3.680530e-01 
6.150861e-01 5.065791e-07 3.246830e-01 
6.159231e-01 5.106616e-07 3.263010e-01 
6.144180e-01 5.071014e-07 3.265470e-01 
6.160434e-01 5.115766e-07 3.317390e-01 
6.164236e-01 5.132755e-07 3.267610e-01 
6.162905e-01 5.140550e-07 3.278260e-01 
6.158499e-01 5.090091e-07 3.253230e-01 
6.150422e-01 5.101317e-07 3.215490e-01 
6.156564e-01 5.108215e-07 3.299010e-01 
6.145831e-01 5.073836e-07 3.335000e-01 
6.162348e-01 5.158279e-07 3.301190e-01 
6.164752e-01 5.170036e-07 3.318330e-01 
6.163121e-01 5.142025e-07 3.268480e-01 
6.159977e-01 5.122331e-07 3.272780e-01 
6.161124e-01 5.128817e-07 3.282080e-01 
6.170278e-01 5.144590e-07 3.274200e-01 
6.154242e-01 5.141381e-07 3.251520e-01 
6.154385e-01 5.128177e-07 3.329000e-01 
6.166746e-01 5.122057e-07 3.356670e-01 
6.157351e-01 5.145234e-07 3.270660e-01 
6.156202e-01 5.106519e-07 3.322870e-01 
6.166093e-01 5.143513e-07 3.265850e-01 
6.168726e-01 5.146796e-07 3.270930e-01 
6.153870e-01 5.111728e-07 3.336880e-01 
6.163926e-01 5.147920e-07 3.401850e-01 
6.140785e-01 5.108024e-07 3.207430e-01 
6.152951e-01 5.083835e-07 3.260370e-01 
6.152594e-01 5.115390e-07 3.241090e-01 
6.156713e-01 5.122720e-07 3.230220e-01 
6.163777e-01 5.128274e-07 3.285170e-01 
6.160975e-01 5.124533e-07 3.273170e-01 
6.150998e-01 5.113172e-07 3.239300e-01 
6.157095e-01 5.103119e-07 3.285570e-01 
6.158205e-01 5.139498e-07 3.346840e-01 
6.143940e-01 5.083084e-07 3.247730e-01 
6.160646e-01 5.161959e-07 3.343770e-01 
6.148684e-01 5.131249e-07 3.271090e-01 
6.159863e-01 5.143096e-07 3.452840e-01 
6.170859e-01 5.159809e-07 3.328660e-01 
6.163924e-01 5.141828e-07 3.391440e-01 
6.155995e-01 5.125459e-07 3.301420e-01 
6.152559e-01 5.114448e-07 3.361040e-01 
6.155011e-01 5.105870e-07 3.283090e-01 
6.150907e-01 5.095590e-07 3.287080e-01 
6.148852e-01 5.094025e-07 3.389580e-01 
6.161454e-01 5.137319e-07 3.273000e-01 
6.148988e-01 5.106603e-07 3.294800e-01 
6.154484e-01 5.106735e-07 3.324710e-01 
6.164272e-01 5.158060e-07 3.651280e-01 
6.172129e-01 5.162244e-07 3.489400e-01 
6.164811e-01 5.168279e-07 3.397520e-01 
6.149678e-01 5.122267e-07 3.228840e-01 
6.145420e-01 5.101182e-07 3.264980e-01 
6.163012e-01 5.129977e-07 3.308360e-01 
6.158295e-01 5.137860e-07 3.381100e-01 
6.153364e-01 5.122428e-07 3.285140e-01 
6.165133e-01 5.143998e-07 3.338880e-01 
6.165104e-01 5.156828e-07 3.278930e-01 
6.143064e-01 5.082229e-07 3.271440e-01 
6.155344e-01 5.118599e-07 3.326340e-01 
6.158373e-01 5.125989e-07 3.233060e-01 
6.149305e-01 5.102770e-07 3.267810e-01 
6.149142e-01 5.086491e-07 3.312140e-01 
6.146437e-01 5.079034e-07 3.280070e-01 
6.156500e-01 5.127094e-07 3.266130e-01 
6.161520e-01 5.143445e-07 3.372850e-01 
6.153713e-01 5.122269e-07 3.276580e-01 
6.151723e-01 5.102170e-07 3.238770e-01 
6.153335e-01 5.126521e-07 3.310430e-01 
6.153172e-01 5.143501e-07 3.345330e-01 
6.158439e-01 5.136296e-07 3.300850e-01 
6.157688e-01 5.142258e-07 3.326790e-01 
6.150906e-01 5.134408e-07 3.244320e-01 
6.162225e-01 5.133533e-07 3.263210e-01 
6.151734e-01 5.127059e-07 3.315070e-01 
6.156411e-01 5.094645e-07 3.273930e-01 
6.166557e-01 5.169620e-07 3.256760e-01 
6.156184e-01 5.132028e-07 3.351620e-01 
6.155942e-01 5.147448e-07 3.387430e-01 
6.160132e-01 5.151377e-07 3.342100e-01 
6.158724e-01 5.130049e-07 3.358720e-01 
6.161267e-01 5.133872e-07 3.287360e-01 
6.151494e-01 5.146434e-07 3.280380e-01 
6.151998e-01 5.107236e-07 3.328980e-01 
6.161875e-01 5.138073e-07 3.320430e-01 
6.157689e-01 5.135505e-07 3.310010e-01 
6.155872e-01 5.160588e-07 3.329110e-01 
6.153860e-01 5.138164e-07 3.297670e-01 
6.144339e-01 5.103190e-07 3.279190e-01 
6.153895e-01 5.115820e-07 3.389260e-01 
6.143672e-01 5.067389e-07 3.299190e-01 
6.148118e-01 5.091549e-07 3.211850e-01 
6.140037e-01 5.059993e-07 3.331210e-01 
6.156978e-01 5.101735e-07 3.272900e-01 
6.152095e-01 5.115675e-07 3.315540e-01 
6.156464e-01 5.097919e-07 3.360500e-01 
6.146727e-01 5.109667e-07 3.259330e-01 
6.160154e-01 5.141053e-07 3.241990e-01 
6.149683e-01 5.112628e-07 3.334410e-01 
6.149104e-01 5.118191e-07 3.329940e-01 
6.154930e-01 5.145417e-07 3.338460e-01 
6.152756e-01 5.108144e-07 3.551260e-01 
6.152045e-01 5.127229e-07 3.252850e-01 
6.161121e-01 5.138591e-07 3.236300e-01 
6.138468e-01 5.102615e-07 3.230880e-01 
6.152487e-01 5.118544e-07 3.799560e-01 
6.145857e-01 5.118527e-07 3.335570e-01 
6.155555e-01 5.140750e-07 3.319900e-01 
6.145534e-01 5.105230e-07 3.385010e-01 
6.142728e-01 5.100292e-07 3.297540e-01 
6.157468e-01 5.145213e-07 3.402620e-01 
6.155509e-01 5.101464e-07 3.268540e-01 
6.147712e-01 5.063092e-07 3.281380e-01 
6.155401e-01 5.146585e-07 3.323670e-01 
6.151341e-01 5.118509e-07 3.350440e-01 
6.163856e-01 5.153004e-07 3.307820e-01 
6.157995e-01 5.158176e-07 3.345090e-01 
6.146555e-01 5.105286e-07 3.295380e-01 
6.158168e-01 5.126114e-07 3.256660e-01 
6.147746e-01 5.117503e-07 3.336610e-01 
6.161418e-01 5.147847e-07 3.297740e-01 
6.146350e-01 5.122414e-07 3.260640e-01 
6.154496e-01 5.134844e-07 3.333990e-01 
6.152656e-01 5.128504e-07 3.375070e-01 
6.149899e-01 5.146049e-07 3.226990e-01 
6.141806e-01 5.070787e-07 3.296080e-01 
6.143179e-01 5.091055e-07 3.226970e-01 
6.140206e-01 5.081226e-07 3.285750e-01 
6.148015e-01 5.092749e-07 3.338400e-01 
6.150546e-01 5.124626e-07 3.305440e-01 
6.152839e-01 5.151486e-07 3.306320e-01 
6.144405e-01 5.100186e-07 3.307370e-01 
6.148523e-01 5.106153e-07 3.293970e-01 
6.151333e-01 5.123267e-07 3.226740e-01 
6.153960e-01 5.142140e-07 3.303960e-01 
6.151443e-01 5.108847e-07 3.244630e-01 
6.155251e-01 5.157464e-07 3.359880e-01 
6.144483e-01 5.115302e-07 3.295810e-01 
6.143609e-01 5.104379e-07 3.354060e-01 
6.152726e-01 5.110293e-07 3.344730e-01 
6.160030e-01 5.177716e-07 3.356250e-01 
6.158524e-01 5.133412e-07 3.341960e-01 
6.155190e-01 5.127604e-07 3.296140e-01 
6.144758e-01 5.072731e-07 3.337410e-01 
6.165635e-01 5.203733e-07 3.303230e-01 
6.149256e-01 5.113921e-07 3.415480e-01 
6.144886e-01 5.111518e-07 3.303380e-01 
6.163901e-01 5.141996e-07 3.327100e-01 
6.146885e-01 5.101720e-07 3.252830e-01 
6.157664e-01 5.148439e-07 3.283760e-01 
6.151889e-01 5.142196e-07 3.502870e-01 
6.155693e-01 5.141107e-07 3.245990e-01 
6.157504e-01 5.157079e-07 3.295640e-01 
6.145422e-01 5.088367e-07 3.292120e-01 
6.149717e-01 5.129952e-07 3.274150e-01 
6.164070e-01 5.114125e-07 3.314910e-01 
6.152140e-01 5.112762e-07 3.412830e-01 
6.157896e-01 5.133982e-07 3.244760e-01 
6.147395e-01 5.089776e-07 3.317510e-01 
6.150673e-01 5.107045e-07 3.357880e-01 
6.158216e-01 5.156346e-07 3.352460e-01 
6.155333e-01 5.125353e-07 3.226470e-01 
6.163678e-01 5.165485e-07 3.325820e-01 
6.154895e-01 5.136670e-07 3.309660e-01 
6.140625e-01 5.123325e-07 3.334060e-01 
6.142834e-01 5.090938e-07 3.273690e-01 
6.151855e-01 5.152850e-07 3.226520e-01 
6.139036e-01 5.095954e-07 3.322400e-01 
6.148191e-01 5.137775e-07 3.278270e-01 
6.152115e-01 5.101978e-07 3.375100e-01 
6.154558e-01 5.135602e-07 3.305230e-01 
6.146255e-01 5.099271e-07 3.398580e-01 
6.156726e-01 5.122912e-07 3.296770e-01 
6.158006e-01 5.136363e-07 3.245120e-01 
6.155912e-01 5.147104e-07 3.284440e-01 
6.150246e-01 5.128946e-07 3.369240e-01 
6.144098e-01 5.100774e-07 3.259070e-01 
6.155736e-01 5.139615e-07 3.280950e-01 
6.140857e-01 5.087929e-07 3.220600e-01 
6.161199e-01 5.146977e-07 3.239530e-01 
6.152472e-01 5.101277e-07 3.348090e-01 
6.158019e-01 5.157168e-07 3.313540e-01 
6.151790e-01 5.092257e-07 3.314050e-01 
6.147881e-01 5.084819e-07 3.321360e-01 
6.149150e-01 5.103401e-07 3.550080e-01 
6.143999e-01 5.111376e-07 3.315590e-01 
6.150620e-01 5.110005e-07 3.431470e-01 
6.153210e-01 5.104525e-07 3.258510e-01 
6.153768e-01 5.138838e-07 3.291200e-01 
6.148526e-01 5.098264e-07 3.308660e-01 
6.157812e-01 5.148394e-07 3.362320e-01 
6.154048e-01 5.108879e-07 3.342810e-01 
6.152736e-01 5.109586e-07 3.305350e-01 
6.151864e-01 5.130153e-07 3.300480e-01 
6.153132e-01 5.120902e-07 3.276440e-01 
6.161701e-01 5.165406e-07 3.289330e-01 
6.161018e-01 5.134088e-07 3.284830e-01 
6.149118e-01 5.072735e-07 3.298500e-01 
6.158640e-01 5.162354e-07 3.324850e-01 
6.164551e-01 5.140496e-07 3.345670e-01 
6.149441e-01 5.108639e-07 3.254890e-01 
6.150531e-01 5.130242e-07 3.463880e-01 
6.146833e-01 5.085756e-07 3.285450e-01 
6.144534e-01 5.114868e-07 3.256020e-01 
6.153818e-01 5.137215e-07 3.358410e-01 
6.151971e-01 5.135973e-07 3.327920e-01 
6.144529e-01 5.138338e-07 3.302060e-01 
6.156208e-01 5.135000e-07 3.332760e-01 
6.160130e-01 5.154686e-07 3.267620e-01 
6.146964e-01 5.114247e-07 3.287770e-01 
6.146301e-01 5.092948e-07 3.361060e-01 
6.151357e-01 5.142547e-07 3.293780e-01 
6.142636e-01 5.084354e-07 3.247920e-01 
6.151351e-01 5.142016e-07 3.296610e-01 
6.159813e-01 5.145981e-07 3.731250e-01 
6.152794e-01 5.135690e-07 3.223300e-01 
6.146688e-01 5.076669e-07 3.292010e-01 
6.152558e-01 5.153810e-07 3.350540e-01 
6.147436e-01 5.132789e-07 3.545610e-01 
6.153128e-01 5.133628e-07 3.363950e-01 
6.146811e-01 5.124419e-07 3.491940e-01 
6.140143e-01 5.091505e-07 3.253380e-01 
6.139383e-01 5.081237e-07 3.336450e-01 
6.139851e-01 5.112660e-07 3.261320e-01 
6.145499e-01 5.112539e-07 3.440490e-01 
6.149837e-01 5.123398e-07 3.291860e-01 
6.146930e-01 5.116341e-07 3.253370e-01 
6.151237e-01 5.110133e-07 3.281290e-01 
6.155522e-01 5.136785e-07 3.339740e-01 
6.166519e-01 5.154276e-07 3.398640e-01 
6.145180e-01 5.087474e-07 3.278450e-01 
6.150231e-01 5.107211e-07 3.302360e-01 
6.148246e-01 5.115360e-07 3.447420e-01 
6.158924e-01 5.143854e-07 3.292470e-01 
6.142354e-01 5.096295e-07 3.291150e-01 
6.145125e-01 5.099974e-07 3.414990e-01 
6.140179e-01 5.097552e-07 3.249120e-01 
6.157547e-01 5.145487e-07 3.307790e-01 
6.140010e-01 5.120445e-07 3.260410e-01 
6.138703e-01 5.074306e-07 3.322270e-01 
6.151642e-01 5.108491e-07 3.354260e-01 
6.154458e-01 5.135195e-07 3.433010e-01 
6.156094e-01 5.134357e-07 3.852480e-01 
6.147919e-01 5.137298e-07 3.477570e-01 
6.157187e-01 5.141301e-07 3.958540e-01 
6.151713e-01 5.106103e-07 3.931000e-01 
6.148726e-01 5.139718e-07 4.416700e-01 
6.149691e-01 5.131199e-07 5.402990e-01 
6.144924e-01 5.091953e-07 3.948890e-01 
6.144439e-01 5.116319e-07 3.715010e-01 
6.144462e-01 5.114638e-07 3.302510e-01 
6.156340e-01 5.121599e-07 3.367880e-01 
6.142002e-01 5.096668e-07 3.379640e-01 
6.146561e-01 5.100730e-07 3.298140e-01 
6.138319e-01 5.064861e-07 3.433040e-01 
6.156016e-01 5.114561e-07 3.361580e-01 
6.141321e-01 5.095469e-07 3.345580e-01 
6.151499e-01 5.102278e-07 3.954160e-01 
6.146690e-01 5.116705e-07 3.837940e-01 
6.148190e-01 5.095245e-07 3.712070e-01 
6.146167e-01 5.120314e-07 3.519870e-01 
6.135742e-01 5.099481e-07 3.605680e-01 
6.165178e-01 5.151936e-07 3.591050e-01 
6.141158e-01 5.082842e-07 4.213540e-01 
6.153398e-01 5.143726e-07 3.742680e-01 
6.147772e-01 5.097276e-07 3.845400e-01 
6.154713e-01 5.138891e-07 3.717080e-01 
6.151205e-01 5.135513e-07 3.342350e-01 
6.148260e-01 5.103017e-07 3.427520e-01 
6.147876e-01 5.131840e-07 3.416840e-01 
6.160913e-01 5.169726e-07 3.487340e-01 
6.155001e-01 5.149084e-07 3.397310e-01 
6.156931e-01 5.144772e-07 3.374180e-01 
6.161426e-01 5.145458e-07 3.343270e-01 
6.145791e-01 5.125444e-07 3.320740e-01 
6.143443e-01 5.117483e-07 3.314010e-01 
6.150646e-01 5.130199e-07 3.584090e-01 
6.133974e-01 5.103274e-07 3.368040e-01 
6.140840e-01 5.102702e-07 3.335290e-01 
6.136858e-01 5.076673e-07 3.529360e-01 
6.144353e-01 5.119253e-07 3.504610e-01 
6.148874e-01 5.106938e-07 3.803410e-01 
6.140556e-01 5.096493e-07 3.412170e-01 
6.144999e-01 5.109141e-07 3.381200e-01 
6.153506e-01 5.137851e-07 3.389700e-01 
6.145910e-01 5.097503e-07 3.444190e-01 
6.148959e-01 5.108396e-07 3.344980e-01 
6.144463e-01 5.088604e-07 3.377280e-01 
6.140874e-01 5.097108e-07 3.381600e-01 
6.142224e-01 5.100773e-07 3.357520e-01 
6.141532e-01 5.108507e-07 3.423660e-01 
6.158646e-01 5.152923e-07 3.516380e-01 
6.135177e-01 5.078388e-07 3.448110e-01 
6.147626e-01 5.118845e-07 3.414370e-01 
6.152705e-01 5.134508e-07 3.554190e-01 
6.151173e-01 5.106187e-07 3.391770e-01 
6.154110e-01 5.133885e-07 3.407380e-01 
6.154390e-01 5.153403e-07 3.480200e-01 
6.159376e-01 5.116854e-07 3.408890e-01 
6.148220e-01 5.116739e-07 3.572400e-01 
6.153797e-01 5.126970e-07 3.378990e-01 
6.139357e-01 5.063419e-07 3.282600e-01 
6.143970e-01 5.115233e-07 3.381250e-01 
6.149687e-01 5.105481e-07 3.320780e-01 
6.148710e-01 5.157688e-07 3.310190e-01 
6.150004e-01 5.116988e-07 3.546660e-01 
6.152032e-01 5.123570e-07 3.283770e-01 
6.150852e-01 5.131464e-07 3.255700e-01 
6.154753e-01 5.129649e-07 3.319090e-01 
6.153940e-01 5.144934e-07 3.314980e-01 
6.148874e-01 5.125929e-07 3.261980e-01 
6.160309e-01 5.162290e-07 3.327600e-01 
6.144101e-01 5.115346e-07 3.290190e-01 
6.146445e-01 5.116164e-07 3.249990e-01 
6.145740e-01 5.118786e-07 3.650680e-01 
6.145181e-01 5.112136e-07 3.302850e-01 
6.139831e-01 5.104550e-07 3.234360e-01 
6.160291e-01 5.164614e-07 3.830650e-01 
6.132769e-01 5.065721e-07 3.250740e-01 
6.148889e-01 5.084057e-07 3.268280e-01 
6.141295e-01 5.103381e-07 3.343670e-01 
6.138075e-01 5.083813e-07 3.218000e-01 
6.145648e-01 5.131795e-07 3.288320e-01 
6.152549e-01 5.118583e-07 3.304260e-01 
6.137695e-01 5.102415e-07 3.305750e-01 
6.137668e-01 5.071750e-07 3.225420e-01 
6.157042e-01 5.126547e-07 3.269830e-01 
6.157373e-01 5.150735e-07 3.290590e-01 
6.142107e-01 5.119178e-07 3.219570e-01 
6.138436e-01 5.049889e-07 3.401730e-01 
6.141244e-01 5.093434e-07 3.302940e-01 
6.143520e-01 5.115142e-07 3.250090e-01 
6.150681e-01 5.143844e-07 3.332220e-01 
6.152260e-01 5.139664e-07 3.260070e-01 
6.152513e-01 5.150266e-07 3.244760e-01 
6.154352e-01 5.109845e-07 3.378520e-01 
6.155811e-01 5.165541e-07 3.356630e-01 
6.137791e-01 5.065302e-07 3.221520e-01 
6.148915e-01 5.116012e-07 3.314970e-01 
6.137732e-01 5.106735e-07 3.590040e-01 
6.139659e-01 5.116577e-07 3.260320e-01 
6.150424e-01 5.111155e-07 3.642890e-01 
6.155241e-01 5.144324e-07 3.265140e-01 
6.147907e-01 5.136000e-07 3.715640e-01 
6.146530e-01 5.127428e-07 3.412850e-01 
6.146712e-01 5.123960e-07 3.232960e-01 
6.141867e-01 5.105723e-07 3.288180e-01 
6.141842e-01 5.101674e-07 3.351130e-01 
6.148242e-01 5.125772e-07 3.286650e-01 
6.146526e-01 5.093311e-07 3.285040e-01 
6.151227e-01 5.138354e-07 3.342200e-01 
6.144888e-01 5.140978e-07 3.304120e-01 
6.148856e-01 5.099233e-07 3.250030e-01 
6.152007e-01 5.141133e-07 3.329320e-01 
6.139488e-01 5.101459e-07 3.288910e-01 
6.130442e-01 5.074755e-07 3.289950e-01 
6.153795e-01 5.121417e-07 3.316050e-01 
6.144948e-01 5.101038e-07 3.436100e-01 
6.131175e-01 5.088034e-07 3.282400e-01 
6.146404e-01 5.107039e-07 3.541430e-01 
6.151338e-01 5.138161e-07 3.316790e-01 
6.158258e-01 5.134809e-07 3.290560e-01 
6.143569e-01 5.106516e-07 3.355900e-01 
6.154063e-01 5.115925e-07 3.234410e-01 
6.144160e-01 5.111846e-07 3.232450e-01 
6.135932e-01 5.095200e-07 3.648370e-01 
6.143961e-01 5.104049e-07 3.239090e-01 
6.152651e-01 5.094997e-07 3.297430e-01 
6.158859e-01 5.136648e-07 3.283370e-01 
6.142025e-01 5.102968e-07 3.263530e-01 
6.142267e-01 5.083143e-07 3.278690e-01 
6.145164e-01 5.110879e-07 3.298000e-01 
6.150349e-01 5.139889e-07 3.263840e-01 
6.153111e-01 5.124286e-07 3.237540e-01 
6.136307e-01 5.064262e-07 3.377860e-01 
6.147268e-01 5.151755e-07 3.334550e-01 
6.138923e-01 5.086755e-07 3.247100e-01 
6.158524e-01 5.118659e-07 3.300910e-01 
6.151188e-01 5.132510e-07 3.294670e-01 
6.150198e-01 5.132040e-07 3.278670e-01 
6.148311e-01 5.137524e-07 3.371960e-01 
6.149262e-01 5.160509e-07 3.263260e-01 
6.144917e-01 5.100756e-07 3.286400e-01 
6.149264e-01 5.131790e-07 3.303510e-01 
6.149060e-01 5.119057e-07 3.296720e-01 
6.142117e-01 5.079986e-07 3.271940e-01 
6.150131e-01 5.136792e-07 3.360670e-01 
6.145452e-01 5.140452e-07 3.289820e-01 
6.129516e-01 5.054772e-07 3.259570e-01 
6.144662e-01 5.102615e-07 3.376710e-01 
6.138955e-01 5.086028e-07 3.273700e-01 
6.155425e-01 5.110662e-07 3.216940e-01 
6.138264e-01 5.098012e-07 3.323820e-01 
6.138089e-01 5.090458e-07 3.228820e-01 
6.155490e-01 5.170447e-07 3.237420e-01 
6.143238e-01 5.092954e-07 3.373860e-01 
6.145806e-01 5.104837e-07 3.248360e-01 
6.138517e-01 5.100315e-07 3.269280e-01 
6.142589e-01 5.104931e-07 3.276270e-01 
6.148636e-01 5.115706e-07 3.310650e-01 
6.153040e-01 5.158323e-07 3.266720e-01 
6.159101e-01 5.203849e-07 3.311260e-01 
6.147643e-01 5.172128e-07 3.336060e-01 
6.137784e-01 5.089061e-07 3.338960e-01 
6.141291e-01 5.119366e-07 3.437590e-01 
6.161596e-01 5.175579e-07 3.259520e-01 
6.148023e-01 5.143236e-07 3.300420e-01 
6.142181e-01 5.104576e-07 3.387090e-01 
6.136606e-01 5.125081e-07 3.245780e-01 
6.146864e-01 5.144649e-07 3.294980e-01 
6.141194e-01 5.115982e-07 3.389070e-01 
6.141808e-01 5.075543e-07 3.252320e-01 
6.139409e-01 5.128998e-07 3.291730e-01 
6.152622e-01 5.121138e-07 3.252810e-01 
6.151354e-01 5.159968e-07 3.286940e-01 
6.145089e-01 5.130023e-07 3.276920e-01 
6.136571e-01 5.124677e-07 3.269960e-01 
6.138855e-01 5.129244e-07 3.304730e-01 
6.136010e-01 5.117183e-07 3.273270e-01 
6.146948e-01 5.114440e-07 3.267770e-01 
6.148188e-01 5.093554e-07 3.294890e-01 
6.154564e-01 5.159895e-07 3.271960e-01 
6.133742e-01 5.106271e-07 3.252290e-01 
6.151493e-01 5.106753e-07 3.780980e-01 
6.148609e-01 5.174067e-07 3.290760e-01 
6.137587e-01 5.106394e-07 3.345230e-01 
6.134799e-01 5.076947e-07 3.314370e-01 
6.146606e-01 5.110341e-07 3.225630e-01 
6.141722e-01 5.099922e-07 3.223300e-01 
6.127527e-01 5.070909e-07 3.288180e-01 
6.145805e-01 5.131280e-07 3.295350e-01 
6.139025e-01 5.088310e-07 3.263120e-01 
6.142272e-01 5.098119e-07 3.263660e-01 
6.138938e-01 5.071234e-07 3.296010e-01 
6.146168e-01 5.146009e-07 3.299340e-01 
6.141887e-01 5.119354e-07 3.329860e-01 
6.146410e-01 5.112895e-07 3.262360e-01 
6.149633e-01 5.106895e-07 3.278570e-01 
6.145757e-01 5.125355e-07 3.274600e-01 
6.137376e-01 5.099505e-07 3.266930e-01 
6.140406e-01 5.079924e-07 3.459950e-01 
6.143817e-01 5.107104e-07 3.302650e-01 
6.148058e-01 5.139293e-07 3.248540e-01 
6.157377e-01 5.141938e-07 3.235440e-01 
6.124562e-01 5.053879e-07 3.297310e-01 
6.130424e-01 5.081971e-07 3.242180e-01 
6.150565e-01 5.111804e-07 3.268160e-01 
6.139570e-01 5.101826e-07 3.294500e-01 
6.138718e-01 5.115347e-07 3.268010e-01 
6.150835e-01 5.151016e-07 3.235950e-01 
6.140382e-01 5.101253e-07 3.357960e-01 
6.148900e-01 5.115346e-07 3.215370e-01 
6.158260e-01 5.178819e-07 3.224320e-01 
6.140712e-01 5.113689e-07 3.291450e-01 
6.160253e-01 5.172777e-07 3.257980e-01 
6.156833e-01 5.153027e-07 3.228710e-01 
6.146595e-01 5.146573e-07 3.435140e-01 
6.138109e-01 5.058866e-07 3.273390e-01 
6.141148e-01 5.105921e-07 3.251040e-01 
6.148432e-01 5.117036e-07 3.303780e-01 
6.139722e-01 5.119683e-07 3.268090e-01 
6.144188e-01 5.138136e-07 3.279160e-01 
6.146140e-01 5.090975e-07 3.473780e-01 
6.141501e-01 5.122444e-07 3.247250e-01 
6.154022e-01 5.163688e-07 3.274230e-01 
6.138881e-01 5.079461e-07 3.675290e-01 
6.135720e-01 5.081733e-07 3.241850e-01 
6.152123e-01 5.130714e-07 3.247840e-01 
6.140709e-01 5.134427e-07 3.286590e-01 
6.146090e-01 5.089839e-07 3.251500e-01 
6.135532e-01 5.068882e-07 3.304330e-01 
6.139714e-01 5.072397e-07 3.431560e-01 
6.144150e-01 5.095180e-07 3.247510e-01 
6.152306e-01 5.145521e-07 3.230850e-01 
6.145827e-01 5.111519e-07 3.268490e-01 
6.146055e-01 5.157086e-07 3.275350e-01 
6.136649e-01 5.065207e-07 3.285980e-01 
6.149790e-01 5.137499e-07 3.284010e-01 
6.130443e-01 5.103763e-07 3.278800e-01 
6.143184e-01 5.127797e-07 3.231930e-01 
6.144682e-01 5.140618e-07 3.407010e-01 
6.152071e-01 5.143454e-07 3.220290e-01 
6.151389e-01 5.150845e-07 3.235980e-01 
6.151736e-01 5.160238e-07 3.299210e-01 
6.142530e-01 5.108313e-07 3.259790e-01 
6.145586e-01 5.129154e-07 3.269260e-01 
6.140559e-01 5.156747e-07 3.383160e-01 
6.151620e-01 5.124020e-07 3.267530e-01 
6.149819e-01 5.147481e-07 3.230920e-01 
6.150356e-01 5.113431e-07 3.302220e-01 
6.131196e-01 5.082335e-07 3.254630e-01 
6.137109e-01 5.087159e-07 3.286960e-01 
6.137554e-01 5.073434e-07 3.317650e-01 
6.156090e-01 5.168426e-07 3.282740e-01 
6.141609e-01 5.097581e-07 3.308450e-01 
6.145807e-01 5.119488e-07 3.381710e-01 
6.141936e-01 5.135090e-07 3.270990e-01 
6.147211e-01 5.130595e-07 3.220750e-01 
6.134074e-01 5.068377e-07 3.271910e-01 
6.138181e-01 5.120037e-07 3.238980e-01 
6.133890e-01 5.114269e-07 3.260330e-01 
6.138760e-01 5.085959e-07 3.545310e-01 
6.150869e-01 5.149511e-07 3.255520e-01 
6.142827e-01 5.082982e-07 3.269700e-01 
6.150599e-01 5.117318e-07 3.307620e-01 
6.144440e-01 5.148153e-07 3.226930e-01 
6.142551e-01 5.084282e-07 3.230550e-01 
6.139424e-01 5.125281e-07 3.223570e-01 
6.150274e-01 5.150893e-07 3.335790e-01 
6.142471e-01 5.110362e-07 3.279290e-01 
6.148968e-01 5.129225e-07 3.291070e-01 
6.141467e-01 5.102915e-07 3.327100e-01 
6.154335e-01 5.141679e-07 3.257300e-01 
6.156373e-01 5.175841e-07 3.254310e-01 
6.134125e-01 5.098555e-07 3.245290e-01 
6.134488e-01 5.108559e-07 3.674190e-01 
6.138634e-01 5.134514e-07 3.307950e-01 
6.136919e-01 5.115907e-07 3.301530e-01 
6.144980e-01 5.110843e-07 3.245780e-01 
6.142050e-01 5.102403e-07 3.230690e-01 
6.130241e-01 5.121421e-07 3.254380e-01 
6.153518e-01 5.157027e-07 3.231010e-01 
6.145646e-01 5.127303e-07 3.236470e-01 
6.137023e-01 5.124664e-07 3.286200e-01 
6.141448e-01 5.130397e-07 3.242040e-01 
6.147694e-01 5.148614e-07 3.352610e-01 
6.146635e-01 5.119302e-07 3.296540e-01 
6.145240e-01 5.120388e-07 3.240230e-01 
6.151508e-01 5.131121e-07 3.242590e-01 
6.141855e-01 5.155576e-07 3.294520e-01 
6.148443e-01 5.129893e-07 3.229470e-01 
6.144948e-01 5.110157e-07 3.394050e-01 
6.134473e-01 5.083803e-07 3.329490e-01 
6.128077e-01 5.075881e-07 3.243690e-01 
6.141861e-01 5.094348e-07 3.242470e-01 
6.141396e-01 5.111026e-07 3.300870e-01 
6.133944e-01 5.128016e-07 3.281410e-01 
6.154378e-01 5.150712e-07 3.212660e-01 
6.147160e-01 5.141694e-07 3.241270e-01 
6.144933e-01 5.095129e-07 3.229450e-01 
6.137529e-01 5.081638e-07 3.238330e-01 
6.144666e-01 5.121498e-07 3.314770e-01 
6.143612e-01 5.133131e-07 3.286600e-01 
6.137392e-01 5.103000e-07 3.236460e-01 
6.135718e-01 5.106233e-07 3.243360e-01 
6.148933e-01 5.121768e-07 3.278430e-01 
6.151401e-01 5.145856e-07 3.288920e-01 
6.143519e-01 5.135362e-07 3.362220e-01 
6.131987e-01 5.063520e-07 3.253320e-01 
6.138396e-01 5.122523e-07 3.258190e-01 
6.137264e-01 5.083502e-07 3.235130e-01 
6.149039e-01 5.158846e-07 3.250100e-01 
6.135822e-01 5.112680e-07 3.241230e-01 
6.140309e-01 5.113929e-07 3.265350e-01 
6.137892e-01 5.104369e-07 3.279970e-01 
6.140549e-01 5.135163e-07 3.310420e-01 
6.135629e-01 5.105687e-07 3.472100e-01 
6.138175e-01 5.130756e-07 3.305380e-01 
6.140847e-01 5.100356e-07 3.293470e-01 
6.135554e-01 5.088934e-07 3.329600e-01 
6.139492e-01 5.108511e-07 3.252690e-01 
6.145786e-01 5.117641e-07 3.199910e-01 
6.141992e-01 5.099914e-07 3.351230e-01 
6.140440e-01 5.099099e-07 3.281590e-01 
6.135378e-01 5.105389e-07 3.206520e-01 
6.139239e-01 5.107782e-07 3.294060e-01 
6.140402e-01 5.145442e-07 3.223000e-01 
6.147927e-01 5.122771e-07 3.251810e-01 
6.130323e-01 5.086546e-07 3.299820e-01 
6.135994e-01 5.108258e-07 3.233980e-01 
6.136173e-01 5.099749e-07 3.209300e-01 
6.126984e-01 5.078053e-07 3.393290e-01 
6.144245e-01 5.131997e-07 3.284790e-01 
6.135697e-01 5.106795e-07 3.266910e-01 
6.135015e-01 5.078326e-07 3.268310e-01 
6.128961e-01 5.097521e-07 3.229070e-01 
6.134861e-01 5.109361e-07 3.245660e-01 
6.148748e-01 5.141587e-07 3.351560e-01 
6.140329e-01 5.105159e-07 3.326590e-01 
6.128962e-01 5.084601e-07 3.244820e-01 
6.138836e-01 5.103548e-07 3.212820e-01 
6.135378e-01 5.080390e-07 3.295710e-01 
6.149943e-01 5.146012e-07 3.298010e-01 
6.141745e-01 5.126378e-07 3.292810e-01 
6.135569e-01 5.110318e-07 3.309200e-01 
6.142225e-01 5.110193e-07 3.288190e-01 
6.143450e-01 5.135112e-07 3.683910e-01 
6.136928e-01 5.088482e-07 3.368330e-01 
6.148337e-01 5.137954e-07 3.294170e-01 
6.137694e-01 5.096424e-07 3.241870e-01 
6.143967e-01 5.123640e-07 3.277250e-01 
6.142038e-01 5.120013e-07 3.234730e-01 
6.127221e-01 5.040992e-07 3.428650e-01 
6.136232e-01 5.088808e-07 3.311690e-01 
6.142941e-01 5.133468e-07 3.250940e-01 
6.133793e-01 5.119280e-07 3.382590e-01 
6.137865e-01 5.101884e-07 3.524680e-01 
6.142572e-01 5.113010e-07 3.402580e-01 
6.148819e-01 5.129591e-07 3.386490e-01 
6.129797e-01 5.110421e-07 3.440500e-01 
6.152911e-01 5.183879e-07 3.364870e-01 
6.143327e-01 5.104607e-07 3.469070e-01 
6.154432e-01 5.187401e-07 3.864040e-01 
6.135621e-01 5.065164e-07 3.268090e-01 
6.150322e-01 5.158410e-07 3.480250e-01 
6.140208e-01 5.111800e-07 3.441560e-01 
6.143887e-01 5.142418e-07 3.607030e-01 
6.152110e-01 5.144896e-07 3.291380e-01 
6.128893e-01 5.066278e-07 3.301760e-01 
6.138019e-01 5.120667e-07 3.284610e-01 
6.132808e-01 5.116474e-07 3.527670e-01 
6.129163e-01 5.059652e-07 3.265260e-01 
6.139982e-01 5.120151e-07 3.451710e-01 
6.133922e-01 5.102381e-07 3.330450e-01 
6.127714e-01 5.075354e-07 3.233850e-01 
6.142596e-01 5.136639e-07 3.340720e-01 
6.122895e-01 5.065011e-07 3.411820e-01 
6.145877e-01 5.114114e-07 3.288380e-01 
6.157535e-01 5.152623e-07 3.731800e-01 
6.133392e-01 5.101805e-07 3.318790e-01 
6.131117e-01 5.086397e-07 3.264360e-01 
6.141429e-01 5.144923e-07 3.279830e-01 
6.138886e-01 5.098375e-07 3.359530e-01 
6.157358e-01 5.142943e-07 3.283060e-01 
6.141072e-01 5.108071e-07 3.283310e-01 
6.131345e-01 5.097350e-07 3.260830e-01 
6.146430e-01 5.132798e-07 3.232370e-01 
6.135434e-01 5.113964e-07 3.256800e-01 
6.143100e-01 5.104914e-07 3.258570e-01 
6.142234e-01 5.112919e-07 3.284670e-01 
6.145449e-01 5.115586e-07 3.233850e-01 
6.140577e-01 5.116143e-07 3.680320e-01 
6.152317e-01 5.149673e-07 3.434070e-01 
6.134589e-01 5.074090e-07 3.262790e-01 
6.136449e-01 5.123641e-07 3.256060e-01 
6.141586e-01 5.137618e-07 3.226090e-01 
6.150503e-01 5.128893e-07 3.344340e-01 
6.148265e-01 5.116520e-07 3.635720e-01 
6.144029e-01 5.116805e-07 3.261690e-01 
6.137962e-01 5.111327e-07 3.251650e-01 
6.140248e-01 5.117975e-07 3.271860e-01 
6.137833e-01 5.083216e-07 3.238150e-01 
6.142561e-01 5.125042e-07 3.237610e-01 
6.140255e-01 5.108320e-07 3.324630e-01 
6.149434e-01 5.135442e-07 3.265670e-01 
6.133301e-01 5.083648e-07 3.309530e-01 
6.145481e-01 5.113573e-07 3.350770e-01 
6.122145e-01 5.028132e-07 3.204530e-01 
6.144438e-01 5.102861e-07 3.259000e-01 
6.141185e-01 5.117050e-07 3.292230e-01 
6.134116e-01 5.114153e-07 3.280380e-01 
6.145043e-01 5.165606e-07 3.263700e-01 
6.141419e-01 5.116457e-07 3.336370e-01 
6.141750e-01 5.119239e-07 3.226060e-01 
6.133526e-01 5.085659e-07 3.203840e-01 
6.139203e-01 5.127217e-07 3.305770e-01 
6.143279e-01 5.122573e-07 3.264960e-01 
6.142348e-01 5.143740e-07 3.247990e-01 
6.137026e-01 5.124646e-07 3.316890e-01 
6.128052e-01 5.090574e-07 3.399750e-01 
6.136133e-01 5.076406e-07 3.199170e-01 
6.148978e-01 5.127847e-07 3.347320e-01 
6.145846e-01 5.130574e-07 3.223010e-01 
6.135037e-01 5.113813e-07 3.233250e-01 
6.133430e-01 5.091413e-07 3.286310e-01 
6.141309e-01 5.111524e-07 3.240180e-01 
6.131112e-01 5.101984e-07 3.255400e-01 
6.140273e-01 5.104364e-07 3.369440e-01 
6.135964e-01 5.102028e-07 3.242040e-01 
6.130713e-01 5.071831e-07 3.252540e-01 
6.145780e-01 5.127218e-07 3.255500e-01 
6.149922e-01 5.146223e-07 3.255660e-01 
6.129025e-01 5.079938e-07 3.246310e-01 
6.158303e-01 5.159765e-07 3.252840e-01 
6.160520e-01 5.173315e-07 3.327190e-01 
6.142067e-01 5.107210e-07 3.287300e-01 
6.138256e-01 5.114907e-07 3.324300e-01 
6.150488e-01 5.138276e-07 3.270310e-01 
6.146840e-01 5.127696e-07 3.266330e-01 
6.138366e-01 5.098399e-07 3.236630e-01 
6.132973e-01 5.093327e-07 3.331180e-01 
6.148231e-01 5.134626e-07 3.244460e-01 
6.133094e-01 5.100110e-07 3.326420e-01 
6.140347e-01 5.116035e-07 3.367470e-01 
6.134817e-01 5.089414e-07 3.279380e-01 
6.145620e-01 5.142733e-07 3.270080e-01 
6.133323e-01 5.090162e-07 3.284280e-01 
6.137604e-01 5.143702e-07 3.299760e-01 
6.136723e-01 5.108662e-07 3.252280e-01 
6.150279e-01 5.149173e-07 3.262080e-01 
6.134280e-01 5.146311e-07 3.263930e-01 
6.133918e-01 5.143836e-07 3.300000e-01 
6.124610e-01 5.047036e-07 3.243960e-01 
6.137126e-01 5.099065e-07 3.257960e-01 
6.144520e-01 5.116573e-07 3.274120e-01 
6.139329e-01 5.078482e-07 3.334360e-01 
6.136840e-01 5.115401e-07 3.240180e-01 
6.136245e-01 5.099895e-07 3.298040e-01 
6.143142e-01 5.089972e-07 3.281830e-01 
6.131697e-01 5.095246e-07 3.236640e-01 
6.137641e-01 5.107585e-07 3.249730e-01 
6.136893e-01 5.102151e-07 3.279570e-01 
6.143987e-01 5.146969e-07 3.242070e-01 
6.130737e-01 5.114694e-07 3.243120e-01 
6.146008e-01 5.148810e-07 3.267590e-01 
6.141640e-01 5.153192e-07 3.264790e-01 
6.134444e-01 5.085505e-07 3.237470e-01 
6.132533e-01 5.097578e-07 3.377980e-01 
6.134065e-01 5.090447e-07 3.222680e-01 
6.128905e-01 5.089694e-07 3.270670e-01 
6.126538e-01 5.067348e-07 3.268450e-01 
6.137947e-01 5.102362e-07 3.285180e-01 
6.139726e-01 5.099149e-07 3.252900e-01 
6.130489e-01 5.093457e-07 3.326940e-01 
6.131969e-01 5.072013e-07 3.239250e-01 
6.141171e-01 5.115528e-07 3.245080e-01 
6.138265e-01 5.113819e-07 3.229400e-01 
6.134936e-01 5.092641e-07 3.221270e-01 
6.136357e-01 5.093088e-07 3.281090e-01 
6.141250e-01 5.138017e-07 3.350340e-01 
6.139679e-01 5.084260e-07 3.243050e-01 
6.138309e-01 5.105828e-07 3.254990e-01 
6.139131e-01 5.100786e-07 3.360040e-01 
6.140187e-01 5.102876e-07 3.271920e-01 
6.132565e-01 5.070585e-07 3.243710e-01 
6.142157e-01 5.126693e-07 3.834360e-01 
6.138811e-01 5.112103e-07 3.287290e-01 
6.141689e-01 5.103756e-07 3.221440e-01 
6.128582e-01 5.103087e-07 3.350430e-01 
6.125298e-01 5.068183e-07 3.304180e-01 
6.129203e-01 5.087379e-07 3.235050e-01 
6.147309e-01 5.146949e-07 3.297660e-01 
6.132898e-01 5.098924e-07 3.233470e-01 
6.141736e-01 5.107257e-07 3.227330e-01 
6.150371e-01 5.150086e-07 3.293790e-01 
6.139380e-01 5.096066e-07 3.264790e-01 
6.141574e-01 5.125866e-07 3.226830e-01 
6.134927e-01 5.116962e-07 3.377110e-01 
6.140374e-01 5.150662e-07 3.317780e-01 
6.124605e-01 5.053234e-07 3.229930e-01 
6.142495e-01 5.131729e-07 3.363350e-01 
6.141486e-01 5.135063e-07 3.268250e-01 
6.150025e-01 5.116693e-07 3.230760e-01 
6.146236e-01 5.120653e-07 3.421910e-01 
6.144608e-01 5.171049e-07 3.297130e-01 
6.154814e-01 5.159805e-07 3.288180e-01 
6.129090e-01 5.079782e-07 3.264030e-01 
6.132281e-01 5.105602e-07 3.248750e-01 
6.142848e-01 5.101893e-07 3.253540e-01 
6.133733e-01 5.089699e-07 3.243830e-01 
6.133067e-01 5.096894e-07 3.276820e-01 
6.133790e-01 5.104177e-07 3.250850e-01 
6.138552e-01 5.143267e-07 3.319620e-01 
6.128902e-01 5.084425e-07 3.276720e-01 
6.146888e-01 5.145061e-07 3.270740e-01 
6.142850e-01 5.118727e-07 3.268030e-01 
6.136266e-01 5.117205e-07 3.289720e-01 
6.151377e-01 5.146192e-07 3.336120e-01 
6.144807e-01 5.098274e-07 3.345990e-01 
6.142672e-01 5.146744e-07 3.306300e-01 
6.143349e-01 5.143806e-07 3.245370e-01 
6.136729e-01 5.130240e-07 3.265370e-01 
6.149303e-01 5.119972e-07 3.292660e-01 
6.153135e-01 5.160260e-07 3.235800e-01 
6.138341e-01 5.095012e-07 3.236180e-01 
6.148161e-01 5.134390e-07 3.269940e-01 
6.131855e-01 5.102358e-07 3.261460e-01 
6.142501e-01 5.114621e-07 3.375290e-01 
6.132711e-01 5.104373e-07 3.319020e-01 
6.134240e-01 5.095574e-07 3.278020e-01 
6.138576e-01 5.118195e-07 3.292200e-01 
6.133314e-01 5.084218e-07 3.370680e-01 
6.144199e-01 5.150274e-07 3.279740e-01 
6.138035e-01 5.115708e-07 3.350950e-01 
6.146411e-01 5.114964e-07 3.276970e-01 
6.136680e-01 5.098701e-07 3.290090e-01 
6.127442e-01 5.079446e-07 3.362830e-01 
6.140966e-01 5.127197e-07 3.304830e-01 
6.142271e-01 5.132807e-07 3.277460e-01 
6.141112e-01 5.135539e-07 3.288040e-01 
6.140704e-01 5.157636e-07 3.318770e-01 
6.151355e-01 5.140678e-07 3.328710e-01 
6.135161e-01 5.123518e-07 3.322630e-01 
6.141411e-01 5.114699e-07 3.332060e-01 
6.144241e-01 5.149019e-07 3.236120e-01 
6.142711e-01 5.103071e-07 3.269410e-01 
6.145795e-01 5.165895e-07 3.309410e-01 
6.136759e-01 5.098133e-07 3.258820e-01 
6.140030e-01 5.122255e-07 3.353670e-01 
6.132231e-01 5.091762e-07 3.306420e-01 
6.141933e-01 5.148496e-07 3.225720e-01 
6.143613e-01 5.136937e-07 3.280960e-01 
6.134825e-01 5.084769e-07 3.291350e-01 
6.139215e-01 5.119462e-07 3.235810e-01 
6.140672e-01 5.122420e-07 3.211720e-01 
6.147143e-01 5.153665e-07 3.314700e-01 
6.137163e-01 5.120506e-07 3.264050e-01 
6.140787e-01 5.146818e-07 3.307380e-01 
6.142423e-01 5.123306e-07 3.309770e-01 
6.131816e-01 5.107515e-07 3.242420e-01 
6.139862e-01 5.110804e-07 3.281540e-01 
6.128673e-01 5.084320e-07 3.279470e-01 
6.134644e-01 5.109328e-07 3.279840e-01 
6.148842e-01 5.138503e-07 3.281830e-01 
6.138085e-01 5.112846e-07 3.844500e-01 
6.133197e-01 5.086584e-07 3.268410e-01 
6.152943e-01 5.164462e-07 3.263970e-01 
6.141167e-01 5.127863e-07 3.280970e-01 
6.128450e-01 5.098723e-07 3.258250e-01 
6.137622e-01 5.101400e-07 3.224100e-01 
6.134086e-01 5.097869e-07 3.279920e-01 
6.137784e-01 5.096638e-07 3.255310e-01 
6.134170e-01 5.093233e-07 3.229970e-01 
6.140583e-01 5.130037e-07 3.282910e-01 
6.129679e-01 5.076697e-07 3.261540e-01 
6.141385e-01 5.127701e-07 3.230950e-01 
6.131100e-01 5.098114e-07 3.320570e-01 
6.138958e-01 5.083575e-07 3.297840e-01 
6.124953e-01 5.077522e-07 3.268150e-01 
6.142299e-01 5.131151e-07 3.323880e-01 
6.135509e-01 5.115529e-07 3.344680e-01 
6.131088e-01 5.113890e-07 3.278840e-01 
6.125812e-01 5.066473e-07 3.310470e-01 
6.146332e-01 5.151486e-07 3.271130e-01 
6.141241e-01 5.133291e-07 3.275580e-01 
6.136951e-01 5.095075e-07 3.443300e-01 
6.133584e-01 5.110110e-07 3.261850e-01 
6.138401e-01 5.117678e-07 3.245100e-01 
6.140595e-01 5.116909e-07 4.541020e-01 
6.149643e-01 5.134284e-07 3.628980e-01 
6.145459e-01 5.122053e-07 3.357510e-01 
6.134955e-01 5.110727e-07 3.585140e-01 
6.137174e-01 5.125791e-07 3.243490e-01 
6.128362e-01 5.095235e-07 3.333120e-01 
6.154871e-01 5.164857e-07 3.326940e-01 
6.137815e-01 5.115955e-07 3.260980e-01 
6.127770e-01 5.086179e-07 3.228710e-01 
6.136118e-01 5.130896e-07 3.274950e-01 
6.125881e-01 5.087993e-07 3.208470e-01 
6.146134e-01 5.138482e-07 3.301790e-01 
6.126917e-01 5.079046e-07 3.289980e-01 
6.138941e-01 5.132024e-07 3.283760e-01 
6.132752e-01 5.135898e-07 3.359720e-01 
6.132662e-01 5.104795e-07 3.286960e-01 
6.141079e-01 5.128051e-07 3.298660e-01 
6.144121e-01 5.141752e-07 3.225380e-01 
6.133196e-01 5.098150e-07 3.338000e-01 
6.152387e-01 5.179534e-07 3.239610e-01 
6.129808e-01 5.124587e-07 3.349100e-01 
6.121027e-01 5.065114e-07 3.308440e-01 
6.145277e-01 5.111909e-07 3.249690e-01 
6.134744e-01 5.111838e-07 3.234700e-01 
6.146181e-01 5.101138e-07 3.720220e-01 
6.135668e-01 5.097172e-07 3.262970e-01 
6.135960e-01 5.106366e-07 3.649680e-01 
6.131184e-01 5.113569e-07 3.245320e-01 
6.133392e-01 5.090527e-07 3.566400e-01 
6.132397e-01 5.094875e-07 3.497660e-01 
6.151947e-01 5.178820e-07 3.268280e-01 
6.145332e-01 5.118719e-07 3.359300e-01 
6.133947e-01 5.107965e-07 3.279780e-01 
6.142535e-01 5.131738e-07 3.301420e-01 
6.141497e-01 5.134408e-07 3.305330e-01 
6.137447e-01 5.124617e-07 3.342460e-01 
6.139850e-01 5.115026e-07 3.353440e-01 
6.136688e-01 5.107745e-07 3.436710e-01 
6.129894e-01 5.096572e-07 3.262600e-01 
6.138563e-01 5.090320e-07 3.348530e-01 
6.124765e-01 5.076047e-07 3.232220e-01 
6.146123e-01 5.129994e-07 3.278210e-01 
6.134429e-01 5.109692e-07 3.244380e-01 
6.141973e-01 5.158896e-07 3.267890e-01 
6.151831e-01 5.163153e-07 3.521740e-01 
6.134335e-01 5.121896e-07 3.370260e-01 
6.133694e-01 5.085473e-07 3.234340e-01 
6.147860e-01 5.131910e-07 3.268910e-01 
6.133785e-01 5.122545e-07 3.261930e-01 
6.132640e-01 5.089187e-07 3.269410e-01 
6.143798e-01 5.138176e-07 3.370910e-01 
6.131656e-01 5.109296e-07 3.341660e-01 
6.135037e-01 5.089673e-07 3.257050e-01 
6.147685e-01 5.143550e-07 3.219080e-01 
6.132953e-01 5.109502e-07 3.295820e-01 
6.138037e-01 5.134061e-07 3.235620e-01 
6.129010e-01 5.067927e-07 3.278820e-01 
6.140241e-01 5.102981e-07 3.271570e-01 
6.144110e-01 5.131020e-07 3.275190e-01 
6.147251e-01 5.129934e-07 3.374900e-01 
6.140713e-01 5.096995e-07 3.425100e-01 
6.126463e-01 5.111598e-07 3.260440e-01 
6.138150e-01 5.123290e-07 3.246350e-01 
6.136613e-01 5.126489e-07 3.255320e-01 
6.138823e-01 5.147843e-07 3.267000e-01 
6.128587e-01 5.081723e-07 3.290290e-01 
6.122991e-01 5.068788e-07 3.282860e-01 
6.135449e-01 5.089057e-07 3.244630e-01 
