# dim  N   mc   sigma  Gibbs 
# 1    1 600000 0.9
#
# Theoretical Energy = 5.000000e-01
# Energy     Variance     CPU time
4.088806e-01 4.653925e-08 3.700540e-01 
4.096433e-01 4.663786e-08 3.269150e-01 
4.095438e-01 4.539420e-08 3.271510e-01 
4.094193e-01 4.486158e-08 3.322570e-01 
4.095093e-01 4.417706e-08 3.248450e-01 
4.094681e-01 4.345611e-08 3.295170e-01 
4.098134e-01 4.291537e-08 3.418610e-01 
4.091652e-01 4.188936e-08 3.278330e-01 
4.092903e-01 4.153211e-08 3.255380e-01 
4.095931e-01 4.099480e-08 3.327710e-01 
4.094268e-01 4.083392e-08 3.278620e-01 
4.093553e-01 3.999696e-08 3.332430e-01 
4.091837e-01 3.946847e-08 3.459400e-01 
4.086468e-01 3.888098e-08 3.277920e-01 
4.085044e-01 3.810784e-08 3.306540e-01 
4.086056e-01 3.774104e-08 3.317560e-01 
4.083060e-01 3.737480e-08 3.279870e-01 
4.082114e-01 3.706609e-08 3.270800e-01 
4.079611e-01 3.654070e-08 3.326880e-01 
4.074484e-01 3.569275e-08 3.298250e-01 
4.072205e-01 3.547146e-08 3.333620e-01 
4.070383e-01 3.511550e-08 3.379090e-01 
4.069604e-01 3.500271e-08 3.267330e-01 
4.062566e-01 3.403691e-08 3.385890e-01 
4.061031e-01 3.387574e-08 4.451550e-01 
4.059390e-01 3.382101e-08 3.800680e-01 
4.051927e-01 3.327423e-08 3.639040e-01 
4.050697e-01 3.278060e-08 3.299460e-01 
4.044485e-01 3.245086e-08 3.247620e-01 
4.045715e-01 3.232126e-08 3.408420e-01 
4.040660e-01 3.187262e-08 3.330130e-01 
4.032489e-01 3.137322e-08 3.303890e-01 
4.030940e-01 3.144717e-08 3.420040e-01 
4.026149e-01 3.088095e-08 3.278320e-01 
4.021291e-01 3.052841e-08 3.354560e-01 
4.017143e-01 3.033830e-08 3.510620e-01 
4.011442e-01 3.009205e-08 3.386270e-01 
4.008654e-01 2.983543e-08 3.295320e-01 
4.007373e-01 2.983493e-08 3.344830e-01 
4.000983e-01 2.938780e-08 3.402170e-01 
3.994498e-01 2.903845e-08 3.277620e-01 
3.988761e-01 2.871543e-08 3.316130e-01 
3.985685e-01 2.871565e-08 3.271720e-01 
3.981961e-01 2.829675e-08 3.256330e-01 
3.979028e-01 2.825439e-08 3.329290e-01 
3.973046e-01 2.808566e-08 3.316870e-01 
3.967752e-01 2.761580e-08 3.281760e-01 
3.963413e-01 2.760699e-08 3.302590e-01 
3.955541e-01 2.724165e-08 3.284140e-01 
3.951065e-01 2.707985e-08 3.414820e-01 
3.948807e-01 2.697310e-08 3.343620e-01 
3.942489e-01 2.674220e-08 3.404300e-01 
3.936236e-01 2.648679e-08 3.300490e-01 
3.935326e-01 2.656280e-08 3.438440e-01 
3.928428e-01 2.623929e-08 3.284760e-01 
3.923756e-01 2.625910e-08 3.308240e-01 
3.918352e-01 2.597223e-08 3.372100e-01 
3.912552e-01 2.572298e-08 3.264770e-01 
3.908405e-01 2.555483e-08 3.262160e-01 
3.905477e-01 2.558653e-08 3.381480e-01 
3.897644e-01 2.520016e-08 3.365100e-01 
3.895187e-01 2.523779e-08 3.371650e-01 
3.889288e-01 2.509462e-08 3.404830e-01 
3.883673e-01 2.473926e-08 3.515610e-01 
3.881212e-01 2.475854e-08 3.273330e-01 
3.872354e-01 2.451700e-08 3.361930e-01 
3.870052e-01 2.467184e-08 3.416840e-01 
3.864358e-01 2.437859e-08 3.304400e-01 
3.859556e-01 2.426892e-08 3.359420e-01 
3.855386e-01 2.418179e-08 3.289220e-01 
3.851681e-01 2.410403e-08 3.267020e-01 
3.844094e-01 2.377358e-08 3.397930e-01 
3.841237e-01 2.385817e-08 3.254910e-01 
3.836502e-01 2.373702e-08 3.298800e-01 
3.830375e-01 2.366086e-08 3.341660e-01 
3.829285e-01 2.366114e-08 3.314850e-01 
3.823446e-01 2.356932e-08 3.315030e-01 
3.816462e-01 2.322072e-08 3.342110e-01 
3.814920e-01 2.342833e-08 3.314910e-01 
3.809393e-01 2.314525e-08 3.300420e-01 
3.805932e-01 2.320672e-08 3.365680e-01 
3.802611e-01 2.315166e-08 3.343910e-01 
3.793912e-01 2.296972e-08 3.326900e-01 
3.792286e-01 2.289983e-08 3.460010e-01 
3.788624e-01 2.292834e-08 3.316640e-01 
3.784167e-01 2.282846e-08 3.279750e-01 
3.780028e-01 2.283589e-08 3.318820e-01 
3.773006e-01 2.260473e-08 3.355990e-01 
3.768005e-01 2.241073e-08 3.529220e-01 
3.766543e-01 2.256842e-08 3.416740e-01 
3.756836e-01 2.211765e-08 3.269100e-01 
3.757776e-01 2.233256e-08 3.277870e-01 
3.751761e-01 2.235229e-08 3.358050e-01 
3.751784e-01 2.246805e-08 3.287020e-01 
3.746875e-01 2.240068e-08 3.365680e-01 
3.743390e-01 2.235737e-08 3.286510e-01 
3.739750e-01 2.219670e-08 3.300050e-01 
3.733264e-01 2.210455e-08 3.366690e-01 
3.729283e-01 2.199957e-08 3.611960e-01 
3.728579e-01 2.217749e-08 3.400660e-01 
3.720010e-01 2.185045e-08 3.634850e-01 
3.718864e-01 2.203362e-08 3.341010e-01 
3.713531e-01 2.197778e-08 3.278860e-01 
3.710332e-01 2.172002e-08 3.354030e-01 
3.705714e-01 2.188597e-08 3.370460e-01 
3.703757e-01 2.180029e-08 3.364590e-01 
3.698708e-01 2.164961e-08 3.350240e-01 
3.694027e-01 2.161182e-08 3.621620e-01 
3.691337e-01 2.165753e-08 3.288050e-01 
3.686634e-01 2.137534e-08 3.418510e-01 
3.684473e-01 2.147220e-08 3.335790e-01 
3.680323e-01 2.142280e-08 3.372300e-01 
3.678898e-01 2.145649e-08 3.353900e-01 
3.675066e-01 2.139087e-08 3.365790e-01 
3.669753e-01 2.139632e-08 3.360510e-01 
3.668821e-01 2.142754e-08 4.352740e-01 
3.666229e-01 2.150293e-08 3.566110e-01 
3.660733e-01 2.137661e-08 3.288220e-01 
3.659883e-01 2.140597e-08 3.430620e-01 
3.656295e-01 2.135659e-08 3.336960e-01 
3.652651e-01 2.128589e-08 3.293820e-01 
3.645673e-01 2.113971e-08 3.314880e-01 
3.644646e-01 2.105740e-08 3.423830e-01 
3.640235e-01 2.100117e-08 3.286560e-01 
3.637887e-01 2.103594e-08 3.335140e-01 
3.634943e-01 2.116833e-08 3.313460e-01 
3.633022e-01 2.104245e-08 3.322600e-01 
3.627573e-01 2.085574e-08 3.329690e-01 
3.627338e-01 2.107978e-08 3.267210e-01 
3.623267e-01 2.102505e-08 3.295180e-01 
3.619712e-01 2.091123e-08 3.380000e-01 
3.618415e-01 2.100760e-08 3.473800e-01 
3.617132e-01 2.099985e-08 3.429850e-01 
3.611635e-01 2.092485e-08 3.391350e-01 
3.609401e-01 2.085454e-08 3.395710e-01 
3.606628e-01 2.098576e-08 3.287210e-01 
3.603156e-01 2.095020e-08 3.705840e-01 
3.599819e-01 2.085684e-08 3.321250e-01 
3.597838e-01 2.084692e-08 3.347790e-01 
3.594805e-01 2.090157e-08 3.466960e-01 
3.593733e-01 2.072915e-08 3.383910e-01 
3.590512e-01 2.083641e-08 3.442250e-01 
3.586899e-01 2.065615e-08 3.351630e-01 
3.586605e-01 2.090985e-08 3.330940e-01 
3.582655e-01 2.076736e-08 3.360150e-01 
3.580616e-01 2.078590e-08 3.325340e-01 
3.579206e-01 2.082022e-08 3.376660e-01 
3.575633e-01 2.076255e-08 3.363380e-01 
3.572749e-01 2.066000e-08 3.329040e-01 
3.570852e-01 2.067225e-08 3.329770e-01 
3.566665e-01 2.058067e-08 3.278420e-01 
3.564757e-01 2.075806e-08 3.452090e-01 
3.567383e-01 2.094656e-08 3.365440e-01 
3.564676e-01 2.071558e-08 3.281100e-01 
3.560216e-01 2.072925e-08 3.327490e-01 
3.555403e-01 2.062852e-08 3.282620e-01 
3.553873e-01 2.047642e-08 3.267360e-01 
3.552117e-01 2.062285e-08 3.352820e-01 
3.548453e-01 2.051870e-08 3.314070e-01 
3.551219e-01 2.072755e-08 3.246370e-01 
3.546902e-01 2.058224e-08 3.331890e-01 
3.546235e-01 2.061003e-08 3.292650e-01 
3.543972e-01 2.063496e-08 3.279820e-01 
3.540793e-01 2.058306e-08 3.334670e-01 
3.538811e-01 2.054084e-08 3.271480e-01 
3.533521e-01 2.030490e-08 3.288830e-01 
3.537878e-01 2.053123e-08 3.353920e-01 
3.530999e-01 2.050867e-08 3.270040e-01 
3.532486e-01 2.058846e-08 3.527930e-01 
3.527346e-01 2.034892e-08 4.141880e-01 
3.527667e-01 2.051625e-08 4.608110e-01 
3.526119e-01 2.063497e-08 4.562310e-01 
3.523805e-01 2.047392e-08 4.161540e-01 
3.522536e-01 2.058476e-08 3.849330e-01 
3.522296e-01 2.060768e-08 3.436010e-01 
3.520053e-01 2.049164e-08 3.309030e-01 
3.515671e-01 2.038909e-08 3.340340e-01 
3.514378e-01 2.034257e-08 3.326750e-01 
3.514427e-01 2.064272e-08 3.372870e-01 
3.512009e-01 2.052590e-08 3.345120e-01 
3.508753e-01 2.023502e-08 3.337830e-01 
3.507652e-01 2.051851e-08 3.413600e-01 
3.503928e-01 2.033475e-08 3.392550e-01 
3.505028e-01 2.045477e-08 3.411350e-01 
3.503537e-01 2.048667e-08 3.299150e-01 
3.500725e-01 2.038697e-08 3.336090e-01 
3.500806e-01 2.034162e-08 3.315920e-01 
3.501161e-01 2.047755e-08 3.311020e-01 
3.499262e-01 2.054678e-08 3.413410e-01 
3.497566e-01 2.042979e-08 3.323820e-01 
3.496941e-01 2.047908e-08 3.443500e-01 
3.495063e-01 2.039539e-08 3.411010e-01 
3.492597e-01 2.029689e-08 3.357300e-01 
3.492033e-01 2.046988e-08 3.293360e-01 
3.490349e-01 2.053268e-08 3.491380e-01 
3.489703e-01 2.049851e-08 3.277930e-01 
3.489759e-01 2.045722e-08 3.279490e-01 
3.485661e-01 2.048159e-08 3.326770e-01 
3.485882e-01 2.044806e-08 3.317910e-01 
3.483776e-01 2.047304e-08 3.244830e-01 
3.482213e-01 2.045686e-08 3.522930e-01 
3.480939e-01 2.048024e-08 3.379940e-01 
3.479951e-01 2.045293e-08 3.291170e-01 
3.479055e-01 2.047152e-08 3.457490e-01 
3.478431e-01 2.041159e-08 3.952540e-01 
3.475722e-01 2.040522e-08 3.945600e-01 
3.473991e-01 2.034461e-08 3.371480e-01 
3.474070e-01 2.049346e-08 3.466310e-01 
3.473771e-01 2.054335e-08 3.283070e-01 
3.471748e-01 2.049591e-08 3.394380e-01 
3.472238e-01 2.051547e-08 3.396820e-01 
3.466919e-01 2.031982e-08 3.262540e-01 
3.466971e-01 2.026439e-08 3.316380e-01 
3.470216e-01 2.050069e-08 3.280380e-01 
3.466979e-01 2.029152e-08 3.329580e-01 
3.461369e-01 2.022836e-08 3.458830e-01 
3.463400e-01 2.040781e-08 3.306150e-01 
3.459680e-01 2.007313e-08 3.269710e-01 
3.460551e-01 2.039133e-08 3.437250e-01 
3.458792e-01 2.031667e-08 3.291840e-01 
3.455587e-01 2.010493e-08 3.418150e-01 
3.457949e-01 2.041202e-08 3.296010e-01 
3.458481e-01 2.047122e-08 3.397170e-01 
3.454846e-01 2.024871e-08 3.298840e-01 
3.454297e-01 2.019759e-08 3.449000e-01 
3.453157e-01 2.026043e-08 3.617880e-01 
3.455689e-01 2.054185e-08 3.367600e-01 
3.454856e-01 2.037384e-08 3.299380e-01 
3.450742e-01 2.028200e-08 3.307750e-01 
3.450962e-01 2.031799e-08 3.500000e-01 
3.450188e-01 2.043696e-08 3.529400e-01 
3.447498e-01 2.035619e-08 4.237170e-01 
3.447065e-01 2.027764e-08 3.595640e-01 
3.448597e-01 2.043840e-08 3.959610e-01 
3.449533e-01 2.050739e-08 3.670740e-01 
3.445254e-01 2.037656e-08 3.525740e-01 
3.443425e-01 2.023551e-08 4.111730e-01 
3.445368e-01 2.034370e-08 3.975850e-01 
3.444617e-01 2.045677e-08 3.855200e-01 
3.443221e-01 2.037954e-08 4.156570e-01 
3.442130e-01 2.024067e-08 3.881550e-01 
3.441506e-01 2.033827e-08 3.593490e-01 
3.441528e-01 2.041990e-08 3.640170e-01 
3.439645e-01 2.038672e-08 3.992630e-01 
3.438117e-01 2.025203e-08 4.131100e-01 
3.439400e-01 2.040576e-08 4.025480e-01 
3.439247e-01 2.055292e-08 4.308330e-01 
3.439274e-01 2.047068e-08 4.494650e-01 
3.436456e-01 2.036061e-08 3.601960e-01 
3.435947e-01 2.039843e-08 3.425810e-01 
3.435121e-01 2.026706e-08 3.386670e-01 
3.433576e-01 2.025124e-08 3.778820e-01 
3.435310e-01 2.026608e-08 3.706440e-01 
3.432134e-01 2.025648e-08 3.484070e-01 
3.434651e-01 2.041751e-08 3.620910e-01 
3.433300e-01 2.036869e-08 3.710450e-01 
3.432560e-01 2.041514e-08 3.674880e-01 
3.432138e-01 2.045600e-08 3.565640e-01 
3.430785e-01 2.051584e-08 3.854370e-01 
3.429503e-01 2.034633e-08 3.695960e-01 
3.428825e-01 2.029745e-08 3.855020e-01 
3.425829e-01 2.023731e-08 3.950780e-01 
3.427673e-01 2.026745e-08 3.739910e-01 
3.428154e-01 2.047644e-08 3.722300e-01 
3.426631e-01 2.042756e-08 3.818570e-01 
3.424642e-01 2.015822e-08 3.958470e-01 
3.424934e-01 2.029130e-08 3.475940e-01 
3.425689e-01 2.047718e-08 3.379510e-01 
3.425612e-01 2.033837e-08 3.636310e-01 
3.423775e-01 2.027130e-08 3.509270e-01 
3.426321e-01 2.055965e-08 3.727900e-01 
3.422204e-01 2.029835e-08 3.863920e-01 
3.420886e-01 2.013287e-08 3.559060e-01 
3.421045e-01 2.030914e-08 3.540870e-01 
3.420949e-01 2.019060e-08 3.727260e-01 
3.420655e-01 2.030152e-08 3.784590e-01 
3.417387e-01 2.012427e-08 3.668390e-01 
3.420397e-01 2.034965e-08 3.914060e-01 
3.418786e-01 2.034340e-08 3.644450e-01 
3.422134e-01 2.055906e-08 3.692430e-01 
3.419559e-01 2.028701e-08 3.909010e-01 
3.417186e-01 2.035763e-08 3.734560e-01 
3.418542e-01 2.034924e-08 3.834800e-01 
3.418792e-01 2.046285e-08 3.793320e-01 
3.415303e-01 2.019335e-08 3.534880e-01 
3.415895e-01 2.037996e-08 3.627700e-01 
3.418275e-01 2.035856e-08 4.572040e-01 
3.414503e-01 2.016762e-08 4.852960e-01 
3.416189e-01 2.032271e-08 5.295860e-01 
3.414728e-01 2.018934e-08 3.886100e-01 
3.413165e-01 2.029189e-08 4.815850e-01 
3.417159e-01 2.046823e-08 3.872930e-01 
3.415361e-01 2.030666e-08 3.709920e-01 
3.412403e-01 2.021332e-08 3.860840e-01 
3.411583e-01 2.017881e-08 3.775880e-01 
3.411793e-01 2.035422e-08 3.814850e-01 
3.413688e-01 2.035981e-08 3.914220e-01 
3.410729e-01 2.024369e-08 3.799090e-01 
3.411380e-01 2.030711e-08 3.782700e-01 
3.409895e-01 2.022937e-08 4.403060e-01 
3.411662e-01 2.027823e-08 4.737360e-01 
3.409991e-01 2.013251e-08 5.001590e-01 
3.411587e-01 2.034598e-08 4.453110e-01 
3.409312e-01 2.023282e-08 3.729160e-01 
3.407393e-01 2.013408e-08 3.309470e-01 
3.408005e-01 2.029681e-08 3.566430e-01 
3.410715e-01 2.032788e-08 3.361510e-01 
3.408477e-01 2.024963e-08 3.544840e-01 
3.407741e-01 2.020438e-08 3.450850e-01 
3.406150e-01 2.018787e-08 3.345540e-01 
3.408617e-01 2.027520e-08 3.256040e-01 
3.406643e-01 2.026716e-08 3.349030e-01 
3.407812e-01 2.033771e-08 3.367110e-01 
3.407694e-01 2.032309e-08 3.286760e-01 
3.405568e-01 2.023222e-08 3.304870e-01 
3.406757e-01 2.027649e-08 3.289910e-01 
3.407758e-01 2.040906e-08 3.299690e-01 
3.405374e-01 2.019503e-08 3.323060e-01 
3.405063e-01 2.023244e-08 3.297300e-01 
3.402626e-01 2.012896e-08 3.305500e-01 
3.405097e-01 2.030884e-08 3.304300e-01 
3.404251e-01 2.023658e-08 3.445690e-01 
3.404363e-01 2.017970e-08 3.284050e-01 
3.402503e-01 2.021015e-08 3.291450e-01 
3.403760e-01 2.036786e-08 3.275820e-01 
3.403938e-01 2.028926e-08 3.274610e-01 
3.400191e-01 2.001350e-08 3.447170e-01 
3.402741e-01 2.036990e-08 3.260280e-01 
3.402083e-01 2.024297e-08 3.379980e-01 
3.404533e-01 2.035228e-08 3.309630e-01 
3.402245e-01 2.030292e-08 3.275730e-01 
3.401389e-01 2.022774e-08 3.256800e-01 
3.402200e-01 2.021462e-08 3.260830e-01 
3.403795e-01 2.031287e-08 3.322140e-01 
3.403024e-01 2.048445e-08 3.246150e-01 
3.401296e-01 2.028486e-08 3.254810e-01 
3.401364e-01 2.019806e-08 3.345330e-01 
3.400580e-01 2.019047e-08 3.258210e-01 
3.401338e-01 2.047856e-08 3.277100e-01 
3.401434e-01 2.042313e-08 3.293650e-01 
3.400362e-01 2.025181e-08 3.300250e-01 
3.400049e-01 2.025689e-08 3.282530e-01 
3.401471e-01 2.033053e-08 3.395190e-01 
3.399498e-01 2.030204e-08 3.242970e-01 
3.402061e-01 2.038459e-08 3.268860e-01 
3.401195e-01 2.036174e-08 3.316650e-01 
3.399605e-01 2.019756e-08 3.414180e-01 
3.399044e-01 2.026805e-08 3.334350e-01 
3.396150e-01 2.018346e-08 3.329250e-01 
3.399763e-01 2.026180e-08 3.254010e-01 
3.398480e-01 2.024159e-08 3.326870e-01 
3.397676e-01 2.026491e-08 3.328800e-01 
3.397696e-01 2.042003e-08 3.337800e-01 
3.396454e-01 2.006093e-08 3.244620e-01 
3.397776e-01 2.035981e-08 3.372280e-01 
3.399141e-01 2.023905e-08 3.330020e-01 
3.396685e-01 2.021059e-08 3.313530e-01 
3.396959e-01 2.025177e-08 3.339780e-01 
3.397695e-01 2.013363e-08 3.261990e-01 
3.397681e-01 2.034127e-08 3.298610e-01 
3.396257e-01 2.013526e-08 3.373030e-01 
3.394396e-01 2.027415e-08 3.292400e-01 
3.394961e-01 2.010737e-08 3.338440e-01 
3.396176e-01 2.021134e-08 3.298830e-01 
3.400677e-01 2.044325e-08 3.263550e-01 
3.396640e-01 2.024347e-08 3.260670e-01 
3.395649e-01 2.019306e-08 3.307660e-01 
3.398492e-01 2.037461e-08 3.276770e-01 
3.394252e-01 2.019604e-08 3.268600e-01 
3.395398e-01 2.034344e-08 3.395110e-01 
3.394369e-01 2.010515e-08 3.293450e-01 
3.394179e-01 2.020505e-08 3.260840e-01 
3.397936e-01 2.038044e-08 3.309710e-01 
3.395308e-01 2.022552e-08 3.288890e-01 
3.396143e-01 2.026334e-08 4.059390e-01 
3.396581e-01 2.031908e-08 3.985350e-01 
3.396178e-01 2.034954e-08 3.333460e-01 
3.397115e-01 2.025565e-08 3.389950e-01 
3.394424e-01 2.029254e-08 3.284280e-01 
3.394425e-01 2.015751e-08 3.300590e-01 
3.392690e-01 2.007436e-08 3.298040e-01 
3.397306e-01 2.036986e-08 3.310150e-01 
3.393435e-01 2.025038e-08 3.312210e-01 
3.396566e-01 2.040336e-08 3.388100e-01 
3.396642e-01 2.039843e-08 3.283030e-01 
3.396214e-01 2.044300e-08 3.374120e-01 
3.394104e-01 2.034994e-08 3.351550e-01 
3.396827e-01 2.027348e-08 3.285480e-01 
3.393262e-01 2.023628e-08 3.292220e-01 
3.393247e-01 2.019797e-08 3.348540e-01 
3.393014e-01 2.021303e-08 3.279960e-01 
3.391477e-01 2.009622e-08 3.257990e-01 
3.394026e-01 2.030695e-08 3.338050e-01 
3.394499e-01 2.028209e-08 3.271970e-01 
3.394658e-01 2.019528e-08 3.262950e-01 
3.391716e-01 2.008908e-08 3.327690e-01 
3.394706e-01 2.024947e-08 3.275050e-01 
3.393214e-01 2.029237e-08 3.302630e-01 
3.394569e-01 2.023089e-08 3.313310e-01 
3.393661e-01 2.023792e-08 3.265480e-01 
3.392687e-01 2.036968e-08 3.335130e-01 
3.391131e-01 2.008562e-08 3.382440e-01 
3.392107e-01 2.017719e-08 3.308410e-01 
3.393268e-01 2.018642e-08 3.279410e-01 
3.390954e-01 2.012699e-08 3.424410e-01 
3.392951e-01 2.026432e-08 3.262040e-01 
3.392656e-01 2.027776e-08 3.253870e-01 
3.393436e-01 2.035578e-08 3.273830e-01 
3.395163e-01 2.039400e-08 3.363480e-01 
3.390493e-01 2.010418e-08 3.263850e-01 
3.391619e-01 2.015261e-08 3.324560e-01 
3.393596e-01 2.035949e-08 3.374970e-01 
3.394195e-01 2.028036e-08 3.274940e-01 
3.391999e-01 2.027793e-08 3.280400e-01 
3.392876e-01 2.025728e-08 3.308390e-01 
3.393154e-01 2.023106e-08 3.345040e-01 
3.392808e-01 2.028082e-08 3.297830e-01 
3.394089e-01 2.021829e-08 3.647160e-01 
3.391403e-01 2.023176e-08 3.265200e-01 
3.388989e-01 2.010277e-08 3.267290e-01 
3.393363e-01 2.033439e-08 3.295490e-01 
3.389870e-01 2.003297e-08 3.254160e-01 
3.392419e-01 2.032424e-08 3.339000e-01 
3.388381e-01 2.002173e-08 3.947650e-01 
3.391039e-01 2.021130e-08 3.316330e-01 
3.393029e-01 2.026683e-08 3.377920e-01 
3.391456e-01 2.022458e-08 3.493610e-01 
3.393678e-01 2.042261e-08 3.522440e-01 
3.392624e-01 2.030237e-08 3.596140e-01 
3.391604e-01 2.026335e-08 3.339040e-01 
3.391695e-01 2.026138e-08 3.358740e-01 
3.390301e-01 2.024090e-08 3.545260e-01 
3.390686e-01 2.020851e-08 3.281080e-01 
3.391759e-01 2.016628e-08 3.317080e-01 
3.391161e-01 2.021135e-08 3.296960e-01 
3.390863e-01 2.011430e-08 3.285970e-01 
3.392834e-01 2.034770e-08 3.290560e-01 
3.389690e-01 2.021625e-08 3.365070e-01 
3.392148e-01 2.036638e-08 3.324280e-01 
3.391824e-01 2.023277e-08 3.305260e-01 
3.391652e-01 2.029801e-08 3.356200e-01 
3.391215e-01 2.030507e-08 3.266000e-01 
3.392710e-01 2.044996e-08 3.320750e-01 
3.393320e-01 2.036158e-08 3.337400e-01 
3.390661e-01 2.029072e-08 3.313450e-01 
3.391521e-01 2.037253e-08 3.241470e-01 
3.391094e-01 2.026549e-08 3.565460e-01 
3.391336e-01 2.027191e-08 3.301590e-01 
3.393114e-01 2.023416e-08 3.409010e-01 
3.392090e-01 2.023920e-08 3.419670e-01 
3.388946e-01 2.007984e-08 3.337460e-01 
3.390604e-01 2.024496e-08 3.324030e-01 
3.390139e-01 2.018337e-08 3.477720e-01 
3.389399e-01 2.029023e-08 3.328980e-01 
3.390883e-01 2.023849e-08 3.357530e-01 
3.391836e-01 2.037058e-08 3.367310e-01 
3.389215e-01 2.014362e-08 3.339510e-01 
3.391643e-01 2.014061e-08 3.333250e-01 
3.390162e-01 2.018001e-08 3.437830e-01 
3.390408e-01 2.017217e-08 3.408730e-01 
3.389378e-01 2.014280e-08 3.919570e-01 
3.393491e-01 2.034109e-08 4.478100e-01 
3.390527e-01 2.007329e-08 4.377590e-01 
3.389797e-01 2.028592e-08 3.874140e-01 
3.388146e-01 2.012857e-08 4.100990e-01 
3.390249e-01 2.017891e-08 3.535890e-01 
3.389121e-01 2.014930e-08 3.277000e-01 
3.392234e-01 2.030322e-08 3.267450e-01 
3.392002e-01 2.037400e-08 3.304040e-01 
3.388557e-01 2.015372e-08 3.229820e-01 
3.390740e-01 2.035764e-08 3.240190e-01 
3.386464e-01 2.001728e-08 3.283770e-01 
3.393850e-01 2.041372e-08 3.266010e-01 
3.389210e-01 2.011521e-08 3.245500e-01 
3.386795e-01 1.996964e-08 3.248100e-01 
3.390541e-01 2.013443e-08 3.288300e-01 
3.389951e-01 2.008331e-08 3.312690e-01 
3.389637e-01 2.021975e-08 3.244800e-01 
3.390635e-01 2.030666e-08 3.311370e-01 
3.388920e-01 2.007154e-08 3.286260e-01 
3.391702e-01 2.044720e-08 3.370690e-01 
3.388093e-01 2.002614e-08 3.776500e-01 
3.391975e-01 2.031130e-08 3.392250e-01 
3.389780e-01 2.016710e-08 3.878980e-01 
3.390532e-01 2.015077e-08 3.342030e-01 
3.389968e-01 2.016811e-08 3.498840e-01 
3.392084e-01 2.033175e-08 3.698930e-01 
3.389788e-01 2.009413e-08 4.934500e-01 
3.390988e-01 2.039013e-08 4.353420e-01 
3.391312e-01 2.021764e-08 4.530410e-01 
3.390384e-01 2.029079e-08 3.722530e-01 
3.391360e-01 2.024334e-08 3.355880e-01 
3.390638e-01 2.028691e-08 3.328380e-01 
3.391109e-01 2.031627e-08 3.272580e-01 
3.389798e-01 2.017301e-08 3.324480e-01 
3.389611e-01 2.022088e-08 3.325010e-01 
3.389709e-01 2.031712e-08 3.261380e-01 
3.387141e-01 2.006038e-08 3.345120e-01 
3.389290e-01 2.017100e-08 3.273800e-01 
3.386519e-01 1.999932e-08 3.260590e-01 
3.389941e-01 2.020374e-08 3.337320e-01 
3.391274e-01 2.021687e-08 3.279460e-01 
3.389020e-01 2.010241e-08 3.316370e-01 
3.390579e-01 2.027134e-08 3.318450e-01 
3.388890e-01 2.017646e-08 3.305460e-01 
3.387834e-01 2.003651e-08 3.275580e-01 
3.388305e-01 2.020612e-08 3.337630e-01 
3.391213e-01 2.021433e-08 3.275550e-01 
3.391881e-01 2.037864e-08 3.277470e-01 
3.390816e-01 2.022163e-08 3.323780e-01 
3.390907e-01 2.018751e-08 3.275790e-01 
3.388965e-01 2.012380e-08 3.248190e-01 
3.392285e-01 2.031515e-08 3.312230e-01 
3.388906e-01 2.029912e-08 3.249960e-01 
3.389651e-01 2.011280e-08 3.268210e-01 
3.388468e-01 2.018597e-08 3.289570e-01 
3.389476e-01 2.011975e-08 3.255390e-01 
3.392010e-01 2.027034e-08 3.258620e-01 
3.389115e-01 2.027974e-08 3.300530e-01 
3.389191e-01 2.024127e-08 3.273490e-01 
3.390239e-01 2.020188e-08 3.257720e-01 
3.390414e-01 2.025804e-08 3.389250e-01 
3.391724e-01 2.031251e-08 3.268210e-01 
3.390527e-01 2.016805e-08 3.281100e-01 
3.387350e-01 2.007183e-08 3.323480e-01 
3.390766e-01 2.026012e-08 3.271090e-01 
3.389119e-01 2.016468e-08 3.275290e-01 
3.388365e-01 2.014943e-08 3.332870e-01 
3.387800e-01 2.014442e-08 3.326910e-01 
3.391225e-01 2.040571e-08 3.270060e-01 
3.389288e-01 2.013556e-08 3.352120e-01 
3.390277e-01 2.036163e-08 3.308390e-01 
3.387975e-01 2.012595e-08 3.314150e-01 
3.388214e-01 2.015901e-08 3.342050e-01 
3.386701e-01 1.998273e-08 3.266960e-01 
3.387303e-01 2.009676e-08 3.274160e-01 
3.389735e-01 2.030040e-08 3.489770e-01 
3.388814e-01 2.011804e-08 3.265190e-01 
3.391894e-01 2.045271e-08 3.394210e-01 
3.391515e-01 2.019938e-08 3.365550e-01 
3.387307e-01 2.008081e-08 3.268890e-01 
3.390515e-01 2.025246e-08 3.275910e-01 
3.390954e-01 2.021417e-08 3.339300e-01 
3.390340e-01 2.021033e-08 3.266820e-01 
3.389995e-01 2.010298e-08 3.260770e-01 
3.389891e-01 2.019420e-08 3.305940e-01 
3.391160e-01 2.017194e-08 3.276250e-01 
3.390910e-01 2.025047e-08 3.297410e-01 
3.390330e-01 2.019945e-08 3.314280e-01 
3.389079e-01 2.018242e-08 3.275490e-01 
3.392058e-01 2.045211e-08 3.292760e-01 
3.391201e-01 2.039353e-08 3.323840e-01 
3.391112e-01 2.033090e-08 3.289040e-01 
3.388019e-01 2.000678e-08 3.382240e-01 
3.388565e-01 2.016989e-08 4.332140e-01 
3.391434e-01 2.037129e-08 3.669980e-01 
3.391231e-01 2.029290e-08 3.314490e-01 
3.390637e-01 2.029900e-08 3.336570e-01 
3.392908e-01 2.024277e-08 3.425360e-01 
3.388473e-01 2.021464e-08 3.268100e-01 
3.391018e-01 2.031486e-08 3.357510e-01 
3.390384e-01 2.031947e-08 3.295590e-01 
3.388365e-01 2.016600e-08 3.300110e-01 
3.390295e-01 2.025824e-08 3.318000e-01 
3.388696e-01 2.015251e-08 3.281620e-01 
3.391064e-01 2.028051e-08 3.283920e-01 
3.391193e-01 2.026578e-08 3.348110e-01 
3.390748e-01 2.019965e-08 3.265520e-01 
3.386301e-01 2.006493e-08 3.359260e-01 
3.388782e-01 2.019973e-08 3.300900e-01 
3.389396e-01 2.020984e-08 3.311370e-01 
3.389466e-01 2.020078e-08 3.262710e-01 
3.388425e-01 2.016301e-08 3.398430e-01 
3.388443e-01 2.018810e-08 3.273220e-01 
3.387505e-01 1.994808e-08 3.294900e-01 
3.389839e-01 2.016177e-08 3.325440e-01 
3.390270e-01 2.019391e-08 3.278070e-01 
3.390895e-01 2.018057e-08 3.290230e-01 
3.390722e-01 2.029399e-08 3.392820e-01 
3.388369e-01 2.032572e-08 3.380440e-01 
3.389500e-01 2.013170e-08 3.339370e-01 
3.388765e-01 2.031702e-08 3.422280e-01 
3.387212e-01 2.003595e-08 3.274640e-01 
3.388007e-01 2.008198e-08 3.290110e-01 
3.390780e-01 2.033721e-08 3.340280e-01 
3.389902e-01 2.018839e-08 3.315500e-01 
3.389702e-01 2.034327e-08 3.301440e-01 
3.389071e-01 2.009795e-08 3.299000e-01 
3.391248e-01 2.026787e-08 3.268390e-01 
3.388847e-01 2.007004e-08 3.284580e-01 
3.390773e-01 2.024116e-08 3.345060e-01 
3.390520e-01 2.025741e-08 3.280690e-01 
3.387429e-01 2.002191e-08 3.290880e-01 
3.390838e-01 2.018065e-08 3.358420e-01 
3.389861e-01 2.015178e-08 3.284810e-01 
3.391417e-01 2.032153e-08 3.309280e-01 
3.386968e-01 2.005044e-08 3.352590e-01 
3.390129e-01 2.020393e-08 3.255100e-01 
3.388675e-01 2.024662e-08 3.307190e-01 
3.389487e-01 2.014317e-08 3.386260e-01 
3.390820e-01 2.022682e-08 3.275900e-01 
3.387999e-01 2.003543e-08 3.307100e-01 
3.390329e-01 2.032247e-08 3.360070e-01 
3.392392e-01 2.030987e-08 3.275190e-01 
3.390337e-01 2.018783e-08 3.271600e-01 
3.387466e-01 2.014004e-08 3.332760e-01 
3.389375e-01 2.012729e-08 3.279530e-01 
3.391435e-01 2.027013e-08 3.304700e-01 
3.389517e-01 2.013672e-08 3.337620e-01 
3.388180e-01 2.020782e-08 3.336420e-01 
3.390065e-01 2.017765e-08 3.273780e-01 
3.387176e-01 1.997071e-08 3.414530e-01 
3.390198e-01 2.014235e-08 3.241140e-01 
3.388950e-01 2.012243e-08 3.246900e-01 
3.389226e-01 2.020425e-08 3.306710e-01 
3.390505e-01 2.008595e-08 3.278720e-01 
3.387903e-01 2.002924e-08 3.291070e-01 
3.389223e-01 2.019987e-08 3.332380e-01 
3.388564e-01 2.020611e-08 3.268310e-01 
3.392676e-01 2.034726e-08 3.277660e-01 
3.387869e-01 2.007913e-08 3.345710e-01 
3.392111e-01 2.034183e-08 3.270600e-01 
3.389106e-01 2.013312e-08 3.279990e-01 
3.390866e-01 2.022538e-08 3.296600e-01 
3.389410e-01 2.032577e-08 3.310580e-01 
3.388885e-01 2.007033e-08 3.264100e-01 
3.387789e-01 2.009452e-08 3.314310e-01 
3.390485e-01 2.025592e-08 3.266070e-01 
3.388058e-01 2.002445e-08 3.258280e-01 
3.389223e-01 2.006429e-08 3.300850e-01 
3.389172e-01 2.009437e-08 3.304640e-01 
3.390277e-01 2.010601e-08 3.325020e-01 
3.389126e-01 2.019101e-08 3.354000e-01 
3.391036e-01 2.024247e-08 3.264940e-01 
3.391156e-01 2.027431e-08 3.267190e-01 
3.388139e-01 1.999111e-08 3.309710e-01 
3.390867e-01 2.015098e-08 3.312210e-01 
3.387844e-01 2.012773e-08 3.262380e-01 
3.390514e-01 2.015998e-08 3.345950e-01 
3.389054e-01 2.013243e-08 3.275070e-01 
3.392519e-01 2.030472e-08 3.289570e-01 
3.391155e-01 2.015992e-08 3.326200e-01 
3.389794e-01 2.012962e-08 3.254450e-01 
3.391648e-01 2.023766e-08 3.302430e-01 
3.392696e-01 2.025304e-08 3.329830e-01 
3.388701e-01 2.006893e-08 3.360430e-01 
3.389432e-01 2.011078e-08 4.211830e-01 
3.388597e-01 2.011501e-08 3.526630e-01 
3.387841e-01 2.012905e-08 3.295900e-01 
3.389841e-01 2.027286e-08 3.306410e-01 
3.392212e-01 2.030005e-08 3.311390e-01 
3.391000e-01 2.024938e-08 3.266620e-01 
3.386630e-01 1.999662e-08 3.261850e-01 
3.388987e-01 2.013549e-08 3.322650e-01 
3.388261e-01 2.011482e-08 3.265090e-01 
3.389389e-01 2.012939e-08 3.294810e-01 
3.391929e-01 2.018864e-08 3.359590e-01 
3.392055e-01 2.032059e-08 3.274770e-01 
3.389654e-01 2.015708e-08 3.296390e-01 
3.388484e-01 2.012441e-08 3.374710e-01 
3.390029e-01 2.018039e-08 3.287900e-01 
3.389939e-01 2.022497e-08 3.279060e-01 
3.388254e-01 2.015532e-08 3.426690e-01 
3.389021e-01 2.008833e-08 3.305060e-01 
3.391029e-01 2.028157e-08 3.260640e-01 
3.390106e-01 2.017252e-08 3.355930e-01 
3.391103e-01 2.020175e-08 3.302850e-01 
3.390324e-01 2.019940e-08 3.286920e-01 
3.389720e-01 2.007233e-08 3.319750e-01 
3.390844e-01 2.022439e-08 3.291880e-01 
3.389412e-01 2.022236e-08 3.294350e-01 
3.390973e-01 2.019817e-08 3.474310e-01 
3.387501e-01 2.005650e-08 3.270770e-01 
3.390633e-01 2.013622e-08 3.367640e-01 
3.388786e-01 2.010780e-08 3.352040e-01 
3.390280e-01 2.013598e-08 3.355140e-01 
3.389876e-01 2.015614e-08 3.315150e-01 
3.389122e-01 2.006788e-08 3.345150e-01 
3.388121e-01 2.016805e-08 3.304410e-01 
3.392184e-01 2.022036e-08 3.278560e-01 
3.389106e-01 2.016106e-08 3.378510e-01 
3.389421e-01 2.010792e-08 3.315510e-01 
3.391713e-01 2.009615e-08 3.315110e-01 
3.388135e-01 2.017831e-08 3.317360e-01 
3.389512e-01 2.006025e-08 3.306470e-01 
3.389296e-01 2.025048e-08 3.276310e-01 
3.389079e-01 2.018783e-08 3.318370e-01 
3.390402e-01 2.020473e-08 3.289890e-01 
3.390198e-01 2.011261e-08 3.262530e-01 
3.389606e-01 2.023131e-08 3.321270e-01 
3.388027e-01 2.005092e-08 3.254600e-01 
3.390393e-01 2.022307e-08 3.315180e-01 
3.390466e-01 2.012747e-08 3.381980e-01 
3.390082e-01 2.025017e-08 3.295220e-01 
3.389422e-01 2.005900e-08 3.282890e-01 
3.390408e-01 2.013597e-08 3.350830e-01 
3.388667e-01 2.012884e-08 3.269550e-01 
3.390856e-01 2.022916e-08 3.292960e-01 
3.389980e-01 2.011724e-08 3.337340e-01 
3.389731e-01 2.019938e-08 3.302230e-01 
3.389049e-01 2.008057e-08 3.293270e-01 
3.390375e-01 2.010040e-08 3.352320e-01 
3.391707e-01 2.033538e-08 3.287320e-01 
3.389650e-01 2.008138e-08 3.297070e-01 
3.388146e-01 1.996528e-08 3.347970e-01 
3.389723e-01 2.015568e-08 3.278240e-01 
3.390578e-01 2.026453e-08 3.350770e-01 
3.389506e-01 1.993844e-08 3.331080e-01 
3.390816e-01 2.011165e-08 3.323070e-01 
3.391177e-01 2.016012e-08 3.254380e-01 
3.390513e-01 2.011774e-08 3.375630e-01 
3.391340e-01 2.024533e-08 3.295160e-01 
3.390894e-01 2.011609e-08 3.292280e-01 
3.388676e-01 1.989011e-08 3.359010e-01 
3.387158e-01 2.001318e-08 3.252910e-01 
3.388347e-01 2.014100e-08 3.313240e-01 
3.388572e-01 2.007831e-08 3.322250e-01 
3.390465e-01 2.018114e-08 3.260380e-01 
3.390485e-01 2.017349e-08 3.267970e-01 
3.391106e-01 2.020331e-08 3.366750e-01 
3.389527e-01 2.014514e-08 3.288350e-01 
3.388618e-01 2.005747e-08 3.285480e-01 
3.388453e-01 2.006722e-08 3.330000e-01 
3.390811e-01 2.020027e-08 3.299130e-01 
3.389931e-01 2.016664e-08 3.307530e-01 
3.392573e-01 2.027705e-08 3.370560e-01 
3.391600e-01 2.032197e-08 3.285150e-01 
3.391330e-01 2.020534e-08 3.286680e-01 
3.388580e-01 2.004494e-08 3.355280e-01 
3.388656e-01 2.003254e-08 3.304010e-01 
3.388514e-01 2.004899e-08 3.312190e-01 
3.388502e-01 1.989864e-08 3.338940e-01 
3.392840e-01 2.017936e-08 3.279810e-01 
3.389844e-01 2.007940e-08 3.311170e-01 
3.391677e-01 2.022782e-08 3.313140e-01 
3.390927e-01 2.012357e-08 3.277200e-01 
3.389957e-01 2.018431e-08 3.266550e-01 
3.391627e-01 2.023202e-08 3.435060e-01 
3.388815e-01 2.011137e-08 4.452050e-01 
3.388281e-01 1.998234e-08 3.477560e-01 
3.389468e-01 2.013919e-08 3.353750e-01 
3.389667e-01 2.004685e-08 3.341290e-01 
3.389464e-01 2.010382e-08 3.307120e-01 
3.391816e-01 2.020220e-08 3.383610e-01 
3.389911e-01 2.004239e-08 3.313370e-01 
3.391703e-01 2.022350e-08 3.298180e-01 
3.392371e-01 2.017586e-08 3.354180e-01 
3.391495e-01 2.015870e-08 3.310310e-01 
3.392669e-01 2.022276e-08 3.278960e-01 
3.390467e-01 2.016515e-08 3.344260e-01 
3.391686e-01 2.027479e-08 3.266480e-01 
3.393787e-01 2.033273e-08 3.341500e-01 
3.389732e-01 2.013867e-08 3.320510e-01 
3.393047e-01 2.031920e-08 3.276270e-01 
3.386676e-01 1.982056e-08 3.281130e-01 
3.391089e-01 2.020412e-08 3.349300e-01 
3.390858e-01 2.019032e-08 3.301770e-01 
3.392897e-01 2.024590e-08 3.300900e-01 
3.389605e-01 2.013347e-08 3.324190e-01 
3.390910e-01 2.016708e-08 3.284930e-01 
3.393608e-01 2.038744e-08 3.297180e-01 
3.392263e-01 2.027043e-08 3.357140e-01 
3.389813e-01 2.000992e-08 3.305780e-01 
3.392931e-01 2.027517e-08 3.350420e-01 
3.394620e-01 2.045643e-08 3.335000e-01 
3.391148e-01 2.024017e-08 3.314910e-01 
3.391223e-01 2.016367e-08 3.266240e-01 
3.389136e-01 2.012477e-08 3.353100e-01 
3.389437e-01 2.005927e-08 3.317910e-01 
3.390666e-01 2.014395e-08 3.359310e-01 
3.392099e-01 2.025052e-08 3.310530e-01 
3.390929e-01 2.003191e-08 3.274580e-01 
3.390487e-01 2.011642e-08 3.277370e-01 
3.392205e-01 2.031869e-08 3.367700e-01 
3.395134e-01 2.030923e-08 3.277050e-01 
3.388910e-01 1.997459e-08 3.309460e-01 
3.390497e-01 2.005754e-08 3.339750e-01 
3.392254e-01 2.017286e-08 3.250750e-01 
3.391187e-01 2.029631e-08 3.280010e-01 
3.390539e-01 2.016287e-08 3.342520e-01 
3.391319e-01 2.006451e-08 3.438860e-01 
3.389565e-01 2.008309e-08 3.265760e-01 
3.393146e-01 2.026459e-08 3.370670e-01 
3.391471e-01 2.012816e-08 3.278610e-01 
3.389622e-01 2.009165e-08 3.288870e-01 
3.391124e-01 2.017464e-08 3.337180e-01 
3.390213e-01 2.009909e-08 3.299450e-01 
3.391210e-01 2.015785e-08 3.283490e-01 
3.392407e-01 2.025330e-08 3.506450e-01 
3.389276e-01 2.008423e-08 3.281560e-01 
3.393737e-01 2.047477e-08 3.744990e-01 
3.390824e-01 2.016801e-08 3.319340e-01 
3.394371e-01 2.027474e-08 3.313560e-01 
3.391859e-01 2.023436e-08 3.297200e-01 
3.389625e-01 2.015341e-08 3.334950e-01 
3.389644e-01 1.998590e-08 3.283300e-01 
3.389052e-01 2.006267e-08 3.304210e-01 
3.391085e-01 2.009533e-08 3.346420e-01 
3.391288e-01 2.027053e-08 3.280170e-01 
3.394116e-01 2.030991e-08 3.304600e-01 
3.390900e-01 2.008892e-08 3.353000e-01 
3.390635e-01 2.024118e-08 3.299320e-01 
3.390588e-01 2.008951e-08 3.287930e-01 
3.390488e-01 2.007034e-08 3.328090e-01 
3.390956e-01 2.007117e-08 3.271700e-01 
3.390452e-01 2.015126e-08 3.275780e-01 
3.388739e-01 2.000268e-08 3.320250e-01 
3.390939e-01 2.010750e-08 3.262280e-01 
3.388316e-01 2.001787e-08 3.261780e-01 
3.393648e-01 2.038719e-08 3.419200e-01 
3.390869e-01 2.016636e-08 3.265190e-01 
3.393114e-01 2.014963e-08 3.305060e-01 
3.391608e-01 2.016593e-08 3.338920e-01 
3.392601e-01 2.024543e-08 3.287140e-01 
3.390084e-01 2.021189e-08 3.531290e-01 
3.389983e-01 2.007566e-08 3.321390e-01 
3.394377e-01 2.044425e-08 3.511090e-01 
3.390561e-01 1.996892e-08 3.293500e-01 
3.388896e-01 2.007133e-08 3.616680e-01 
3.392540e-01 2.031620e-08 3.289890e-01 
3.389818e-01 2.000082e-08 3.300630e-01 
3.391710e-01 2.011980e-08 3.343570e-01 
3.392449e-01 2.020309e-08 3.279820e-01 
3.395691e-01 2.036724e-08 3.269030e-01 
3.394165e-01 2.020198e-08 3.334170e-01 
3.390979e-01 2.021841e-08 3.276360e-01 
3.393017e-01 2.024951e-08 3.306390e-01 
3.388524e-01 2.008588e-08 3.373070e-01 
3.391811e-01 2.028271e-08 3.354140e-01 
3.391552e-01 2.015254e-08 4.141630e-01 
3.392969e-01 2.030118e-08 3.949370e-01 
3.391396e-01 2.003450e-08 3.302300e-01 
3.389622e-01 2.005557e-08 3.285330e-01 
3.391644e-01 2.011317e-08 3.332690e-01 
3.391109e-01 2.013609e-08 3.275760e-01 
3.390224e-01 2.007771e-08 3.271280e-01 
3.390608e-01 2.018868e-08 3.347900e-01 
3.391334e-01 2.011254e-08 3.274110e-01 
3.391683e-01 2.024477e-08 3.280820e-01 
3.393342e-01 2.021666e-08 3.294650e-01 
3.390620e-01 2.016004e-08 3.285890e-01 
3.391503e-01 2.018337e-08 3.257510e-01 
3.389465e-01 1.996151e-08 3.336030e-01 
3.391186e-01 2.031464e-08 3.298170e-01 
3.390779e-01 2.021310e-08 3.284050e-01 
3.390077e-01 2.019186e-08 3.366430e-01 
3.392221e-01 2.029056e-08 3.282770e-01 
3.389600e-01 1.999374e-08 3.272690e-01 
3.390163e-01 2.002014e-08 3.326510e-01 
3.393124e-01 2.024745e-08 3.258350e-01 
3.389363e-01 2.012753e-08 3.272100e-01 
3.391570e-01 2.012986e-08 3.329610e-01 
3.393076e-01 2.027505e-08 3.279480e-01 
3.391863e-01 2.021076e-08 3.272230e-01 
3.388740e-01 2.010985e-08 3.394800e-01 
3.388791e-01 1.994318e-08 3.283090e-01 
3.391716e-01 2.020443e-08 3.322030e-01 
3.392778e-01 2.018782e-08 3.314470e-01 
3.395336e-01 2.041441e-08 3.255640e-01 
3.393563e-01 2.028854e-08 3.284720e-01 
3.391157e-01 2.001057e-08 3.311670e-01 
3.392403e-01 2.018100e-08 3.267670e-01 
3.390666e-01 1.999583e-08 3.252160e-01 
3.391475e-01 2.015333e-08 3.348480e-01 
3.390043e-01 2.014109e-08 3.294680e-01 
3.391656e-01 2.021608e-08 3.280200e-01 
3.389789e-01 2.001054e-08 3.334600e-01 
3.392036e-01 2.015149e-08 3.278180e-01 
3.393571e-01 2.021249e-08 3.268320e-01 
3.392285e-01 2.014175e-08 3.324610e-01 
3.390736e-01 2.008233e-08 3.258420e-01 
3.390740e-01 2.020047e-08 3.259310e-01 
3.389579e-01 1.994821e-08 3.317100e-01 
3.388798e-01 2.013782e-08 3.257690e-01 
3.391590e-01 2.000732e-08 3.263970e-01 
3.391329e-01 2.014849e-08 3.303130e-01 
3.388884e-01 2.005739e-08 3.284940e-01 
3.392215e-01 2.007143e-08 3.323380e-01 
3.393733e-01 2.021098e-08 3.401770e-01 
3.391496e-01 2.016850e-08 3.315700e-01 
3.389893e-01 2.008710e-08 3.261290e-01 
3.391107e-01 2.003557e-08 3.542770e-01 
3.392429e-01 2.011440e-08 3.268670e-01 
3.391872e-01 2.023048e-08 3.278650e-01 
3.390149e-01 2.016654e-08 3.321590e-01 
3.390856e-01 2.003821e-08 3.262130e-01 
3.390021e-01 2.014682e-08 3.274260e-01 
3.391564e-01 2.014799e-08 3.307930e-01 
3.392143e-01 2.021465e-08 3.262560e-01 
3.390047e-01 1.995278e-08 3.227750e-01 
3.391686e-01 2.008886e-08 3.365090e-01 
3.391307e-01 2.007213e-08 3.252920e-01 
3.390906e-01 1.999937e-08 3.279140e-01 
3.392463e-01 2.012101e-08 3.299550e-01 
3.390585e-01 2.015677e-08 3.258540e-01 
3.393283e-01 2.015492e-08 3.259790e-01 
3.392213e-01 2.019408e-08 3.352740e-01 
3.393043e-01 2.033829e-08 3.298010e-01 
3.393808e-01 2.018281e-08 3.258940e-01 
3.393339e-01 2.016332e-08 3.274420e-01 
3.391661e-01 2.013302e-08 3.285280e-01 
3.391666e-01 2.018472e-08 3.449740e-01 
3.391094e-01 1.998699e-08 3.324230e-01 
3.390967e-01 2.005309e-08 3.274370e-01 
3.392960e-01 2.017819e-08 3.299080e-01 
3.391370e-01 2.014961e-08 3.314930e-01 
3.389170e-01 2.009683e-08 3.269090e-01 
3.390426e-01 2.021981e-08 3.259770e-01 
3.389374e-01 2.009232e-08 3.327590e-01 
3.393418e-01 2.029150e-08 3.274500e-01 
3.388866e-01 1.997010e-08 3.280050e-01 
3.393109e-01 2.028612e-08 3.313120e-01 
3.390992e-01 2.003368e-08 3.278990e-01 
3.390998e-01 2.018591e-08 3.288570e-01 
3.392529e-01 2.015497e-08 3.351480e-01 
3.391269e-01 2.000661e-08 3.257220e-01 
3.392511e-01 2.025054e-08 3.261470e-01 
3.391426e-01 2.018800e-08 3.320860e-01 
3.389690e-01 2.014217e-08 3.247570e-01 
3.389401e-01 1.995928e-08 3.256310e-01 
3.390518e-01 2.013812e-08 3.320000e-01 
3.391128e-01 2.013571e-08 3.619970e-01 
3.389560e-01 1.993628e-08 4.715860e-01 
3.391249e-01 2.015207e-08 3.378970e-01 
3.393834e-01 2.031780e-08 3.265780e-01 
3.393305e-01 2.029688e-08 3.270840e-01 
3.390921e-01 2.005915e-08 3.327110e-01 
3.391043e-01 2.009290e-08 3.285750e-01 
3.390782e-01 2.000420e-08 3.322740e-01 
3.390387e-01 2.004528e-08 3.384320e-01 
3.390132e-01 1.998410e-08 3.282120e-01 
3.390820e-01 2.014003e-08 3.238730e-01 
3.392744e-01 2.019274e-08 3.399930e-01 
3.392013e-01 2.013040e-08 3.294340e-01 
3.390018e-01 2.006833e-08 3.299850e-01 
3.391833e-01 2.009512e-08 3.313820e-01 
3.392456e-01 2.017902e-08 3.276650e-01 
3.392298e-01 2.002231e-08 3.273150e-01 
3.390865e-01 2.020437e-08 3.314570e-01 
3.391914e-01 2.022919e-08 3.244950e-01 
3.390429e-01 2.017156e-08 3.283670e-01 
3.389164e-01 2.001808e-08 3.286250e-01 
3.390579e-01 2.000203e-08 3.251370e-01 
3.391525e-01 2.023289e-08 3.258530e-01 
3.391352e-01 2.019972e-08 3.283970e-01 
3.390844e-01 2.009915e-08 3.264370e-01 
3.390562e-01 2.010336e-08 3.265810e-01 
3.393248e-01 2.025661e-08 3.415410e-01 
3.389004e-01 2.006792e-08 3.344430e-01 
3.392161e-01 2.014077e-08 3.295760e-01 
3.391222e-01 2.004909e-08 3.350150e-01 
3.389298e-01 1.995042e-08 3.348320e-01 
3.392617e-01 2.022432e-08 3.305370e-01 
3.392225e-01 2.012571e-08 3.299700e-01 
3.390654e-01 2.010485e-08 3.253050e-01 
3.390982e-01 2.013186e-08 3.240350e-01 
3.392336e-01 2.013245e-08 3.333690e-01 
3.391263e-01 1.990157e-08 3.262590e-01 
3.391699e-01 2.020022e-08 3.262980e-01 
3.392538e-01 2.028049e-08 3.345310e-01 
3.393602e-01 2.028085e-08 3.282640e-01 
3.386568e-01 1.992550e-08 3.274470e-01 
3.390370e-01 2.016394e-08 3.349070e-01 
3.392086e-01 2.018099e-08 3.277140e-01 
3.390379e-01 2.011792e-08 3.312350e-01 
3.389647e-01 2.003382e-08 3.306560e-01 
3.392370e-01 2.018165e-08 3.263660e-01 
3.392073e-01 2.024045e-08 3.253110e-01 
3.391192e-01 2.015858e-08 3.310820e-01 
3.389911e-01 2.007338e-08 3.256740e-01 
3.389507e-01 2.001453e-08 3.282620e-01 
3.390430e-01 2.015952e-08 3.326270e-01 
3.389022e-01 2.001623e-08 3.290830e-01 
3.390536e-01 2.018400e-08 3.298320e-01 
3.390623e-01 2.013787e-08 3.324370e-01 
3.387883e-01 1.984928e-08 3.294000e-01 
3.390901e-01 2.006612e-08 3.269420e-01 
3.391757e-01 2.017295e-08 3.310710e-01 
3.392278e-01 2.014189e-08 3.282970e-01 
3.390814e-01 2.001755e-08 3.265690e-01 
3.391042e-01 2.015721e-08 3.360960e-01 
3.391836e-01 2.005076e-08 3.268990e-01 
3.391167e-01 2.010681e-08 3.250360e-01 
3.390920e-01 2.007468e-08 3.348300e-01 
3.390950e-01 2.003870e-08 3.257450e-01 
3.391197e-01 2.003547e-08 3.253230e-01 
3.388859e-01 2.007182e-08 3.344520e-01 
3.390668e-01 1.995598e-08 3.271070e-01 
3.389204e-01 1.996304e-08 3.258830e-01 
3.390134e-01 2.012854e-08 3.370780e-01 
3.394473e-01 2.038974e-08 3.262290e-01 
3.390809e-01 1.998193e-08 3.397990e-01 
3.391633e-01 2.009481e-08 3.269700e-01 
3.392981e-01 2.025901e-08 3.253450e-01 
3.393155e-01 2.031214e-08 3.267590e-01 
3.391742e-01 2.011884e-08 3.331920e-01 
3.388873e-01 2.007393e-08 3.248150e-01 
3.390221e-01 1.998045e-08 3.232800e-01 
3.391218e-01 2.009195e-08 3.350720e-01 
3.392336e-01 2.012613e-08 3.296790e-01 
3.390765e-01 2.013396e-08 3.277160e-01 
3.391631e-01 2.008471e-08 3.263290e-01 
3.390753e-01 2.013409e-08 3.294710e-01 
3.390718e-01 2.010176e-08 3.253070e-01 
3.392683e-01 2.015049e-08 3.277780e-01 
3.391828e-01 2.016836e-08 3.303280e-01 
3.389164e-01 1.997185e-08 3.240750e-01 
3.392175e-01 2.012691e-08 3.263840e-01 
3.395023e-01 2.025282e-08 3.294620e-01 
3.392606e-01 2.029699e-08 3.267560e-01 
3.392113e-01 2.013252e-08 3.292680e-01 
3.389351e-01 2.005672e-08 3.296380e-01 
3.391973e-01 2.012402e-08 3.280710e-01 
3.389339e-01 2.003357e-08 3.620520e-01 
3.390289e-01 2.012979e-08 4.094610e-01 
3.390604e-01 2.012361e-08 3.331300e-01 
3.392550e-01 2.010552e-08 3.342680e-01 
3.392585e-01 2.012368e-08 3.275750e-01 
3.392241e-01 2.009041e-08 3.301090e-01 
3.390649e-01 2.004250e-08 3.295540e-01 
3.391023e-01 2.013036e-08 3.266600e-01 
3.391546e-01 2.013498e-08 3.263960e-01 
3.395114e-01 2.024329e-08 3.319630e-01 
3.392157e-01 2.025595e-08 3.258690e-01 
3.391629e-01 2.011291e-08 3.266860e-01 
3.393210e-01 2.034247e-08 3.308420e-01 
3.390468e-01 2.002562e-08 3.247800e-01 
3.390975e-01 2.012916e-08 3.298320e-01 
3.392349e-01 2.017702e-08 3.359770e-01 
3.389437e-01 2.010840e-08 3.275350e-01 
3.395176e-01 2.022785e-08 3.238800e-01 
3.392268e-01 2.011780e-08 3.311460e-01 
3.392901e-01 2.019884e-08 3.259940e-01 
3.390617e-01 2.005943e-08 3.259250e-01 
3.391551e-01 2.006553e-08 3.280870e-01 
3.391927e-01 2.019256e-08 3.316000e-01 
3.389732e-01 1.994186e-08 3.249510e-01 
3.391930e-01 2.021571e-08 3.253150e-01 
3.390064e-01 2.001524e-08 3.293160e-01 
3.390014e-01 2.005015e-08 3.569160e-01 
3.392265e-01 2.009848e-08 3.599210e-01 
3.390922e-01 2.017348e-08 3.499170e-01 
3.392891e-01 2.021802e-08 3.578460e-01 
3.395472e-01 2.035482e-08 3.659230e-01 
3.391265e-01 2.010713e-08 3.441880e-01 
3.392176e-01 2.019763e-08 3.395560e-01 
3.389309e-01 1.995539e-08 3.393810e-01 
3.391168e-01 2.003203e-08 3.315860e-01 
3.391039e-01 2.015369e-08 3.283650e-01 
3.392931e-01 2.025703e-08 3.373570e-01 
3.390124e-01 2.002516e-08 3.243720e-01 
3.391867e-01 2.016812e-08 3.272950e-01 
3.390238e-01 2.003530e-08 3.391280e-01 
3.390709e-01 2.006889e-08 3.302340e-01 
3.391229e-01 2.002284e-08 3.378450e-01 
3.391879e-01 2.019161e-08 3.436120e-01 
3.391639e-01 2.003011e-08 3.438230e-01 
3.391572e-01 2.005309e-08 3.374540e-01 
3.390507e-01 2.010742e-08 3.376130e-01 
3.392614e-01 2.015133e-08 3.301300e-01 
3.391399e-01 2.010810e-08 3.350130e-01 
3.390467e-01 2.001050e-08 3.426370e-01 
3.390407e-01 2.004087e-08 3.351550e-01 
3.389516e-01 1.999094e-08 3.311400e-01 
3.392661e-01 2.010547e-08 3.472360e-01 
3.389213e-01 1.996601e-08 3.352200e-01 
3.394104e-01 2.032946e-08 3.425490e-01 
3.392686e-01 2.020770e-08 3.451740e-01 
3.392402e-01 2.013737e-08 3.428310e-01 
3.396219e-01 2.031928e-08 3.329130e-01 
3.391633e-01 2.016940e-08 3.365120e-01 
3.391894e-01 1.994875e-08 3.251000e-01 
3.390563e-01 2.019464e-08 3.482340e-01 
3.391592e-01 2.005688e-08 3.303350e-01 
3.392288e-01 2.017324e-08 3.311470e-01 
3.393480e-01 2.017234e-08 3.266610e-01 
3.391223e-01 2.009035e-08 3.382740e-01 
3.389720e-01 1.997690e-08 3.948660e-01 
3.392553e-01 2.020474e-08 4.187790e-01 
3.391073e-01 2.015100e-08 4.397360e-01 
3.390923e-01 2.014543e-08 3.715810e-01 
3.391057e-01 2.012508e-08 3.324260e-01 
3.392405e-01 2.024891e-08 3.258260e-01 
3.391501e-01 2.014693e-08 3.348070e-01 
3.391429e-01 2.012915e-08 3.407780e-01 
3.393604e-01 2.014681e-08 3.291520e-01 
3.391398e-01 1.995701e-08 3.325390e-01 
3.391584e-01 2.010041e-08 3.651960e-01 
3.394067e-01 2.027427e-08 3.239230e-01 
3.394297e-01 2.023989e-08 3.248160e-01 
3.391305e-01 1.997686e-08 3.383330e-01 
3.391672e-01 2.000362e-08 3.296210e-01 
3.391782e-01 2.012852e-08 3.548260e-01 
3.391401e-01 2.013203e-08 3.328490e-01 
3.392342e-01 2.011113e-08 3.281490e-01 
3.392164e-01 2.021113e-08 3.504220e-01 
3.390625e-01 2.009510e-08 3.307550e-01 
3.394141e-01 2.026946e-08 3.362090e-01 
3.392928e-01 2.019955e-08 3.342420e-01 
3.392859e-01 2.020271e-08 3.444350e-01 
3.392500e-01 2.012106e-08 3.393100e-01 
3.392832e-01 2.024354e-08 3.485210e-01 
3.392049e-01 2.009480e-08 3.582280e-01 
3.391943e-01 2.010165e-08 4.250260e-01 
3.391290e-01 2.013413e-08 4.043700e-01 
3.391623e-01 2.008569e-08 3.400110e-01 
3.391777e-01 2.008587e-08 3.671090e-01 
3.390137e-01 2.006799e-08 4.651090e-01 
3.394398e-01 2.013782e-08 4.674540e-01 
3.391504e-01 2.005623e-08 4.130800e-01 
3.394154e-01 2.027909e-08 3.540190e-01 
3.391023e-01 2.011119e-08 3.424550e-01 
3.393711e-01 2.016702e-08 3.577020e-01 
3.392897e-01 2.028151e-08 3.456890e-01 
3.389725e-01 1.990972e-08 3.493500e-01 
3.392670e-01 2.014754e-08 3.560230e-01 
3.392809e-01 2.016712e-08 4.241030e-01 
3.392178e-01 2.002990e-08 4.237670e-01 
3.390539e-01 2.000322e-08 3.737590e-01 
3.393780e-01 2.029694e-08 3.976960e-01 
3.391323e-01 2.014339e-08 4.303320e-01 
3.389866e-01 2.014830e-08 4.494830e-01 
3.391339e-01 1.988605e-08 4.421600e-01 
3.393013e-01 2.019755e-08 3.375250e-01 
3.394006e-01 2.029768e-08 3.563810e-01 
3.393289e-01 2.023608e-08 3.449100e-01 
3.389926e-01 2.007373e-08 3.336850e-01 
3.393671e-01 2.021348e-08 3.338460e-01 
3.390218e-01 2.003374e-08 3.298380e-01 
3.391325e-01 2.010522e-08 3.319650e-01 
3.389891e-01 1.999548e-08 3.418190e-01 
3.391988e-01 2.023440e-08 3.533070e-01 
3.393141e-01 2.019983e-08 3.773930e-01 
3.393037e-01 2.032060e-08 3.635240e-01 
3.389830e-01 1.998753e-08 3.553750e-01 
3.391109e-01 2.009492e-08 3.388760e-01 
3.389893e-01 1.991743e-08 3.557160e-01 
3.389840e-01 2.015445e-08 3.398190e-01 
3.390243e-01 2.006133e-08 3.511460e-01 
3.392252e-01 2.023373e-08 4.004920e-01 
3.392601e-01 2.019673e-08 3.643710e-01 
3.390745e-01 2.006057e-08 3.531660e-01 
3.391493e-01 2.005858e-08 4.729020e-01 
3.392474e-01 1.994568e-08 3.992580e-01 
3.393461e-01 2.024291e-08 3.714610e-01 
3.390799e-01 2.018667e-08 3.959690e-01 
3.392255e-01 2.022372e-08 4.393640e-01 
3.389333e-01 2.013431e-08 4.489880e-01 
3.392284e-01 2.010167e-08 4.519340e-01 
3.392361e-01 2.014132e-08 4.530110e-01 
3.393009e-01 2.009709e-08 4.892730e-01 
3.392309e-01 1.999125e-08 4.893100e-01 
3.391339e-01 2.026230e-08 3.504850e-01 
3.391756e-01 2.013902e-08 3.300060e-01 
3.391231e-01 2.008069e-08 3.253900e-01 
3.393747e-01 2.021054e-08 3.251020e-01 
3.392405e-01 2.010272e-08 3.499720e-01 
3.391767e-01 2.004448e-08 3.691110e-01 
3.395119e-01 2.029507e-08 3.462350e-01 
3.390224e-01 1.994659e-08 3.534080e-01 
3.393210e-01 2.010043e-08 3.405070e-01 
3.390871e-01 2.006614e-08 3.860450e-01 
3.392035e-01 2.015914e-08 4.007590e-01 
3.393352e-01 2.028494e-08 4.104070e-01 
3.390354e-01 2.005622e-08 3.647900e-01 
3.389465e-01 1.998154e-08 3.289030e-01 
3.391379e-01 2.002649e-08 3.319880e-01 
3.393192e-01 2.015947e-08 3.474600e-01 
3.390697e-01 2.011159e-08 3.314190e-01 
3.391710e-01 2.013826e-08 4.231590e-01 
3.390163e-01 2.011595e-08 3.702220e-01 
3.395124e-01 2.025593e-08 3.526240e-01 
3.394061e-01 2.023414e-08 3.813790e-01 
3.392466e-01 2.028711e-08 3.914790e-01 
3.388378e-01 1.995784e-08 3.781490e-01 
3.393034e-01 2.016584e-08 3.562150e-01 
3.389708e-01 1.998630e-08 3.643510e-01 
3.390935e-01 2.006696e-08 4.382040e-01 
3.392326e-01 2.019220e-08 4.080670e-01 
3.393071e-01 2.025660e-08 4.417490e-01 
3.391748e-01 2.002391e-08 5.152680e-01 
3.390448e-01 2.008084e-08 5.068280e-01 
3.390511e-01 2.002269e-08 5.213850e-01 
3.391424e-01 2.017790e-08 5.121740e-01 
3.391770e-01 2.006363e-08 5.184170e-01 
3.395194e-01 2.036242e-08 5.042970e-01 
3.391597e-01 2.006210e-08 5.168050e-01 
3.392476e-01 2.009129e-08 5.287850e-01 
3.393711e-01 2.027331e-08 5.017100e-01 
3.389124e-01 2.009999e-08 5.094780e-01 
3.391960e-01 2.029170e-08 5.144870e-01 
3.390767e-01 1.992471e-08 5.175010e-01 
3.392124e-01 2.026906e-08 5.157070e-01 
3.391302e-01 2.007874e-08 5.180590e-01 
3.389394e-01 1.995528e-08 4.577960e-01 
3.393573e-01 2.020593e-08 4.460650e-01 
3.389760e-01 1.988595e-08 4.737770e-01 
3.395239e-01 2.025367e-08 4.105650e-01 
3.390211e-01 1.994854e-08 4.801970e-01 
3.391314e-01 2.017457e-08 4.751110e-01 
3.392095e-01 2.013692e-08 4.878400e-01 
3.394521e-01 2.032468e-08 4.144520e-01 
3.390709e-01 2.004560e-08 4.083300e-01 
3.390857e-01 2.014042e-08 4.021480e-01 
3.388711e-01 2.004856e-08 4.631880e-01 
3.388804e-01 1.993778e-08 4.244660e-01 
3.391485e-01 2.014841e-08 3.847290e-01 
3.392116e-01 2.014752e-08 4.408300e-01 
3.395286e-01 2.033562e-08 3.871740e-01 
3.393211e-01 2.020777e-08 3.805000e-01 
3.391845e-01 2.002383e-08 5.022950e-01 
3.393116e-01 2.012965e-08 5.270590e-01 
3.390803e-01 2.003162e-08 5.035550e-01 
3.389925e-01 2.011966e-08 5.114790e-01 
3.393112e-01 2.027929e-08 5.177650e-01 
3.393486e-01 2.023791e-08 5.093240e-01 
3.391193e-01 2.005784e-08 4.971020e-01 
3.391749e-01 2.015097e-08 5.108920e-01 
3.393263e-01 2.019686e-08 5.122540e-01 
3.391814e-01 2.005840e-08 5.048160e-01 
3.393837e-01 2.022799e-08 5.169970e-01 
3.389742e-01 2.005624e-08 5.152350e-01 
3.393277e-01 2.015341e-08 5.090100e-01 
3.395533e-01 2.036993e-08 4.990180e-01 
3.392015e-01 2.004724e-08 5.200050e-01 
3.392646e-01 2.012065e-08 4.700890e-01 
3.392911e-01 2.017248e-08 4.634050e-01 
3.392788e-01 2.010886e-08 4.436620e-01 
3.391137e-01 1.990768e-08 4.504610e-01 
3.390587e-01 2.001838e-08 4.448900e-01 
3.390847e-01 2.014822e-08 4.706500e-01 
3.392982e-01 2.012606e-08 4.654940e-01 
3.393529e-01 2.027068e-08 4.946230e-01 
3.390652e-01 1.993947e-08 5.157270e-01 
3.391459e-01 2.010314e-08 5.042660e-01 
3.389348e-01 1.993211e-08 5.045120e-01 
3.392914e-01 2.023551e-08 4.555230e-01 
3.392397e-01 2.018546e-08 4.618600e-01 
3.392563e-01 2.002525e-08 4.808220e-01 
3.388164e-01 1.990563e-08 4.349910e-01 
3.394329e-01 2.022814e-08 4.438680e-01 
3.393054e-01 2.020794e-08 4.800010e-01 
3.391266e-01 2.019085e-08 3.862140e-01 
3.390456e-01 2.006130e-08 3.437600e-01 
3.392096e-01 2.008873e-08 3.402130e-01 
3.389469e-01 2.001452e-08 3.508450e-01 
3.391439e-01 2.009284e-08 4.517740e-01 
3.389845e-01 1.998523e-08 3.979670e-01 
3.391907e-01 2.018740e-08 4.827900e-01 
3.391300e-01 2.006548e-08 5.119430e-01 
3.395175e-01 2.023453e-08 4.824700e-01 
3.392173e-01 2.014325e-08 4.389100e-01 
3.390830e-01 2.013635e-08 4.106620e-01 
3.390529e-01 1.992071e-08 3.980920e-01 
3.388877e-01 1.991633e-08 3.523990e-01 
3.392756e-01 2.026481e-08 3.871830e-01 
3.389263e-01 1.995688e-08 4.542840e-01 
3.394028e-01 2.022668e-08 4.732550e-01 
3.389750e-01 2.000974e-08 4.480150e-01 
3.390491e-01 2.005561e-08 4.511710e-01 
3.391847e-01 2.022251e-08 4.868490e-01 
3.393365e-01 2.024644e-08 4.741580e-01 
3.391735e-01 2.006083e-08 4.118880e-01 
3.391115e-01 2.005100e-08 4.095790e-01 
3.392887e-01 2.016603e-08 4.371440e-01 
3.390986e-01 2.011317e-08 4.324640e-01 
3.391997e-01 2.005838e-08 4.307220e-01 
3.391345e-01 2.005837e-08 4.286680e-01 
3.391083e-01 1.999042e-08 3.969840e-01 
3.390843e-01 1.992704e-08 3.512300e-01 
3.395066e-01 2.022287e-08 4.934340e-01 
3.392962e-01 2.020877e-08 5.157810e-01 
3.392829e-01 2.019356e-08 4.243760e-01 
3.394417e-01 2.024975e-08 4.121910e-01 
3.392657e-01 2.001533e-08 4.619930e-01 
3.391723e-01 2.005170e-08 5.074860e-01 
3.392278e-01 2.010753e-08 5.110220e-01 
3.390606e-01 1.992660e-08 4.894020e-01 
3.391662e-01 2.009280e-08 4.978970e-01 
3.391381e-01 2.009487e-08 4.678010e-01 
3.392616e-01 2.017270e-08 4.767830e-01 
3.389868e-01 1.996589e-08 5.023060e-01 
3.391969e-01 2.014059e-08 4.346770e-01 
3.391774e-01 2.012222e-08 4.768880e-01 
3.392277e-01 2.014483e-08 4.558510e-01 
3.392911e-01 2.011656e-08 4.515000e-01 
3.390192e-01 2.004651e-08 4.328960e-01 
3.391953e-01 2.006215e-08 4.874810e-01 
3.390100e-01 1.995918e-08 4.947300e-01 
3.391701e-01 2.019501e-08 4.939520e-01 
3.392316e-01 2.018606e-08 4.848170e-01 
3.393264e-01 2.020472e-08 4.968150e-01 
3.391836e-01 2.010396e-08 4.738250e-01 
3.390224e-01 2.004439e-08 4.909220e-01 
3.393306e-01 2.017021e-08 5.169890e-01 
3.392549e-01 2.017122e-08 5.288560e-01 
3.390728e-01 1.992828e-08 5.069700e-01 
3.393971e-01 2.014952e-08 4.849150e-01 
3.390776e-01 2.007359e-08 4.796840e-01 
3.390941e-01 2.008921e-08 4.603070e-01 
3.391560e-01 2.012533e-08 5.035210e-01 
3.392587e-01 2.018633e-08 4.492480e-01 
3.390419e-01 2.006731e-08 4.685080e-01 
3.390028e-01 2.000533e-08 4.415870e-01 
3.393714e-01 2.030014e-08 4.879510e-01 
3.394842e-01 2.034115e-08 5.173310e-01 
3.391896e-01 2.018730e-08 5.296460e-01 
3.391245e-01 2.001625e-08 5.202620e-01 
3.390729e-01 1.993201e-08 4.515600e-01 
3.391665e-01 2.009125e-08 4.313650e-01 
3.390240e-01 2.001875e-08 3.920300e-01 
3.392650e-01 2.002410e-08 4.370540e-01 
3.390269e-01 2.003399e-08 3.903790e-01 
3.391311e-01 1.999792e-08 3.989990e-01 
3.392358e-01 2.001835e-08 4.037330e-01 
3.392482e-01 2.007679e-08 3.955890e-01 
3.393578e-01 2.015180e-08 4.123200e-01 
3.393466e-01 2.027865e-08 4.584030e-01 
3.393253e-01 2.020100e-08 4.051330e-01 
3.389707e-01 2.004692e-08 4.045810e-01 
3.393651e-01 2.019794e-08 4.281630e-01 
3.393986e-01 2.011052e-08 4.902830e-01 
3.391834e-01 2.014285e-08 4.618330e-01 
3.394100e-01 2.013436e-08 4.414150e-01 
3.396625e-01 2.034770e-08 4.635930e-01 
3.389841e-01 2.002278e-08 4.538150e-01 
3.391224e-01 2.012925e-08 4.789160e-01 
3.392867e-01 2.003798e-08 4.410720e-01 
3.392027e-01 2.011171e-08 4.720330e-01 
3.391600e-01 2.005914e-08 4.331680e-01 
3.393045e-01 2.018833e-08 4.465570e-01 
3.393086e-01 2.014723e-08 4.191640e-01 
3.392839e-01 2.008120e-08 4.160620e-01 
3.394171e-01 2.025134e-08 4.274020e-01 
3.394539e-01 2.019453e-08 4.484600e-01 
3.395328e-01 2.024535e-08 4.557240e-01 
3.393648e-01 2.012057e-08 4.226520e-01 
3.392298e-01 2.005995e-08 4.499560e-01 
3.392478e-01 2.006125e-08 4.256980e-01 
3.392473e-01 2.015670e-08 4.479840e-01 
3.391777e-01 2.014876e-08 4.817480e-01 
3.394404e-01 2.021935e-08 5.198810e-01 
3.391842e-01 2.008753e-08 4.796730e-01 
3.392642e-01 2.012085e-08 5.067340e-01 
3.392591e-01 2.008155e-08 4.502440e-01 
3.391791e-01 2.010234e-08 4.415360e-01 
3.391542e-01 1.997675e-08 4.935880e-01 
3.390685e-01 1.989444e-08 4.989420e-01 
3.393452e-01 2.019852e-08 4.560260e-01 
3.393842e-01 2.003056e-08 4.295800e-01 
3.392019e-01 2.004654e-08 4.893720e-01 
3.392623e-01 2.013512e-08 4.661890e-01 
3.392408e-01 1.997081e-08 4.397440e-01 
3.392660e-01 2.014864e-08 4.369770e-01 
3.392629e-01 2.015708e-08 4.773130e-01 
3.392864e-01 2.016286e-08 4.742860e-01 
3.392206e-01 2.007986e-08 4.155090e-01 
3.395093e-01 2.027801e-08 4.098310e-01 
3.392845e-01 2.002574e-08 4.342230e-01 
3.393031e-01 2.001624e-08 4.472860e-01 
3.393110e-01 2.021263e-08 4.564330e-01 
3.393677e-01 2.033176e-08 4.100620e-01 
3.393789e-01 2.011610e-08 4.089520e-01 
3.392594e-01 2.016962e-08 4.189400e-01 
3.389567e-01 1.995740e-08 4.734240e-01 
3.391756e-01 2.001373e-08 4.859130e-01 
3.391445e-01 1.999606e-08 5.326430e-01 
3.391561e-01 2.001083e-08 5.408990e-01 
3.393304e-01 2.014134e-08 4.716020e-01 
3.392650e-01 2.027386e-08 4.844040e-01 
3.393130e-01 2.014722e-08 4.031810e-01 
3.392273e-01 2.006825e-08 4.112230e-01 
3.393493e-01 2.023550e-08 3.840890e-01 
3.391275e-01 1.995498e-08 3.263500e-01 
3.391353e-01 2.005677e-08 3.521000e-01 
3.391532e-01 2.007359e-08 3.799860e-01 
3.393422e-01 2.019343e-08 3.635920e-01 
3.394320e-01 2.026800e-08 4.106400e-01 
3.393892e-01 2.008483e-08 5.205550e-01 
3.392837e-01 1.991239e-08 5.392870e-01 
3.394175e-01 2.028865e-08 4.990590e-01 
3.390741e-01 1.983491e-08 4.872830e-01 
3.394597e-01 2.019936e-08 5.066370e-01 
3.391331e-01 2.004658e-08 4.875500e-01 
3.389253e-01 1.993395e-08 3.702170e-01 
3.389219e-01 1.995116e-08 3.289340e-01 
3.393712e-01 2.010699e-08 3.473590e-01 
3.391497e-01 2.003800e-08 3.566960e-01 
3.392624e-01 2.013727e-08 3.397670e-01 
3.394199e-01 2.025057e-08 3.476620e-01 
3.392745e-01 2.014932e-08 3.348720e-01 
3.393318e-01 2.006880e-08 4.116430e-01 
3.391859e-01 2.003824e-08 3.471150e-01 
3.391829e-01 2.011379e-08 3.476700e-01 
3.394327e-01 2.020229e-08 3.470400e-01 
3.390884e-01 2.007297e-08 3.329430e-01 
3.391143e-01 1.995466e-08 3.976350e-01 
3.392950e-01 2.000743e-08 3.496740e-01 
3.392255e-01 2.013032e-08 3.802130e-01 
3.391350e-01 2.000845e-08 3.530770e-01 
3.393447e-01 2.000725e-08 3.797410e-01 
3.393696e-01 2.012602e-08 3.596860e-01 
3.392944e-01 1.998926e-08 3.728390e-01 
3.392818e-01 2.011175e-08 3.666320e-01 
3.393550e-01 2.021764e-08 3.515220e-01 
3.392266e-01 2.010577e-08 3.717770e-01 
3.393202e-01 2.000696e-08 3.560710e-01 
3.392819e-01 2.021724e-08 3.318100e-01 
3.395009e-01 2.027453e-08 3.468830e-01 
3.392894e-01 2.001707e-08 4.081540e-01 
3.393340e-01 2.019939e-08 4.675230e-01 
3.391558e-01 2.000367e-08 4.684720e-01 
3.393909e-01 2.005550e-08 4.094460e-01 
3.393916e-01 2.003245e-08 4.393990e-01 
3.394468e-01 2.011220e-08 3.624890e-01 
3.393752e-01 2.010788e-08 3.627350e-01 
3.394309e-01 2.010491e-08 3.567700e-01 
3.393813e-01 2.006214e-08 3.590360e-01 
3.395941e-01 2.034528e-08 3.600660e-01 
3.393772e-01 2.008214e-08 3.469650e-01 
3.393821e-01 2.007685e-08 3.392060e-01 
3.394298e-01 2.020391e-08 3.440290e-01 
3.392051e-01 2.002493e-08 3.461740e-01 
3.396039e-01 2.029218e-08 3.365880e-01 
3.395426e-01 2.015015e-08 3.343830e-01 
3.393011e-01 2.016580e-08 3.445100e-01 
3.391207e-01 1.990933e-08 3.347370e-01 
3.392728e-01 2.001803e-08 3.691330e-01 
3.392125e-01 2.004468e-08 3.426720e-01 
3.394249e-01 2.021523e-08 3.579600e-01 
3.393289e-01 2.007664e-08 3.395380e-01 
3.391854e-01 2.000275e-08 3.430710e-01 
3.393636e-01 2.015469e-08 3.386860e-01 
3.393740e-01 2.013666e-08 3.373840e-01 
3.392400e-01 2.019380e-08 3.450530e-01 
3.394096e-01 2.010706e-08 3.368700e-01 
3.393972e-01 2.015877e-08 3.367730e-01 
3.393133e-01 2.010419e-08 3.398140e-01 
3.395646e-01 2.037104e-08 3.353990e-01 
3.394381e-01 2.017446e-08 3.411980e-01 
3.393580e-01 2.007287e-08 3.419130e-01 
3.392699e-01 2.004997e-08 3.596380e-01 
3.392705e-01 2.003723e-08 3.880030e-01 
3.391853e-01 2.000909e-08 5.371800e-01 
3.392827e-01 2.018409e-08 4.727980e-01 
3.392369e-01 2.014520e-08 4.467140e-01 
3.392157e-01 2.008072e-08 4.645460e-01 
3.391324e-01 2.006351e-08 5.185400e-01 
3.393078e-01 2.012073e-08 5.181460e-01 
3.392398e-01 2.009277e-08 5.136770e-01 
3.394026e-01 2.016245e-08 5.312380e-01 
3.394617e-01 2.027634e-08 4.621710e-01 
3.394327e-01 2.009077e-08 4.537320e-01 
3.394310e-01 2.016782e-08 4.502630e-01 
3.393376e-01 2.005989e-08 4.233300e-01 
3.394714e-01 2.017163e-08 4.315580e-01 
3.387496e-01 1.983393e-08 4.292450e-01 
3.391068e-01 2.015437e-08 3.632910e-01 
3.392464e-01 2.009155e-08 3.694550e-01 
3.393011e-01 2.013569e-08 3.627550e-01 
3.394691e-01 2.022956e-08 3.790980e-01 
3.395534e-01 2.026122e-08 4.524340e-01 
3.391589e-01 2.009006e-08 4.148400e-01 
3.395126e-01 2.048488e-08 3.859010e-01 
3.393120e-01 2.020595e-08 3.595500e-01 
3.389579e-01 2.004179e-08 4.165420e-01 
3.393037e-01 2.015306e-08 3.758470e-01 
3.391497e-01 2.009743e-08 3.636360e-01 
3.388799e-01 1.999975e-08 3.747250e-01 
3.390725e-01 2.008661e-08 3.724750e-01 
3.393791e-01 2.017713e-08 3.962770e-01 
3.390503e-01 1.999399e-08 4.914930e-01 
3.392082e-01 2.012351e-08 4.008920e-01 
3.392279e-01 2.018414e-08 5.121590e-01 
3.392722e-01 2.006541e-08 5.084310e-01 
3.391810e-01 2.006567e-08 5.082160e-01 
3.392442e-01 2.011332e-08 4.301330e-01 
3.392114e-01 2.000754e-08 4.134380e-01 
3.396490e-01 2.039216e-08 4.014080e-01 
3.394118e-01 2.020690e-08 4.285110e-01 
3.394446e-01 2.016049e-08 4.214470e-01 
3.390926e-01 1.993441e-08 4.549470e-01 
3.393849e-01 2.018228e-08 4.498100e-01 
3.393442e-01 2.021848e-08 4.277190e-01 
3.393585e-01 2.008561e-08 3.891070e-01 
3.391150e-01 1.987571e-08 3.910670e-01 
3.391456e-01 2.004316e-08 4.258520e-01 
3.393715e-01 2.009859e-08 4.107010e-01 
3.391721e-01 2.003749e-08 3.864850e-01 
3.392636e-01 2.009039e-08 4.143110e-01 
3.393641e-01 2.027431e-08 3.919630e-01 
3.390746e-01 1.992706e-08 3.849760e-01 
3.393033e-01 2.009591e-08 3.901420e-01 
3.389166e-01 1.984997e-08 3.975440e-01 
3.395097e-01 2.013915e-08 3.943630e-01 
3.392633e-01 2.009161e-08 3.897350e-01 
3.392311e-01 2.009132e-08 3.877420e-01 
3.393108e-01 2.002788e-08 4.325950e-01 
3.392720e-01 2.007914e-08 4.414680e-01 
3.391519e-01 2.005881e-08 5.178350e-01 
3.393425e-01 2.006501e-08 4.762470e-01 
3.393551e-01 2.012482e-08 4.250980e-01 
3.392339e-01 2.015634e-08 4.471560e-01 
3.391742e-01 2.010352e-08 4.740880e-01 
3.393555e-01 2.009628e-08 5.255260e-01 
3.394240e-01 2.022349e-08 4.974350e-01 
3.391692e-01 2.001983e-08 3.576210e-01 
3.392063e-01 2.012748e-08 3.525770e-01 
3.393022e-01 2.014971e-08 4.046400e-01 
3.391492e-01 2.013291e-08 4.253780e-01 
3.391673e-01 2.018773e-08 4.113200e-01 
3.392074e-01 2.017631e-08 3.756750e-01 
3.390977e-01 2.012511e-08 3.981170e-01 
3.390822e-01 2.009388e-08 3.980520e-01 
3.392515e-01 2.017502e-08 3.944720e-01 
3.393441e-01 2.018237e-08 3.538590e-01 
3.393110e-01 2.007344e-08 3.395620e-01 
3.393731e-01 2.016879e-08 3.655060e-01 
3.393808e-01 2.018398e-08 4.349170e-01 
3.392630e-01 2.013253e-08 4.462690e-01 
3.390701e-01 1.994311e-08 3.763310e-01 
3.393236e-01 2.018806e-08 4.016650e-01 
3.393882e-01 2.006083e-08 5.235370e-01 
3.392908e-01 2.017425e-08 5.036870e-01 
3.393341e-01 2.023426e-08 4.967320e-01 
3.391733e-01 2.007981e-08 5.262040e-01 
3.391630e-01 1.994111e-08 3.598130e-01 
3.392314e-01 2.013932e-08 3.284410e-01 
3.393295e-01 2.014432e-08 4.834420e-01 
3.389416e-01 1.982086e-08 3.407210e-01 
3.393218e-01 2.021030e-08 3.570800e-01 
3.393577e-01 2.009474e-08 5.002940e-01 
3.391621e-01 2.016962e-08 4.037340e-01 
3.388968e-01 1.991084e-08 4.139220e-01 
3.389003e-01 1.994475e-08 3.460170e-01 
3.396975e-01 2.033444e-08 4.652880e-01 
3.392822e-01 2.007180e-08 4.586180e-01 
3.393544e-01 2.021468e-08 4.157090e-01 
3.394121e-01 2.027719e-08 3.296390e-01 
3.391067e-01 1.998135e-08 3.344080e-01 
3.394256e-01 2.024044e-08 4.327910e-01 
3.391924e-01 2.006477e-08 3.794320e-01 
3.391094e-01 1.994290e-08 4.692260e-01 
3.392404e-01 1.999776e-08 3.974240e-01 
3.391595e-01 2.014527e-08 4.061570e-01 
3.394827e-01 2.027241e-08 4.753110e-01 
3.394883e-01 2.023312e-08 4.811970e-01 
3.389906e-01 2.003866e-08 4.696710e-01 
3.388325e-01 1.993352e-08 4.721340e-01 
3.391842e-01 2.000901e-08 4.277990e-01 
3.393303e-01 2.022898e-08 4.189880e-01 
3.390175e-01 1.993787e-08 4.668970e-01 
3.393331e-01 2.010408e-08 3.517230e-01 
3.394706e-01 2.027409e-08 3.514400e-01 
3.395227e-01 2.019959e-08 4.072620e-01 
3.392593e-01 2.000342e-08 4.433320e-01 
3.392203e-01 2.016081e-08 4.418530e-01 
3.391681e-01 2.012595e-08 4.321510e-01 
3.392329e-01 1.998264e-08 3.344530e-01 
3.392338e-01 2.008648e-08 3.521830e-01 
3.391447e-01 1.997263e-08 4.900180e-01 
3.390122e-01 2.010400e-08 3.992910e-01 
3.393199e-01 2.016371e-08 3.366250e-01 
3.391566e-01 1.999796e-08 4.750750e-01 
3.391785e-01 2.019057e-08 3.335920e-01 
3.391917e-01 2.016693e-08 3.280470e-01 
3.390580e-01 1.995843e-08 4.508570e-01 
3.391681e-01 1.991476e-08 3.724750e-01 
3.392747e-01 2.011880e-08 3.454220e-01 
3.393134e-01 2.011528e-08 3.349340e-01 
3.391386e-01 2.002676e-08 4.361480e-01 
3.388741e-01 1.983962e-08 4.508450e-01 
3.394950e-01 2.026135e-08 3.813060e-01 
3.392054e-01 2.008302e-08 4.868250e-01 
3.392901e-01 1.998626e-08 3.983510e-01 
3.389635e-01 1.994872e-08 3.857050e-01 
3.390582e-01 1.987752e-08 3.495450e-01 
3.390710e-01 2.004347e-08 3.423910e-01 
3.390480e-01 2.001658e-08 3.433880e-01 
3.395195e-01 2.027515e-08 3.553230e-01 
3.395696e-01 2.022748e-08 3.800090e-01 
3.393095e-01 2.016388e-08 3.963420e-01 
3.392382e-01 2.002203e-08 3.940780e-01 
3.390840e-01 1.991153e-08 3.439940e-01 
3.393241e-01 2.017339e-08 3.657910e-01 
3.393376e-01 2.023598e-08 3.450990e-01 
3.392746e-01 2.003993e-08 3.354300e-01 
3.393627e-01 2.010103e-08 3.468920e-01 
3.389999e-01 1.992405e-08 3.403700e-01 
3.391542e-01 2.009315e-08 3.497540e-01 
3.395179e-01 2.014628e-08 3.712920e-01 
3.392908e-01 2.023163e-08 3.790860e-01 
3.391111e-01 2.003635e-08 3.882620e-01 
3.393667e-01 2.024990e-08 3.484050e-01 
3.393895e-01 2.019978e-08 3.499650e-01 
3.394425e-01 2.034957e-08 3.466470e-01 
3.391793e-01 2.004487e-08 3.450840e-01 
3.392389e-01 2.002907e-08 4.100350e-01 
3.391942e-01 2.012891e-08 3.994350e-01 
3.393784e-01 2.010018e-08 3.442590e-01 
3.389481e-01 1.989533e-08 3.378920e-01 
3.391501e-01 2.006374e-08 3.430220e-01 
3.391647e-01 2.013302e-08 3.366500e-01 
3.392217e-01 1.993214e-08 3.386640e-01 
3.392480e-01 2.018482e-08 3.422830e-01 
3.391257e-01 1.994813e-08 3.333260e-01 
3.392762e-01 2.007061e-08 3.345860e-01 
3.391943e-01 2.010614e-08 3.563160e-01 
3.393913e-01 2.019808e-08 3.487590e-01 
3.393506e-01 2.006251e-08 3.555630e-01 
3.394096e-01 2.025302e-08 3.559940e-01 
3.393525e-01 2.015165e-08 3.477900e-01 
3.393107e-01 2.008697e-08 3.677110e-01 
3.391508e-01 1.992736e-08 3.807580e-01 
3.393891e-01 2.013277e-08 4.952480e-01 
3.391825e-01 2.000037e-08 5.116510e-01 
3.394914e-01 2.021564e-08 5.169750e-01 
3.392750e-01 2.000884e-08 5.085570e-01 
3.393851e-01 2.017819e-08 4.790120e-01 
3.392112e-01 1.987162e-08 4.491400e-01 
3.392707e-01 2.006577e-08 4.486390e-01 
3.391807e-01 2.001875e-08 4.230870e-01 
3.389762e-01 1.996797e-08 4.006900e-01 
3.392609e-01 1.997623e-08 4.484510e-01 
3.394457e-01 2.023372e-08 3.952310e-01 
3.394189e-01 2.024215e-08 3.746850e-01 
3.392771e-01 2.011057e-08 3.761800e-01 
3.392039e-01 2.001195e-08 3.575440e-01 
3.392624e-01 2.009325e-08 3.569900e-01 
3.397491e-01 2.041736e-08 3.542870e-01 
3.392546e-01 2.016602e-08 3.478460e-01 
3.394333e-01 2.019541e-08 3.506470e-01 
3.391947e-01 1.994193e-08 3.483290e-01 
3.393411e-01 2.014030e-08 3.497400e-01 
3.391019e-01 1.992309e-08 3.649760e-01 
3.392764e-01 2.012694e-08 3.694020e-01 
3.391243e-01 2.001502e-08 4.948090e-01 
3.394048e-01 2.004799e-08 4.733900e-01 
3.392909e-01 2.022934e-08 4.145500e-01 
3.391644e-01 2.001459e-08 4.649660e-01 
3.391132e-01 1.999521e-08 4.893690e-01 
3.391500e-01 1.997418e-08 4.765900e-01 
3.393086e-01 2.004291e-08 4.937540e-01 
3.393297e-01 2.009520e-08 4.060790e-01 
3.393181e-01 2.011842e-08 4.287380e-01 
3.393808e-01 2.013669e-08 3.870890e-01 
3.393636e-01 2.017951e-08 3.846780e-01 
3.391906e-01 2.008284e-08 3.774990e-01 
3.391415e-01 2.007133e-08 4.139070e-01 
3.393348e-01 2.011275e-08 4.228970e-01 
3.392141e-01 2.013493e-08 4.163970e-01 
3.391186e-01 2.000816e-08 3.604200e-01 
3.393057e-01 2.024785e-08 3.859400e-01 
3.392599e-01 2.000982e-08 3.732280e-01 
3.392273e-01 2.005674e-08 4.354080e-01 
3.396312e-01 2.030263e-08 4.899120e-01 
3.391498e-01 2.004420e-08 4.988300e-01 
3.393501e-01 2.010420e-08 5.241670e-01 
3.392233e-01 2.004493e-08 5.002350e-01 
3.395096e-01 2.021833e-08 5.104380e-01 
3.392987e-01 2.010736e-08 5.020340e-01 
3.391576e-01 2.003365e-08 4.958520e-01 
3.390211e-01 1.998324e-08 4.969560e-01 
3.393579e-01 2.027615e-08 4.249490e-01 
3.393826e-01 2.017723e-08 4.028030e-01 
3.392471e-01 2.017707e-08 3.935580e-01 
3.393413e-01 2.011893e-08 3.910560e-01 
3.394549e-01 2.014379e-08 4.139810e-01 
3.394278e-01 2.009471e-08 3.852330e-01 
3.394725e-01 2.019836e-08 4.527850e-01 
3.390824e-01 1.993830e-08 5.392460e-01 
3.395130e-01 2.025064e-08 4.477120e-01 
3.389892e-01 1.994991e-08 4.246160e-01 
3.391532e-01 2.013306e-08 4.397660e-01 
3.393168e-01 2.026886e-08 4.509820e-01 
3.392140e-01 2.006141e-08 4.436870e-01 
3.394682e-01 2.016016e-08 4.338730e-01 
3.392235e-01 2.003880e-08 4.562580e-01 
3.391567e-01 2.006221e-08 4.485880e-01 
3.392743e-01 2.020441e-08 5.041010e-01 
3.393852e-01 2.014916e-08 5.172060e-01 
3.393313e-01 2.009091e-08 5.031230e-01 
3.394082e-01 2.012036e-08 4.813610e-01 
3.391008e-01 2.010772e-08 5.175220e-01 
3.392312e-01 2.021278e-08 5.101320e-01 
3.394297e-01 2.032105e-08 5.103950e-01 
3.391457e-01 2.001160e-08 4.465690e-01 
3.390389e-01 1.997190e-08 4.854770e-01 
3.393886e-01 2.015741e-08 4.749230e-01 
3.391278e-01 2.007585e-08 4.908810e-01 
3.392290e-01 2.022395e-08 4.373360e-01 
3.392405e-01 2.010948e-08 4.418560e-01 
3.393242e-01 2.009278e-08 4.512750e-01 
3.390273e-01 1.998933e-08 4.212190e-01 
3.391770e-01 2.012054e-08 4.094020e-01 
3.393499e-01 2.005447e-08 3.704340e-01 
3.392554e-01 1.996681e-08 3.901010e-01 
3.391535e-01 2.007000e-08 4.158710e-01 
3.392949e-01 1.996022e-08 4.493680e-01 
3.390590e-01 1.993360e-08 4.367870e-01 
3.393780e-01 2.017747e-08 4.669710e-01 
3.395514e-01 2.022259e-08 4.741450e-01 
3.394545e-01 2.015997e-08 4.706860e-01 
3.389967e-01 1.998390e-08 4.595360e-01 
3.394877e-01 2.034104e-08 4.536060e-01 
3.392686e-01 2.013910e-08 4.626130e-01 
3.394095e-01 2.015620e-08 4.721280e-01 
3.393994e-01 2.017244e-08 4.573420e-01 
3.390874e-01 2.005545e-08 4.656390e-01 
3.390964e-01 2.005088e-08 4.642510e-01 
3.393544e-01 2.007955e-08 4.548380e-01 
3.393290e-01 2.001433e-08 4.654220e-01 
3.391864e-01 2.013345e-08 4.640760e-01 
3.393056e-01 2.007476e-08 4.717420e-01 
3.392222e-01 2.021853e-08 4.450720e-01 
3.393708e-01 2.013239e-08 4.586910e-01 
3.393061e-01 2.013287e-08 4.625460e-01 
3.392543e-01 2.016179e-08 4.684440e-01 
3.395484e-01 2.016007e-08 4.785930e-01 
3.390634e-01 2.007649e-08 4.372420e-01 
3.393779e-01 2.018290e-08 4.487790e-01 
3.391805e-01 2.025687e-08 4.431420e-01 
3.391444e-01 2.011541e-08 4.469620e-01 
3.393172e-01 2.013142e-08 4.490350e-01 
3.393329e-01 2.008543e-08 4.613400e-01 
3.392887e-01 2.018397e-08 4.521400e-01 
3.389080e-01 1.987936e-08 4.389470e-01 
3.392606e-01 2.012738e-08 4.537230e-01 
3.390458e-01 1.982629e-08 4.557300e-01 
3.391681e-01 2.006230e-08 4.767570e-01 
3.394591e-01 2.021959e-08 4.538090e-01 
3.393166e-01 2.017503e-08 4.681460e-01 
3.392054e-01 2.010120e-08 4.594140e-01 
3.393040e-01 2.009370e-08 4.745720e-01 
3.393005e-01 2.009437e-08 4.569090e-01 
3.392691e-01 2.002236e-08 4.995460e-01 
3.394602e-01 2.010335e-08 5.363180e-01 
3.393178e-01 2.010381e-08 5.141870e-01 
3.393888e-01 2.023959e-08 5.028100e-01 
3.391171e-01 1.993974e-08 4.931070e-01 
3.389184e-01 1.996413e-08 4.948600e-01 
3.392269e-01 2.001383e-08 4.865890e-01 
3.393388e-01 2.007758e-08 4.562440e-01 
3.394977e-01 2.022298e-08 5.286840e-01 
3.392598e-01 2.007904e-08 5.389360e-01 
3.392655e-01 2.010923e-08 5.331990e-01 
3.393754e-01 2.007853e-08 5.321670e-01 
3.391028e-01 2.002144e-08 5.300470e-01 
3.391945e-01 2.001971e-08 5.293440e-01 
3.395542e-01 2.030023e-08 5.257740e-01 
3.390549e-01 2.007120e-08 5.434380e-01 
3.391281e-01 2.011247e-08 4.964210e-01 
3.393664e-01 2.022644e-08 4.922510e-01 
3.389287e-01 1.986084e-08 3.948940e-01 
3.392900e-01 2.012600e-08 3.426300e-01 
3.393038e-01 2.008758e-08 3.643070e-01 
3.393697e-01 1.999441e-08 3.405280e-01 
3.391000e-01 1.999878e-08 3.860530e-01 
3.393201e-01 2.008847e-08 4.440680e-01 
3.394401e-01 2.027967e-08 4.808290e-01 
3.392502e-01 2.010268e-08 4.209790e-01 
3.393118e-01 2.008191e-08 4.094440e-01 
3.395644e-01 2.030781e-08 3.845370e-01 
3.392558e-01 2.004642e-08 3.286970e-01 
3.392001e-01 2.011785e-08 3.415750e-01 
3.392379e-01 2.012623e-08 3.536940e-01 
3.392607e-01 2.007429e-08 3.452320e-01 
3.392012e-01 1.993963e-08 3.261210e-01 
3.392818e-01 2.004074e-08 3.579080e-01 
3.393702e-01 2.017213e-08 3.954370e-01 
3.389872e-01 1.988186e-08 4.280830e-01 
3.394133e-01 2.009141e-08 5.145620e-01 
3.392464e-01 2.005520e-08 4.651740e-01 
3.390736e-01 1.986366e-08 4.249270e-01 
3.395921e-01 2.012742e-08 3.573800e-01 
3.392914e-01 2.006586e-08 3.561830e-01 
3.392241e-01 2.009287e-08 4.386170e-01 
3.393567e-01 2.009229e-08 4.246370e-01 
3.393166e-01 2.017629e-08 3.413070e-01 
3.392187e-01 2.005865e-08 3.389740e-01 
3.391960e-01 2.010118e-08 3.412450e-01 
3.393602e-01 2.021620e-08 3.447680e-01 
3.392196e-01 2.016028e-08 3.512140e-01 
3.391874e-01 2.004784e-08 3.622580e-01 
3.392875e-01 2.005626e-08 3.513060e-01 
3.394475e-01 2.016769e-08 3.745960e-01 
3.391936e-01 2.012594e-08 4.524750e-01 
3.390885e-01 1.996213e-08 4.034750e-01 
3.393830e-01 2.016791e-08 3.298330e-01 
3.390661e-01 2.012103e-08 3.276910e-01 
3.393501e-01 2.021127e-08 3.251920e-01 
3.391488e-01 2.002056e-08 3.320600e-01 
3.391702e-01 2.019004e-08 3.247780e-01 
3.391413e-01 1.994404e-08 3.253140e-01 
3.392922e-01 2.009048e-08 3.311970e-01 
3.392268e-01 2.012913e-08 3.249820e-01 
3.393286e-01 2.007845e-08 3.501190e-01 
3.393148e-01 2.007762e-08 4.712540e-01 
3.391472e-01 2.008842e-08 3.617090e-01 
3.393065e-01 2.014490e-08 4.131120e-01 
3.393523e-01 2.018336e-08 3.859080e-01 
3.390844e-01 2.003129e-08 4.367630e-01 
3.392725e-01 2.014919e-08 4.074240e-01 
3.392726e-01 2.002507e-08 4.569750e-01 
3.392578e-01 1.993939e-08 4.465680e-01 
3.392732e-01 2.008898e-08 3.490060e-01 
3.391874e-01 1.993669e-08 4.025720e-01 
3.392199e-01 2.007209e-08 5.139890e-01 
3.390205e-01 1.998245e-08 4.640410e-01 
3.394970e-01 2.019521e-08 3.731620e-01 
3.393766e-01 2.012626e-08 5.138120e-01 
3.394060e-01 2.017022e-08 4.519750e-01 
3.390658e-01 1.993045e-08 3.771710e-01 
3.390703e-01 1.999522e-08 3.359770e-01 
3.391869e-01 2.016296e-08 3.390160e-01 
3.390505e-01 2.000656e-08 3.411990e-01 
3.394940e-01 2.029584e-08 3.451140e-01 
3.392720e-01 2.011990e-08 4.254180e-01 
3.393015e-01 2.017469e-08 4.111820e-01 
3.389626e-01 1.990010e-08 4.327890e-01 
3.392352e-01 2.011176e-08 3.792000e-01 
3.393063e-01 2.021331e-08 3.442430e-01 
3.392302e-01 2.001835e-08 3.307380e-01 
3.394684e-01 2.017312e-08 3.797010e-01 
3.391343e-01 2.001214e-08 3.875460e-01 
3.392281e-01 2.008975e-08 3.492050e-01 
3.391396e-01 1.996886e-08 4.392190e-01 
3.392973e-01 2.016370e-08 3.985950e-01 
3.393922e-01 2.021148e-08 4.908670e-01 
3.390517e-01 2.009785e-08 4.472570e-01 
3.390763e-01 1.997599e-08 4.216730e-01 
3.389512e-01 1.985662e-08 3.976500e-01 
3.393404e-01 2.017313e-08 4.644520e-01 
3.394505e-01 2.008825e-08 4.315840e-01 
3.393637e-01 2.023582e-08 4.344770e-01 
3.393349e-01 2.012034e-08 4.130260e-01 
3.391634e-01 2.005636e-08 3.894630e-01 
3.394189e-01 2.017124e-08 4.206470e-01 
3.390989e-01 1.993381e-08 4.336010e-01 
3.395320e-01 2.018589e-08 4.423860e-01 
3.392901e-01 2.016053e-08 5.101960e-01 
3.391549e-01 2.001549e-08 3.876280e-01 
3.392044e-01 2.007258e-08 3.526880e-01 
3.389476e-01 1.999861e-08 4.900720e-01 
3.388952e-01 1.979747e-08 3.825870e-01 
3.393910e-01 2.014871e-08 3.301760e-01 
3.390856e-01 2.000444e-08 4.131160e-01 
3.393375e-01 2.013482e-08 3.648360e-01 
3.393902e-01 2.017950e-08 3.290370e-01 
3.391389e-01 2.003251e-08 3.740110e-01 
3.391842e-01 2.006844e-08 4.360950e-01 
3.391938e-01 2.012641e-08 3.320580e-01 
3.393181e-01 2.011127e-08 3.965490e-01 
3.393744e-01 2.005208e-08 3.515020e-01 
3.392323e-01 2.004786e-08 3.422780e-01 
3.393960e-01 2.027810e-08 3.614730e-01 
3.393291e-01 2.019824e-08 5.155270e-01 
3.389273e-01 1.982384e-08 3.790700e-01 
3.393413e-01 2.016176e-08 3.795260e-01 
3.392170e-01 1.997511e-08 4.219900e-01 
3.394296e-01 2.007679e-08 3.341450e-01 
3.391920e-01 1.998378e-08 3.238420e-01 
3.390977e-01 2.006433e-08 3.756910e-01 
3.389520e-01 1.991993e-08 4.622620e-01 
3.393285e-01 2.008867e-08 3.397580e-01 
3.391702e-01 2.000013e-08 3.347540e-01 
3.393033e-01 2.012588e-08 4.415670e-01 
3.394116e-01 2.011822e-08 4.623210e-01 
3.392354e-01 2.002608e-08 3.616230e-01 
3.391528e-01 2.017970e-08 3.661320e-01 
3.391652e-01 1.994977e-08 4.176370e-01 
3.390840e-01 2.007811e-08 3.345970e-01 
3.392890e-01 2.018376e-08 3.301260e-01 
3.393728e-01 2.025168e-08 3.539690e-01 
3.393614e-01 2.024518e-08 3.260220e-01 
3.392134e-01 2.004550e-08 4.337050e-01 
3.391628e-01 2.005059e-08 4.760200e-01 
3.393048e-01 1.997665e-08 3.320290e-01 
3.388739e-01 1.987741e-08 3.296300e-01 
3.391456e-01 2.008505e-08 3.342590e-01 
3.391076e-01 2.000349e-08 3.236820e-01 
3.392469e-01 2.017807e-08 3.845000e-01 
3.393052e-01 2.016589e-08 4.663450e-01 
3.393000e-01 2.002778e-08 4.547800e-01 
3.391044e-01 1.997668e-08 4.225510e-01 
3.390036e-01 2.000574e-08 3.400840e-01 
3.392787e-01 2.000751e-08 3.393950e-01 
3.391433e-01 2.001763e-08 3.657040e-01 
3.389953e-01 2.012839e-08 3.474810e-01 
3.392517e-01 2.005246e-08 4.367960e-01 
3.392459e-01 2.005059e-08 5.031080e-01 
3.394851e-01 2.018846e-08 4.625200e-01 
3.393012e-01 2.015905e-08 4.697250e-01 
3.392958e-01 2.023111e-08 4.083810e-01 
3.394594e-01 2.034238e-08 4.230050e-01 
3.393628e-01 2.012297e-08 4.400840e-01 
3.392068e-01 2.000764e-08 4.874150e-01 
3.393510e-01 2.016379e-08 4.556160e-01 
3.394348e-01 2.027881e-08 4.214940e-01 
3.388558e-01 1.986315e-08 3.328020e-01 
3.389960e-01 1.999949e-08 3.457710e-01 
3.390351e-01 1.992932e-08 3.298280e-01 
3.395062e-01 2.024497e-08 4.243810e-01 
3.393125e-01 2.013590e-08 3.964190e-01 
3.393971e-01 2.009103e-08 4.200160e-01 
3.393710e-01 2.026001e-08 4.225010e-01 
3.390476e-01 1.985561e-08 3.534010e-01 
3.391456e-01 2.012910e-08 3.338830e-01 
3.390896e-01 2.003466e-08 3.486450e-01 
3.390663e-01 1.995430e-08 3.400620e-01 
3.393994e-01 2.024109e-08 3.400430e-01 
3.392515e-01 2.015230e-08 3.835410e-01 
3.389670e-01 2.000425e-08 3.993800e-01 
3.393999e-01 2.026390e-08 3.757180e-01 
3.392299e-01 2.011023e-08 3.700540e-01 
3.393118e-01 2.006493e-08 3.297470e-01 
3.393140e-01 2.014152e-08 3.473930e-01 
3.392242e-01 2.006597e-08 3.355480e-01 
3.390565e-01 1.986926e-08 3.322280e-01 
3.393600e-01 2.010595e-08 3.347120e-01 
3.390446e-01 2.002751e-08 3.300180e-01 
3.393169e-01 2.022327e-08 3.358650e-01 
3.394690e-01 2.017576e-08 3.364700e-01 
3.389977e-01 2.003766e-08 3.267000e-01 
3.393942e-01 2.014037e-08 3.249400e-01 
3.392243e-01 2.012511e-08 3.302950e-01 
3.392233e-01 2.007469e-08 3.256050e-01 
3.393286e-01 2.008498e-08 3.405130e-01 
3.393728e-01 2.015974e-08 3.364800e-01 
3.393384e-01 2.021222e-08 3.942350e-01 
3.390035e-01 1.992114e-08 3.382800e-01 
3.390788e-01 2.000237e-08 3.677700e-01 
3.392947e-01 2.011406e-08 4.088690e-01 
3.394005e-01 2.013651e-08 4.333640e-01 
3.390352e-01 2.002440e-08 4.543420e-01 
3.391827e-01 1.999644e-08 3.625150e-01 
3.392973e-01 2.012143e-08 3.650110e-01 
3.391356e-01 2.002467e-08 3.556470e-01 
3.390720e-01 2.004135e-08 3.432250e-01 
3.394055e-01 2.026501e-08 3.397430e-01 
3.393426e-01 2.015840e-08 3.362830e-01 
3.393401e-01 2.016773e-08 3.297090e-01 
3.392376e-01 1.997177e-08 3.251020e-01 
3.390102e-01 1.989658e-08 3.262120e-01 
3.392017e-01 1.994224e-08 3.238260e-01 
3.392291e-01 2.015368e-08 3.308990e-01 
3.392033e-01 2.011952e-08 3.231310e-01 
3.391941e-01 2.014565e-08 3.255660e-01 
3.392040e-01 2.007795e-08 4.101670e-01 
3.391471e-01 2.007491e-08 3.399760e-01 
3.394333e-01 2.020875e-08 3.289200e-01 
3.392860e-01 2.005754e-08 3.619250e-01 
3.392437e-01 2.008265e-08 4.114330e-01 
3.392023e-01 2.001415e-08 4.024280e-01 
3.395038e-01 2.012961e-08 3.248410e-01 
3.391680e-01 2.012270e-08 3.240460e-01 
3.392026e-01 2.004809e-08 3.379020e-01 
3.393738e-01 2.014016e-08 3.235120e-01 
3.394222e-01 2.015818e-08 3.221360e-01 
3.391311e-01 2.016295e-08 3.308140e-01 
3.390990e-01 1.998170e-08 3.289230e-01 
3.393850e-01 2.019786e-08 4.922510e-01 
3.390984e-01 2.011692e-08 3.546490e-01 
3.392658e-01 1.998712e-08 3.846970e-01 
3.391319e-01 1.993447e-08 4.589110e-01 
3.393181e-01 2.012899e-08 4.958460e-01 
3.389249e-01 1.991073e-08 4.062790e-01 
3.392372e-01 2.002195e-08 3.891960e-01 
3.393761e-01 2.014203e-08 4.445690e-01 
3.390838e-01 1.994073e-08 3.389440e-01 
3.392067e-01 2.010796e-08 4.488020e-01 
3.392866e-01 2.008345e-08 4.543010e-01 
3.391725e-01 2.002786e-08 4.398170e-01 
3.390376e-01 2.007085e-08 4.179290e-01 
3.391358e-01 2.004272e-08 4.106010e-01 
3.392213e-01 2.002636e-08 3.968880e-01 
3.393255e-01 2.015440e-08 3.587430e-01 
3.392650e-01 2.013177e-08 3.583560e-01 
3.391708e-01 2.007715e-08 3.511700e-01 
3.394487e-01 2.018632e-08 4.333780e-01 
3.393947e-01 2.013873e-08 4.277390e-01 
3.392465e-01 2.012941e-08 4.612680e-01 
3.390797e-01 1.999718e-08 3.813740e-01 
3.390781e-01 2.004088e-08 4.029710e-01 
3.393139e-01 2.008211e-08 3.686120e-01 
3.391790e-01 1.995074e-08 3.796830e-01 
3.391167e-01 2.013704e-08 3.853750e-01 
3.392992e-01 2.005077e-08 4.030220e-01 
3.391150e-01 1.999398e-08 3.863850e-01 
3.392178e-01 2.003676e-08 4.628090e-01 
3.391823e-01 1.993657e-08 3.869500e-01 
3.393465e-01 2.011435e-08 3.721190e-01 
3.388733e-01 1.988121e-08 3.380200e-01 
3.390319e-01 1.991391e-08 3.879970e-01 
3.392714e-01 2.028205e-08 4.109800e-01 
3.392856e-01 2.013443e-08 4.180070e-01 
3.392001e-01 2.006959e-08 3.543630e-01 
3.390816e-01 1.999355e-08 3.406770e-01 
3.391399e-01 2.016924e-08 3.270720e-01 
