# dim  N   mc   sigma  Gibbs 
# 1    1 600000 1
#
# Theoretical Energy = 5.000000e-01
# Energy     Variance     CPU time
6.280205e-01 5.271176e-07 3.343550e-01 
6.230412e-01 5.195426e-07 3.275950e-01 
6.197058e-01 5.151684e-07 3.477550e-01 
6.169438e-01 5.111412e-07 3.283450e-01 
6.173954e-01 5.153266e-07 3.258790e-01 
6.159483e-01 5.125222e-07 3.361370e-01 
6.156287e-01 5.138704e-07 3.264360e-01 
6.144763e-01 5.103864e-07 3.251190e-01 
6.139102e-01 5.126881e-07 3.478210e-01 
6.133496e-01 5.067329e-07 3.233830e-01 
6.123916e-01 5.099439e-07 3.213940e-01 
6.141567e-01 5.135926e-07 3.353710e-01 
6.127787e-01 5.103658e-07 3.253420e-01 
6.132872e-01 5.091315e-07 3.288500e-01 
6.131010e-01 5.115511e-07 3.227360e-01 
6.120980e-01 5.107641e-07 3.250360e-01 
6.131184e-01 5.121934e-07 3.271920e-01 
6.128085e-01 5.107783e-07 3.310290e-01 
6.130808e-01 5.136926e-07 3.308680e-01 
6.121954e-01 5.060932e-07 3.238390e-01 
6.117997e-01 5.101756e-07 3.257300e-01 
6.122485e-01 5.086949e-07 3.224210e-01 
6.115782e-01 5.100721e-07 3.267540e-01 
6.128087e-01 5.123415e-07 3.465310e-01 
6.120479e-01 5.139652e-07 3.262700e-01 
6.130719e-01 5.099119e-07 3.236440e-01 
6.116845e-01 5.088388e-07 3.235780e-01 
6.115652e-01 5.097907e-07 3.306650e-01 
6.117030e-01 5.109389e-07 3.274090e-01 
6.131442e-01 5.126410e-07 3.209370e-01 
6.133528e-01 5.143209e-07 3.244940e-01 
6.121929e-01 5.094844e-07 3.231640e-01 
6.133326e-01 5.165932e-07 3.241870e-01 
6.117484e-01 5.086196e-07 3.433980e-01 
6.119611e-01 5.103501e-07 3.815220e-01 
6.117949e-01 5.084416e-07 3.229810e-01 
6.115417e-01 5.049162e-07 3.261820e-01 
6.115617e-01 5.091660e-07 3.242600e-01 
6.126434e-01 5.104539e-07 3.326370e-01 
6.139000e-01 5.158100e-07 3.287760e-01 
6.125880e-01 5.109965e-07 3.214290e-01 
6.124092e-01 5.123969e-07 3.232640e-01 
6.105546e-01 5.078561e-07 3.228290e-01 
6.124259e-01 5.103503e-07 3.231570e-01 
6.138555e-01 5.179662e-07 3.210280e-01 
6.126009e-01 5.140274e-07 3.362510e-01 
6.108403e-01 5.085416e-07 3.250840e-01 
6.129976e-01 5.149746e-07 3.253270e-01 
6.127547e-01 5.112340e-07 3.322510e-01 
6.126392e-01 5.157872e-07 3.582820e-01 
6.116210e-01 5.084824e-07 3.213360e-01 
6.125103e-01 5.068944e-07 3.332370e-01 
6.132314e-01 5.116489e-07 3.217050e-01 
6.120661e-01 5.102161e-07 3.238540e-01 
6.130891e-01 5.123421e-07 3.390580e-01 
6.143218e-01 5.136703e-07 3.229290e-01 
6.136003e-01 5.118041e-07 3.265200e-01 
6.118231e-01 5.068082e-07 3.311120e-01 
6.133352e-01 5.099438e-07 3.233850e-01 
6.134459e-01 5.151278e-07 3.238990e-01 
6.134517e-01 5.129560e-07 3.255420e-01 
6.141037e-01 5.136452e-07 3.236470e-01 
6.131289e-01 5.121559e-07 3.239880e-01 
6.136022e-01 5.153073e-07 3.482400e-01 
6.130650e-01 5.129519e-07 3.233770e-01 
6.128294e-01 5.102104e-07 3.250980e-01 
6.134319e-01 5.106793e-07 3.318600e-01 
6.121419e-01 5.121920e-07 3.224770e-01 
6.122067e-01 5.089544e-07 3.228620e-01 
6.124273e-01 5.097592e-07 3.469910e-01 
6.127681e-01 5.106988e-07 3.249160e-01 
6.128597e-01 5.125044e-07 3.264000e-01 
6.110185e-01 5.090286e-07 3.251650e-01 
6.118323e-01 5.117098e-07 3.521330e-01 
6.112505e-01 5.096383e-07 3.225490e-01 
6.142277e-01 5.124599e-07 3.494800e-01 
6.129115e-01 5.061149e-07 3.231670e-01 
6.122082e-01 5.090725e-07 3.244210e-01 
6.134108e-01 5.147585e-07 3.334210e-01 
6.130949e-01 5.128992e-07 3.243290e-01 
6.116776e-01 5.137020e-07 3.224990e-01 
6.121595e-01 5.124620e-07 3.337380e-01 
6.132033e-01 5.114812e-07 3.257350e-01 
6.123288e-01 5.116666e-07 3.202830e-01 
6.131055e-01 5.121249e-07 3.426340e-01 
6.132418e-01 5.126183e-07 3.247940e-01 
6.131498e-01 5.121132e-07 3.693250e-01 
6.140409e-01 5.135178e-07 3.378220e-01 
6.119295e-01 5.111042e-07 3.248740e-01 
6.137013e-01 5.125373e-07 3.230540e-01 
6.120522e-01 5.106985e-07 3.352650e-01 
6.126443e-01 5.079986e-07 3.216570e-01 
6.128550e-01 5.100598e-07 3.204460e-01 
6.123039e-01 5.122369e-07 3.450400e-01 
6.130240e-01 5.109374e-07 3.321960e-01 
6.128464e-01 5.091889e-07 3.200540e-01 
6.130590e-01 5.111329e-07 3.279230e-01 
6.108543e-01 5.092452e-07 3.238700e-01 
6.136196e-01 5.144063e-07 3.223550e-01 
6.127683e-01 5.120847e-07 3.406010e-01 
6.110878e-01 5.068916e-07 3.230390e-01 
6.126291e-01 5.112837e-07 3.241540e-01 
6.120966e-01 5.154493e-07 3.284620e-01 
6.124143e-01 5.115343e-07 3.228470e-01 
6.129295e-01 5.119753e-07 3.222660e-01 
6.122773e-01 5.121220e-07 3.334040e-01 
6.131368e-01 5.126932e-07 3.239750e-01 
6.144186e-01 5.149118e-07 3.266340e-01 
6.128923e-01 5.119640e-07 3.384520e-01 
6.118124e-01 5.096759e-07 3.279520e-01 
6.131029e-01 5.138886e-07 3.267770e-01 
6.135817e-01 5.091290e-07 4.039890e-01 
6.122250e-01 5.103658e-07 3.365900e-01 
6.114512e-01 5.092942e-07 3.241770e-01 
6.135722e-01 5.132378e-07 4.408330e-01 
6.129579e-01 5.118216e-07 3.262650e-01 
6.129198e-01 5.094943e-07 4.153510e-01 
6.113717e-01 5.071909e-07 3.298330e-01 
6.135373e-01 5.133089e-07 3.273790e-01 
6.118275e-01 5.075430e-07 3.214740e-01 
6.128057e-01 5.125433e-07 3.242860e-01 
6.136423e-01 5.140011e-07 3.255430e-01 
6.137781e-01 5.165638e-07 3.292570e-01 
6.128264e-01 5.094622e-07 3.492760e-01 
6.120460e-01 5.047481e-07 3.274390e-01 
6.123539e-01 5.092264e-07 3.277740e-01 
6.127109e-01 5.109562e-07 3.240130e-01 
6.126854e-01 5.109524e-07 3.249920e-01 
6.129679e-01 5.136151e-07 3.262630e-01 
6.127424e-01 5.097103e-07 3.368490e-01 
6.116586e-01 5.116066e-07 3.288990e-01 
6.115157e-01 5.082567e-07 3.239410e-01 
6.111474e-01 5.083603e-07 3.250890e-01 
6.113830e-01 5.071508e-07 3.260240e-01 
6.128645e-01 5.119079e-07 3.234640e-01 
6.103491e-01 5.087215e-07 3.504270e-01 
6.141274e-01 5.160685e-07 3.250660e-01 
6.112931e-01 5.069561e-07 3.266070e-01 
6.130138e-01 5.122231e-07 3.342160e-01 
6.130183e-01 5.096094e-07 3.282670e-01 
6.119128e-01 5.106730e-07 3.267910e-01 
6.127088e-01 5.128518e-07 3.429200e-01 
6.132669e-01 5.120532e-07 3.240800e-01 
6.129694e-01 5.139988e-07 3.269550e-01 
6.125255e-01 5.085669e-07 3.361980e-01 
6.137465e-01 5.134823e-07 3.285150e-01 
6.130617e-01 5.153260e-07 3.295290e-01 
6.138773e-01 5.112239e-07 3.353880e-01 
6.134940e-01 5.131157e-07 3.297170e-01 
6.122844e-01 5.087999e-07 3.276030e-01 
6.112860e-01 5.073054e-07 3.301020e-01 
6.118767e-01 5.096696e-07 3.258600e-01 
6.133854e-01 5.132289e-07 3.241340e-01 
6.128760e-01 5.112252e-07 3.396790e-01 
6.135919e-01 5.128588e-07 3.273050e-01 
6.145367e-01 5.112146e-07 3.249160e-01 
6.130641e-01 5.112296e-07 3.261440e-01 
6.109131e-01 5.074891e-07 3.296410e-01 
6.118277e-01 5.103345e-07 3.231230e-01 
6.121267e-01 5.108369e-07 3.356850e-01 
6.120037e-01 5.137877e-07 3.233540e-01 
6.129687e-01 5.113417e-07 3.206990e-01 
6.130394e-01 5.120271e-07 3.294610e-01 
6.126971e-01 5.124166e-07 3.270590e-01 
6.133157e-01 5.093353e-07 3.290770e-01 
6.126935e-01 5.079795e-07 3.344180e-01 
6.139575e-01 5.135039e-07 3.438570e-01 
6.131806e-01 5.162279e-07 3.220810e-01 
6.125502e-01 5.083800e-07 3.366680e-01 
6.137870e-01 5.146808e-07 3.262180e-01 
6.141288e-01 5.159150e-07 3.300670e-01 
6.126062e-01 5.136080e-07 3.325740e-01 
6.116030e-01 5.123887e-07 3.228290e-01 
6.131551e-01 5.120635e-07 3.237830e-01 
6.129309e-01 5.135697e-07 3.419810e-01 
6.117029e-01 5.091373e-07 3.219810e-01 
6.127555e-01 5.117941e-07 3.232210e-01 
6.125033e-01 5.110525e-07 3.271130e-01 
6.128406e-01 5.075513e-07 3.253720e-01 
6.122168e-01 5.099860e-07 3.293750e-01 
6.150143e-01 5.166706e-07 3.284910e-01 
6.122625e-01 5.086334e-07 3.246260e-01 
6.134958e-01 5.117771e-07 3.235590e-01 
6.141650e-01 5.172557e-07 3.430610e-01 
6.132244e-01 5.148546e-07 3.224800e-01 
6.122782e-01 5.071890e-07 3.231690e-01 
6.125986e-01 5.144827e-07 3.283390e-01 
6.119474e-01 5.065545e-07 3.273390e-01 
6.129779e-01 5.111947e-07 3.274560e-01 
6.130706e-01 5.155843e-07 3.323030e-01 
6.121596e-01 5.102737e-07 3.287430e-01 
6.121295e-01 5.107781e-07 3.256600e-01 
6.132256e-01 5.138643e-07 3.255430e-01 
6.127035e-01 5.139896e-07 3.248890e-01 
6.131138e-01 5.111306e-07 3.254440e-01 
6.109911e-01 5.056800e-07 3.237530e-01 
6.124014e-01 5.079279e-07 3.336060e-01 
6.128726e-01 5.156651e-07 3.235530e-01 
6.135501e-01 5.125480e-07 3.396050e-01 
6.121104e-01 5.111383e-07 3.316570e-01 
6.131987e-01 5.107662e-07 3.245380e-01 
6.128820e-01 5.139953e-07 3.217230e-01 
6.122297e-01 5.064550e-07 3.262680e-01 
6.129765e-01 5.117924e-07 3.241080e-01 
6.130285e-01 5.126603e-07 3.455420e-01 
6.135232e-01 5.142438e-07 3.309600e-01 
6.136992e-01 5.147235e-07 3.251640e-01 
6.111099e-01 5.063250e-07 3.241530e-01 
6.125340e-01 5.107960e-07 3.258850e-01 
6.136148e-01 5.135103e-07 3.233840e-01 
6.129667e-01 5.122244e-07 3.232800e-01 
6.117666e-01 5.095122e-07 3.252000e-01 
6.105982e-01 5.081936e-07 3.267110e-01 
6.124106e-01 5.144495e-07 3.249170e-01 
6.130317e-01 5.103996e-07 3.449630e-01 
6.115111e-01 5.064033e-07 3.243950e-01 
6.131136e-01 5.095329e-07 3.257540e-01 
6.121828e-01 5.106617e-07 3.283210e-01 
6.116632e-01 5.097187e-07 3.228380e-01 
6.138682e-01 5.155883e-07 3.243170e-01 
6.126565e-01 5.104356e-07 3.289750e-01 
6.136069e-01 5.106751e-07 3.213850e-01 
6.122726e-01 5.105334e-07 3.384810e-01 
6.118991e-01 5.082490e-07 3.343330e-01 
6.130831e-01 5.132350e-07 3.232030e-01 
6.126848e-01 5.087058e-07 3.224330e-01 
6.129960e-01 5.121271e-07 3.259760e-01 
6.122381e-01 5.116684e-07 3.235350e-01 
6.121144e-01 5.079172e-07 3.258170e-01 
6.140689e-01 5.132090e-07 3.378570e-01 
6.121594e-01 5.095461e-07 3.449060e-01 
6.129499e-01 5.080787e-07 3.239300e-01 
6.129322e-01 5.114214e-07 3.305220e-01 
6.119473e-01 5.105882e-07 3.262020e-01 
6.119997e-01 5.111774e-07 3.225950e-01 
6.115551e-01 5.099722e-07 3.417910e-01 
6.120569e-01 5.077387e-07 3.289080e-01 
6.117015e-01 5.104373e-07 3.223040e-01 
6.115704e-01 5.126188e-07 3.303520e-01 
6.135176e-01 5.124537e-07 3.210310e-01 
6.134446e-01 5.140809e-07 3.254080e-01 
6.128715e-01 5.089194e-07 3.245770e-01 
6.117445e-01 5.096960e-07 3.204530e-01 
6.125147e-01 5.105257e-07 3.265280e-01 
6.133729e-01 5.100342e-07 3.305340e-01 
6.135468e-01 5.110700e-07 3.225630e-01 
6.158550e-01 5.198472e-07 3.222050e-01 
6.126721e-01 5.085366e-07 3.235290e-01 
6.126010e-01 5.139854e-07 3.248960e-01 
6.121511e-01 5.102216e-07 3.240760e-01 
6.125073e-01 5.102787e-07 3.263300e-01 
6.129296e-01 5.101085e-07 3.315120e-01 
6.124431e-01 5.128523e-07 3.235720e-01 
6.121471e-01 5.117936e-07 3.257400e-01 
6.128758e-01 5.102577e-07 3.321800e-01 
6.111912e-01 5.107185e-07 3.210960e-01 
6.125596e-01 5.120441e-07 3.225370e-01 
6.122911e-01 5.074174e-07 3.232970e-01 
6.128625e-01 5.111594e-07 3.251010e-01 
6.114012e-01 5.096955e-07 3.390760e-01 
6.128403e-01 5.129586e-07 3.361230e-01 
6.126909e-01 5.164750e-07 3.248030e-01 
6.124900e-01 5.117597e-07 3.244730e-01 
6.142857e-01 5.151889e-07 3.351200e-01 
6.134940e-01 5.141713e-07 3.249850e-01 
6.120541e-01 5.078780e-07 3.547700e-01 
6.124514e-01 5.107612e-07 3.232540e-01 
6.131882e-01 5.102599e-07 3.223670e-01 
6.134418e-01 5.116306e-07 3.298790e-01 
6.125871e-01 5.078728e-07 3.532430e-01 
6.121881e-01 5.109831e-07 3.235840e-01 
6.105631e-01 5.086645e-07 3.254080e-01 
6.136461e-01 5.128884e-07 3.217290e-01 
6.126377e-01 5.126530e-07 3.234180e-01 
6.128666e-01 5.121069e-07 3.236760e-01 
6.125073e-01 5.130093e-07 3.475610e-01 
6.121145e-01 5.117675e-07 3.234610e-01 
6.118449e-01 5.092699e-07 3.259380e-01 
6.118558e-01 5.097321e-07 3.254050e-01 
6.124283e-01 5.120532e-07 3.241020e-01 
6.130762e-01 5.119754e-07 3.268420e-01 
6.131192e-01 5.136331e-07 3.310450e-01 
6.126216e-01 5.127923e-07 3.228480e-01 
6.124449e-01 5.081521e-07 3.230670e-01 
6.127751e-01 5.082259e-07 3.293920e-01 
6.129908e-01 5.081166e-07 3.258790e-01 
6.131857e-01 5.134058e-07 3.208370e-01 
6.119778e-01 5.098515e-07 3.223040e-01 
6.117665e-01 5.107872e-07 3.206700e-01 
6.123470e-01 5.111091e-07 3.260800e-01 
6.139391e-01 5.144394e-07 3.507260e-01 
6.136221e-01 5.133248e-07 3.282910e-01 
6.129767e-01 5.084410e-07 3.220290e-01 
6.122612e-01 5.122234e-07 3.294180e-01 
6.122303e-01 5.078997e-07 3.216690e-01 
6.133949e-01 5.143791e-07 3.201690e-01 
6.110448e-01 5.120246e-07 3.399220e-01 
6.124547e-01 5.084883e-07 3.265660e-01 
6.132593e-01 5.127318e-07 3.213510e-01 
6.138210e-01 5.143711e-07 3.292980e-01 
6.117099e-01 5.093373e-07 3.216300e-01 
6.124025e-01 5.138989e-07 3.263590e-01 
6.122843e-01 5.112791e-07 3.270020e-01 
6.129994e-01 5.130747e-07 3.244840e-01 
6.123775e-01 5.101488e-07 3.249990e-01 
6.123076e-01 5.139040e-07 3.403450e-01 
6.115245e-01 5.131581e-07 3.270770e-01 
6.123570e-01 5.101037e-07 3.228830e-01 
6.122250e-01 5.120608e-07 3.316910e-01 
6.121984e-01 5.114255e-07 3.228550e-01 
6.133272e-01 5.152972e-07 3.227120e-01 
6.122337e-01 5.108513e-07 3.393690e-01 
6.112907e-01 5.088604e-07 3.297670e-01 
6.121095e-01 5.113289e-07 3.236680e-01 
6.120542e-01 5.132191e-07 3.512670e-01 
6.125936e-01 5.129234e-07 3.242790e-01 
6.111962e-01 5.069843e-07 3.235040e-01 
6.136997e-01 5.136919e-07 3.207910e-01 
6.127743e-01 5.096340e-07 3.231480e-01 
6.129761e-01 5.141388e-07 3.242750e-01 
6.117526e-01 5.104311e-07 3.277460e-01 
6.112837e-01 5.064494e-07 3.386200e-01 
6.122578e-01 5.093863e-07 3.256400e-01 
6.121193e-01 5.119192e-07 3.234160e-01 
6.111457e-01 5.072212e-07 3.326990e-01 
6.117077e-01 5.112336e-07 3.245600e-01 
6.127815e-01 5.111127e-07 3.271730e-01 
6.129930e-01 5.111741e-07 3.275700e-01 
6.122662e-01 5.072838e-07 3.265880e-01 
6.119305e-01 5.065895e-07 3.234000e-01 
6.126987e-01 5.125337e-07 3.248960e-01 
6.136705e-01 5.127375e-07 3.233800e-01 
6.133319e-01 5.130171e-07 3.204310e-01 
6.139779e-01 5.140291e-07 3.329360e-01 
6.126090e-01 5.119275e-07 3.217920e-01 
6.118533e-01 5.089171e-07 3.246220e-01 
6.130824e-01 5.094322e-07 3.246120e-01 
6.126587e-01 5.121211e-07 3.254960e-01 
6.133037e-01 5.105274e-07 3.238030e-01 
6.129600e-01 5.142331e-07 3.293100e-01 
6.123192e-01 5.088979e-07 3.192590e-01 
6.127787e-01 5.121603e-07 3.227140e-01 
6.124943e-01 5.118714e-07 3.308030e-01 
6.124991e-01 5.117331e-07 3.194630e-01 
6.120363e-01 5.091734e-07 3.207450e-01 
6.117530e-01 5.089167e-07 3.232860e-01 
6.117046e-01 5.118585e-07 3.224330e-01 
6.140373e-01 5.141580e-07 3.186320e-01 
6.128374e-01 5.143536e-07 3.268850e-01 
6.125952e-01 5.118497e-07 3.211520e-01 
6.132006e-01 5.147715e-07 3.216310e-01 
6.128586e-01 5.111099e-07 4.254960e-01 
6.126315e-01 5.131456e-07 3.283580e-01 
6.123846e-01 5.093424e-07 3.292070e-01 
6.123808e-01 5.095388e-07 3.265590e-01 
6.127939e-01 5.172533e-07 3.213450e-01 
6.131096e-01 5.105822e-07 3.280780e-01 
6.131200e-01 5.092985e-07 3.397010e-01 
6.135857e-01 5.151957e-07 3.206580e-01 
6.127023e-01 5.103404e-07 3.196180e-01 
6.130409e-01 5.109879e-07 3.255760e-01 
6.139012e-01 5.159121e-07 3.227440e-01 
6.129621e-01 5.118564e-07 3.211340e-01 
6.120987e-01 5.111034e-07 3.319610e-01 
6.119909e-01 5.104299e-07 3.248430e-01 
6.131227e-01 5.122963e-07 3.227580e-01 
6.135634e-01 5.106879e-07 3.653690e-01 
6.135292e-01 5.154511e-07 3.237800e-01 
6.123223e-01 5.105316e-07 3.227370e-01 
6.123930e-01 5.093144e-07 3.270870e-01 
6.122473e-01 5.107612e-07 3.205600e-01 
6.122933e-01 5.114719e-07 3.223010e-01 
6.127732e-01 5.112375e-07 3.370790e-01 
6.138931e-01 5.138227e-07 3.271890e-01 
6.141076e-01 5.165539e-07 3.239990e-01 
6.130600e-01 5.107990e-07 3.302050e-01 
6.128537e-01 5.123154e-07 3.217950e-01 
6.135548e-01 5.155601e-07 3.222590e-01 
6.126209e-01 5.120356e-07 3.227590e-01 
6.115735e-01 5.113599e-07 3.234500e-01 
6.129183e-01 5.109646e-07 3.430210e-01 
6.121754e-01 5.102766e-07 3.518670e-01 
6.125903e-01 5.105685e-07 3.228470e-01 
6.117188e-01 5.109230e-07 3.236850e-01 
6.123479e-01 5.075677e-07 3.261170e-01 
6.132340e-01 5.128407e-07 3.234090e-01 
6.119271e-01 5.110743e-07 3.217460e-01 
6.130703e-01 5.139721e-07 3.307670e-01 
6.139434e-01 5.154912e-07 3.296930e-01 
6.127666e-01 5.122645e-07 3.238470e-01 
6.132762e-01 5.088969e-07 3.253960e-01 
6.127823e-01 5.168464e-07 3.314640e-01 
6.118989e-01 5.077995e-07 3.233140e-01 
6.114825e-01 5.080201e-07 3.228480e-01 
6.122442e-01 5.120466e-07 3.289240e-01 
6.122852e-01 5.111479e-07 3.213280e-01 
6.127609e-01 5.096773e-07 3.252960e-01 
6.139173e-01 5.147047e-07 3.497770e-01 
6.127082e-01 5.073284e-07 3.240700e-01 
6.128896e-01 5.088959e-07 3.219930e-01 
6.138777e-01 5.113901e-07 3.255150e-01 
6.120002e-01 5.111616e-07 3.245650e-01 
6.125213e-01 5.111043e-07 3.327530e-01 
6.121032e-01 5.128546e-07 3.322120e-01 
6.122696e-01 5.116365e-07 3.218450e-01 
6.115235e-01 5.072284e-07 3.241110e-01 
6.128427e-01 5.108062e-07 3.241480e-01 
6.126609e-01 5.123093e-07 3.228450e-01 
6.115499e-01 5.097241e-07 3.251280e-01 
6.139668e-01 5.166076e-07 3.235010e-01 
6.123789e-01 5.137479e-07 3.250050e-01 
6.127554e-01 5.119089e-07 3.362450e-01 
6.123870e-01 5.116537e-07 3.490130e-01 
6.113267e-01 5.054305e-07 3.224870e-01 
6.120967e-01 5.097843e-07 3.232190e-01 
6.128937e-01 5.141838e-07 3.244350e-01 
6.145725e-01 5.190192e-07 3.253840e-01 
6.119198e-01 5.058223e-07 3.373560e-01 
6.125767e-01 5.115997e-07 3.474450e-01 
6.140362e-01 5.139795e-07 3.227790e-01 
6.135757e-01 5.146156e-07 3.224350e-01 
6.119999e-01 5.119411e-07 3.301740e-01 
6.136846e-01 5.151418e-07 3.235430e-01 
6.133389e-01 5.173484e-07 3.249680e-01 
6.134314e-01 5.122970e-07 3.293760e-01 
6.123488e-01 5.116686e-07 3.220320e-01 
6.122877e-01 5.084016e-07 3.213660e-01 
6.118359e-01 5.080215e-07 3.384910e-01 
6.122025e-01 5.092460e-07 3.228520e-01 
6.129304e-01 5.153429e-07 3.192640e-01 
6.126611e-01 5.091597e-07 3.254550e-01 
6.138858e-01 5.120955e-07 3.212220e-01 
6.133506e-01 5.106406e-07 3.227150e-01 
6.140844e-01 5.177996e-07 3.490000e-01 
6.135326e-01 5.144751e-07 3.209940e-01 
6.136270e-01 5.135048e-07 3.217670e-01 
6.136707e-01 5.140064e-07 3.255650e-01 
6.125202e-01 5.113408e-07 3.222630e-01 
6.117828e-01 5.074974e-07 3.239810e-01 
6.139789e-01 5.147975e-07 3.241640e-01 
6.133458e-01 5.112751e-07 3.217180e-01 
6.131996e-01 5.125562e-07 3.224260e-01 
6.122954e-01 5.080671e-07 3.392420e-01 
6.119615e-01 5.107311e-07 3.345000e-01 
6.136140e-01 5.139321e-07 3.237760e-01 
6.132414e-01 5.131522e-07 3.250970e-01 
6.129349e-01 5.098896e-07 3.491340e-01 
6.125974e-01 5.125021e-07 3.243840e-01 
6.127248e-01 5.113182e-07 3.252420e-01 
6.123369e-01 5.119934e-07 3.457980e-01 
6.125305e-01 5.115166e-07 3.455090e-01 
6.138541e-01 5.117963e-07 3.309260e-01 
6.127811e-01 5.089996e-07 3.229400e-01 
6.124218e-01 5.094302e-07 3.228710e-01 
6.133263e-01 5.118514e-07 3.212330e-01 
6.125720e-01 5.091550e-07 3.270250e-01 
6.113173e-01 5.057011e-07 3.243160e-01 
6.115971e-01 5.120964e-07 3.229660e-01 
6.137414e-01 5.171942e-07 3.308850e-01 
6.137582e-01 5.144530e-07 3.247680e-01 
6.139698e-01 5.126755e-07 3.251480e-01 
6.125413e-01 5.118173e-07 3.486950e-01 
6.126802e-01 5.104241e-07 3.209220e-01 
6.123028e-01 5.121371e-07 3.238260e-01 
6.139898e-01 5.111915e-07 3.347890e-01 
6.129014e-01 5.117534e-07 3.242140e-01 
6.121817e-01 5.101522e-07 3.212670e-01 
6.125695e-01 5.113717e-07 3.227440e-01 
6.128969e-01 5.108033e-07 3.219440e-01 
6.129389e-01 5.107310e-07 3.225090e-01 
6.137092e-01 5.152313e-07 3.288140e-01 
6.134898e-01 5.117390e-07 3.225210e-01 
6.118596e-01 5.064030e-07 3.311510e-01 
6.113648e-01 5.094106e-07 3.330770e-01 
6.122624e-01 5.131001e-07 3.294790e-01 
6.122917e-01 5.076915e-07 3.242170e-01 
6.133618e-01 5.144679e-07 3.256380e-01 
6.129176e-01 5.129037e-07 3.222000e-01 
6.130763e-01 5.132084e-07 3.394620e-01 
6.109136e-01 5.070968e-07 3.392230e-01 
6.130066e-01 5.125825e-07 3.227300e-01 
6.125528e-01 5.122120e-07 3.212930e-01 
6.143693e-01 5.156006e-07 3.272600e-01 
6.124422e-01 5.112609e-07 3.225470e-01 
6.132887e-01 5.121821e-07 3.228370e-01 
6.127735e-01 5.108696e-07 3.246390e-01 
6.119011e-01 5.091841e-07 3.227320e-01 
6.124724e-01 5.113340e-07 3.228640e-01 
6.118321e-01 5.082637e-07 3.445160e-01 
6.120545e-01 5.124368e-07 3.276740e-01 
6.119407e-01 5.075457e-07 3.236980e-01 
6.119639e-01 5.109310e-07 3.260390e-01 
6.124131e-01 5.112648e-07 3.210820e-01 
6.117891e-01 5.105181e-07 3.218780e-01 
6.129066e-01 5.123669e-07 3.390010e-01 
6.134998e-01 5.135243e-07 3.282170e-01 
6.116804e-01 5.105542e-07 3.218620e-01 
6.133761e-01 5.127853e-07 3.293180e-01 
6.136483e-01 5.159798e-07 3.185040e-01 
6.136012e-01 5.144820e-07 3.254000e-01 
6.121627e-01 5.117710e-07 3.411360e-01 
6.118839e-01 5.113795e-07 3.231540e-01 
6.127772e-01 5.117151e-07 3.226550e-01 
6.110055e-01 5.065814e-07 3.459690e-01 
6.134942e-01 5.122816e-07 3.290140e-01 
6.132436e-01 5.119102e-07 3.237590e-01 
6.141944e-01 5.131980e-07 3.325080e-01 
6.123261e-01 5.107956e-07 3.240560e-01 
6.114099e-01 5.097042e-07 3.282510e-01 
6.135866e-01 5.158757e-07 3.532860e-01 
6.128565e-01 5.135582e-07 3.210410e-01 
6.139555e-01 5.140684e-07 3.223440e-01 
6.131186e-01 5.110413e-07 3.278060e-01 
6.124148e-01 5.098113e-07 3.253460e-01 
6.115214e-01 5.070694e-07 3.231400e-01 
6.145803e-01 5.155738e-07 3.328910e-01 
6.117973e-01 5.067122e-07 3.291410e-01 
6.125374e-01 5.065129e-07 3.241690e-01 
6.120390e-01 5.106440e-07 3.414840e-01 
6.117745e-01 5.098639e-07 3.273930e-01 
6.134728e-01 5.101749e-07 3.259120e-01 
6.126937e-01 5.116574e-07 3.228660e-01 
6.130936e-01 5.105009e-07 3.280060e-01 
6.136833e-01 5.140366e-07 3.269940e-01 
6.114804e-01 5.073545e-07 3.292330e-01 
6.134333e-01 5.128832e-07 3.306010e-01 
6.131320e-01 5.127223e-07 3.240440e-01 
6.123272e-01 5.102796e-07 3.248300e-01 
6.124803e-01 5.121474e-07 3.252500e-01 
6.120380e-01 5.092874e-07 3.217930e-01 
6.137859e-01 5.144439e-07 3.220180e-01 
6.134891e-01 5.157714e-07 3.265120e-01 
6.131305e-01 5.126974e-07 3.288720e-01 
6.127853e-01 5.142020e-07 3.256180e-01 
6.134691e-01 5.150889e-07 3.398490e-01 
6.127841e-01 5.102414e-07 3.240630e-01 
6.133396e-01 5.104100e-07 3.249900e-01 
6.128980e-01 5.114869e-07 3.255540e-01 
6.119061e-01 5.109421e-07 3.252340e-01 
6.118971e-01 5.093451e-07 3.225860e-01 
6.113957e-01 5.080862e-07 3.284110e-01 
6.122298e-01 5.086779e-07 3.238290e-01 
6.135112e-01 5.106643e-07 3.219070e-01 
6.136091e-01 5.130479e-07 3.246030e-01 
6.133389e-01 5.100506e-07 3.234380e-01 
6.121142e-01 5.104748e-07 3.219070e-01 
6.124904e-01 5.121166e-07 3.230330e-01 
6.120753e-01 5.097478e-07 3.224980e-01 
6.123426e-01 5.105964e-07 3.201240e-01 
6.118054e-01 5.110098e-07 3.435510e-01 
6.121777e-01 5.096836e-07 3.278150e-01 
6.119641e-01 5.105818e-07 3.245910e-01 
6.123394e-01 5.145756e-07 3.245100e-01 
6.124192e-01 5.094669e-07 3.248890e-01 
6.129706e-01 5.098691e-07 3.212900e-01 
6.133862e-01 5.154468e-07 3.494240e-01 
6.125450e-01 5.133945e-07 3.240650e-01 
6.131152e-01 5.140399e-07 3.212720e-01 
6.130943e-01 5.146743e-07 3.267800e-01 
6.130747e-01 5.145906e-07 3.225090e-01 
6.128781e-01 5.137535e-07 3.243980e-01 
6.133419e-01 5.133265e-07 3.302440e-01 
6.115509e-01 5.076859e-07 3.216230e-01 
6.133823e-01 5.137351e-07 3.229900e-01 
6.121311e-01 5.062318e-07 3.444450e-01 
6.126610e-01 5.113097e-07 3.385930e-01 
6.135291e-01 5.137034e-07 3.219160e-01 
6.125665e-01 5.127319e-07 3.240000e-01 
6.120699e-01 5.098515e-07 3.298130e-01 
6.123314e-01 5.102850e-07 3.244140e-01 
6.119386e-01 5.089255e-07 3.499080e-01 
6.129096e-01 5.120629e-07 3.249660e-01 
6.124277e-01 5.094214e-07 3.234470e-01 
6.132737e-01 5.136724e-07 3.292420e-01 
6.124975e-01 5.086147e-07 3.208780e-01 
6.117399e-01 5.105992e-07 3.231530e-01 
6.121054e-01 5.120683e-07 3.203220e-01 
6.125369e-01 5.120376e-07 3.281870e-01 
6.124130e-01 5.110912e-07 3.234680e-01 
6.116966e-01 5.106424e-07 3.443080e-01 
6.123678e-01 5.116455e-07 3.259030e-01 
6.128302e-01 5.143375e-07 3.256120e-01 
6.137561e-01 5.103622e-07 3.229180e-01 
6.127238e-01 5.095093e-07 3.252960e-01 
6.137653e-01 5.166674e-07 3.259860e-01 
6.123572e-01 5.092640e-07 3.281400e-01 
6.121784e-01 5.055976e-07 3.258690e-01 
6.136374e-01 5.127640e-07 3.218280e-01 
6.119807e-01 5.080158e-07 3.262150e-01 
6.129385e-01 5.149104e-07 3.250220e-01 
6.134058e-01 5.138311e-07 3.236180e-01 
6.129912e-01 5.126831e-07 3.207760e-01 
6.121626e-01 5.110099e-07 3.272090e-01 
6.132203e-01 5.114095e-07 3.221520e-01 
6.122524e-01 5.102530e-07 3.329610e-01 
6.139833e-01 5.165461e-07 3.427540e-01 
6.125920e-01 5.118495e-07 3.236790e-01 
6.126455e-01 5.128473e-07 3.309030e-01 
6.136872e-01 5.131678e-07 3.230740e-01 
6.120958e-01 5.098988e-07 3.230480e-01 
6.122463e-01 5.112853e-07 3.254560e-01 
6.128510e-01 5.141083e-07 3.337140e-01 
6.118730e-01 5.111235e-07 3.228360e-01 
6.136885e-01 5.114251e-07 3.261400e-01 
6.116201e-01 5.086355e-07 3.286530e-01 
6.128628e-01 5.108234e-07 3.251910e-01 
6.120794e-01 5.073930e-07 3.249930e-01 
6.125421e-01 5.114595e-07 3.294770e-01 
6.126620e-01 5.153483e-07 3.247920e-01 
6.133324e-01 5.121540e-07 3.239140e-01 
6.144999e-01 5.164568e-07 3.335120e-01 
6.122124e-01 5.074006e-07 3.219970e-01 
6.125437e-01 5.123705e-07 3.264050e-01 
6.129066e-01 5.129410e-07 3.255690e-01 
6.139094e-01 5.157134e-07 3.286640e-01 
6.130751e-01 5.143825e-07 3.196970e-01 
6.102496e-01 5.048876e-07 3.462060e-01 
6.123349e-01 5.105176e-07 3.260780e-01 
6.134648e-01 5.150444e-07 3.196730e-01 
6.119322e-01 5.109193e-07 3.269200e-01 
6.114336e-01 5.100534e-07 3.211600e-01 
6.125554e-01 5.115269e-07 3.287030e-01 
6.129575e-01 5.138726e-07 3.287280e-01 
6.119497e-01 5.105361e-07 3.230950e-01 
6.126147e-01 5.160967e-07 3.265340e-01 
6.130226e-01 5.129225e-07 3.375580e-01 
6.117980e-01 5.115111e-07 3.278350e-01 
6.122966e-01 5.111702e-07 3.251220e-01 
6.139984e-01 5.115042e-07 3.324650e-01 
6.126603e-01 5.108214e-07 3.253150e-01 
6.109894e-01 5.105914e-07 3.240000e-01 
6.128168e-01 5.094565e-07 3.394020e-01 
6.125525e-01 5.094608e-07 3.222150e-01 
6.133480e-01 5.141572e-07 3.228250e-01 
6.125119e-01 5.103293e-07 3.225230e-01 
6.135286e-01 5.162328e-07 3.341860e-01 
6.145875e-01 5.187549e-07 3.232350e-01 
6.111023e-01 5.065954e-07 3.288020e-01 
6.112243e-01 5.060350e-07 3.259410e-01 
6.133060e-01 5.113593e-07 3.239760e-01 
6.112981e-01 5.050850e-07 3.268210e-01 
6.125213e-01 5.118580e-07 3.377640e-01 
6.113743e-01 5.081579e-07 3.280570e-01 
6.126064e-01 5.138896e-07 3.249810e-01 
6.120413e-01 5.134760e-07 3.423920e-01 
6.121548e-01 5.124398e-07 3.228660e-01 
6.127999e-01 5.127619e-07 3.311170e-01 
6.134155e-01 5.102485e-07 3.298290e-01 
6.123107e-01 5.093584e-07 3.242700e-01 
6.131512e-01 5.148478e-07 3.216540e-01 
6.129353e-01 5.137699e-07 3.306090e-01 
6.124313e-01 5.124665e-07 3.262180e-01 
6.121686e-01 5.129625e-07 3.204690e-01 
6.122986e-01 5.113818e-07 3.266110e-01 
6.125948e-01 5.126520e-07 3.275270e-01 
6.124950e-01 5.117190e-07 3.470420e-01 
6.121715e-01 5.106596e-07 3.354100e-01 
6.132944e-01 5.154526e-07 3.243410e-01 
6.128637e-01 5.131982e-07 3.214590e-01 
6.119703e-01 5.093466e-07 3.291420e-01 
6.140778e-01 5.186580e-07 3.210890e-01 
6.126681e-01 5.155200e-07 3.261100e-01 
6.121526e-01 5.101587e-07 3.377090e-01 
6.128700e-01 5.131702e-07 3.268480e-01 
6.126525e-01 5.118048e-07 3.259060e-01 
6.128723e-01 5.100331e-07 3.329050e-01 
6.142260e-01 5.154076e-07 3.254390e-01 
6.134327e-01 5.112634e-07 3.215490e-01 
6.130371e-01 5.114469e-07 3.258340e-01 
6.135235e-01 5.122220e-07 3.243180e-01 
6.120590e-01 5.096440e-07 3.251890e-01 
6.132703e-01 5.106326e-07 4.335190e-01 
6.119551e-01 5.129749e-07 3.231130e-01 
6.125453e-01 5.114642e-07 3.288100e-01 
6.134358e-01 5.143160e-07 3.268040e-01 
6.128810e-01 5.126404e-07 3.247640e-01 
6.126955e-01 5.135653e-07 3.235690e-01 
6.116911e-01 5.088428e-07 3.461730e-01 
6.136869e-01 5.162446e-07 3.229230e-01 
6.121263e-01 5.104737e-07 3.313850e-01 
6.134615e-01 5.121648e-07 3.254860e-01 
6.146329e-01 5.150199e-07 3.230810e-01 
6.126991e-01 5.097126e-07 3.229200e-01 
6.117141e-01 5.109011e-07 3.338580e-01 
6.117700e-01 5.125319e-07 3.237830e-01 
6.128115e-01 5.123848e-07 3.263620e-01 
6.124683e-01 5.119580e-07 3.453950e-01 
6.125529e-01 5.097158e-07 3.241080e-01 
6.108280e-01 5.092451e-07 3.241250e-01 
6.126540e-01 5.141993e-07 3.330940e-01 
6.123058e-01 5.121159e-07 3.293290e-01 
6.126327e-01 5.116732e-07 3.316840e-01 
6.129951e-01 5.139431e-07 3.401600e-01 
6.118599e-01 5.071093e-07 3.274470e-01 
6.133692e-01 5.139085e-07 3.232360e-01 
6.132880e-01 5.108926e-07 3.301810e-01 
6.137288e-01 5.156797e-07 3.259120e-01 
6.124276e-01 5.080607e-07 3.234840e-01 
6.123132e-01 5.123985e-07 3.276900e-01 
6.110958e-01 5.104617e-07 3.220890e-01 
6.130054e-01 5.137527e-07 3.210140e-01 
6.137156e-01 5.110751e-07 3.487280e-01 
6.127764e-01 5.122598e-07 3.238160e-01 
6.123754e-01 5.114676e-07 3.231500e-01 
6.125346e-01 5.103830e-07 3.340190e-01 
6.130491e-01 5.089797e-07 3.417860e-01 
6.141322e-01 5.127746e-07 3.208680e-01 
6.124859e-01 5.096927e-07 3.402770e-01 
6.125544e-01 5.118183e-07 3.256130e-01 
6.133752e-01 5.103867e-07 3.236360e-01 
6.126702e-01 5.076181e-07 3.328550e-01 
6.127200e-01 5.089545e-07 3.209740e-01 
6.124291e-01 5.142961e-07 3.239970e-01 
6.123554e-01 5.095220e-07 3.268600e-01 
6.116036e-01 5.079570e-07 3.232880e-01 
6.127018e-01 5.128821e-07 3.237920e-01 
6.129614e-01 5.117267e-07 3.479440e-01 
6.120724e-01 5.120721e-07 3.355800e-01 
6.120749e-01 5.070943e-07 3.247630e-01 
6.118495e-01 5.104070e-07 3.275310e-01 
6.117579e-01 5.098558e-07 3.271890e-01 
6.128758e-01 5.146021e-07 3.301720e-01 
6.125678e-01 5.128297e-07 3.260430e-01 
6.112930e-01 5.097929e-07 3.297210e-01 
6.127654e-01 5.114390e-07 3.275120e-01 
6.117322e-01 5.082662e-07 3.255060e-01 
6.122728e-01 5.084104e-07 3.282290e-01 
6.137298e-01 5.141895e-07 3.207640e-01 
6.118784e-01 5.094847e-07 3.219930e-01 
6.136808e-01 5.120597e-07 3.269620e-01 
6.141686e-01 5.136915e-07 3.248060e-01 
6.136200e-01 5.140795e-07 3.273620e-01 
6.153082e-01 5.152371e-07 3.271030e-01 
6.125008e-01 5.120949e-07 3.210740e-01 
6.128256e-01 5.103807e-07 3.261650e-01 
6.128542e-01 5.108057e-07 3.259710e-01 
6.128766e-01 5.126398e-07 3.247250e-01 
6.111996e-01 5.061860e-07 3.281060e-01 
6.123351e-01 5.069556e-07 3.266790e-01 
6.138238e-01 5.152720e-07 3.230840e-01 
6.132511e-01 5.095068e-07 3.249620e-01 
6.120243e-01 5.074588e-07 3.266820e-01 
6.124404e-01 5.138273e-07 3.243930e-01 
6.126541e-01 5.098350e-07 3.215750e-01 
6.127611e-01 5.107437e-07 3.257690e-01 
6.134564e-01 5.133816e-07 3.236010e-01 
6.121581e-01 5.092591e-07 3.240540e-01 
6.123267e-01 5.125769e-07 3.345790e-01 
6.120686e-01 5.056101e-07 3.231070e-01 
6.135424e-01 5.153353e-07 3.364360e-01 
6.125946e-01 5.142320e-07 3.260570e-01 
6.124121e-01 5.150218e-07 3.222080e-01 
6.135780e-01 5.137118e-07 3.240930e-01 
6.123766e-01 5.122385e-07 3.520880e-01 
6.127847e-01 5.140473e-07 3.227080e-01 
6.124339e-01 5.075073e-07 3.212250e-01 
6.124122e-01 5.095215e-07 3.260570e-01 
6.124071e-01 5.096230e-07 3.206710e-01 
6.128075e-01 5.143884e-07 3.234220e-01 
6.133484e-01 5.136182e-07 3.320690e-01 
6.137228e-01 5.153506e-07 3.228910e-01 
6.130012e-01 5.116777e-07 3.207210e-01 
6.120053e-01 5.111932e-07 3.329840e-01 
6.133411e-01 5.145283e-07 3.241880e-01 
6.126477e-01 5.141840e-07 3.238200e-01 
6.128442e-01 5.101424e-07 3.289420e-01 
6.119092e-01 5.085739e-07 3.206820e-01 
6.135069e-01 5.158437e-07 3.250570e-01 
6.120328e-01 5.133377e-07 3.346240e-01 
6.131504e-01 5.141039e-07 3.209850e-01 
6.120193e-01 5.089396e-07 3.261850e-01 
6.119968e-01 5.098311e-07 3.244600e-01 
6.117568e-01 5.064548e-07 3.278380e-01 
6.127662e-01 5.100472e-07 3.232730e-01 
6.117380e-01 5.104443e-07 3.241060e-01 
6.123090e-01 5.119199e-07 3.277970e-01 
6.125323e-01 5.104714e-07 3.232340e-01 
6.134122e-01 5.106483e-07 3.330310e-01 
6.131658e-01 5.148245e-07 3.347340e-01 
6.136699e-01 5.148724e-07 3.351100e-01 
6.119080e-01 5.085271e-07 3.220730e-01 
6.117220e-01 5.093672e-07 3.265140e-01 
6.133721e-01 5.134848e-07 3.214460e-01 
6.127601e-01 5.099068e-07 3.271040e-01 
6.133941e-01 5.142929e-07 3.322680e-01 
6.121642e-01 5.089877e-07 3.218800e-01 
6.124788e-01 5.097730e-07 3.223560e-01 
6.128485e-01 5.136135e-07 3.235310e-01 
6.129413e-01 5.121469e-07 3.242500e-01 
6.146076e-01 5.152747e-07 3.233090e-01 
6.143404e-01 5.145343e-07 3.281780e-01 
6.133452e-01 5.109552e-07 3.237030e-01 
6.143194e-01 5.173638e-07 3.376240e-01 
6.119028e-01 5.119638e-07 3.269480e-01 
6.126598e-01 5.109584e-07 3.240350e-01 
6.112279e-01 5.044747e-07 3.259250e-01 
6.134965e-01 5.122504e-07 3.259840e-01 
6.125970e-01 5.100707e-07 3.208030e-01 
6.123178e-01 5.129190e-07 3.363360e-01 
6.138034e-01 5.114806e-07 4.219340e-01 
6.112722e-01 5.067745e-07 3.270880e-01 
6.127721e-01 5.116131e-07 3.250580e-01 
6.128672e-01 5.143705e-07 3.346110e-01 
6.119281e-01 5.127828e-07 3.232320e-01 
6.128887e-01 5.109524e-07 3.259850e-01 
6.122645e-01 5.088432e-07 3.216350e-01 
6.129828e-01 5.125302e-07 3.244970e-01 
6.116226e-01 5.132636e-07 3.420710e-01 
6.126716e-01 5.126275e-07 3.342840e-01 
6.138582e-01 5.150070e-07 3.220200e-01 
6.137461e-01 5.127787e-07 3.227660e-01 
6.124472e-01 5.126618e-07 3.317180e-01 
6.124544e-01 5.119786e-07 3.223520e-01 
6.136607e-01 5.141491e-07 3.247500e-01 
6.129081e-01 5.153469e-07 3.265750e-01 
6.138516e-01 5.147049e-07 3.218780e-01 
6.120934e-01 5.089035e-07 3.226690e-01 
6.128742e-01 5.088998e-07 3.264300e-01 
6.122736e-01 5.095677e-07 3.245700e-01 
6.120208e-01 5.120481e-07 3.220120e-01 
6.119002e-01 5.114457e-07 3.292020e-01 
6.125272e-01 5.112550e-07 3.233520e-01 
6.125218e-01 5.077967e-07 3.235130e-01 
6.140976e-01 5.141425e-07 3.369990e-01 
6.129322e-01 5.112561e-07 4.186800e-01 
6.139362e-01 5.101903e-07 3.273270e-01 
6.125484e-01 5.132289e-07 3.932780e-01 
6.127855e-01 5.074953e-07 3.457680e-01 
6.127152e-01 5.096883e-07 3.252710e-01 
6.128714e-01 5.130102e-07 4.408830e-01 
6.130410e-01 5.124117e-07 3.222600e-01 
6.117372e-01 5.061550e-07 3.334000e-01 
6.136000e-01 5.125682e-07 3.209210e-01 
6.126848e-01 5.132283e-07 3.309550e-01 
6.109825e-01 5.078957e-07 3.272690e-01 
6.126795e-01 5.122278e-07 3.250710e-01 
6.117173e-01 5.087896e-07 3.246030e-01 
6.116999e-01 5.082823e-07 3.305600e-01 
6.118152e-01 5.107930e-07 3.457030e-01 
6.122847e-01 5.116561e-07 3.251500e-01 
6.118780e-01 5.109447e-07 3.218390e-01 
6.125890e-01 5.112302e-07 3.280680e-01 
6.111918e-01 5.045884e-07 3.295660e-01 
6.126742e-01 5.101479e-07 3.406090e-01 
6.122952e-01 5.100863e-07 3.216710e-01 
6.141701e-01 5.165255e-07 3.218420e-01 
6.122210e-01 5.092297e-07 3.244740e-01 
6.123108e-01 5.085866e-07 3.275580e-01 
6.120147e-01 5.075718e-07 3.211240e-01 
6.116138e-01 5.097673e-07 3.218260e-01 
6.111933e-01 5.043967e-07 3.273590e-01 
6.132842e-01 5.115390e-07 3.239650e-01 
6.125571e-01 5.126886e-07 3.237160e-01 
6.130102e-01 5.116556e-07 3.262660e-01 
6.115505e-01 5.102423e-07 3.220440e-01 
6.118389e-01 5.088987e-07 3.235670e-01 
6.127936e-01 5.110200e-07 3.237790e-01 
6.140539e-01 5.173757e-07 3.254090e-01 
6.134071e-01 5.183341e-07 3.435160e-01 
6.112305e-01 5.072392e-07 3.285880e-01 
6.122609e-01 5.110736e-07 3.257880e-01 
6.117927e-01 5.057948e-07 3.235920e-01 
6.128377e-01 5.125680e-07 3.227650e-01 
6.132539e-01 5.088387e-07 3.240080e-01 
6.141967e-01 5.157331e-07 3.346820e-01 
6.128885e-01 5.097686e-07 3.256400e-01 
6.123504e-01 5.117303e-07 3.226250e-01 
6.120570e-01 5.116639e-07 3.368530e-01 
6.119595e-01 5.077590e-07 3.305900e-01 
6.119740e-01 5.122487e-07 3.231880e-01 
6.122852e-01 5.090748e-07 3.229470e-01 
6.142010e-01 5.120880e-07 3.299110e-01 
6.122997e-01 5.098995e-07 3.234600e-01 
6.122775e-01 5.084713e-07 3.261700e-01 
6.121785e-01 5.093469e-07 3.429880e-01 
6.135669e-01 5.168540e-07 3.234620e-01 
6.116183e-01 5.051747e-07 3.222890e-01 
6.132359e-01 5.118240e-07 3.236910e-01 
6.125306e-01 5.091619e-07 3.220780e-01 
6.133740e-01 5.126229e-07 3.187790e-01 
6.125485e-01 5.103355e-07 3.256680e-01 
6.130913e-01 5.125141e-07 3.188170e-01 
6.125778e-01 5.114960e-07 3.254380e-01 
6.117538e-01 5.131576e-07 3.377640e-01 
6.118323e-01 5.076775e-07 3.223730e-01 
6.116128e-01 5.112793e-07 3.262530e-01 
6.116872e-01 5.105369e-07 3.342150e-01 
6.122435e-01 5.131160e-07 3.218860e-01 
6.128688e-01 5.148509e-07 3.229150e-01 
6.123962e-01 5.067796e-07 3.348130e-01 
6.131726e-01 5.129125e-07 3.224200e-01 
6.128015e-01 5.130060e-07 3.225710e-01 
6.142061e-01 5.127355e-07 3.233330e-01 
6.125819e-01 5.082112e-07 3.243710e-01 
6.140986e-01 5.147715e-07 3.210640e-01 
6.131815e-01 5.112127e-07 3.233800e-01 
6.124189e-01 5.136703e-07 3.313560e-01 
6.104971e-01 5.061286e-07 3.249220e-01 
6.106232e-01 5.060996e-07 3.375250e-01 
6.116389e-01 5.090883e-07 3.252560e-01 
6.118562e-01 5.087812e-07 3.245940e-01 
6.128455e-01 5.142993e-07 3.275360e-01 
6.123670e-01 5.093302e-07 3.314340e-01 
6.127114e-01 5.090072e-07 3.235670e-01 
6.140464e-01 5.172744e-07 3.259910e-01 
6.125385e-01 5.107018e-07 3.303760e-01 
6.117790e-01 5.114492e-07 3.253060e-01 
6.136950e-01 5.131221e-07 3.228090e-01 
6.129756e-01 5.135105e-07 3.279400e-01 
6.129326e-01 5.129742e-07 3.232590e-01 
6.129504e-01 5.117486e-07 3.258990e-01 
6.127216e-01 5.135173e-07 3.265810e-01 
6.128587e-01 5.127252e-07 3.248780e-01 
6.137289e-01 5.126881e-07 3.258650e-01 
6.131025e-01 5.066126e-07 3.305170e-01 
6.124893e-01 5.091798e-07 3.213120e-01 
6.126210e-01 5.087088e-07 3.249030e-01 
6.126615e-01 5.131682e-07 3.328040e-01 
6.117432e-01 5.114476e-07 3.242350e-01 
6.134203e-01 5.144732e-07 3.373060e-01 
6.120207e-01 5.106378e-07 3.274270e-01 
6.130074e-01 5.111766e-07 3.232390e-01 
6.123508e-01 5.127680e-07 3.219150e-01 
6.111546e-01 5.067423e-07 3.261750e-01 
6.128475e-01 5.118303e-07 3.211420e-01 
6.121922e-01 5.062421e-07 3.229720e-01 
6.130760e-01 5.137632e-07 3.287190e-01 
6.129291e-01 5.124891e-07 3.229190e-01 
6.117723e-01 5.109638e-07 3.208170e-01 
6.120143e-01 5.070067e-07 3.415470e-01 
6.119387e-01 5.100291e-07 3.328980e-01 
6.130507e-01 5.138227e-07 3.202990e-01 
6.126849e-01 5.094668e-07 3.266540e-01 
6.122565e-01 5.089325e-07 3.208130e-01 
6.109789e-01 5.086419e-07 3.212340e-01 
6.127065e-01 5.129764e-07 3.352490e-01 
6.125257e-01 5.108636e-07 3.239160e-01 
6.129230e-01 5.114917e-07 3.226440e-01 
6.121935e-01 5.094804e-07 3.304560e-01 
6.114560e-01 5.086869e-07 3.222330e-01 
6.123616e-01 5.136516e-07 3.209410e-01 
6.121906e-01 5.112136e-07 3.228740e-01 
6.126730e-01 5.119648e-07 3.232520e-01 
6.135789e-01 5.123328e-07 3.233360e-01 
6.114282e-01 5.069915e-07 3.311720e-01 
6.134767e-01 5.108379e-07 3.257130e-01 
6.125653e-01 5.085980e-07 3.231650e-01 
6.135711e-01 5.101064e-07 3.235420e-01 
6.106201e-01 5.091046e-07 3.288560e-01 
6.121932e-01 5.125720e-07 3.277190e-01 
6.129363e-01 5.147550e-07 3.348240e-01 
6.129189e-01 5.126396e-07 3.242570e-01 
6.126813e-01 5.111228e-07 3.227700e-01 
6.130796e-01 5.178629e-07 3.242960e-01 
6.132497e-01 5.149404e-07 3.272190e-01 
6.127163e-01 5.127147e-07 3.236040e-01 
6.119860e-01 5.085604e-07 3.227740e-01 
6.125847e-01 5.110925e-07 3.295710e-01 
6.121383e-01 5.096146e-07 3.214140e-01 
6.120086e-01 5.104701e-07 3.431600e-01 
6.110727e-01 5.082786e-07 3.367810e-01 
6.126642e-01 5.120047e-07 3.247730e-01 
6.126779e-01 5.100584e-07 3.235640e-01 
6.121787e-01 5.107806e-07 3.333130e-01 
6.129940e-01 5.126247e-07 3.241100e-01 
6.117119e-01 5.103862e-07 3.263990e-01 
6.127782e-01 5.123510e-07 3.269550e-01 
6.133800e-01 5.129876e-07 3.276390e-01 
6.117718e-01 5.092322e-07 3.240100e-01 
6.112658e-01 5.068043e-07 3.316940e-01 
6.115151e-01 5.061421e-07 3.213360e-01 
6.136853e-01 5.149023e-07 3.246920e-01 
6.136332e-01 5.109488e-07 3.292200e-01 
6.132030e-01 5.131378e-07 3.223780e-01 
6.120012e-01 5.077883e-07 3.219120e-01 
6.136770e-01 5.123656e-07 3.397300e-01 
6.128437e-01 5.083205e-07 3.240140e-01 
6.124153e-01 5.094983e-07 3.211270e-01 
6.132978e-01 5.156237e-07 3.322830e-01 
6.122677e-01 5.107686e-07 3.205390e-01 
6.119310e-01 5.077114e-07 3.234190e-01 
6.115387e-01 5.081141e-07 3.316380e-01 
6.134590e-01 5.131175e-07 3.249840e-01 
6.120294e-01 5.102342e-07 3.223900e-01 
6.129787e-01 5.097378e-07 3.377000e-01 
6.143314e-01 5.151235e-07 3.253530e-01 
6.125281e-01 5.095035e-07 3.293070e-01 
6.140847e-01 5.151384e-07 3.279180e-01 
6.134377e-01 5.153236e-07 3.229080e-01 
6.112612e-01 5.080191e-07 3.293060e-01 
6.121514e-01 5.103969e-07 3.544760e-01 
6.128413e-01 5.123470e-07 3.287180e-01 
6.115746e-01 5.106687e-07 3.244280e-01 
6.125447e-01 5.113937e-07 3.289590e-01 
6.126431e-01 5.112276e-07 3.210770e-01 
6.123673e-01 5.093549e-07 3.257870e-01 
6.122803e-01 5.086450e-07 3.458220e-01 
6.144644e-01 5.114685e-07 3.267050e-01 
6.126224e-01 5.160799e-07 3.265960e-01 
6.127402e-01 5.077997e-07 3.394720e-01 
6.129741e-01 5.146341e-07 3.285430e-01 
6.122592e-01 5.065749e-07 3.261240e-01 
6.113872e-01 5.099554e-07 3.320220e-01 
6.115741e-01 5.086908e-07 3.223630e-01 
6.124555e-01 5.112984e-07 3.268830e-01 
6.138608e-01 5.161958e-07 3.394950e-01 
6.135154e-01 5.125927e-07 3.242250e-01 
6.124657e-01 5.100743e-07 3.240270e-01 
6.119406e-01 5.052972e-07 3.383400e-01 
6.131092e-01 5.143138e-07 3.220540e-01 
6.127668e-01 5.094887e-07 3.239880e-01 
6.126365e-01 5.105979e-07 3.369460e-01 
6.127843e-01 5.111768e-07 3.297490e-01 
6.127802e-01 5.110820e-07 3.318800e-01 
6.111864e-01 5.068904e-07 3.249780e-01 
6.124966e-01 5.127122e-07 3.245760e-01 
6.117851e-01 5.085913e-07 3.233320e-01 
6.134524e-01 5.145768e-07 3.216630e-01 
6.125790e-01 5.066253e-07 3.274170e-01 
6.106638e-01 5.062691e-07 3.246700e-01 
6.134431e-01 5.139112e-07 3.587660e-01 
6.134015e-01 5.151917e-07 3.897530e-01 
6.117883e-01 5.060941e-07 3.260590e-01 
6.125654e-01 5.143486e-07 3.369690e-01 
6.122182e-01 5.082804e-07 3.218160e-01 
6.125224e-01 5.091374e-07 3.257980e-01 
6.132394e-01 5.119478e-07 3.460430e-01 
6.140287e-01 5.173019e-07 3.250630e-01 
6.122902e-01 5.114882e-07 3.227030e-01 
6.122686e-01 5.095652e-07 3.251260e-01 
6.116716e-01 5.091608e-07 3.235490e-01 
6.124327e-01 5.090998e-07 3.301210e-01 
6.126548e-01 5.131049e-07 3.215990e-01 
6.119994e-01 5.093097e-07 3.252310e-01 
6.131865e-01 5.110214e-07 3.246290e-01 
6.127182e-01 5.099251e-07 3.441550e-01 
6.138409e-01 5.129288e-07 3.432300e-01 
6.135472e-01 5.105736e-07 3.398440e-01 
6.129676e-01 5.075539e-07 3.401040e-01 
6.130137e-01 5.122552e-07 3.488910e-01 
6.146522e-01 5.138290e-07 3.507390e-01 
6.126232e-01 5.107688e-07 3.636650e-01 
6.138674e-01 5.151595e-07 3.528710e-01 
6.131676e-01 5.125519e-07 3.451630e-01 
6.124417e-01 5.129011e-07 3.549410e-01 
6.142591e-01 5.164779e-07 4.178170e-01 
6.134294e-01 5.121132e-07 3.201750e-01 
6.130155e-01 5.077132e-07 3.836660e-01 
6.132106e-01 5.164884e-07 3.610780e-01 
6.145554e-01 5.142138e-07 3.516420e-01 
6.140475e-01 5.157600e-07 4.027950e-01 
6.131048e-01 5.152550e-07 3.287050e-01 
6.122910e-01 5.124224e-07 3.300670e-01 
6.124003e-01 5.129033e-07 3.232240e-01 
6.119911e-01 5.104873e-07 3.255590e-01 
6.135098e-01 5.122578e-07 3.283150e-01 
6.122673e-01 5.103270e-07 3.249500e-01 
6.117985e-01 5.091909e-07 3.250670e-01 
6.120406e-01 5.072677e-07 3.236470e-01 
6.120663e-01 5.102955e-07 3.285820e-01 
6.135050e-01 5.123122e-07 3.244730e-01 
6.130884e-01 5.125836e-07 3.237330e-01 
6.140303e-01 5.125500e-07 3.261890e-01 
6.128233e-01 5.104532e-07 3.248800e-01 
6.130098e-01 5.101150e-07 3.418210e-01 
6.137384e-01 5.129181e-07 3.288290e-01 
6.116709e-01 5.091146e-07 3.243390e-01 
6.133225e-01 5.143960e-07 3.238040e-01 
6.117894e-01 5.083765e-07 3.256800e-01 
6.128545e-01 5.114881e-07 3.249660e-01 
6.113594e-01 5.068905e-07 3.262240e-01 
6.124565e-01 5.115314e-07 3.328010e-01 
6.128847e-01 5.121530e-07 3.231410e-01 
6.120502e-01 5.132328e-07 3.280470e-01 
6.124301e-01 5.112454e-07 3.313340e-01 
6.120318e-01 5.097154e-07 3.218080e-01 
6.136966e-01 5.144579e-07 3.215540e-01 
6.139600e-01 5.178576e-07 3.253990e-01 
6.134372e-01 5.154209e-07 3.261050e-01 
6.139641e-01 5.148866e-07 3.262780e-01 
6.134886e-01 5.130346e-07 3.374040e-01 
6.130634e-01 5.105968e-07 3.226590e-01 
6.112017e-01 5.074241e-07 3.243040e-01 
6.113438e-01 5.065200e-07 3.241440e-01 
6.116011e-01 5.097291e-07 3.273780e-01 
6.125795e-01 5.104436e-07 3.232840e-01 
6.142028e-01 5.146503e-07 3.316810e-01 
6.127417e-01 5.112975e-07 3.252790e-01 
6.122699e-01 5.101635e-07 3.217320e-01 
6.120378e-01 5.099446e-07 3.257750e-01 
6.127118e-01 5.156152e-07 3.249360e-01 
6.112914e-01 5.055807e-07 3.212120e-01 
6.114563e-01 5.082092e-07 3.253170e-01 
6.141774e-01 5.159207e-07 3.238290e-01 
6.122169e-01 5.101574e-07 3.191640e-01 
6.124707e-01 5.114727e-07 3.480300e-01 
6.123501e-01 5.120814e-07 3.254490e-01 
6.131353e-01 5.135251e-07 3.222820e-01 
6.130754e-01 5.108841e-07 3.325930e-01 
6.124447e-01 5.134096e-07 3.236450e-01 
6.127097e-01 5.103962e-07 3.218050e-01 
6.135386e-01 5.124583e-07 3.354000e-01 
6.133952e-01 5.113931e-07 3.226490e-01 
6.138195e-01 5.163814e-07 3.231260e-01 
6.135951e-01 5.121898e-07 3.269760e-01 
6.124252e-01 5.095505e-07 3.217050e-01 
6.127535e-01 5.080616e-07 3.237840e-01 
6.127394e-01 5.109057e-07 3.236740e-01 
6.123006e-01 5.097531e-07 3.246480e-01 
6.135490e-01 5.144275e-07 3.267770e-01 
6.132390e-01 5.095481e-07 3.437040e-01 
6.118964e-01 5.094783e-07 3.261340e-01 
6.124708e-01 5.102066e-07 3.245360e-01 
6.130871e-01 5.131295e-07 3.216810e-01 
6.124724e-01 5.117263e-07 3.262650e-01 
6.125777e-01 5.139642e-07 3.360540e-01 
6.124388e-01 5.072290e-07 3.486940e-01 
6.120740e-01 5.069203e-07 3.337580e-01 
6.120502e-01 5.116969e-07 3.217460e-01 
6.114898e-01 5.120039e-07 3.244410e-01 
6.117210e-01 5.116545e-07 3.299470e-01 
6.134385e-01 5.174987e-07 3.277140e-01 
6.136714e-01 5.134154e-07 3.201830e-01 
6.120645e-01 5.109675e-07 3.243930e-01 
6.119693e-01 5.075585e-07 3.221480e-01 
6.120091e-01 5.094569e-07 3.290180e-01 
6.134496e-01 5.153848e-07 3.302780e-01 
6.132641e-01 5.130062e-07 3.238640e-01 
6.126355e-01 5.126714e-07 3.236560e-01 
6.120254e-01 5.099741e-07 3.255330e-01 
6.123326e-01 5.084160e-07 3.222710e-01 
6.125889e-01 5.110247e-07 3.218600e-01 
6.118856e-01 5.101796e-07 3.338110e-01 
6.122873e-01 5.084613e-07 3.219130e-01 
6.120347e-01 5.120534e-07 3.260730e-01 
6.132749e-01 5.176188e-07 3.288820e-01 
6.106224e-01 5.086473e-07 3.230610e-01 
6.114326e-01 5.098773e-07 3.231200e-01 
6.124508e-01 5.120879e-07 3.318580e-01 
6.137933e-01 5.137306e-07 3.234720e-01 
6.131568e-01 5.112439e-07 3.496390e-01 
6.135656e-01 5.156116e-07 3.380470e-01 
6.127100e-01 5.126932e-07 3.497210e-01 
6.116190e-01 5.060711e-07 3.254720e-01 
6.116484e-01 5.089055e-07 3.262810e-01 
6.128220e-01 5.144247e-07 3.262790e-01 
6.129153e-01 5.128094e-07 3.356730e-01 
6.136187e-01 5.116695e-07 3.312170e-01 
6.112248e-01 5.064502e-07 3.255920e-01 
6.117573e-01 5.113379e-07 3.245730e-01 
6.118431e-01 5.159980e-07 3.354310e-01 
6.133897e-01 5.120468e-07 3.254480e-01 
6.129030e-01 5.104725e-07 3.250420e-01 
6.137998e-01 5.115776e-07 3.292370e-01 
6.125132e-01 5.109159e-07 3.251170e-01 
6.119717e-01 5.098566e-07 3.361500e-01 
6.133918e-01 5.155375e-07 3.459270e-01 
6.127255e-01 5.139643e-07 3.218700e-01 
6.107179e-01 5.041967e-07 3.225770e-01 
6.119602e-01 5.159459e-07 3.279610e-01 
6.123614e-01 5.129160e-07 3.300810e-01 
6.114165e-01 5.087386e-07 3.252070e-01 
6.128777e-01 5.122639e-07 4.049970e-01 
6.120286e-01 5.113238e-07 3.291860e-01 
6.126312e-01 5.112962e-07 3.214460e-01 
6.128613e-01 5.122816e-07 3.227920e-01 
6.115707e-01 5.104170e-07 3.229460e-01 
6.131167e-01 5.156578e-07 3.227910e-01 
6.118320e-01 5.111754e-07 3.314800e-01 
6.114642e-01 5.099597e-07 3.304880e-01 
6.126266e-01 5.093934e-07 3.265510e-01 
6.131085e-01 5.128208e-07 3.440380e-01 
6.127617e-01 5.098643e-07 3.322970e-01 
6.129878e-01 5.127878e-07 3.257610e-01 
6.129521e-01 5.144198e-07 3.328380e-01 
6.122354e-01 5.075767e-07 3.245760e-01 
6.119912e-01 5.102717e-07 3.246380e-01 
6.123447e-01 5.105863e-07 3.403610e-01 
6.110213e-01 5.098739e-07 3.306610e-01 
6.116159e-01 5.081838e-07 3.236900e-01 
6.119985e-01 5.103133e-07 3.247300e-01 
6.123917e-01 5.065229e-07 3.230890e-01 
6.130367e-01 5.108795e-07 3.231290e-01 
6.134634e-01 5.123035e-07 3.254440e-01 
6.120898e-01 5.084985e-07 3.241350e-01 
6.121054e-01 5.092165e-07 3.213910e-01 
6.111307e-01 5.082314e-07 3.474910e-01 
6.134832e-01 5.124764e-07 3.264390e-01 
6.133119e-01 5.140978e-07 3.214970e-01 
6.107207e-01 5.072920e-07 3.344690e-01 
6.127575e-01 5.112579e-07 3.216360e-01 
6.121910e-01 5.087144e-07 3.238010e-01 
6.124178e-01 5.112658e-07 3.444760e-01 
6.123079e-01 5.108989e-07 3.224180e-01 
6.122430e-01 5.061785e-07 3.250410e-01 
6.122003e-01 5.091155e-07 3.378850e-01 
6.123656e-01 5.095185e-07 3.219500e-01 
6.133472e-01 5.158011e-07 3.250850e-01 
6.130228e-01 5.137585e-07 3.257230e-01 
6.129357e-01 5.110698e-07 3.252960e-01 
6.127101e-01 5.088292e-07 3.298980e-01 
6.130550e-01 5.063657e-07 3.430060e-01 
6.127423e-01 5.075989e-07 3.211770e-01 
6.126376e-01 5.105447e-07 3.268820e-01 
6.140278e-01 5.136441e-07 3.217170e-01 
6.122853e-01 5.097003e-07 3.290910e-01 
6.129830e-01 5.090526e-07 3.234800e-01 
6.126219e-01 5.073402e-07 3.400370e-01 
6.123632e-01 5.108763e-07 3.306760e-01 
6.130406e-01 5.103861e-07 3.249020e-01 
6.126351e-01 5.091053e-07 3.281540e-01 
6.134448e-01 5.144712e-07 3.275150e-01 
6.132785e-01 5.153156e-07 3.238190e-01 
6.119196e-01 5.114276e-07 3.297220e-01 
6.126705e-01 5.118322e-07 3.234820e-01 
6.119478e-01 5.104528e-07 3.301550e-01 
6.129101e-01 5.113262e-07 3.243820e-01 
6.126338e-01 5.104820e-07 3.353530e-01 
6.112394e-01 5.099381e-07 3.274090e-01 
6.124227e-01 5.113340e-07 3.272070e-01 
6.122051e-01 5.048835e-07 3.356870e-01 
6.125354e-01 5.119665e-07 3.266510e-01 
6.124051e-01 5.099436e-07 3.233800e-01 
6.118599e-01 5.099940e-07 3.276690e-01 
6.119917e-01 5.118321e-07 3.271670e-01 
6.123502e-01 5.079786e-07 3.235590e-01 
6.128299e-01 5.110710e-07 3.393060e-01 
6.133693e-01 5.158089e-07 3.235360e-01 
6.121520e-01 5.080600e-07 3.297830e-01 
6.116964e-01 5.089657e-07 3.508250e-01 
6.117774e-01 5.082361e-07 3.244310e-01 
6.126420e-01 5.105957e-07 3.325040e-01 
6.142341e-01 5.142047e-07 3.361570e-01 
6.122213e-01 5.138987e-07 3.337450e-01 
6.135697e-01 5.120950e-07 3.252140e-01 
6.127704e-01 5.112610e-07 3.280170e-01 
6.116949e-01 5.125364e-07 3.289640e-01 
6.124307e-01 5.099424e-07 3.347270e-01 
6.122204e-01 5.111211e-07 3.324150e-01 
6.133119e-01 5.140237e-07 3.234770e-01 
6.126511e-01 5.128430e-07 3.231830e-01 
6.127775e-01 5.098383e-07 3.301600e-01 
6.124322e-01 5.105691e-07 3.245940e-01 
6.103270e-01 5.082909e-07 3.423450e-01 
6.122469e-01 5.078461e-07 3.349250e-01 
6.129384e-01 5.121160e-07 3.270750e-01 
6.141612e-01 5.136359e-07 3.272500e-01 
6.124611e-01 5.124599e-07 3.286880e-01 
6.131406e-01 5.130346e-07 3.253170e-01 
6.118800e-01 5.082172e-07 3.244130e-01 
6.141084e-01 5.121462e-07 3.341180e-01 
6.131030e-01 5.115106e-07 3.228120e-01 
6.122558e-01 5.091040e-07 3.358990e-01 
6.124068e-01 5.093083e-07 3.362100e-01 
6.147559e-01 5.140014e-07 3.237820e-01 
6.133923e-01 5.137792e-07 3.239890e-01 
6.130062e-01 5.107756e-07 3.319580e-01 
6.128911e-01 5.109539e-07 3.250710e-01 
6.131785e-01 5.137929e-07 3.233930e-01 
6.115090e-01 5.054982e-07 3.316810e-01 
6.136668e-01 5.142071e-07 3.225300e-01 
6.129737e-01 5.114453e-07 3.464620e-01 
6.122385e-01 5.114188e-07 3.381080e-01 
6.122313e-01 5.102319e-07 3.293470e-01 
6.123472e-01 5.101067e-07 3.311490e-01 
6.123259e-01 5.125691e-07 3.272310e-01 
6.125923e-01 5.131425e-07 3.250950e-01 
6.145096e-01 5.168020e-07 3.224600e-01 
6.110348e-01 5.105537e-07 3.378660e-01 
6.123730e-01 5.121316e-07 3.240330e-01 
6.116538e-01 5.074472e-07 3.231650e-01 
6.123877e-01 5.092803e-07 3.293660e-01 
6.122637e-01 5.100476e-07 3.241240e-01 
6.133924e-01 5.108229e-07 3.274470e-01 
6.116263e-01 5.092142e-07 3.268050e-01 
6.134427e-01 5.139347e-07 3.222790e-01 
6.130037e-01 5.109998e-07 3.275800e-01 
6.119562e-01 5.101379e-07 3.544800e-01 
6.129735e-01 5.124448e-07 3.218490e-01 
6.113843e-01 5.057374e-07 3.239700e-01 
6.124866e-01 5.141835e-07 3.470950e-01 
6.133231e-01 5.130650e-07 3.252770e-01 
6.130939e-01 5.122334e-07 3.236590e-01 
6.141476e-01 5.185643e-07 3.340860e-01 
6.131461e-01 5.090880e-07 3.230420e-01 
6.127000e-01 5.105278e-07 3.274390e-01 
6.143133e-01 5.139486e-07 3.276060e-01 
6.120764e-01 5.098516e-07 3.222770e-01 
6.124668e-01 5.124759e-07 3.263980e-01 
6.127740e-01 5.108352e-07 3.244650e-01 
6.121914e-01 5.105283e-07 3.367020e-01 
6.117320e-01 5.080838e-07 3.272440e-01 
6.124768e-01 5.100981e-07 3.451730e-01 
6.114387e-01 5.065198e-07 3.244800e-01 
6.135384e-01 5.149703e-07 3.288360e-01 
6.114407e-01 5.090014e-07 3.225600e-01 
6.122990e-01 5.151132e-07 3.311980e-01 
6.128450e-01 5.081580e-07 3.270840e-01 
6.123339e-01 5.131154e-07 3.440990e-01 
6.129165e-01 5.103770e-07 3.367640e-01 
6.125217e-01 5.113894e-07 3.261190e-01 
6.115506e-01 5.074756e-07 3.252890e-01 
6.126388e-01 5.099857e-07 3.283940e-01 
6.126233e-01 5.076174e-07 3.264510e-01 
6.128641e-01 5.092382e-07 3.316580e-01 
6.133479e-01 5.133702e-07 3.483230e-01 
6.141889e-01 5.161331e-07 3.299070e-01 
6.140486e-01 5.143453e-07 3.432660e-01 
6.134023e-01 5.135461e-07 3.352370e-01 
6.123247e-01 5.112621e-07 3.267270e-01 
6.135371e-01 5.118470e-07 3.289610e-01 
6.123789e-01 5.100277e-07 3.316340e-01 
6.136964e-01 5.137956e-07 3.256160e-01 
6.128951e-01 5.113625e-07 3.313690e-01 
6.137652e-01 5.133595e-07 3.311720e-01 
6.137760e-01 5.145594e-07 3.265790e-01 
6.131214e-01 5.115225e-07 3.275670e-01 
6.126666e-01 5.119693e-07 3.317110e-01 
6.120466e-01 5.125428e-07 3.217930e-01 
6.118226e-01 5.098485e-07 3.216200e-01 
6.134344e-01 5.132899e-07 3.248720e-01 
6.120882e-01 5.094423e-07 3.227970e-01 
6.126480e-01 5.121447e-07 3.217880e-01 
6.129390e-01 5.102960e-07 3.489810e-01 
6.129866e-01 5.116617e-07 3.305010e-01 
6.136813e-01 5.144069e-07 3.287070e-01 
6.132902e-01 5.107152e-07 3.326990e-01 
6.131577e-01 5.088971e-07 3.213920e-01 
6.139533e-01 5.154035e-07 3.323120e-01 
6.134842e-01 5.143820e-07 3.283800e-01 
6.136994e-01 5.138479e-07 3.347770e-01 
6.128076e-01 5.123874e-07 3.323340e-01 
6.120153e-01 5.093310e-07 3.251050e-01 
6.130126e-01 5.076672e-07 3.229180e-01 
6.117660e-01 5.095550e-07 3.246490e-01 
6.130764e-01 5.122761e-07 3.253420e-01 
6.130077e-01 5.088974e-07 3.216290e-01 
6.134575e-01 5.170568e-07 3.228080e-01 
6.116156e-01 5.102813e-07 3.268910e-01 
6.115998e-01 5.109234e-07 3.223400e-01 
6.120766e-01 5.094078e-07 3.277790e-01 
6.123864e-01 5.092311e-07 3.322470e-01 
6.128722e-01 5.147403e-07 3.253410e-01 
6.128500e-01 5.103487e-07 3.221580e-01 
6.125784e-01 5.082130e-07 3.578990e-01 
6.130046e-01 5.152027e-07 3.271900e-01 
6.126666e-01 5.142915e-07 3.224350e-01 
6.124050e-01 5.095132e-07 3.257790e-01 
6.121951e-01 5.093557e-07 3.234540e-01 
6.139490e-01 5.147706e-07 3.220230e-01 
6.123794e-01 5.112813e-07 3.258340e-01 
6.117794e-01 5.080065e-07 3.247270e-01 
6.129714e-01 5.140904e-07 3.199280e-01 
6.132833e-01 5.102815e-07 3.323100e-01 
6.137878e-01 5.160520e-07 3.262220e-01 
6.115279e-01 5.080940e-07 3.215060e-01 
6.113291e-01 5.079108e-07 3.341460e-01 
6.127139e-01 5.126125e-07 3.213580e-01 
6.116440e-01 5.112336e-07 3.227990e-01 
6.125605e-01 5.118007e-07 3.329420e-01 
6.122251e-01 5.103276e-07 3.227720e-01 
6.121287e-01 5.119380e-07 3.270590e-01 
6.128664e-01 5.115084e-07 3.345810e-01 
6.140706e-01 5.158983e-07 3.218510e-01 
6.133592e-01 5.121400e-07 3.230120e-01 
6.139931e-01 5.145761e-07 3.238730e-01 
6.120516e-01 5.090948e-07 3.227960e-01 
6.123090e-01 5.129522e-07 3.213900e-01 
6.140300e-01 5.173145e-07 3.268670e-01 
6.127799e-01 5.136416e-07 4.277450e-01 
6.122913e-01 5.094705e-07 3.211470e-01 
6.133493e-01 5.121479e-07 3.284290e-01 
6.112420e-01 5.073061e-07 3.204030e-01 
6.117247e-01 5.099964e-07 3.254230e-01 
6.139772e-01 5.149171e-07 3.461080e-01 
6.120115e-01 5.095982e-07 3.266870e-01 
6.130479e-01 5.120149e-07 3.215510e-01 
6.141393e-01 5.147423e-07 3.280510e-01 
6.126347e-01 5.115082e-07 3.212760e-01 
6.133166e-01 5.146598e-07 3.222240e-01 
6.146304e-01 5.138612e-07 3.240230e-01 
6.127906e-01 5.123832e-07 3.348540e-01 
6.114230e-01 5.104903e-07 3.212310e-01 
6.127448e-01 5.127199e-07 3.462040e-01 
6.125252e-01 5.104568e-07 3.275810e-01 
6.125446e-01 5.091399e-07 3.213420e-01 
6.128460e-01 5.126188e-07 3.205790e-01 
6.114965e-01 5.075635e-07 3.437650e-01 
6.126173e-01 5.099733e-07 3.263300e-01 
6.123150e-01 5.114115e-07 3.406280e-01 
6.133489e-01 5.103945e-07 3.310890e-01 
6.129505e-01 5.109248e-07 3.244880e-01 
6.124238e-01 5.111670e-07 3.279200e-01 
6.116318e-01 5.077338e-07 3.373900e-01 
6.140055e-01 5.129733e-07 3.220170e-01 
6.132637e-01 5.135026e-07 3.223130e-01 
6.125241e-01 5.119722e-07 3.293210e-01 
6.115487e-01 5.048875e-07 3.263220e-01 
6.129088e-01 5.114117e-07 3.291040e-01 
6.134514e-01 5.140225e-07 3.277400e-01 
6.115983e-01 5.121523e-07 3.209930e-01 
6.135033e-01 5.161820e-07 3.211880e-01 
6.126301e-01 5.076554e-07 3.245650e-01 
6.125040e-01 5.113516e-07 3.225670e-01 
6.130406e-01 5.081747e-07 3.216730e-01 
6.125431e-01 5.093972e-07 3.332050e-01 
6.136618e-01 5.121195e-07 3.225760e-01 
6.133272e-01 5.143642e-07 3.253130e-01 
6.136752e-01 5.128926e-07 3.231380e-01 
6.136667e-01 5.103926e-07 3.199430e-01 
6.125268e-01 5.120945e-07 3.215990e-01 
6.137283e-01 5.117500e-07 3.316580e-01 
6.128699e-01 5.062301e-07 3.199800e-01 
6.124239e-01 5.076315e-07 3.439480e-01 
6.130838e-01 5.119178e-07 3.488350e-01 
6.130024e-01 5.089767e-07 3.222460e-01 
6.127005e-01 5.102446e-07 3.277100e-01 
6.135107e-01 5.138830e-07 3.278190e-01 
6.122276e-01 5.116258e-07 3.204640e-01 
6.120912e-01 5.127069e-07 3.377430e-01 
6.138931e-01 5.147226e-07 3.308890e-01 
6.127313e-01 5.121458e-07 3.290810e-01 
6.116564e-01 5.077030e-07 3.297100e-01 
6.117629e-01 5.086209e-07 3.335630e-01 
6.130944e-01 5.114271e-07 3.243110e-01 
6.117923e-01 5.116586e-07 3.246800e-01 
6.121033e-01 5.085359e-07 3.251750e-01 
6.120193e-01 5.085831e-07 3.236190e-01 
6.117158e-01 5.072645e-07 3.219250e-01 
6.129044e-01 5.097853e-07 3.375880e-01 
6.117721e-01 5.055246e-07 3.221010e-01 
6.133502e-01 5.151380e-07 3.255130e-01 
6.134472e-01 5.115307e-07 3.281940e-01 
6.132911e-01 5.116281e-07 3.225710e-01 
6.121795e-01 5.090550e-07 3.252150e-01 
6.140030e-01 5.103556e-07 3.411540e-01 
6.134483e-01 5.119484e-07 3.236190e-01 
6.124694e-01 5.106118e-07 3.277740e-01 
6.122788e-01 5.135383e-07 3.316370e-01 
6.125473e-01 5.123112e-07 3.239630e-01 
6.124635e-01 5.129647e-07 3.238210e-01 
6.122475e-01 5.090121e-07 3.255490e-01 
6.120781e-01 5.112541e-07 3.226530e-01 
6.131034e-01 5.135002e-07 3.255210e-01 
6.136387e-01 5.127655e-07 3.335530e-01 
6.124581e-01 5.085072e-07 3.237490e-01 
6.124945e-01 5.130441e-07 3.634720e-01 
6.119302e-01 5.115253e-07 3.343540e-01 
6.120395e-01 5.131089e-07 3.250960e-01 
6.136785e-01 5.166900e-07 3.245590e-01 
6.120295e-01 5.110908e-07 3.498530e-01 
6.126342e-01 5.067544e-07 3.279000e-01 
6.130423e-01 5.165419e-07 3.264510e-01 
6.123005e-01 5.096239e-07 3.301120e-01 
6.128069e-01 5.125034e-07 3.208450e-01 
6.143184e-01 5.147873e-07 3.291650e-01 
6.126583e-01 5.137713e-07 3.227820e-01 
6.116755e-01 5.100763e-07 3.353680e-01 
6.141334e-01 5.154708e-07 3.260060e-01 
6.130890e-01 5.114161e-07 3.602350e-01 
6.127860e-01 5.121092e-07 3.211510e-01 
6.121040e-01 5.142511e-07 3.246240e-01 
6.122829e-01 5.126156e-07 3.287380e-01 
6.129915e-01 5.141312e-07 4.507520e-01 
6.121708e-01 5.121014e-07 3.966320e-01 
6.138378e-01 5.168457e-07 4.317160e-01 
6.141747e-01 5.135798e-07 3.348360e-01 
6.121714e-01 5.047025e-07 3.262040e-01 
6.139030e-01 5.088440e-07 3.272850e-01 
6.132705e-01 5.119152e-07 3.217860e-01 
6.120230e-01 5.116634e-07 3.262390e-01 
6.118774e-01 5.087081e-07 3.255100e-01 
6.131518e-01 5.118009e-07 3.268950e-01 
6.132540e-01 5.135670e-07 3.336240e-01 
6.119956e-01 5.072102e-07 3.380940e-01 
6.129063e-01 5.143099e-07 3.216370e-01 
6.128938e-01 5.125308e-07 3.282540e-01 
6.118851e-01 5.101124e-07 3.311830e-01 
6.128719e-01 5.115875e-07 3.239390e-01 
6.134274e-01 5.151168e-07 3.377550e-01 
6.128261e-01 5.132469e-07 3.430730e-01 
6.122484e-01 5.124072e-07 3.231810e-01 
6.125120e-01 5.112838e-07 3.237770e-01 
6.108812e-01 5.051852e-07 3.287370e-01 
6.119731e-01 5.090455e-07 3.222860e-01 
6.132364e-01 5.152499e-07 3.235140e-01 
6.116038e-01 5.116075e-07 3.265120e-01 
6.128542e-01 5.117402e-07 3.235260e-01 
6.125526e-01 5.132293e-07 3.199770e-01 
6.111867e-01 5.078113e-07 3.431900e-01 
6.120158e-01 5.106175e-07 3.239970e-01 
6.129105e-01 5.107423e-07 3.297330e-01 
6.126639e-01 5.147748e-07 3.226460e-01 
6.124876e-01 5.111518e-07 3.282690e-01 
6.122853e-01 5.112909e-07 3.336640e-01 
6.116836e-01 5.112457e-07 3.379410e-01 
6.115162e-01 5.099649e-07 3.208860e-01 
6.135847e-01 5.130936e-07 3.224190e-01 
6.112268e-01 5.107057e-07 3.257110e-01 
6.126167e-01 5.102719e-07 3.226330e-01 
6.135736e-01 5.129929e-07 3.217980e-01 
6.124021e-01 5.062944e-07 3.309930e-01 
6.118427e-01 5.095846e-07 3.218240e-01 
6.126529e-01 5.094190e-07 3.225970e-01 
6.126036e-01 5.108427e-07 3.347770e-01 
6.107543e-01 5.073623e-07 3.235270e-01 
6.128816e-01 5.140657e-07 3.254200e-01 
6.126321e-01 5.125511e-07 3.269760e-01 
6.129957e-01 5.117192e-07 3.228650e-01 
6.119817e-01 5.061859e-07 3.206970e-01 
6.127808e-01 5.134766e-07 3.432820e-01 
6.129017e-01 5.124212e-07 3.248820e-01 
6.122620e-01 5.092499e-07 3.214340e-01 
6.132961e-01 5.122659e-07 3.438810e-01 
6.139304e-01 5.156491e-07 3.234930e-01 
6.112847e-01 5.110786e-07 3.220140e-01 
6.137866e-01 5.128273e-07 3.340290e-01 
6.121952e-01 5.116925e-07 3.213240e-01 
6.136738e-01 5.129665e-07 3.265480e-01 
6.127055e-01 5.122166e-07 3.387630e-01 
6.122802e-01 5.086979e-07 3.209660e-01 
6.131481e-01 5.133539e-07 3.205560e-01 
6.126991e-01 5.124171e-07 3.257860e-01 
6.141690e-01 5.162154e-07 3.197830e-01 
6.127501e-01 5.118036e-07 3.247740e-01 
6.119583e-01 5.107405e-07 3.449580e-01 
6.123541e-01 5.128398e-07 3.897810e-01 
6.139542e-01 5.118943e-07 3.223880e-01 
6.135351e-01 5.143424e-07 3.306360e-01 
6.138858e-01 5.107948e-07 3.204850e-01 
6.127088e-01 5.127272e-07 3.286290e-01 
6.110937e-01 5.061693e-07 3.320840e-01 
6.117763e-01 5.098446e-07 3.212760e-01 
6.132731e-01 5.140402e-07 3.270320e-01 
6.124578e-01 5.066560e-07 3.405190e-01 
6.122544e-01 5.092506e-07 3.232740e-01 
6.145767e-01 5.146847e-07 3.229510e-01 
6.117765e-01 5.081588e-07 3.336700e-01 
6.135919e-01 5.125835e-07 3.216560e-01 
6.130375e-01 5.122767e-07 3.234900e-01 
6.121217e-01 5.123693e-07 3.360300e-01 
6.119314e-01 5.115487e-07 3.292510e-01 
6.112935e-01 5.065279e-07 3.250760e-01 
6.128738e-01 5.079564e-07 3.231980e-01 
6.124071e-01 5.110412e-07 3.284780e-01 
6.123016e-01 5.133208e-07 3.234010e-01 
6.114166e-01 5.085377e-07 3.221450e-01 
6.122212e-01 5.094653e-07 3.274300e-01 
6.127908e-01 5.123551e-07 3.276000e-01 
6.152749e-01 5.197616e-07 3.361180e-01 
6.127456e-01 5.130254e-07 3.315850e-01 
6.131870e-01 5.117809e-07 4.030800e-01 
6.145404e-01 5.158221e-07 3.274140e-01 
6.116745e-01 5.075327e-07 4.268390e-01 
6.121355e-01 5.048722e-07 3.423350e-01 
6.131965e-01 5.142044e-07 4.195420e-01 
6.126704e-01 5.102149e-07 3.311350e-01 
6.118670e-01 5.086422e-07 3.228480e-01 
6.125710e-01 5.097775e-07 3.258000e-01 
6.127917e-01 5.147108e-07 3.252070e-01 
6.107357e-01 5.082452e-07 3.205540e-01 
6.123491e-01 5.124078e-07 3.328370e-01 
6.117806e-01 5.101445e-07 3.278590e-01 
6.132891e-01 5.147500e-07 3.269800e-01 
6.124501e-01 5.101203e-07 3.324280e-01 
6.134817e-01 5.105411e-07 3.278710e-01 
6.131625e-01 5.149570e-07 3.258560e-01 
6.119478e-01 5.083329e-07 3.306000e-01 
6.123694e-01 5.135022e-07 3.256300e-01 
6.117390e-01 5.078100e-07 3.436590e-01 
6.124278e-01 5.130304e-07 3.313980e-01 
6.118117e-01 5.107119e-07 3.243130e-01 
6.121641e-01 5.092271e-07 3.234130e-01 
6.124761e-01 5.126393e-07 3.274890e-01 
6.136018e-01 5.159761e-07 3.229900e-01 
6.134632e-01 5.125220e-07 3.199280e-01 
6.108727e-01 5.087594e-07 3.348850e-01 
6.120257e-01 5.113601e-07 3.396760e-01 
6.137789e-01 5.131393e-07 3.409000e-01 
6.135423e-01 5.135328e-07 3.417550e-01 
6.135769e-01 5.119331e-07 3.449230e-01 
6.135417e-01 5.158232e-07 3.478250e-01 
6.127990e-01 5.127576e-07 3.400970e-01 
6.123679e-01 5.128608e-07 3.440340e-01 
6.120794e-01 5.117790e-07 3.450600e-01 
6.116802e-01 5.072634e-07 3.392770e-01 
6.110575e-01 5.075134e-07 3.217500e-01 
6.120701e-01 5.094141e-07 3.231880e-01 
6.134110e-01 5.124046e-07 3.246140e-01 
6.133350e-01 5.128035e-07 3.222860e-01 
6.136540e-01 5.135890e-07 3.234810e-01 
6.124219e-01 5.100325e-07 3.394060e-01 
6.144988e-01 5.166026e-07 3.311410e-01 
6.128325e-01 5.104606e-07 3.242170e-01 
6.117797e-01 5.113878e-07 3.425930e-01 
6.129428e-01 5.160077e-07 3.216330e-01 
6.131293e-01 5.164874e-07 3.234160e-01 
6.103620e-01 5.044307e-07 3.315490e-01 
6.120041e-01 5.122491e-07 3.224360e-01 
6.118933e-01 5.090585e-07 3.237790e-01 
6.136946e-01 5.145320e-07 3.372330e-01 
6.127544e-01 5.164681e-07 3.208790e-01 
6.133923e-01 5.152607e-07 3.217740e-01 
6.138353e-01 5.116304e-07 3.223490e-01 
6.135455e-01 5.137459e-07 3.219450e-01 
6.139447e-01 5.136662e-07 3.243680e-01 
6.124838e-01 5.111353e-07 3.295780e-01 
6.130436e-01 5.113482e-07 3.200260e-01 
6.121264e-01 5.114077e-07 3.251200e-01 
6.133700e-01 5.132261e-07 3.345550e-01 
6.117041e-01 5.145661e-07 3.254810e-01 
6.118037e-01 5.098516e-07 3.225600e-01 
6.125556e-01 5.098022e-07 3.241970e-01 
6.129305e-01 5.099597e-07 3.211380e-01 
6.128811e-01 5.098967e-07 3.248580e-01 
6.125359e-01 5.106534e-07 3.482950e-01 
6.117025e-01 5.117115e-07 3.213490e-01 
6.115471e-01 5.090963e-07 3.220810e-01 
6.127696e-01 5.114038e-07 3.258210e-01 
6.118621e-01 5.113849e-07 3.208450e-01 
6.153106e-01 5.198829e-07 3.222110e-01 
6.122234e-01 5.119086e-07 3.235870e-01 
6.119716e-01 5.099669e-07 3.215900e-01 
6.129538e-01 5.139388e-07 3.227170e-01 
6.138425e-01 5.116715e-07 3.295790e-01 
6.131113e-01 5.132747e-07 3.265490e-01 
6.132051e-01 5.148466e-07 3.502710e-01 
6.130592e-01 5.127450e-07 3.216940e-01 
6.135738e-01 5.156540e-07 3.257910e-01 
6.136010e-01 5.115722e-07 3.219000e-01 
6.126238e-01 5.128950e-07 3.293780e-01 
6.119725e-01 5.077306e-07 3.306850e-01 
6.133114e-01 5.139144e-07 3.236110e-01 
6.115495e-01 5.073560e-07 3.249100e-01 
6.134093e-01 5.132968e-07 3.295960e-01 
6.127939e-01 5.073353e-07 3.210200e-01 
6.135003e-01 5.157179e-07 3.235920e-01 
6.128019e-01 5.142943e-07 3.240850e-01 
6.124677e-01 5.106831e-07 3.238280e-01 
6.132143e-01 5.097678e-07 3.319120e-01 
6.110930e-01 5.071262e-07 3.283240e-01 
6.119045e-01 5.072938e-07 3.213670e-01 
6.138042e-01 5.148381e-07 3.246360e-01 
6.137577e-01 5.133391e-07 3.245800e-01 
6.137524e-01 5.138621e-07 3.247220e-01 
6.131312e-01 5.125032e-07 3.263810e-01 
6.128347e-01 5.111064e-07 3.333690e-01 
6.136975e-01 5.141632e-07 3.234530e-01 
6.127905e-01 5.096149e-07 3.212430e-01 
6.139133e-01 5.141804e-07 3.298090e-01 
6.145154e-01 5.174573e-07 3.203550e-01 
6.124728e-01 5.106911e-07 3.208950e-01 
6.129080e-01 5.123311e-07 3.291440e-01 
6.129778e-01 5.114107e-07 3.204970e-01 
6.139553e-01 5.171184e-07 3.225800e-01 
6.133578e-01 5.117479e-07 3.504360e-01 
6.128454e-01 5.093770e-07 3.263730e-01 
6.120231e-01 5.093834e-07 3.210750e-01 
6.129121e-01 5.136494e-07 3.255470e-01 
6.130317e-01 5.137705e-07 3.237770e-01 
6.127484e-01 5.099057e-07 3.196650e-01 
6.129483e-01 5.113467e-07 3.409050e-01 
6.125138e-01 5.122772e-07 3.227930e-01 
6.130284e-01 5.135845e-07 3.227110e-01 
6.108948e-01 5.063021e-07 3.259990e-01 
6.121460e-01 5.087651e-07 3.199560e-01 
6.133766e-01 5.153581e-07 3.228730e-01 
6.119816e-01 5.129333e-07 3.255110e-01 
6.122571e-01 5.092397e-07 3.243130e-01 
6.117491e-01 5.085535e-07 3.241550e-01 
6.125086e-01 5.096605e-07 3.494330e-01 
6.121384e-01 5.109234e-07 3.242940e-01 
6.134354e-01 5.134524e-07 3.261440e-01 
6.127168e-01 5.107937e-07 3.293500e-01 
6.133028e-01 5.144622e-07 3.217110e-01 
6.128217e-01 5.135979e-07 3.281850e-01 
6.129138e-01 5.147188e-07 3.397600e-01 
6.127158e-01 5.136516e-07 3.316510e-01 
6.127193e-01 5.067085e-07 3.236600e-01 
6.133325e-01 5.150831e-07 3.247080e-01 
6.120946e-01 5.114696e-07 3.264580e-01 
6.115097e-01 5.116810e-07 3.249940e-01 
6.140324e-01 5.154236e-07 3.253050e-01 
6.124690e-01 5.097417e-07 3.313000e-01 
6.129929e-01 5.084021e-07 3.297110e-01 
6.122935e-01 5.080369e-07 3.453470e-01 
6.130898e-01 5.117104e-07 3.362400e-01 
6.124799e-01 5.094651e-07 3.240410e-01 
6.123023e-01 5.124377e-07 3.225240e-01 
6.135273e-01 5.114414e-07 3.279050e-01 
6.127874e-01 5.116542e-07 3.238290e-01 
6.120220e-01 5.093138e-07 3.291430e-01 
6.122536e-01 5.121476e-07 3.389840e-01 
6.133817e-01 5.147432e-07 3.266210e-01 
6.142058e-01 5.156795e-07 3.258380e-01 
6.126507e-01 5.124494e-07 3.313720e-01 
6.138355e-01 5.102407e-07 3.235380e-01 
6.127641e-01 5.155636e-07 3.260870e-01 
6.117046e-01 5.073608e-07 3.307920e-01 
6.136958e-01 5.134310e-07 3.246210e-01 
6.122040e-01 5.109417e-07 3.256820e-01 
6.113954e-01 5.104109e-07 3.287640e-01 
6.123064e-01 5.116288e-07 3.232530e-01 
6.134083e-01 5.099067e-07 3.260420e-01 
6.122656e-01 5.121657e-07 3.276000e-01 
6.126698e-01 5.140479e-07 3.263080e-01 
6.132250e-01 5.142907e-07 3.392710e-01 
6.142245e-01 5.117492e-07 3.404180e-01 
6.135755e-01 5.113833e-07 3.241240e-01 
6.135600e-01 5.130252e-07 3.239890e-01 
6.131485e-01 5.146151e-07 3.257290e-01 
6.135553e-01 5.141354e-07 3.220140e-01 
6.130887e-01 5.094783e-07 3.248990e-01 
6.128595e-01 5.146677e-07 3.256740e-01 
6.139742e-01 5.147987e-07 3.238870e-01 
6.116152e-01 5.084998e-07 3.255110e-01 
6.121336e-01 5.097168e-07 4.456930e-01 
6.139665e-01 5.121289e-07 3.419990e-01 
6.127220e-01 5.114451e-07 3.215610e-01 
6.134950e-01 5.149235e-07 3.265170e-01 
6.135591e-01 5.148495e-07 3.266800e-01 
6.131436e-01 5.105548e-07 3.307120e-01 
6.126910e-01 5.135305e-07 3.586150e-01 
6.134335e-01 5.109602e-07 3.201890e-01 
6.117176e-01 5.092422e-07 3.333870e-01 
6.125386e-01 5.112069e-07 3.295380e-01 
6.129814e-01 5.118453e-07 3.265100e-01 
6.127397e-01 5.113472e-07 3.210460e-01 
6.123035e-01 5.116192e-07 3.321780e-01 
6.120455e-01 5.114422e-07 3.229510e-01 
6.135507e-01 5.101069e-07 3.241080e-01 
6.131369e-01 5.117673e-07 3.349800e-01 
6.125495e-01 5.095677e-07 3.291890e-01 
6.118277e-01 5.081359e-07 3.304320e-01 
6.115968e-01 5.074052e-07 3.235840e-01 
6.134646e-01 5.136039e-07 3.242550e-01 
6.137577e-01 5.146579e-07 3.406690e-01 
6.137993e-01 5.106359e-07 3.284660e-01 
6.128775e-01 5.118019e-07 3.241500e-01 
6.134882e-01 5.129783e-07 3.284750e-01 
6.135865e-01 5.130733e-07 3.303630e-01 
6.128254e-01 5.099698e-07 4.080740e-01 
6.137836e-01 5.127610e-07 3.360060e-01 
6.124927e-01 5.095290e-07 3.408630e-01 
6.135165e-01 5.097485e-07 3.942600e-01 
6.120935e-01 5.124604e-07 3.393060e-01 
6.130509e-01 5.109259e-07 3.221050e-01 
6.118270e-01 5.088927e-07 3.256660e-01 
6.122156e-01 5.101699e-07 3.306500e-01 
6.129724e-01 5.127023e-07 3.235080e-01 
6.137190e-01 5.138952e-07 3.300280e-01 
6.123150e-01 5.134009e-07 3.442760e-01 
6.138095e-01 5.134716e-07 3.269780e-01 
6.129419e-01 5.121879e-07 3.296290e-01 
6.120799e-01 5.088576e-07 3.277160e-01 
6.124154e-01 5.113904e-07 3.221050e-01 
6.140587e-01 5.127437e-07 3.249410e-01 
6.125177e-01 5.131280e-07 3.299020e-01 
6.133816e-01 5.141183e-07 3.243520e-01 
6.119231e-01 5.073186e-07 3.249520e-01 
6.130038e-01 5.121169e-07 3.420120e-01 
6.132209e-01 5.108738e-07 3.411230e-01 
6.133457e-01 5.139374e-07 3.286650e-01 
6.135813e-01 5.147801e-07 3.292870e-01 
6.125832e-01 5.081252e-07 3.256890e-01 
6.140117e-01 5.096596e-07 3.302500e-01 
6.127052e-01 5.103406e-07 3.388200e-01 
6.131404e-01 5.085301e-07 3.404550e-01 
6.133989e-01 5.119358e-07 3.307120e-01 
6.145469e-01 5.132249e-07 3.314400e-01 
6.124818e-01 5.123767e-07 3.343350e-01 
6.134053e-01 5.130871e-07 3.231110e-01 
6.119950e-01 5.050377e-07 3.251150e-01 
6.116780e-01 5.087141e-07 3.266030e-01 
6.116416e-01 5.100273e-07 3.253850e-01 
6.139091e-01 5.137665e-07 3.292720e-01 
6.125859e-01 5.112581e-07 3.261260e-01 
6.130087e-01 5.147641e-07 3.306580e-01 
6.124855e-01 5.128960e-07 3.250070e-01 
6.131648e-01 5.163349e-07 3.270110e-01 
6.130151e-01 5.135339e-07 3.240760e-01 
6.119782e-01 5.104914e-07 3.469200e-01 
6.134470e-01 5.138716e-07 3.322890e-01 
6.122807e-01 5.124443e-07 3.313140e-01 
6.115616e-01 5.089668e-07 3.266400e-01 
6.118320e-01 5.099316e-07 3.299060e-01 
6.136479e-01 5.121630e-07 3.249630e-01 
6.120433e-01 5.070061e-07 3.275010e-01 
6.120363e-01 5.096289e-07 3.300150e-01 
6.126108e-01 5.112372e-07 3.231630e-01 
6.137095e-01 5.127300e-07 3.535220e-01 
6.121750e-01 5.103720e-07 3.277410e-01 
6.135970e-01 5.117944e-07 3.222560e-01 
6.125368e-01 5.096221e-07 3.238640e-01 
6.121264e-01 5.087361e-07 3.268570e-01 
6.128744e-01 5.112987e-07 3.229320e-01 
6.132671e-01 5.119760e-07 3.272350e-01 
6.144959e-01 5.143430e-07 3.295520e-01 
6.125132e-01 5.110106e-07 3.226300e-01 
6.121717e-01 5.096267e-07 3.229400e-01 
6.124595e-01 5.117886e-07 3.232660e-01 
6.125139e-01 5.139778e-07 3.259000e-01 
6.120133e-01 5.128952e-07 3.264430e-01 
6.112058e-01 5.089748e-07 3.315760e-01 
6.133971e-01 5.145823e-07 3.256550e-01 
6.119691e-01 5.078696e-07 3.302200e-01 
6.117103e-01 5.125185e-07 3.385390e-01 
6.121816e-01 5.107048e-07 3.299410e-01 
6.135667e-01 5.141837e-07 3.244120e-01 
6.116667e-01 5.101327e-07 3.299840e-01 
6.121442e-01 5.090830e-07 3.267960e-01 
6.130533e-01 5.116501e-07 3.349180e-01 
6.118520e-01 5.100731e-07 3.338730e-01 
6.133556e-01 5.112279e-07 3.243160e-01 
6.125808e-01 5.078085e-07 3.232090e-01 
6.120771e-01 5.121942e-07 3.326340e-01 
6.119448e-01 5.120227e-07 3.294770e-01 
6.130681e-01 5.107488e-07 3.265030e-01 
6.136328e-01 5.147901e-07 3.316280e-01 
6.131957e-01 5.125628e-07 3.244420e-01 
6.124051e-01 5.090636e-07 3.230470e-01 
6.124765e-01 5.087458e-07 3.393070e-01 
6.130846e-01 5.125294e-07 3.246940e-01 
6.128352e-01 5.142444e-07 3.233770e-01 
6.119229e-01 5.094149e-07 3.341280e-01 
6.129591e-01 5.099659e-07 3.267240e-01 
6.140104e-01 5.134769e-07 3.268450e-01 
6.111756e-01 5.057583e-07 3.454570e-01 
6.122902e-01 5.101342e-07 3.267050e-01 
6.138392e-01 5.161532e-07 3.272630e-01 
6.128616e-01 5.110096e-07 3.290040e-01 
6.127413e-01 5.116305e-07 3.229450e-01 
6.115666e-01 5.068099e-07 3.283010e-01 
6.124395e-01 5.092337e-07 3.307830e-01 
6.112586e-01 5.074714e-07 3.266810e-01 
6.123707e-01 5.106205e-07 3.338720e-01 
6.120594e-01 5.092985e-07 3.399410e-01 
6.129086e-01 5.108298e-07 3.271940e-01 
6.139603e-01 5.137237e-07 3.279950e-01 
6.125988e-01 5.069306e-07 3.310100e-01 
6.133023e-01 5.119880e-07 3.219720e-01 
6.125958e-01 5.115187e-07 3.264510e-01 
6.118355e-01 5.096587e-07 3.405020e-01 
6.129778e-01 5.102842e-07 3.210040e-01 
6.143188e-01 5.134796e-07 3.251050e-01 
6.123511e-01 5.060041e-07 3.296310e-01 
6.113975e-01 5.068895e-07 3.294740e-01 
6.113094e-01 5.071554e-07 3.308440e-01 
6.114030e-01 5.059149e-07 3.273050e-01 
6.132183e-01 5.149733e-07 3.297770e-01 
6.125420e-01 5.121417e-07 3.267970e-01 
6.129069e-01 5.130035e-07 3.315370e-01 
6.131994e-01 5.118526e-07 3.283900e-01 
6.123807e-01 5.125003e-07 3.238760e-01 
6.127852e-01 5.107776e-07 3.236060e-01 
6.128553e-01 5.120720e-07 3.276940e-01 
6.122424e-01 5.088509e-07 3.248390e-01 
6.125126e-01 5.108180e-07 3.435480e-01 
6.134871e-01 5.107682e-07 3.357830e-01 
6.130380e-01 5.076538e-07 3.268980e-01 
6.132078e-01 5.114441e-07 3.251240e-01 
6.134486e-01 5.111970e-07 3.261720e-01 
6.125458e-01 5.111891e-07 3.228080e-01 
6.122726e-01 5.104224e-07 3.231660e-01 
6.119998e-01 5.087252e-07 3.275860e-01 
6.129512e-01 5.136949e-07 3.264840e-01 
6.121629e-01 5.102205e-07 3.306590e-01 
6.124491e-01 5.105923e-07 3.282130e-01 
6.120696e-01 5.101714e-07 3.342800e-01 
6.131640e-01 5.120852e-07 3.267930e-01 
6.136448e-01 5.147929e-07 3.300680e-01 
6.122825e-01 5.113145e-07 3.227440e-01 
6.126650e-01 5.061836e-07 3.358660e-01 
6.134238e-01 5.104280e-07 3.377730e-01 
6.114013e-01 5.064291e-07 3.277720e-01 
6.128044e-01 5.131012e-07 3.295430e-01 
6.129009e-01 5.123932e-07 3.220910e-01 
6.126767e-01 5.086506e-07 3.228580e-01 
6.129102e-01 5.157728e-07 3.265470e-01 
6.126778e-01 5.122394e-07 3.260110e-01 
6.127462e-01 5.128194e-07 3.233120e-01 
6.129784e-01 5.127072e-07 3.274320e-01 
6.132235e-01 5.122189e-07 3.281520e-01 
6.128405e-01 5.138120e-07 3.276040e-01 
6.136190e-01 5.127769e-07 3.229510e-01 
6.120890e-01 5.110537e-07 3.298240e-01 
6.114207e-01 5.058602e-07 3.303660e-01 
6.119386e-01 5.067810e-07 3.284200e-01 
6.134490e-01 5.096800e-07 3.341490e-01 
6.138716e-01 5.135018e-07 3.225430e-01 
6.132976e-01 5.152786e-07 3.225020e-01 
6.127891e-01 5.131466e-07 3.255180e-01 
6.117779e-01 5.112598e-07 3.221120e-01 
6.131489e-01 5.113096e-07 3.214340e-01 
6.130059e-01 5.130664e-07 3.344200e-01 
6.138502e-01 5.171115e-07 3.205900e-01 
6.121552e-01 5.095948e-07 3.267610e-01 
6.132975e-01 5.097763e-07 3.474200e-01 
6.130984e-01 5.131199e-07 3.230040e-01 
6.117214e-01 5.077212e-07 3.238070e-01 
6.132772e-01 5.131664e-07 3.351540e-01 
6.132887e-01 5.126743e-07 3.218780e-01 
6.121657e-01 5.084411e-07 3.233940e-01 
6.122336e-01 5.120834e-07 3.451030e-01 
6.129138e-01 5.100007e-07 4.139630e-01 
6.129543e-01 5.112306e-07 3.241850e-01 
6.132217e-01 5.136979e-07 3.349200e-01 
6.127632e-01 5.115724e-07 3.221850e-01 
6.110874e-01 5.132114e-07 3.214360e-01 
6.125706e-01 5.126438e-07 3.289880e-01 
6.126648e-01 5.102301e-07 3.268240e-01 
6.113052e-01 5.082799e-07 3.245240e-01 
6.120869e-01 5.086630e-07 3.351890e-01 
6.133394e-01 5.112054e-07 3.243420e-01 
6.131067e-01 5.146989e-07 3.212960e-01 
6.131714e-01 5.106838e-07 3.294370e-01 
6.136692e-01 5.147660e-07 3.206500e-01 
6.110566e-01 5.054680e-07 3.235340e-01 
6.115653e-01 5.081087e-07 3.427450e-01 
6.121468e-01 5.107350e-07 3.209620e-01 
6.124956e-01 5.084454e-07 3.245620e-01 
6.118377e-01 5.121044e-07 3.300200e-01 
6.123191e-01 5.108457e-07 3.211900e-01 
6.122092e-01 5.106820e-07 3.243580e-01 
6.124363e-01 5.113175e-07 3.253910e-01 
6.131803e-01 5.146351e-07 3.232990e-01 
6.142860e-01 5.132078e-07 3.237840e-01 
6.117552e-01 5.091233e-07 3.260200e-01 
6.132531e-01 5.111805e-07 3.356340e-01 
6.134378e-01 5.119805e-07 3.279160e-01 
6.122718e-01 5.107367e-07 3.244200e-01 
6.123564e-01 5.120719e-07 3.308200e-01 
6.122823e-01 5.073909e-07 3.239250e-01 
6.134962e-01 5.125411e-07 3.604120e-01 
6.113908e-01 5.105492e-07 3.288480e-01 
6.124531e-01 5.125228e-07 3.265010e-01 
6.130104e-01 5.104713e-07 3.281350e-01 
6.137693e-01 5.118528e-07 3.294610e-01 
6.128497e-01 5.097485e-07 3.252750e-01 
6.127458e-01 5.081013e-07 3.227410e-01 
6.112215e-01 5.063966e-07 3.316220e-01 
6.121633e-01 5.104460e-07 3.220310e-01 
6.124044e-01 5.097974e-07 3.244390e-01 
6.114897e-01 5.071785e-07 3.260840e-01 
6.128098e-01 5.128986e-07 3.336090e-01 
6.117219e-01 5.117076e-07 3.267370e-01 
6.130086e-01 5.127571e-07 3.237880e-01 
6.115855e-01 5.058319e-07 3.233290e-01 
6.140905e-01 5.135446e-07 3.288670e-01 
6.129584e-01 5.123019e-07 3.327320e-01 
6.136606e-01 5.151344e-07 3.275610e-01 
6.113666e-01 5.113267e-07 3.312830e-01 
6.118693e-01 5.112700e-07 3.266050e-01 
6.123370e-01 5.088773e-07 3.240760e-01 
6.121504e-01 5.081348e-07 3.229270e-01 
6.128753e-01 5.122352e-07 3.486700e-01 
6.119245e-01 5.089559e-07 3.214750e-01 
6.132150e-01 5.126942e-07 3.279510e-01 
6.121285e-01 5.107409e-07 3.376320e-01 
6.130842e-01 5.121600e-07 3.255950e-01 
6.118574e-01 5.126509e-07 3.252000e-01 
6.128757e-01 5.129830e-07 3.221590e-01 
6.122576e-01 5.104159e-07 3.217640e-01 
6.130476e-01 5.103164e-07 3.232400e-01 
6.121993e-01 5.098266e-07 3.385890e-01 
6.126810e-01 5.144608e-07 3.258630e-01 
6.133964e-01 5.126154e-07 3.269340e-01 
6.124244e-01 5.092558e-07 3.240380e-01 
6.137678e-01 5.106169e-07 3.205110e-01 
6.123775e-01 5.086221e-07 3.338530e-01 
6.137201e-01 5.131113e-07 3.294310e-01 
6.140444e-01 5.128750e-07 3.290600e-01 
6.131266e-01 5.145110e-07 3.234160e-01 
6.114944e-01 5.129562e-07 3.409780e-01 
6.131552e-01 5.153809e-07 3.225230e-01 
6.136828e-01 5.131067e-07 3.220860e-01 
6.146055e-01 5.154402e-07 3.263890e-01 
6.136953e-01 5.124099e-07 3.259800e-01 
6.122367e-01 5.118432e-07 3.195120e-01 
6.130162e-01 5.109268e-07 3.374580e-01 
6.127148e-01 5.089619e-07 3.279290e-01 
6.123241e-01 5.051431e-07 3.225080e-01 
6.120106e-01 5.120165e-07 3.243560e-01 
6.106412e-01 5.095813e-07 3.210550e-01 
6.125267e-01 5.115989e-07 3.225670e-01 
6.138203e-01 5.134350e-07 3.311910e-01 
6.136490e-01 5.133004e-07 3.274940e-01 
6.133249e-01 5.125049e-07 3.286250e-01 
6.110884e-01 5.073932e-07 3.560880e-01 
6.147876e-01 5.141034e-07 3.252510e-01 
6.134623e-01 5.094898e-07 3.265270e-01 
6.124272e-01 5.109247e-07 3.330080e-01 
6.125682e-01 5.106846e-07 3.219450e-01 
6.116627e-01 5.082769e-07 3.277510e-01 
6.140755e-01 5.195944e-07 3.311360e-01 
6.116432e-01 5.097053e-07 3.249660e-01 
6.132686e-01 5.132273e-07 3.226100e-01 
6.129558e-01 5.119571e-07 3.205700e-01 
6.120101e-01 5.072584e-07 3.245230e-01 
