# dim  N   mc   sigma  Gibbs 
# 2    2 60000 0.7
#
# Theoretical Energy = 2.000000e+00
# Energy     Variance     CPU time
3.425736e+00 6.016282e-05 1.438966e+00 
3.491690e+00 1.789480e-04 1.408620e+00 
3.535766e+00 4.894400e-04 1.557778e+00 
3.483952e+00 7.594360e-05 1.494325e+00 
3.501954e+00 9.802632e-05 1.341474e+00 
3.519520e+00 2.167643e-04 1.393702e+00 
3.508754e+00 1.057748e-04 1.395004e+00 
3.479411e+00 1.356977e-04 1.392915e+00 
3.500055e+00 9.233293e-05 1.340818e+00 
3.483169e+00 6.629696e-05 1.410719e+00 
3.514185e+00 1.073388e-04 1.349240e+00 
3.471892e+00 6.071159e-05 1.441993e+00 
3.539981e+00 1.181781e-04 1.411274e+00 
3.458079e+00 5.031329e-05 1.494108e+00 
3.520580e+00 5.466980e-05 1.415894e+00 
3.535203e+00 7.114028e-05 1.387101e+00 
3.513078e+00 6.804124e-05 1.348180e+00 
3.656203e+00 2.960256e-03 1.465485e+00 
3.487518e+00 4.906667e-05 1.438489e+00 
3.516519e+00 8.854678e-05 1.495606e+00 
3.469765e+00 5.308295e-05 1.338779e+00 
3.533245e+00 5.730879e-05 1.327414e+00 
3.497967e+00 5.742272e-05 1.432407e+00 
3.497640e+00 6.731587e-05 1.336549e+00 
3.544776e+00 6.620562e-05 1.327684e+00 
3.562865e+00 1.162588e-04 1.407456e+00 
3.500841e+00 4.583248e-05 1.434242e+00 
3.530397e+00 5.988477e-05 1.322657e+00 
3.532581e+00 7.999660e-05 1.482716e+00 
3.531740e+00 1.061707e-04 1.561257e+00 
3.540492e+00 7.512546e-05 1.508873e+00 
3.565939e+00 9.492587e-05 1.482391e+00 
3.536118e+00 7.287067e-05 1.342190e+00 
3.564083e+00 1.900583e-04 1.323574e+00 
3.549764e+00 5.850149e-05 1.276367e+00 
3.491566e+00 4.957383e-05 1.435560e+00 
3.532429e+00 6.717737e-05 1.417388e+00 
3.548248e+00 7.470038e-05 1.368343e+00 
3.534811e+00 6.807188e-05 1.480676e+00 
3.606962e+00 3.724863e-04 1.468625e+00 
3.497024e+00 7.745272e-05 1.297600e+00 
3.548491e+00 6.930937e-05 1.309770e+00 
3.566288e+00 1.048850e-04 1.371244e+00 
3.539034e+00 6.949092e-05 1.467116e+00 
3.519805e+00 6.177108e-05 1.463714e+00 
3.523416e+00 6.192013e-05 1.406642e+00 
3.563011e+00 3.758423e-04 1.384044e+00 
3.558324e+00 6.347406e-05 1.417468e+00 
3.591775e+00 2.605776e-04 1.480156e+00 
3.537961e+00 1.481612e-04 1.336047e+00 
3.494039e+00 5.501488e-05 1.490378e+00 
3.509783e+00 5.303492e-05 1.424180e+00 
3.581448e+00 1.143984e-04 1.360241e+00 
3.537090e+00 1.132166e-04 1.543355e+00 
3.541581e+00 6.331054e-05 1.555608e+00 
3.567130e+00 1.443477e-04 1.499733e+00 
3.563407e+00 1.528107e-04 1.538087e+00 
3.481959e+00 8.360468e-05 1.494099e+00 
3.543490e+00 6.507110e-05 1.451423e+00 
3.545758e+00 9.424517e-05 1.545081e+00 
3.578697e+00 1.006078e-04 1.562138e+00 
3.487436e+00 5.289563e-05 1.569520e+00 
3.525457e+00 6.440405e-05 1.585846e+00 
3.531016e+00 7.291079e-05 1.563573e+00 
3.497106e+00 6.486789e-05 1.567107e+00 
3.517231e+00 7.728332e-05 1.551871e+00 
3.516445e+00 1.519527e-04 1.568693e+00 
3.502187e+00 5.638590e-05 1.562826e+00 
3.532754e+00 1.053274e-04 1.561526e+00 
3.492362e+00 5.239975e-05 1.587495e+00 
3.506489e+00 6.146679e-05 1.502748e+00 
3.581436e+00 1.699276e-04 1.380774e+00 
3.500831e+00 7.185505e-05 1.521044e+00 
3.485097e+00 6.025325e-05 1.481270e+00 
3.499925e+00 5.438604e-05 1.513136e+00 
3.499153e+00 1.503114e-04 1.508849e+00 
3.533520e+00 8.176816e-05 1.472091e+00 
3.471262e+00 4.751046e-05 1.342718e+00 
3.560516e+00 1.703302e-04 1.404936e+00 
3.506700e+00 8.081905e-05 1.468026e+00 
3.495322e+00 7.948084e-05 1.454561e+00 
3.490317e+00 6.389466e-05 1.474073e+00 
3.547332e+00 1.051475e-04 1.538511e+00 
3.497113e+00 1.212797e-04 1.545981e+00 
3.541308e+00 1.537549e-04 1.363974e+00 
3.514048e+00 2.016791e-04 1.411009e+00 
3.443660e+00 4.196515e-05 1.349191e+00 
3.482474e+00 6.746693e-05 1.452618e+00 
3.527344e+00 1.235402e-04 1.406774e+00 
3.490859e+00 1.831929e-04 1.449790e+00 
3.491537e+00 1.158927e-04 1.372950e+00 
3.460189e+00 5.047015e-05 1.330699e+00 
3.474446e+00 6.952259e-05 1.338253e+00 
3.502977e+00 1.124141e-04 1.358774e+00 
3.463377e+00 5.623124e-05 1.379305e+00 
3.482832e+00 5.970199e-05 1.449941e+00 
3.479355e+00 8.802826e-05 1.446349e+00 
3.468409e+00 7.176905e-05 1.312913e+00 
3.476312e+00 5.863039e-05 1.435439e+00 
3.464202e+00 5.190048e-05 1.360470e+00 
3.494302e+00 6.539289e-05 1.380428e+00 
3.502106e+00 8.794843e-05 1.443529e+00 
3.528672e+00 1.633579e-04 1.417234e+00 
3.600771e+00 1.113355e-03 1.323858e+00 
3.437363e+00 4.367864e-05 1.412218e+00 
3.478099e+00 5.087851e-05 1.392273e+00 
3.471041e+00 6.491295e-05 1.459354e+00 
3.451496e+00 5.768271e-05 1.423100e+00 
3.459118e+00 6.063370e-05 1.476569e+00 
3.467800e+00 6.572345e-05 1.371978e+00 
3.477314e+00 7.054586e-05 1.468128e+00 
3.452138e+00 6.529833e-05 1.441004e+00 
3.505661e+00 1.009150e-04 1.428669e+00 
3.500894e+00 1.647379e-04 1.436494e+00 
3.459264e+00 8.707947e-05 1.461710e+00 
3.436274e+00 5.435288e-05 1.431245e+00 
3.475448e+00 7.961281e-05 1.412199e+00 
3.448559e+00 6.809261e-05 1.439412e+00 
3.407593e+00 4.392248e-05 1.555706e+00 
3.437881e+00 4.462279e-05 1.511155e+00 
3.454765e+00 7.088256e-05 1.450983e+00 
3.455055e+00 6.420155e-05 1.445143e+00 
3.461646e+00 7.206962e-05 1.392872e+00 
3.434794e+00 6.029430e-05 1.432098e+00 
3.482136e+00 1.446845e-04 1.434009e+00 
3.415287e+00 5.269662e-05 1.336724e+00 
3.515985e+00 1.276364e-04 1.335955e+00 
3.473450e+00 1.737307e-04 1.442378e+00 
3.470376e+00 1.022167e-04 1.330900e+00 
3.461790e+00 7.590544e-05 1.449525e+00 
3.420336e+00 5.182959e-05 1.472560e+00 
3.456874e+00 6.231935e-05 1.405948e+00 
3.407626e+00 5.612262e-05 1.399696e+00 
3.431817e+00 6.919814e-05 1.475488e+00 
3.433475e+00 6.495159e-05 1.518824e+00 
3.435814e+00 7.142162e-05 1.443065e+00 
3.459306e+00 1.034804e-04 1.405513e+00 
3.445486e+00 5.273144e-05 1.356556e+00 
3.454882e+00 2.078467e-04 1.380004e+00 
3.435281e+00 7.767482e-05 1.332993e+00 
3.428772e+00 7.078548e-05 1.382285e+00 
3.424283e+00 5.847727e-05 1.449412e+00 
3.395480e+00 7.749460e-05 1.419966e+00 
3.442939e+00 6.396334e-05 1.533415e+00 
3.417845e+00 7.243776e-05 1.365163e+00 
3.442268e+00 8.152265e-05 1.383567e+00 
3.474567e+00 7.121330e-05 1.375055e+00 
3.412154e+00 6.242644e-05 1.529602e+00 
3.515150e+00 2.527407e-04 1.511475e+00 
3.420717e+00 5.403057e-05 1.509375e+00 
3.439600e+00 9.818314e-05 1.531517e+00 
3.452570e+00 6.400676e-05 1.450631e+00 
3.413027e+00 5.677369e-05 1.524684e+00 
3.406701e+00 5.417989e-05 1.269805e+00 
3.461823e+00 8.951040e-05 1.395264e+00 
3.417489e+00 5.736948e-05 1.443878e+00 
3.403276e+00 8.515134e-05 1.299018e+00 
3.403739e+00 4.277645e-05 1.474556e+00 
3.439761e+00 1.181987e-04 1.464012e+00 
3.430216e+00 8.735937e-05 1.397620e+00 
3.420719e+00 1.273705e-04 1.463279e+00 
3.463411e+00 1.860398e-04 1.338978e+00 
3.403586e+00 6.387973e-05 1.324154e+00 
3.455801e+00 9.406491e-05 1.341420e+00 
3.408955e+00 7.239409e-05 1.393131e+00 
3.479277e+00 4.398103e-04 1.472179e+00 
3.437934e+00 1.019546e-04 1.411521e+00 
3.427649e+00 2.305216e-04 1.437236e+00 
3.430633e+00 8.717479e-05 1.334699e+00 
3.435257e+00 6.959822e-05 1.418636e+00 
3.433100e+00 6.743265e-05 1.443216e+00 
3.386805e+00 4.501223e-05 1.443678e+00 
3.441300e+00 1.610071e-04 1.341754e+00 
3.446295e+00 1.110891e-04 1.388225e+00 
3.401260e+00 5.644344e-05 1.434136e+00 
3.385523e+00 5.797404e-05 1.401970e+00 
3.411990e+00 7.197279e-05 1.307207e+00 
3.379806e+00 4.311498e-05 1.410388e+00 
3.476679e+00 7.795778e-05 1.412209e+00 
3.415558e+00 6.931966e-05 1.305625e+00 
3.411250e+00 5.811418e-05 1.402078e+00 
3.377851e+00 4.709817e-05 1.436484e+00 
3.400408e+00 6.026858e-05 1.378432e+00 
3.401059e+00 5.646965e-05 1.323752e+00 
3.408611e+00 7.108492e-05 1.383176e+00 
3.419479e+00 1.005982e-04 1.381158e+00 
3.366942e+00 5.277643e-05 1.298120e+00 
3.387485e+00 5.612044e-05 1.422373e+00 
3.393828e+00 6.091077e-05 1.357232e+00 
3.446355e+00 1.015285e-04 1.361189e+00 
3.440900e+00 7.598883e-05 1.396176e+00 
3.415680e+00 7.109493e-05 1.531101e+00 
3.379168e+00 5.773680e-05 1.489209e+00 
3.395872e+00 7.691295e-05 1.537285e+00 
3.409738e+00 7.661082e-05 1.524411e+00 
3.386893e+00 5.906695e-05 1.537660e+00 
3.398143e+00 1.561620e-04 1.488521e+00 
3.391805e+00 9.486220e-05 1.455019e+00 
3.341051e+00 5.392236e-05 1.435185e+00 
3.408862e+00 1.034005e-04 1.434735e+00 
3.379930e+00 7.130357e-05 1.402694e+00 
3.376605e+00 6.057858e-05 1.421662e+00 
3.426335e+00 7.596677e-05 1.457416e+00 
3.344023e+00 4.167091e-05 1.508526e+00 
3.429269e+00 1.219877e-04 1.563796e+00 
3.465885e+00 1.164516e-04 1.400118e+00 
3.344085e+00 4.818080e-05 1.403693e+00 
3.420854e+00 1.061175e-04 1.479119e+00 
3.371208e+00 5.882905e-05 1.400954e+00 
3.592640e+00 2.643089e-03 1.514769e+00 
3.427129e+00 1.036534e-04 1.487130e+00 
3.435474e+00 5.562924e-04 1.482784e+00 
3.374070e+00 1.371695e-04 1.467495e+00 
3.384971e+00 7.663108e-05 1.544299e+00 
3.425028e+00 8.008943e-05 1.536039e+00 
3.373705e+00 5.534651e-05 1.478873e+00 
3.347066e+00 5.261663e-05 1.454841e+00 
3.398662e+00 1.116967e-04 1.421821e+00 
3.412432e+00 1.206257e-04 1.464815e+00 
3.438141e+00 3.244747e-04 1.476685e+00 
3.384307e+00 1.339120e-04 1.456946e+00 
3.391593e+00 7.464021e-05 1.400027e+00 
3.435834e+00 1.009295e-04 1.469080e+00 
3.368334e+00 4.907225e-05 1.430737e+00 
3.324662e+00 4.164864e-05 1.337211e+00 
3.389604e+00 8.496061e-05 1.405501e+00 
3.382841e+00 8.302150e-05 1.567990e+00 
3.322063e+00 6.532597e-05 1.431381e+00 
3.390515e+00 4.752904e-05 1.409481e+00 
3.365805e+00 1.042784e-04 1.368893e+00 
3.416747e+00 1.021112e-04 1.444024e+00 
3.387074e+00 8.499722e-05 1.428349e+00 
3.363006e+00 5.079808e-05 1.490777e+00 
3.345794e+00 5.591164e-05 1.450464e+00 
3.376969e+00 9.190332e-05 1.378023e+00 
3.445867e+00 2.646788e-04 1.516933e+00 
3.393237e+00 1.261513e-04 1.438650e+00 
3.317367e+00 7.405548e-05 1.469384e+00 
3.391715e+00 9.911525e-05 1.488434e+00 
3.359078e+00 5.789865e-05 1.481997e+00 
3.352135e+00 6.560745e-05 1.450627e+00 
3.377906e+00 8.885168e-05 1.506712e+00 
3.375919e+00 8.802005e-05 1.442437e+00 
3.382972e+00 8.724899e-05 1.477287e+00 
3.362685e+00 7.314351e-05 1.427529e+00 
3.333739e+00 7.598711e-05 1.393332e+00 
3.425615e+00 1.562584e-04 1.339229e+00 
3.366336e+00 1.090104e-04 1.370019e+00 
3.340454e+00 9.116752e-05 1.485709e+00 
3.336108e+00 5.298705e-05 1.478176e+00 
3.384577e+00 7.177401e-05 1.493769e+00 
3.353760e+00 5.440440e-05 1.525989e+00 
3.335748e+00 5.809750e-05 1.468771e+00 
3.353264e+00 7.860178e-05 1.443595e+00 
3.344650e+00 5.305549e-05 1.468322e+00 
3.323869e+00 1.077073e-04 1.455864e+00 
3.411718e+00 8.421337e-05 1.545905e+00 
3.342814e+00 5.272971e-05 1.447682e+00 
3.322527e+00 6.984885e-05 1.517961e+00 
3.406195e+00 7.487924e-05 1.478883e+00 
3.360698e+00 6.930134e-05 1.478763e+00 
3.461623e+00 4.647031e-04 1.411508e+00 
3.396115e+00 8.438217e-05 1.501292e+00 
3.363520e+00 6.417493e-05 1.519722e+00 
3.304043e+00 4.204371e-05 1.481430e+00 
3.341492e+00 1.038851e-04 1.553961e+00 
3.363399e+00 1.015992e-04 1.430328e+00 
3.364835e+00 6.234769e-05 1.530988e+00 
3.436704e+00 1.855018e-04 1.381498e+00 
3.345510e+00 5.694893e-05 1.525120e+00 
3.364516e+00 6.962810e-05 1.493814e+00 
3.398045e+00 1.269836e-04 1.407397e+00 
3.352165e+00 4.611306e-05 1.540884e+00 
3.336440e+00 7.125977e-05 1.533499e+00 
3.366354e+00 5.155964e-05 1.477132e+00 
3.364080e+00 7.298966e-05 1.463792e+00 
3.349067e+00 7.804537e-05 1.485524e+00 
3.364781e+00 6.632116e-05 1.444152e+00 
3.333077e+00 6.019042e-05 1.527765e+00 
3.337793e+00 1.367518e-04 1.419804e+00 
3.345724e+00 9.250832e-05 1.435375e+00 
3.379775e+00 8.924257e-05 1.522159e+00 
3.349885e+00 1.014304e-04 1.497469e+00 
3.463677e+00 1.390762e-03 1.457373e+00 
3.333937e+00 5.848335e-05 1.472166e+00 
3.358777e+00 6.413785e-05 1.460290e+00 
3.321310e+00 7.685803e-05 1.476119e+00 
3.365340e+00 7.799557e-05 1.453502e+00 
3.302518e+00 6.498858e-05 1.481150e+00 
3.441949e+00 4.305665e-04 1.469877e+00 
3.336907e+00 6.986976e-05 1.457185e+00 
3.283184e+00 4.143635e-05 1.454185e+00 
3.328289e+00 5.738198e-05 1.543963e+00 
3.358708e+00 7.110675e-05 1.470485e+00 
3.338462e+00 1.704231e-04 1.503902e+00 
3.300511e+00 6.726685e-05 1.484867e+00 
3.342983e+00 7.415980e-05 1.374152e+00 
3.322426e+00 5.001088e-05 1.435456e+00 
3.300687e+00 8.019652e-05 1.459772e+00 
3.321378e+00 5.611067e-05 1.478958e+00 
3.355790e+00 8.181523e-05 1.447481e+00 
3.374746e+00 8.291908e-05 1.531911e+00 
3.333421e+00 7.095775e-05 1.537062e+00 
3.342130e+00 5.803767e-05 1.465758e+00 
3.280331e+00 4.825543e-05 1.387387e+00 
3.309979e+00 6.097143e-05 1.568354e+00 
3.369365e+00 1.047538e-04 1.578322e+00 
3.382547e+00 1.485277e-04 1.500525e+00 
3.317079e+00 4.878586e-05 1.537503e+00 
3.289270e+00 4.212091e-05 1.441587e+00 
3.314550e+00 8.027721e-05 1.552203e+00 
3.297420e+00 5.471753e-05 1.461647e+00 
3.343419e+00 7.559548e-05 1.448573e+00 
3.325528e+00 5.625521e-05 1.447255e+00 
3.315124e+00 5.453498e-05 1.511376e+00 
3.263412e+00 4.109248e-05 1.494980e+00 
3.346167e+00 8.462676e-05 1.478999e+00 
3.350316e+00 6.703165e-05 1.487660e+00 
3.342900e+00 1.114324e-04 1.488965e+00 
3.283423e+00 4.910451e-05 1.425846e+00 
3.308796e+00 5.530958e-05 1.391390e+00 
3.284364e+00 5.834585e-05 1.443612e+00 
3.320562e+00 6.419523e-05 1.454477e+00 
3.346516e+00 6.753624e-05 1.382867e+00 
3.295947e+00 7.499809e-05 1.468626e+00 
3.358206e+00 2.870854e-04 1.491880e+00 
3.280486e+00 6.367078e-05 1.504094e+00 
3.306696e+00 6.538891e-05 1.399214e+00 
3.295799e+00 5.835774e-05 1.302867e+00 
3.289028e+00 5.789279e-05 1.475489e+00 
3.290535e+00 5.207641e-05 1.466723e+00 
3.265398e+00 4.133490e-05 1.527513e+00 
3.309223e+00 6.242652e-05 1.408473e+00 
3.293029e+00 6.548170e-05 1.473343e+00 
3.298235e+00 9.307168e-05 1.450935e+00 
3.346545e+00 9.756372e-05 1.439008e+00 
3.380752e+00 9.303112e-05 1.485240e+00 
3.331502e+00 2.376074e-04 1.500817e+00 
3.404071e+00 1.516220e-04 1.494612e+00 
3.389714e+00 6.745345e-04 1.537599e+00 
3.301368e+00 6.600397e-05 1.355358e+00 
3.273566e+00 4.994847e-05 1.430379e+00 
3.325693e+00 1.050361e-04 1.488026e+00 
3.388013e+00 2.997216e-04 1.381927e+00 
3.326096e+00 7.679422e-05 1.479295e+00 
3.328449e+00 8.306229e-05 1.543905e+00 
3.295758e+00 9.850139e-05 1.455863e+00 
3.334994e+00 1.060374e-04 1.475359e+00 
3.281651e+00 6.136804e-05 1.524878e+00 
3.295104e+00 5.706567e-05 1.551863e+00 
3.265240e+00 4.432144e-05 1.485114e+00 
3.307156e+00 7.606225e-05 1.554303e+00 
3.372214e+00 1.862725e-04 1.408167e+00 
3.342903e+00 1.630498e-04 1.396142e+00 
3.344729e+00 3.487628e-04 1.518577e+00 
3.303472e+00 8.820318e-05 1.356315e+00 
3.323940e+00 8.833305e-05 1.518406e+00 
3.293614e+00 1.022467e-04 1.464907e+00 
3.353867e+00 2.148773e-04 1.408386e+00 
3.298039e+00 7.485579e-05 1.502249e+00 
3.338238e+00 1.202179e-04 1.446237e+00 
3.316514e+00 5.910576e-05 1.398583e+00 
3.277375e+00 7.911853e-05 1.479876e+00 
3.271902e+00 7.305958e-05 1.523162e+00 
3.274964e+00 5.348249e-05 1.500845e+00 
3.317280e+00 8.636360e-05 1.457061e+00 
3.275393e+00 6.411211e-05 1.438213e+00 
3.330128e+00 1.101900e-04 1.466173e+00 
3.281100e+00 5.627856e-05 1.561646e+00 
3.297022e+00 8.044081e-05 1.466972e+00 
3.292971e+00 6.301357e-05 1.472398e+00 
3.319418e+00 9.303684e-05 1.510188e+00 
3.356552e+00 1.813074e-04 1.493512e+00 
3.289121e+00 5.767256e-05 1.513763e+00 
3.300156e+00 1.114034e-04 1.505521e+00 
3.324799e+00 8.928238e-05 1.444938e+00 
3.305945e+00 7.913193e-05 1.483574e+00 
3.275271e+00 6.495938e-05 1.474421e+00 
3.303965e+00 1.354523e-04 1.492944e+00 
3.280692e+00 6.761707e-05 1.477706e+00 
3.298398e+00 7.130440e-05 1.542282e+00 
3.309751e+00 7.595822e-05 1.492781e+00 
3.308274e+00 8.243710e-05 1.530728e+00 
3.245552e+00 4.915912e-05 1.505308e+00 
3.268061e+00 6.758185e-05 1.476885e+00 
3.322537e+00 1.809334e-04 1.455655e+00 
3.280569e+00 5.420696e-05 1.465901e+00 
3.293591e+00 7.091668e-05 1.464309e+00 
3.315872e+00 8.512761e-05 1.497764e+00 
3.238585e+00 4.791934e-05 1.407960e+00 
3.336856e+00 2.432280e-04 1.463051e+00 
3.295404e+00 8.849893e-05 1.394034e+00 
3.243081e+00 5.344255e-05 1.534816e+00 
3.263140e+00 7.208592e-05 1.459329e+00 
3.267523e+00 5.803868e-05 1.466727e+00 
3.284286e+00 7.766115e-05 1.453718e+00 
3.268613e+00 5.434072e-05 1.532215e+00 
3.326680e+00 9.939757e-05 1.430405e+00 
3.275306e+00 7.399847e-05 1.405831e+00 
3.297930e+00 1.247028e-04 1.483125e+00 
3.369675e+00 9.867939e-04 1.458843e+00 
3.276924e+00 2.209450e-04 1.355857e+00 
3.309977e+00 1.396770e-04 1.446743e+00 
3.253480e+00 1.150635e-04 1.417323e+00 
3.238906e+00 5.012527e-05 1.417030e+00 
3.409383e+00 2.594441e-03 1.480597e+00 
3.316876e+00 1.555298e-04 1.443624e+00 
3.259836e+00 5.263543e-05 1.491582e+00 
3.246300e+00 4.588627e-05 1.493954e+00 
3.211292e+00 6.451543e-05 1.540840e+00 
3.263884e+00 8.256654e-05 1.513220e+00 
3.318544e+00 3.306216e-04 1.494891e+00 
3.342262e+00 7.641479e-04 1.442352e+00 
3.310442e+00 1.679934e-04 1.524111e+00 
3.310781e+00 1.376325e-04 1.408686e+00 
3.281231e+00 6.201531e-05 1.494781e+00 
3.428715e+00 9.133381e-04 1.504141e+00 
3.265702e+00 1.007747e-04 1.466699e+00 
3.261476e+00 6.541053e-05 1.555125e+00 
3.283566e+00 8.574102e-05 1.483794e+00 
3.223348e+00 7.713586e-05 1.557055e+00 
3.262115e+00 4.986205e-05 1.520987e+00 
3.264269e+00 1.068871e-04 1.531793e+00 
3.296866e+00 9.482817e-05 1.500302e+00 
3.256949e+00 7.444715e-05 1.467723e+00 
3.295370e+00 1.316361e-04 1.543790e+00 
3.251727e+00 1.120460e-04 1.554535e+00 
3.282860e+00 1.535870e-04 1.527802e+00 
3.237743e+00 4.941358e-05 1.451676e+00 
3.275111e+00 6.966645e-05 1.489411e+00 
3.256118e+00 1.278600e-04 1.409299e+00 
3.232263e+00 1.299058e-04 1.422596e+00 
3.257266e+00 5.680194e-05 1.445492e+00 
3.307553e+00 1.041211e-04 1.391646e+00 
3.311044e+00 3.077873e-04 1.482291e+00 
3.235783e+00 7.253127e-05 1.513807e+00 
3.254573e+00 2.782412e-04 1.499518e+00 
3.277454e+00 1.130817e-04 1.543933e+00 
3.502005e+00 8.530626e-03 1.492104e+00 
3.258685e+00 6.996863e-05 1.444735e+00 
3.230532e+00 5.598611e-05 1.434029e+00 
3.241220e+00 5.577259e-05 1.539648e+00 
3.222139e+00 6.355310e-05 1.549414e+00 
3.224723e+00 7.825828e-05 1.537934e+00 
3.217964e+00 4.869989e-05 1.542519e+00 
3.262726e+00 1.844014e-04 1.468223e+00 
3.207988e+00 6.045013e-05 1.427361e+00 
3.201965e+00 4.815049e-05 1.502264e+00 
3.211651e+00 6.762507e-05 1.470363e+00 
3.203608e+00 5.047005e-05 1.379227e+00 
3.192397e+00 5.668654e-05 1.439250e+00 
3.180401e+00 5.424970e-05 1.403406e+00 
3.215557e+00 5.556643e-05 1.455347e+00 
3.275097e+00 1.607721e-04 1.486886e+00 
3.272017e+00 1.100974e-04 1.482337e+00 
3.249339e+00 8.851980e-05 1.481237e+00 
3.212100e+00 6.682467e-05 1.459543e+00 
3.214230e+00 1.435333e-04 1.506083e+00 
3.215869e+00 5.430066e-05 1.544778e+00 
3.187738e+00 4.782467e-05 1.458870e+00 
3.179467e+00 5.731968e-05 1.512380e+00 
3.236055e+00 1.080892e-04 1.521189e+00 
3.218572e+00 7.224966e-05 1.482609e+00 
3.192941e+00 4.104911e-05 1.403244e+00 
3.214156e+00 6.392708e-05 1.382819e+00 
3.188492e+00 5.756435e-05 1.430958e+00 
3.241555e+00 9.282609e-05 1.465348e+00 
3.191950e+00 9.707948e-05 1.528050e+00 
3.228623e+00 7.969740e-05 1.469861e+00 
3.226355e+00 5.458108e-05 1.515985e+00 
3.207649e+00 6.965167e-05 1.480446e+00 
3.188529e+00 5.490684e-05 1.496585e+00 
3.229813e+00 7.853557e-05 1.531278e+00 
3.225461e+00 7.140585e-05 1.459110e+00 
3.245914e+00 1.594053e-04 1.522084e+00 
3.235366e+00 6.936500e-05 1.401851e+00 
3.211754e+00 6.851463e-05 1.450731e+00 
3.243300e+00 8.600237e-05 1.518484e+00 
3.239879e+00 1.712572e-04 1.476663e+00 
3.147529e+00 5.297196e-05 1.487566e+00 
3.249224e+00 7.984833e-05 1.439700e+00 
3.220118e+00 6.251839e-05 1.526304e+00 
3.229132e+00 1.109165e-04 1.487103e+00 
3.192844e+00 5.255269e-05 1.511636e+00 
3.179060e+00 4.655735e-05 1.504818e+00 
3.243298e+00 1.321229e-04 1.485791e+00 
3.197819e+00 4.824821e-05 1.541879e+00 
3.209030e+00 8.611037e-05 1.422372e+00 
3.210003e+00 8.316434e-05 1.491469e+00 
3.184493e+00 1.131134e-04 1.556192e+00 
3.215073e+00 1.272578e-04 1.456276e+00 
3.199661e+00 6.738723e-05 1.473740e+00 
3.244459e+00 5.887370e-05 1.496061e+00 
3.169637e+00 5.047033e-05 1.479850e+00 
3.200701e+00 8.297314e-05 1.463175e+00 
3.223369e+00 1.065209e-04 1.518272e+00 
3.202996e+00 1.255952e-04 1.500636e+00 
3.257550e+00 1.183062e-04 1.478195e+00 
3.256994e+00 1.576077e-04 1.543009e+00 
3.251827e+00 8.920064e-04 1.507075e+00 
3.186842e+00 5.829366e-05 1.453825e+00 
3.206161e+00 1.309947e-04 1.474187e+00 
3.150864e+00 6.864111e-05 1.497290e+00 
3.191564e+00 8.064564e-05 1.504739e+00 
3.259751e+00 8.518787e-05 1.426070e+00 
3.184285e+00 6.265634e-05 1.400661e+00 
3.137440e+00 4.047431e-05 1.396606e+00 
3.181440e+00 6.453782e-05 1.418668e+00 
3.140473e+00 5.486328e-05 1.429361e+00 
3.191324e+00 1.289957e-04 1.442600e+00 
3.171337e+00 6.896917e-05 1.399680e+00 
3.201620e+00 1.583708e-04 1.432788e+00 
3.180233e+00 1.052731e-04 1.512848e+00 
3.173815e+00 7.808152e-05 1.373688e+00 
3.167069e+00 8.702196e-05 1.435189e+00 
3.174595e+00 6.925610e-05 1.464672e+00 
3.171230e+00 9.965327e-05 1.446422e+00 
3.172776e+00 6.590047e-05 1.365869e+00 
3.200090e+00 1.004010e-04 1.473673e+00 
3.159605e+00 8.301449e-05 1.491901e+00 
3.178915e+00 6.551380e-05 1.516871e+00 
3.185084e+00 1.488335e-04 1.331747e+00 
3.252141e+00 5.481898e-04 1.399343e+00 
3.148306e+00 7.864584e-05 1.376255e+00 
3.137473e+00 6.177038e-05 1.411250e+00 
3.135811e+00 4.707897e-05 1.393061e+00 
3.193330e+00 7.645921e-05 1.430436e+00 
3.126134e+00 6.810627e-05 1.421544e+00 
3.135457e+00 6.441342e-05 1.402388e+00 
3.152139e+00 6.745558e-05 1.338373e+00 
3.117499e+00 6.130155e-05 1.459632e+00 
3.218708e+00 3.346946e-04 1.390602e+00 
3.162988e+00 6.117939e-05 1.454771e+00 
3.143809e+00 4.990111e-05 1.388940e+00 
3.091215e+00 4.010747e-05 1.365013e+00 
3.132317e+00 5.119768e-05 1.461940e+00 
3.141985e+00 6.084673e-05 1.464345e+00 
3.133512e+00 5.819879e-05 1.504779e+00 
3.121694e+00 6.567944e-05 1.451822e+00 
3.181454e+00 7.838784e-05 1.438311e+00 
3.157679e+00 6.916571e-05 1.477483e+00 
3.162237e+00 7.692027e-05 1.471953e+00 
3.145478e+00 1.049352e-04 1.501914e+00 
3.162320e+00 6.782449e-05 1.391748e+00 
3.131166e+00 7.154856e-05 1.424459e+00 
3.140875e+00 7.954937e-05 1.395562e+00 
3.143585e+00 6.110587e-05 1.511725e+00 
3.164368e+00 8.624089e-05 1.366963e+00 
3.141142e+00 7.652696e-05 1.470369e+00 
3.159088e+00 7.129393e-05 1.433011e+00 
3.144560e+00 6.200893e-05 1.458588e+00 
3.170165e+00 1.064503e-04 1.441438e+00 
3.116475e+00 5.791495e-05 1.447354e+00 
3.180291e+00 1.031933e-04 1.559515e+00 
3.136653e+00 6.783038e-05 1.474584e+00 
3.117424e+00 1.010622e-04 1.479972e+00 
3.138951e+00 7.706969e-05 1.479078e+00 
3.157084e+00 6.736075e-05 1.524986e+00 
3.082937e+00 4.027360e-05 1.521071e+00 
3.146820e+00 1.021274e-04 1.534629e+00 
3.227358e+00 1.188905e-04 1.533203e+00 
3.115973e+00 6.666887e-05 1.459225e+00 
3.144097e+00 1.317906e-04 1.501822e+00 
3.136390e+00 8.372167e-05 1.571326e+00 
3.142481e+00 1.105026e-04 1.519447e+00 
3.153508e+00 1.427018e-04 1.422026e+00 
3.112788e+00 7.847349e-05 1.525146e+00 
3.192617e+00 1.322265e-04 1.510139e+00 
3.130073e+00 1.209311e-04 1.395377e+00 
3.124562e+00 1.452736e-04 1.530863e+00 
3.140351e+00 1.095194e-04 1.441737e+00 
3.126698e+00 9.211795e-05 1.461666e+00 
3.128712e+00 6.630549e-05 1.521519e+00 
3.103767e+00 5.594884e-05 1.527311e+00 
3.114741e+00 5.568454e-05 1.460761e+00 
3.095118e+00 5.401561e-05 1.496210e+00 
3.155170e+00 8.278784e-05 1.526437e+00 
3.081952e+00 6.366290e-05 1.451909e+00 
3.131795e+00 7.927372e-05 1.469872e+00 
3.219629e+00 9.564236e-04 1.467922e+00 
3.058917e+00 5.801263e-05 1.505365e+00 
3.083583e+00 6.243360e-05 1.429387e+00 
3.109195e+00 5.790228e-05 1.519581e+00 
3.105727e+00 7.233838e-05 1.493252e+00 
3.074938e+00 6.643835e-05 1.491308e+00 
3.116070e+00 7.931719e-05 1.521861e+00 
3.106618e+00 6.552327e-05 1.458684e+00 
3.074212e+00 4.549836e-05 1.460990e+00 
3.087323e+00 6.643098e-05 1.498353e+00 
3.064935e+00 6.945492e-05 1.460707e+00 
3.111707e+00 1.254005e-04 1.482847e+00 
3.072976e+00 6.205265e-05 1.504060e+00 
3.148605e+00 9.207437e-05 1.437548e+00 
3.227006e+00 1.105258e-03 1.401239e+00 
3.114943e+00 6.475512e-05 1.452413e+00 
3.035967e+00 3.895836e-05 1.534590e+00 
3.096113e+00 1.056199e-04 1.457879e+00 
3.113268e+00 7.525824e-05 1.439728e+00 
3.119740e+00 1.314306e-04 1.527051e+00 
3.204811e+00 4.904951e-04 1.522896e+00 
3.154653e+00 1.288054e-04 1.575811e+00 
3.119597e+00 8.678530e-05 1.542242e+00 
3.080495e+00 6.836057e-05 1.516930e+00 
3.036593e+00 4.863413e-05 1.521952e+00 
3.109988e+00 6.928110e-05 1.581291e+00 
3.115184e+00 5.916442e-05 1.592055e+00 
3.050401e+00 5.258096e-05 1.560068e+00 
3.067604e+00 4.805185e-05 1.545091e+00 
3.082831e+00 7.233704e-05 1.539180e+00 
3.102808e+00 1.912651e-04 1.561244e+00 
3.114519e+00 5.914077e-05 1.548195e+00 
3.059202e+00 5.178755e-05 1.546254e+00 
3.175698e+00 1.511445e-04 1.582276e+00 
3.069839e+00 5.583361e-05 1.554960e+00 
3.141274e+00 8.966090e-05 1.532451e+00 
3.034818e+00 4.671870e-05 1.564955e+00 
3.091200e+00 1.243718e-04 1.502056e+00 
3.050423e+00 5.012322e-05 1.548148e+00 
3.114303e+00 1.944941e-04 1.549260e+00 
3.090195e+00 1.621397e-04 1.573898e+00 
3.084965e+00 7.143186e-05 1.589056e+00 
3.033293e+00 5.352612e-05 1.596848e+00 
3.051564e+00 4.521288e-05 1.594070e+00 
3.094132e+00 7.137742e-05 1.556605e+00 
3.135786e+00 1.600265e-04 1.563131e+00 
3.103073e+00 1.975446e-04 1.533345e+00 
3.094179e+00 1.233403e-04 1.545928e+00 
3.077448e+00 9.014116e-05 1.556257e+00 
3.060330e+00 8.877759e-05 1.584022e+00 
3.059396e+00 7.258525e-05 1.576129e+00 
3.026930e+00 4.748017e-05 1.586825e+00 
3.080271e+00 7.542072e-05 1.544302e+00 
3.079820e+00 6.853070e-05 1.437251e+00 
3.046164e+00 4.697964e-05 1.466994e+00 
3.067655e+00 7.547590e-05 1.494129e+00 
3.063335e+00 6.186192e-05 1.485002e+00 
3.030037e+00 4.626733e-05 1.573411e+00 
3.113057e+00 2.486605e-04 1.584582e+00 
3.084954e+00 1.601502e-04 1.504737e+00 
3.053070e+00 7.470418e-05 1.583777e+00 
3.059348e+00 2.903861e-04 1.524188e+00 
3.053113e+00 8.092101e-05 1.501139e+00 
3.056723e+00 5.615145e-05 1.550784e+00 
3.034871e+00 6.351213e-05 1.455847e+00 
3.103397e+00 9.429039e-05 1.455370e+00 
3.015634e+00 4.494638e-05 1.480048e+00 
3.042768e+00 5.022263e-05 1.524414e+00 
3.050579e+00 5.268608e-05 1.562761e+00 
3.079121e+00 2.230069e-04 1.555926e+00 
3.017066e+00 4.737312e-05 1.474326e+00 
3.084775e+00 8.414554e-05 1.528128e+00 
3.048376e+00 9.957119e-05 1.490893e+00 
3.039701e+00 4.437891e-05 1.497939e+00 
3.004385e+00 4.473206e-05 1.501831e+00 
3.182626e+00 8.692718e-04 1.523563e+00 
3.044334e+00 1.111898e-04 1.455402e+00 
3.037363e+00 7.434413e-05 1.509636e+00 
3.125865e+00 5.572444e-04 1.506252e+00 
3.036592e+00 5.862606e-05 1.522434e+00 
3.065981e+00 8.837092e-05 1.528532e+00 
3.015012e+00 6.111986e-05 1.561300e+00 
3.027389e+00 5.693633e-05 1.530127e+00 
3.000926e+00 6.231658e-05 1.543496e+00 
3.036138e+00 5.366562e-05 1.483440e+00 
3.041133e+00 6.886250e-05 1.564723e+00 
3.011148e+00 5.193569e-05 1.533250e+00 
2.996633e+00 4.215824e-05 1.542948e+00 
3.011275e+00 5.639080e-05 1.521065e+00 
3.074794e+00 1.620373e-04 1.525835e+00 
3.059113e+00 9.967001e-05 1.522198e+00 
2.999728e+00 7.466398e-05 1.521185e+00 
3.063411e+00 1.031775e-04 1.503845e+00 
3.046706e+00 4.010702e-04 1.473751e+00 
2.990463e+00 4.951186e-05 1.494670e+00 
3.077224e+00 5.441636e-04 1.509091e+00 
3.010323e+00 5.732293e-05 1.468774e+00 
3.020192e+00 6.447238e-05 1.505419e+00 
3.044000e+00 8.173745e-05 1.464561e+00 
3.024690e+00 7.387075e-05 1.510471e+00 
2.988202e+00 4.218230e-05 1.546748e+00 
3.027437e+00 6.087223e-05 1.567026e+00 
2.965860e+00 5.389458e-05 1.484552e+00 
3.029007e+00 6.116139e-05 1.500272e+00 
3.064377e+00 6.653165e-05 1.517432e+00 
3.007639e+00 9.226021e-05 1.402357e+00 
3.031871e+00 1.333038e-04 1.439304e+00 
3.029494e+00 7.374359e-05 1.454159e+00 
2.974450e+00 5.331761e-05 1.483000e+00 
3.055126e+00 1.497801e-04 1.509663e+00 
3.001054e+00 6.585879e-05 1.518797e+00 
2.978718e+00 5.254745e-05 1.505380e+00 
2.947111e+00 4.057795e-05 1.527412e+00 
3.020301e+00 7.173153e-05 1.529786e+00 
3.050644e+00 6.873911e-05 1.512839e+00 
3.018650e+00 9.651053e-05 1.501015e+00 
2.998997e+00 6.667833e-05 1.499112e+00 
2.966367e+00 6.051710e-05 1.523836e+00 
3.028527e+00 8.499815e-05 1.553819e+00 
2.969740e+00 4.649219e-05 1.505504e+00 
3.060901e+00 2.292557e-04 1.432927e+00 
2.975504e+00 5.255254e-05 1.515932e+00 
3.069669e+00 1.471952e-04 1.507291e+00 
3.025999e+00 1.235854e-04 1.544416e+00 
2.965760e+00 4.878086e-05 1.534046e+00 
2.988334e+00 1.291118e-04 1.478408e+00 
2.960225e+00 4.992171e-05 1.521607e+00 
3.070611e+00 7.650161e-04 1.531675e+00 
2.961565e+00 6.983530e-05 1.514112e+00 
2.978834e+00 5.063554e-05 1.518192e+00 
3.023724e+00 1.976224e-04 1.477453e+00 
2.969059e+00 5.698569e-05 1.438110e+00 
2.999957e+00 7.831049e-05 1.450969e+00 
3.011540e+00 1.120419e-04 1.470077e+00 
2.990962e+00 1.572432e-04 1.525735e+00 
2.973743e+00 5.924178e-05 1.512385e+00 
2.985323e+00 7.548530e-05 1.548985e+00 
3.058634e+00 1.441943e-04 1.464288e+00 
3.040713e+00 2.268016e-04 1.516291e+00 
2.998690e+00 7.216918e-05 1.469607e+00 
2.929915e+00 4.671733e-05 1.532832e+00 
2.959734e+00 4.995548e-05 1.546310e+00 
2.983002e+00 1.087279e-04 1.496489e+00 
2.999466e+00 1.034144e-04 1.461845e+00 
2.943325e+00 4.590959e-05 1.487718e+00 
3.013530e+00 1.704152e-04 1.527919e+00 
2.965656e+00 5.507152e-05 1.566437e+00 
2.988885e+00 9.838746e-05 1.509091e+00 
3.008204e+00 1.071637e-04 1.473286e+00 
3.031502e+00 9.973174e-04 1.499324e+00 
2.964152e+00 1.175556e-04 1.523642e+00 
2.938694e+00 7.441740e-05 1.496316e+00 
2.930959e+00 7.022264e-05 1.550487e+00 
2.955386e+00 6.435859e-05 1.559337e+00 
2.980347e+00 8.227856e-05 1.552045e+00 
2.948058e+00 5.914753e-05 1.475401e+00 
2.909675e+00 4.938601e-05 1.577952e+00 
2.929214e+00 4.482029e-05 1.498379e+00 
2.951045e+00 9.003034e-05 1.444560e+00 
2.935119e+00 4.342554e-05 1.444081e+00 
2.951090e+00 5.834831e-05 1.477499e+00 
2.983686e+00 7.356099e-05 1.553092e+00 
2.979360e+00 8.287722e-05 1.534015e+00 
2.934204e+00 6.101642e-05 1.486296e+00 
3.086043e+00 8.763913e-04 1.439289e+00 
2.948941e+00 6.354000e-05 1.484596e+00 
2.954935e+00 6.889002e-05 1.481369e+00 
2.960849e+00 9.101309e-05 1.514409e+00 
2.909375e+00 5.088790e-05 1.523464e+00 
2.982405e+00 8.512040e-05 1.506142e+00 
2.939551e+00 2.208338e-04 1.473840e+00 
2.986199e+00 1.234515e-04 1.531821e+00 
2.991274e+00 5.943121e-04 1.542259e+00 
2.942106e+00 1.446478e-04 1.520431e+00 
2.931024e+00 5.273514e-05 1.463292e+00 
2.899448e+00 5.564847e-05 1.452719e+00 
2.937312e+00 9.694339e-05 1.529150e+00 
2.905975e+00 5.123820e-05 1.478555e+00 
2.953094e+00 9.833206e-05 1.437620e+00 
2.951107e+00 9.072048e-05 1.440059e+00 
2.977712e+00 1.155193e-04 1.441511e+00 
2.918458e+00 5.398294e-05 1.539245e+00 
2.946871e+00 6.919786e-05 1.487282e+00 
2.933599e+00 8.244712e-05 1.438131e+00 
2.881244e+00 4.475284e-05 1.438654e+00 
2.942860e+00 6.288809e-05 1.520561e+00 
2.978582e+00 1.598866e-04 1.515457e+00 
2.898932e+00 5.572121e-05 1.501208e+00 
2.949487e+00 7.545812e-05 1.465475e+00 
2.926345e+00 6.365208e-05 1.520974e+00 
2.929473e+00 5.575520e-05 1.486879e+00 
2.916339e+00 8.399877e-05 1.452247e+00 
2.920644e+00 8.121034e-05 1.534571e+00 
2.923426e+00 1.465365e-04 1.467816e+00 
2.904080e+00 9.348703e-05 1.459423e+00 
2.916890e+00 9.628724e-05 1.520865e+00 
2.896744e+00 5.894162e-05 1.475796e+00 
2.903371e+00 7.121310e-05 1.421105e+00 
2.863425e+00 4.137932e-05 1.342238e+00 
3.019410e+00 4.014133e-04 1.425623e+00 
2.878406e+00 4.510422e-05 1.344833e+00 
2.911652e+00 6.956988e-05 1.447205e+00 
2.877645e+00 6.192101e-05 1.386962e+00 
2.866479e+00 4.154044e-05 1.399633e+00 
2.905003e+00 6.522792e-05 1.443669e+00 
2.956218e+00 1.979263e-04 1.383576e+00 
2.972949e+00 8.064637e-04 1.455134e+00 
2.912978e+00 9.408321e-05 1.368427e+00 
2.886293e+00 9.592844e-05 1.360826e+00 
2.881145e+00 5.488588e-05 1.407649e+00 
2.880784e+00 6.440925e-05 1.442378e+00 
2.903333e+00 1.194022e-04 1.402072e+00 
2.910377e+00 7.328382e-05 1.457684e+00 
2.880568e+00 7.756199e-05 1.521925e+00 
2.894019e+00 1.210515e-04 1.407361e+00 
2.876610e+00 9.040546e-05 1.404382e+00 
2.883273e+00 5.796666e-05 1.361982e+00 
2.883545e+00 5.746439e-05 1.448870e+00 
2.911231e+00 9.107934e-05 1.473060e+00 
2.895906e+00 6.729394e-05 1.522564e+00 
2.871577e+00 7.168913e-05 1.456046e+00 
2.865624e+00 5.458530e-05 1.465262e+00 
2.888486e+00 6.144714e-05 1.401402e+00 
2.879537e+00 1.332410e-04 1.343599e+00 
2.870289e+00 6.418367e-05 1.362902e+00 
2.889959e+00 1.078765e-04 1.409648e+00 
2.868153e+00 4.922759e-05 1.518663e+00 
2.867333e+00 6.770405e-05 1.554829e+00 
2.873496e+00 6.774761e-05 1.391839e+00 
2.899352e+00 1.835503e-04 1.501643e+00 
2.844816e+00 4.710903e-05 1.554619e+00 
2.820504e+00 4.781347e-05 1.292343e+00 
2.871322e+00 5.532055e-05 1.445654e+00 
2.898272e+00 1.281739e-04 1.379431e+00 
2.842910e+00 1.303192e-04 1.480128e+00 
2.846257e+00 9.437202e-05 1.432034e+00 
2.883903e+00 7.268241e-05 1.516185e+00 
2.921052e+00 1.218696e-04 1.397331e+00 
2.938528e+00 1.063209e-03 1.478509e+00 
2.856814e+00 7.170162e-05 1.403541e+00 
2.863474e+00 7.830493e-05 1.443924e+00 
2.849496e+00 6.166123e-05 1.444070e+00 
2.859074e+00 1.070315e-04 1.364447e+00 
2.850960e+00 7.408305e-05 1.458718e+00 
2.849425e+00 9.276348e-05 1.486290e+00 
2.809332e+00 4.739833e-05 1.439593e+00 
2.843213e+00 5.960906e-05 1.457925e+00 
2.839324e+00 6.065894e-05 1.358202e+00 
2.830334e+00 7.871178e-05 1.405582e+00 
2.890423e+00 3.361078e-04 1.395945e+00 
2.863597e+00 1.275819e-04 1.420477e+00 
2.850429e+00 9.177954e-05 1.393474e+00 
2.845599e+00 5.748382e-05 1.477684e+00 
2.868871e+00 7.669602e-05 1.472543e+00 
2.820785e+00 5.157573e-05 1.494090e+00 
2.889013e+00 2.768034e-04 1.454586e+00 
2.811499e+00 5.559561e-05 1.362417e+00 
2.822249e+00 8.960443e-05 1.429905e+00 
2.858310e+00 8.205128e-05 1.418379e+00 
2.850876e+00 9.646055e-05 1.425807e+00 
2.835033e+00 1.091975e-04 1.419025e+00 
2.821278e+00 5.026257e-05 1.424141e+00 
2.822622e+00 5.771213e-05 1.516909e+00 
2.853705e+00 1.454597e-04 1.425578e+00 
2.765294e+00 5.493850e-05 1.461426e+00 
2.840211e+00 9.018660e-05 1.366609e+00 
2.802557e+00 4.853769e-05 1.365294e+00 
2.835591e+00 5.239886e-05 1.529943e+00 
2.814794e+00 7.615545e-05 1.438754e+00 
2.881380e+00 1.636031e-04 1.540235e+00 
2.819862e+00 9.107023e-05 1.443330e+00 
2.824495e+00 6.887205e-05 1.449616e+00 
2.824401e+00 1.214522e-04 1.536810e+00 
2.797287e+00 5.220088e-05 1.496708e+00 
2.781519e+00 6.252621e-05 1.432069e+00 
2.815670e+00 7.400442e-05 1.496991e+00 
2.780968e+00 6.519958e-05 1.442417e+00 
2.871483e+00 1.808225e-04 1.476766e+00 
2.777331e+00 6.721999e-05 1.399905e+00 
2.795509e+00 6.290516e-05 1.468723e+00 
2.891380e+00 3.163492e-04 1.428071e+00 
2.796133e+00 7.771773e-05 1.445824e+00 
2.758936e+00 5.175701e-05 1.442088e+00 
2.782957e+00 7.154487e-05 1.458305e+00 
2.801209e+00 1.204062e-04 1.395584e+00 
2.795519e+00 6.637210e-05 1.456259e+00 
2.777262e+00 5.040676e-05 1.493048e+00 
2.779636e+00 9.824297e-05 1.501569e+00 
2.802884e+00 7.427582e-05 1.506026e+00 
2.780162e+00 6.378221e-05 1.428684e+00 
2.775088e+00 7.453614e-05 1.507122e+00 
2.780397e+00 1.254360e-04 1.534498e+00 
2.789146e+00 6.882639e-05 1.408205e+00 
2.804705e+00 6.984963e-05 1.477835e+00 
2.764480e+00 5.157393e-05 1.534504e+00 
2.758499e+00 5.518804e-05 1.491297e+00 
2.783246e+00 5.539819e-05 1.547507e+00 
2.763938e+00 4.608610e-05 1.482709e+00 
2.769455e+00 7.964743e-05 1.513816e+00 
2.745088e+00 3.980657e-05 1.480246e+00 
2.731179e+00 5.073208e-05 1.444203e+00 
2.831748e+00 1.882626e-04 1.472540e+00 
2.745814e+00 7.941152e-05 1.503185e+00 
2.752137e+00 6.417235e-05 1.471347e+00 
2.747081e+00 6.785078e-05 1.476340e+00 
2.773940e+00 7.491089e-05 1.491263e+00 
2.752949e+00 4.803694e-05 1.396499e+00 
2.796412e+00 8.870525e-05 1.367243e+00 
2.881479e+00 1.309626e-03 1.496908e+00 
2.726253e+00 6.703865e-05 1.355652e+00 
2.705225e+00 3.955985e-05 1.493543e+00 
2.779377e+00 6.984691e-05 1.461887e+00 
2.788445e+00 1.815035e-04 1.403191e+00 
2.776553e+00 5.940249e-05 1.382751e+00 
2.752895e+00 6.872863e-05 1.400439e+00 
2.772921e+00 1.093356e-04 1.423692e+00 
2.766489e+00 9.204629e-05 1.455412e+00 
2.840501e+00 7.593831e-04 1.481087e+00 
2.689266e+00 4.013095e-05 1.504319e+00 
2.745240e+00 9.600868e-05 1.522169e+00 
2.725676e+00 5.548927e-05 1.436491e+00 
2.807336e+00 7.344165e-04 1.467730e+00 
2.751093e+00 1.220963e-04 1.405598e+00 
2.766819e+00 5.629682e-05 1.464820e+00 
2.713363e+00 4.821025e-05 1.450916e+00 
2.711233e+00 5.210890e-05 1.522381e+00 
2.691712e+00 4.563322e-05 1.459322e+00 
2.691688e+00 4.959433e-05 1.430990e+00 
2.726528e+00 6.717019e-05 1.498715e+00 
2.745276e+00 1.448709e-04 1.485000e+00 
2.674227e+00 5.898754e-05 1.502922e+00 
2.745694e+00 5.644334e-05 1.422148e+00 
2.742580e+00 6.721302e-05 1.431476e+00 
2.727191e+00 1.628985e-04 1.416462e+00 
2.734071e+00 5.730955e-05 1.368031e+00 
2.710931e+00 5.259017e-05 1.484237e+00 
2.702833e+00 5.497929e-05 1.538606e+00 
2.668782e+00 4.765621e-05 1.505852e+00 
2.822356e+00 5.942882e-04 1.524119e+00 
2.725036e+00 8.423807e-05 1.386684e+00 
2.745316e+00 1.008768e-04 1.440027e+00 
2.758590e+00 1.219190e-04 1.400487e+00 
2.729731e+00 1.143079e-04 1.378836e+00 
2.741678e+00 7.654484e-05 1.404534e+00 
2.819299e+00 3.729476e-04 1.434577e+00 
2.719426e+00 7.881851e-05 1.408609e+00 
2.725366e+00 6.082592e-05 1.398418e+00 
2.663645e+00 4.616550e-05 1.299775e+00 
2.700815e+00 5.695276e-05 1.382328e+00 
2.715565e+00 7.970798e-05 1.461311e+00 
2.683791e+00 5.699687e-05 1.363384e+00 
2.663957e+00 5.112450e-05 1.471755e+00 
2.752995e+00 1.114120e-04 1.426161e+00 
2.686943e+00 7.835927e-05 1.410555e+00 
2.701775e+00 1.216104e-04 1.458911e+00 
2.728046e+00 8.174619e-05 1.495810e+00 
2.658134e+00 4.559852e-05 1.486037e+00 
2.682137e+00 6.493027e-05 1.416932e+00 
2.696258e+00 6.929571e-05 1.465603e+00 
2.726074e+00 1.429961e-04 1.391106e+00 
2.689561e+00 7.151387e-05 1.313667e+00 
2.667173e+00 4.804399e-05 1.410498e+00 
2.635451e+00 5.060468e-05 1.403555e+00 
2.656033e+00 6.860710e-05 1.374183e+00 
2.698632e+00 7.372497e-05 1.319953e+00 
2.700734e+00 7.205498e-05 1.384286e+00 
2.637234e+00 4.790891e-05 1.473459e+00 
2.704033e+00 1.679586e-04 1.399949e+00 
2.667439e+00 6.875384e-05 1.401105e+00 
2.714037e+00 6.435292e-05 1.347960e+00 
2.661056e+00 5.249946e-05 1.441173e+00 
2.678164e+00 7.371085e-05 1.461967e+00 
2.650399e+00 6.584946e-05 1.386934e+00 
2.656630e+00 6.354052e-05 1.413782e+00 
2.638200e+00 5.356175e-05 1.457272e+00 
2.652212e+00 6.374664e-05 1.509410e+00 
2.672019e+00 7.829466e-05 1.364422e+00 
2.701855e+00 9.143891e-05 1.456986e+00 
2.691377e+00 1.051461e-04 1.507683e+00 
2.713555e+00 1.297527e-04 1.477743e+00 
2.668567e+00 7.537569e-05 1.433080e+00 
2.636639e+00 9.247460e-05 1.401111e+00 
2.659224e+00 4.786850e-05 1.426160e+00 
2.623849e+00 7.597268e-05 1.405074e+00 
2.611989e+00 4.090259e-05 1.520130e+00 
2.626692e+00 1.000067e-04 1.557954e+00 
2.591974e+00 7.403959e-05 1.545549e+00 
2.649410e+00 7.376369e-05 1.483627e+00 
2.680231e+00 3.643739e-04 1.531998e+00 
2.647745e+00 6.485024e-05 1.506141e+00 
2.657318e+00 6.020867e-05 1.383769e+00 
2.574816e+00 4.182789e-05 1.419255e+00 
2.607603e+00 6.392917e-05 1.411397e+00 
2.617400e+00 5.715621e-05 1.510073e+00 
2.653624e+00 1.315361e-04 1.386715e+00 
2.861661e+00 4.524637e-03 1.411301e+00 
2.615750e+00 1.053450e-04 1.477788e+00 
2.623065e+00 5.954737e-05 1.409385e+00 
2.606452e+00 7.262732e-05 1.493124e+00 
2.606715e+00 7.164502e-05 1.372017e+00 
2.630355e+00 8.422247e-05 1.445830e+00 
2.617082e+00 6.170400e-05 1.460991e+00 
2.649528e+00 6.131692e-05 1.396223e+00 
2.580164e+00 5.100830e-05 1.440483e+00 
2.614206e+00 7.531314e-05 1.513277e+00 
2.609960e+00 5.789428e-05 1.487307e+00 
2.577779e+00 5.363652e-05 1.470322e+00 
2.578033e+00 3.910985e-05 1.492067e+00 
2.574046e+00 6.712717e-05 1.396384e+00 
2.606435e+00 5.802412e-05 1.410496e+00 
2.607925e+00 8.047037e-05 1.530846e+00 
2.607936e+00 5.404204e-05 1.402853e+00 
2.629872e+00 7.531386e-05 1.400206e+00 
2.582611e+00 5.963634e-05 1.488097e+00 
2.637228e+00 1.084187e-04 1.439492e+00 
2.582603e+00 9.522681e-05 1.425746e+00 
2.601442e+00 1.531951e-04 1.357525e+00 
2.597287e+00 5.773474e-05 1.465163e+00 
2.568621e+00 7.868842e-05 1.411785e+00 
2.590797e+00 9.550323e-05 1.484577e+00 
