# dim  N   mc   sigma  Gibbs 
# 1    1 600000 0.6
#
# Theoretical Energy = 5.000000e-01
# Energy     Variance     CPU time
6.053051e-01 8.625625e-08 3.420200e-01 
6.073470e-01 7.421096e-08 3.365360e-01 
6.080572e-01 6.617724e-08 3.268480e-01 
6.076589e-01 6.047285e-08 3.321570e-01 
6.073426e-01 5.580273e-08 3.284800e-01 
6.059211e-01 5.312429e-08 3.281730e-01 
6.056994e-01 5.014241e-08 3.347340e-01 
6.039776e-01 4.916369e-08 3.372530e-01 
6.033771e-01 4.782331e-08 3.261180e-01 
6.021720e-01 4.725850e-08 3.294810e-01 
6.014275e-01 4.645627e-08 3.305190e-01 
6.006582e-01 4.601329e-08 3.254100e-01 
6.002610e-01 4.566221e-08 3.289130e-01 
5.992511e-01 4.549385e-08 3.257800e-01 
5.988434e-01 4.556215e-08 3.241820e-01 
5.985575e-01 4.521753e-08 3.348600e-01 
5.978421e-01 4.535989e-08 3.345750e-01 
5.975205e-01 4.545285e-08 3.239660e-01 
5.974021e-01 4.492212e-08 3.308670e-01 
5.970925e-01 4.499148e-08 3.318140e-01 
5.967931e-01 4.505001e-08 3.270670e-01 
5.964024e-01 4.531167e-08 3.550160e-01 
5.959704e-01 4.584827e-08 3.252210e-01 
5.964944e-01 4.513514e-08 3.223740e-01 
5.961042e-01 4.533701e-08 3.280710e-01 
5.961975e-01 4.488066e-08 3.277280e-01 
5.960282e-01 4.517271e-08 3.245650e-01 
5.962437e-01 4.498150e-08 3.283390e-01 
5.957977e-01 4.519469e-08 3.282610e-01 
5.955236e-01 4.530230e-08 3.230040e-01 
5.955505e-01 4.536130e-08 3.282070e-01 
5.956696e-01 4.528123e-08 3.231630e-01 
5.959001e-01 4.512456e-08 3.245300e-01 
5.956612e-01 4.503460e-08 3.340120e-01 
5.957112e-01 4.476461e-08 3.353240e-01 
5.956164e-01 4.504818e-08 3.225360e-01 
5.954287e-01 4.539491e-08 3.405290e-01 
5.957188e-01 4.488311e-08 3.306200e-01 
5.954245e-01 4.543402e-08 3.244850e-01 
5.958111e-01 4.528831e-08 3.668340e-01 
5.957860e-01 4.516936e-08 3.485810e-01 
5.953927e-01 4.526215e-08 3.377130e-01 
5.955294e-01 4.550997e-08 3.602260e-01 
5.956941e-01 4.484918e-08 3.263830e-01 
5.958734e-01 4.464599e-08 3.555220e-01 
5.953665e-01 4.540783e-08 3.377120e-01 
5.955385e-01 4.518372e-08 3.343440e-01 
5.957416e-01 4.507740e-08 3.276650e-01 
5.956856e-01 4.503417e-08 3.374450e-01 
5.955357e-01 4.514761e-08 3.644970e-01 
5.954588e-01 4.543601e-08 3.706980e-01 
5.955674e-01 4.501880e-08 4.037920e-01 
5.958621e-01 4.481546e-08 3.412070e-01 
5.957404e-01 4.482805e-08 3.285330e-01 
5.954220e-01 4.498486e-08 4.201580e-01 
5.953696e-01 4.542551e-08 3.775030e-01 
5.956478e-01 4.486278e-08 3.326680e-01 
5.954424e-01 4.508576e-08 3.315180e-01 
5.952114e-01 4.524292e-08 3.306580e-01 
5.955835e-01 4.504807e-08 3.303590e-01 
5.950496e-01 4.531839e-08 3.267600e-01 
5.957008e-01 4.518119e-08 3.644920e-01 
5.955230e-01 4.504486e-08 3.411300e-01 
5.954882e-01 4.497854e-08 3.261200e-01 
5.952796e-01 4.529047e-08 3.493800e-01 
5.955800e-01 4.501117e-08 3.400610e-01 
5.950745e-01 4.535432e-08 3.261780e-01 
5.957119e-01 4.479915e-08 3.294790e-01 
5.955295e-01 4.523979e-08 3.369480e-01 
5.957191e-01 4.470991e-08 3.325300e-01 
5.955662e-01 4.516740e-08 3.265410e-01 
5.955423e-01 4.531541e-08 3.352630e-01 
5.954100e-01 4.514369e-08 3.301740e-01 
5.954743e-01 4.481910e-08 3.247700e-01 
5.953295e-01 4.519637e-08 3.825610e-01 
5.958062e-01 4.484994e-08 3.269840e-01 
5.953819e-01 4.513876e-08 3.589290e-01 
5.953707e-01 4.545954e-08 3.403970e-01 
5.961436e-01 4.474696e-08 3.250250e-01 
5.957676e-01 4.475849e-08 3.292590e-01 
5.952836e-01 4.515031e-08 3.299690e-01 
5.955196e-01 4.500023e-08 3.319180e-01 
5.952673e-01 4.513488e-08 3.241470e-01 
5.958550e-01 4.478056e-08 3.390400e-01 
5.959087e-01 4.506957e-08 3.230260e-01 
5.953126e-01 4.530843e-08 3.259260e-01 
5.955480e-01 4.528725e-08 3.657660e-01 
5.955689e-01 4.494256e-08 3.495720e-01 
5.955942e-01 4.470836e-08 3.383040e-01 
5.953173e-01 4.507127e-08 3.270540e-01 
5.954888e-01 4.500035e-08 4.281520e-01 
5.954956e-01 4.522020e-08 3.490160e-01 
5.956889e-01 4.490201e-08 3.361900e-01 
5.954736e-01 4.520121e-08 3.273770e-01 
5.954933e-01 4.511293e-08 3.323580e-01 
5.955286e-01 4.485287e-08 3.276000e-01 
5.948382e-01 4.565229e-08 4.447990e-01 
5.952751e-01 4.519390e-08 3.550970e-01 
5.951040e-01 4.522371e-08 3.382580e-01 
5.952353e-01 4.524187e-08 3.442680e-01 
5.951331e-01 4.529471e-08 3.348200e-01 
5.956184e-01 4.455913e-08 3.274760e-01 
5.953346e-01 4.508239e-08 3.332600e-01 
5.953981e-01 4.502470e-08 3.549840e-01 
5.955465e-01 4.524601e-08 4.324650e-01 
5.952273e-01 4.517845e-08 3.291800e-01 
5.950759e-01 4.536668e-08 3.353370e-01 
5.951145e-01 4.552845e-08 3.258740e-01 
5.950410e-01 4.518603e-08 3.322960e-01 
5.951458e-01 4.525812e-08 3.258090e-01 
5.955948e-01 4.481945e-08 3.266650e-01 
5.954828e-01 4.497695e-08 3.476660e-01 
5.956142e-01 4.480568e-08 3.295240e-01 
5.954893e-01 4.475948e-08 3.265230e-01 
5.953367e-01 4.513464e-08 3.455180e-01 
5.953310e-01 4.494965e-08 3.742830e-01 
5.952748e-01 4.513213e-08 3.406750e-01 
5.950182e-01 4.518232e-08 3.345320e-01 
5.955955e-01 4.473747e-08 3.495960e-01 
5.952621e-01 4.511455e-08 3.566360e-01 
5.951632e-01 4.531228e-08 3.345450e-01 
5.950101e-01 4.508689e-08 3.272810e-01 
5.952706e-01 4.515135e-08 3.274440e-01 
5.954294e-01 4.482111e-08 3.350590e-01 
5.954877e-01 4.468714e-08 3.289900e-01 
5.952373e-01 4.526639e-08 3.278710e-01 
5.952832e-01 4.490339e-08 3.432440e-01 
5.953761e-01 4.480973e-08 3.440110e-01 
5.953416e-01 4.522162e-08 3.543980e-01 
5.955859e-01 4.500030e-08 3.295400e-01 
5.954295e-01 4.486146e-08 3.281150e-01 
5.954516e-01 4.523883e-08 3.270390e-01 
5.948641e-01 4.544042e-08 3.532970e-01 
5.955189e-01 4.452276e-08 3.306160e-01 
5.945363e-01 4.534803e-08 3.549830e-01 
5.951621e-01 4.518632e-08 3.465800e-01 
5.949601e-01 4.517051e-08 4.388580e-01 
5.951911e-01 4.509520e-08 3.424800e-01 
5.952416e-01 4.503380e-08 3.314880e-01 
5.953340e-01 4.492618e-08 3.238830e-01 
5.949238e-01 4.532012e-08 3.313480e-01 
5.953238e-01 4.494941e-08 3.331250e-01 
5.953555e-01 4.509120e-08 3.602860e-01 
5.948828e-01 4.522277e-08 4.745940e-01 
5.954006e-01 4.472727e-08 3.848970e-01 
5.954237e-01 4.461241e-08 3.453590e-01 
5.956217e-01 4.464231e-08 3.689520e-01 
5.949375e-01 4.547590e-08 3.395670e-01 
5.948442e-01 4.557941e-08 3.269260e-01 
5.952331e-01 4.482620e-08 3.331830e-01 
5.951359e-01 4.521741e-08 3.386020e-01 
5.953422e-01 4.497293e-08 3.734300e-01 
5.951086e-01 4.524846e-08 3.373810e-01 
5.949665e-01 4.506734e-08 3.235120e-01 
5.951114e-01 4.493229e-08 3.303110e-01 
5.950429e-01 4.509794e-08 3.307880e-01 
5.948082e-01 4.499365e-08 3.241430e-01 
5.950376e-01 4.507277e-08 3.395160e-01 
5.948981e-01 4.501770e-08 3.383070e-01 
5.949605e-01 4.552041e-08 3.619810e-01 
5.950815e-01 4.487347e-08 3.363840e-01 
5.950812e-01 4.510060e-08 3.253450e-01 
5.951849e-01 4.512845e-08 3.252070e-01 
5.953487e-01 4.477459e-08 3.428420e-01 
5.953005e-01 4.501285e-08 3.695440e-01 
5.946808e-01 4.548739e-08 3.510320e-01 
5.949713e-01 4.506180e-08 3.363210e-01 
5.950659e-01 4.511355e-08 3.502760e-01 
5.946186e-01 4.532880e-08 3.238980e-01 
5.945264e-01 4.536425e-08 3.377760e-01 
5.950698e-01 4.485561e-08 3.230210e-01 
5.952508e-01 4.469883e-08 3.255130e-01 
5.952103e-01 4.490986e-08 3.292840e-01 
5.951022e-01 4.500151e-08 3.303380e-01 
5.948635e-01 4.539995e-08 3.229900e-01 
5.952290e-01 4.488084e-08 3.287130e-01 
5.948735e-01 4.499680e-08 3.410800e-01 
5.950237e-01 4.495547e-08 3.283080e-01 
5.950166e-01 4.477647e-08 3.439200e-01 
5.948520e-01 4.521164e-08 3.356400e-01 
5.950936e-01 4.488500e-08 3.468580e-01 
5.955023e-01 4.470118e-08 3.883500e-01 
5.949991e-01 4.499615e-08 3.542420e-01 
5.948835e-01 4.479986e-08 3.250040e-01 
5.950433e-01 4.503040e-08 3.327570e-01 
5.950031e-01 4.467693e-08 3.266250e-01 
5.949607e-01 4.511490e-08 3.234950e-01 
5.948555e-01 4.505560e-08 3.303090e-01 
5.951273e-01 4.488378e-08 3.415800e-01 
5.948461e-01 4.491547e-08 3.608700e-01 
5.947069e-01 4.509922e-08 3.405750e-01 
5.949229e-01 4.504229e-08 3.298000e-01 
5.949776e-01 4.492601e-08 3.934660e-01 
5.949373e-01 4.513458e-08 3.878970e-01 
5.948034e-01 4.484265e-08 3.523450e-01 
5.948478e-01 4.501225e-08 3.345350e-01 
5.949125e-01 4.506938e-08 3.307330e-01 
5.947935e-01 4.517161e-08 3.303830e-01 
5.948463e-01 4.493745e-08 3.474730e-01 
5.950077e-01 4.468061e-08 3.398970e-01 
5.944986e-01 4.507595e-08 3.421320e-01 
5.947614e-01 4.498037e-08 3.462170e-01 
5.950169e-01 4.481092e-08 3.324340e-01 
5.948206e-01 4.497844e-08 3.262360e-01 
5.949074e-01 4.515908e-08 3.279890e-01 
5.947660e-01 4.498124e-08 3.590920e-01 
5.948755e-01 4.503546e-08 3.419790e-01 
5.951717e-01 4.453397e-08 3.643780e-01 
5.949182e-01 4.491178e-08 3.452200e-01 
5.944330e-01 4.541680e-08 3.275480e-01 
5.948061e-01 4.489391e-08 3.308870e-01 
5.947425e-01 4.513603e-08 3.304940e-01 
5.947553e-01 4.490597e-08 3.279850e-01 
5.950161e-01 4.470187e-08 3.359200e-01 
5.945167e-01 4.514064e-08 3.288050e-01 
5.949475e-01 4.465147e-08 3.289410e-01 
5.950302e-01 4.478480e-08 3.512110e-01 
5.946367e-01 4.522809e-08 3.324700e-01 
5.952020e-01 4.462580e-08 3.364930e-01 
5.946069e-01 4.490450e-08 3.388000e-01 
5.946937e-01 4.476842e-08 3.354910e-01 
5.948813e-01 4.499259e-08 3.256220e-01 
5.946111e-01 4.493336e-08 3.381980e-01 
5.946559e-01 4.503259e-08 3.429740e-01 
5.944076e-01 4.511687e-08 3.272580e-01 
5.944491e-01 4.551250e-08 3.752950e-01 
5.947355e-01 4.463178e-08 3.341350e-01 
5.950907e-01 4.459266e-08 3.501830e-01 
5.948347e-01 4.462854e-08 3.407890e-01 
5.945085e-01 4.516609e-08 3.283390e-01 
5.945266e-01 4.493785e-08 3.284280e-01 
5.945777e-01 4.492431e-08 3.320860e-01 
5.944519e-01 4.518695e-08 3.450780e-01 
5.947600e-01 4.470523e-08 4.136000e-01 
5.944143e-01 4.508988e-08 3.449480e-01 
5.947085e-01 4.471929e-08 3.256830e-01 
5.944654e-01 4.494647e-08 3.325380e-01 
5.942595e-01 4.534091e-08 3.396850e-01 
5.943180e-01 4.503501e-08 3.258730e-01 
5.945439e-01 4.487341e-08 3.309630e-01 
5.949277e-01 4.450048e-08 3.254980e-01 
5.942305e-01 4.500832e-08 3.259410e-01 
5.945517e-01 4.486135e-08 3.361660e-01 
5.942622e-01 4.508782e-08 3.349200e-01 
5.948666e-01 4.430910e-08 3.264700e-01 
5.944192e-01 4.486395e-08 3.288210e-01 
5.943902e-01 4.473035e-08 3.296860e-01 
5.942070e-01 4.508638e-08 3.245830e-01 
5.945335e-01 4.455347e-08 3.358740e-01 
5.943402e-01 4.472325e-08 3.335680e-01 
5.942696e-01 4.495495e-08 3.262260e-01 
5.942678e-01 4.514116e-08 3.242900e-01 
5.946960e-01 4.449511e-08 3.306660e-01 
5.943374e-01 4.481924e-08 3.253720e-01 
5.942867e-01 4.491694e-08 3.230710e-01 
5.944352e-01 4.509101e-08 3.420700e-01 
5.947349e-01 4.440630e-08 3.235640e-01 
5.944030e-01 4.470249e-08 3.226570e-01 
5.944946e-01 4.476299e-08 3.343660e-01 
5.942584e-01 4.506535e-08 3.264340e-01 
5.945448e-01 4.471165e-08 3.320330e-01 
5.943046e-01 4.497307e-08 3.340450e-01 
5.944819e-01 4.465394e-08 3.814620e-01 
5.943935e-01 4.488173e-08 3.512550e-01 
5.946017e-01 4.478363e-08 3.489250e-01 
5.943212e-01 4.482654e-08 3.238530e-01 
5.944797e-01 4.463317e-08 3.331210e-01 
5.941774e-01 4.505269e-08 3.402800e-01 
5.943875e-01 4.468362e-08 3.866400e-01 
5.943618e-01 4.504324e-08 3.426280e-01 
5.943732e-01 4.444841e-08 3.243010e-01 
5.943700e-01 4.502532e-08 3.287170e-01 
5.943837e-01 4.470039e-08 4.103830e-01 
5.941870e-01 4.460647e-08 3.511830e-01 
5.941440e-01 4.468449e-08 3.288310e-01 
5.940595e-01 4.478985e-08 3.324780e-01 
5.945792e-01 4.466213e-08 3.287210e-01 
5.943775e-01 4.472344e-08 3.297410e-01 
5.944221e-01 4.468230e-08 3.353050e-01 
5.941859e-01 4.476583e-08 3.400390e-01 
5.940377e-01 4.496454e-08 3.429850e-01 
5.939202e-01 4.501128e-08 3.522760e-01 
5.944945e-01 4.412456e-08 3.253580e-01 
5.944061e-01 4.435794e-08 3.501240e-01 
5.943976e-01 4.439442e-08 3.304980e-01 
5.942342e-01 4.466779e-08 3.290460e-01 
5.945730e-01 4.411112e-08 3.330030e-01 
5.939356e-01 4.481649e-08 3.302010e-01 
5.943787e-01 4.463032e-08 3.265080e-01 
5.938034e-01 4.492883e-08 3.255000e-01 
5.941637e-01 4.489427e-08 3.338630e-01 
5.941508e-01 4.470306e-08 3.310660e-01 
5.939500e-01 4.476869e-08 3.253950e-01 
5.938746e-01 4.497864e-08 3.316770e-01 
5.939931e-01 4.477709e-08 3.261290e-01 
5.939343e-01 4.416955e-08 3.314160e-01 
5.937633e-01 4.489489e-08 3.328800e-01 
5.941512e-01 4.442694e-08 3.326890e-01 
5.938223e-01 4.505771e-08 3.246320e-01 
5.940976e-01 4.457156e-08 3.312230e-01 
5.939205e-01 4.474128e-08 3.354510e-01 
5.938107e-01 4.471462e-08 3.275850e-01 
5.940587e-01 4.470911e-08 3.313350e-01 
5.938722e-01 4.458903e-08 3.262870e-01 
5.938283e-01 4.454302e-08 3.260190e-01 
5.935539e-01 4.483269e-08 3.375810e-01 
5.942178e-01 4.394449e-08 3.381990e-01 
5.937159e-01 4.475809e-08 3.270670e-01 
5.939335e-01 4.487562e-08 3.406530e-01 
5.938904e-01 4.450651e-08 3.314800e-01 
5.942626e-01 4.445920e-08 3.289270e-01 
5.937875e-01 4.460036e-08 3.297160e-01 
5.938704e-01 4.444802e-08 3.273220e-01 
5.938576e-01 4.487943e-08 3.251410e-01 
5.936130e-01 4.492488e-08 3.299820e-01 
5.938988e-01 4.438686e-08 3.308260e-01 
5.940678e-01 4.427504e-08 3.246100e-01 
5.937717e-01 4.468364e-08 3.282160e-01 
5.939154e-01 4.469852e-08 3.358860e-01 
5.939366e-01 4.426874e-08 3.344850e-01 
5.939247e-01 4.442782e-08 3.309480e-01 
5.938566e-01 4.460406e-08 3.238220e-01 
5.937860e-01 4.428342e-08 3.279780e-01 
5.937560e-01 4.429272e-08 3.430730e-01 
5.937917e-01 4.470946e-08 4.262110e-01 
5.936752e-01 4.481016e-08 3.476270e-01 
5.939112e-01 4.439207e-08 3.326110e-01 
5.935427e-01 4.479040e-08 3.264350e-01 
5.937187e-01 4.449143e-08 3.235220e-01 
5.932691e-01 4.460914e-08 3.289110e-01 
5.935015e-01 4.469440e-08 3.889720e-01 
5.936779e-01 4.456161e-08 3.403470e-01 
5.933757e-01 4.478275e-08 3.422180e-01 
5.935900e-01 4.454122e-08 3.262060e-01 
5.931341e-01 4.503586e-08 3.686960e-01 
5.936011e-01 4.438526e-08 3.744850e-01 
5.933412e-01 4.431491e-08 3.470150e-01 
5.934207e-01 4.438633e-08 3.393930e-01 
5.937786e-01 4.429842e-08 3.251300e-01 
5.933646e-01 4.458341e-08 3.233740e-01 
5.932015e-01 4.461889e-08 3.270130e-01 
5.934634e-01 4.457916e-08 3.349640e-01 
5.932893e-01 4.452941e-08 3.410510e-01 
5.934344e-01 4.428295e-08 3.353460e-01 
5.930924e-01 4.472692e-08 3.337360e-01 
5.934177e-01 4.440317e-08 3.270100e-01 
5.933682e-01 4.473026e-08 3.400970e-01 
5.932417e-01 4.453155e-08 3.348230e-01 
5.930029e-01 4.481536e-08 3.351280e-01 
5.929826e-01 4.459014e-08 3.721860e-01 
5.933640e-01 4.441890e-08 3.525640e-01 
5.932880e-01 4.461323e-08 3.261340e-01 
5.932571e-01 4.451070e-08 3.290100e-01 
5.935233e-01 4.404139e-08 3.345440e-01 
5.932938e-01 4.415940e-08 3.245440e-01 
5.932120e-01 4.459014e-08 3.661810e-01 
5.930441e-01 4.462875e-08 3.395320e-01 
5.925002e-01 4.511325e-08 3.248870e-01 
5.932695e-01 4.433897e-08 3.298770e-01 
5.929835e-01 4.460108e-08 3.298030e-01 
5.929826e-01 4.431254e-08 3.282550e-01 
5.930402e-01 4.437268e-08 3.688570e-01 
5.933788e-01 4.441676e-08 3.327740e-01 
5.925680e-01 4.486739e-08 3.249730e-01 
5.929140e-01 4.444810e-08 3.320780e-01 
5.928956e-01 4.435150e-08 3.278480e-01 
5.927526e-01 4.430738e-08 3.238670e-01 
5.927188e-01 4.442268e-08 3.278430e-01 
5.929043e-01 4.448685e-08 3.365690e-01 
5.928690e-01 4.455129e-08 3.283070e-01 
5.927359e-01 4.442678e-08 3.471240e-01 
5.929208e-01 4.434556e-08 3.322630e-01 
5.932664e-01 4.420248e-08 3.261180e-01 
5.931449e-01 4.418560e-08 3.353570e-01 
5.928444e-01 4.446115e-08 3.316010e-01 
5.929456e-01 4.442847e-08 3.258500e-01 
5.928276e-01 4.447717e-08 3.253060e-01 
5.927771e-01 4.461456e-08 3.401260e-01 
5.926048e-01 4.454762e-08 3.474730e-01 
5.926226e-01 4.442654e-08 3.334330e-01 
5.925538e-01 4.435263e-08 3.318840e-01 
5.923817e-01 4.451632e-08 3.436490e-01 
5.927079e-01 4.424600e-08 3.495250e-01 
5.929046e-01 4.421946e-08 3.266510e-01 
5.927196e-01 4.418527e-08 3.504600e-01 
5.925817e-01 4.413146e-08 3.364050e-01 
5.923399e-01 4.463596e-08 3.288740e-01 
5.923236e-01 4.458670e-08 3.265240e-01 
5.925281e-01 4.430141e-08 4.041140e-01 
5.926946e-01 4.390099e-08 3.742170e-01 
5.925286e-01 4.427490e-08 3.336250e-01 
5.921067e-01 4.454013e-08 3.455740e-01 
5.922553e-01 4.445536e-08 3.845210e-01 
5.924018e-01 4.441049e-08 3.564020e-01 
5.922795e-01 4.430685e-08 3.252190e-01 
5.924058e-01 4.429619e-08 3.960890e-01 
5.923911e-01 4.442594e-08 3.582540e-01 
5.927121e-01 4.378844e-08 3.625460e-01 
5.926060e-01 4.390366e-08 3.520450e-01 
5.924843e-01 4.398319e-08 3.497320e-01 
5.921579e-01 4.427282e-08 3.512340e-01 
5.921868e-01 4.446346e-08 3.731540e-01 
5.920959e-01 4.446318e-08 3.532670e-01 
5.922644e-01 4.429611e-08 3.302290e-01 
5.921102e-01 4.428905e-08 3.317460e-01 
5.923854e-01 4.387554e-08 3.342650e-01 
5.923675e-01 4.398041e-08 3.279420e-01 
5.920426e-01 4.453062e-08 3.356090e-01 
5.922132e-01 4.393872e-08 3.267690e-01 
5.917338e-01 4.437350e-08 3.269990e-01 
5.917871e-01 4.463647e-08 3.463550e-01 
5.923424e-01 4.381594e-08 3.315570e-01 
5.918048e-01 4.459338e-08 3.437430e-01 
5.918923e-01 4.411093e-08 4.305330e-01 
5.920763e-01 4.410659e-08 3.640810e-01 
5.915727e-01 4.426980e-08 3.415840e-01 
5.918485e-01 4.434419e-08 3.693690e-01 
5.917710e-01 4.400789e-08 3.296560e-01 
5.918482e-01 4.397448e-08 3.299070e-01 
5.917884e-01 4.420572e-08 3.505560e-01 
5.917399e-01 4.442613e-08 3.350740e-01 
5.916922e-01 4.435171e-08 3.250970e-01 
5.918466e-01 4.383174e-08 3.438000e-01 
5.914925e-01 4.436833e-08 3.683340e-01 
5.913572e-01 4.417454e-08 3.430910e-01 
5.919362e-01 4.355527e-08 4.359050e-01 
5.914083e-01 4.404696e-08 3.665420e-01 
5.915583e-01 4.420760e-08 4.175810e-01 
5.911800e-01 4.431487e-08 3.327600e-01 
5.918100e-01 4.386207e-08 3.281380e-01 
5.913297e-01 4.412367e-08 3.358110e-01 
5.916388e-01 4.402172e-08 3.315640e-01 
5.915194e-01 4.417856e-08 3.239790e-01 
5.916570e-01 4.391255e-08 3.358890e-01 
5.911614e-01 4.410636e-08 3.255970e-01 
5.912939e-01 4.404332e-08 3.260440e-01 
5.916405e-01 4.354666e-08 3.370980e-01 
5.910942e-01 4.424017e-08 3.354770e-01 
5.910847e-01 4.411583e-08 3.275120e-01 
5.913878e-01 4.389185e-08 3.384780e-01 
5.908728e-01 4.440628e-08 3.322460e-01 
5.911015e-01 4.374416e-08 3.387150e-01 
5.915183e-01 4.370065e-08 3.322200e-01 
5.911991e-01 4.381022e-08 3.300050e-01 
5.911382e-01 4.407535e-08 3.296760e-01 
5.907172e-01 4.409761e-08 3.484040e-01 
5.910249e-01 4.400112e-08 3.973650e-01 
5.914156e-01 4.363666e-08 3.365330e-01 
5.907250e-01 4.409314e-08 3.376650e-01 
5.909090e-01 4.390409e-08 3.783370e-01 
5.907701e-01 4.394651e-08 3.630120e-01 
5.908637e-01 4.395155e-08 3.700150e-01 
5.903174e-01 4.398794e-08 3.468060e-01 
5.906397e-01 4.381303e-08 3.552150e-01 
5.907452e-01 4.413031e-08 3.730490e-01 
5.907862e-01 4.397706e-08 3.274950e-01 
5.905446e-01 4.421661e-08 3.365190e-01 
5.904962e-01 4.392516e-08 3.399330e-01 
5.905462e-01 4.381886e-08 3.476070e-01 
5.904251e-01 4.412924e-08 3.709270e-01 
5.907750e-01 4.339085e-08 3.383980e-01 
5.906735e-01 4.343164e-08 3.348390e-01 
5.908339e-01 4.325308e-08 3.310300e-01 
5.906230e-01 4.361489e-08 3.281180e-01 
5.905246e-01 4.411411e-08 3.489170e-01 
5.903016e-01 4.333816e-08 3.656720e-01 
5.903587e-01 4.392654e-08 3.471790e-01 
5.905304e-01 4.356104e-08 3.553130e-01 
5.901789e-01 4.359308e-08 3.496970e-01 
5.904962e-01 4.339991e-08 3.296710e-01 
5.906264e-01 4.353546e-08 3.332370e-01 
5.901215e-01 4.386211e-08 3.327160e-01 
5.901615e-01 4.401797e-08 3.287590e-01 
5.900323e-01 4.364321e-08 3.304460e-01 
5.903149e-01 4.315129e-08 3.321590e-01 
5.902513e-01 4.364038e-08 3.285660e-01 
5.899303e-01 4.372663e-08 3.747830e-01 
5.897261e-01 4.389415e-08 3.379900e-01 
5.902618e-01 4.311382e-08 3.272410e-01 
5.896969e-01 4.395899e-08 3.373050e-01 
5.900807e-01 4.331773e-08 3.409330e-01 
5.894559e-01 4.400018e-08 3.558550e-01 
5.901653e-01 4.335204e-08 3.300690e-01 
5.899186e-01 4.348850e-08 3.338750e-01 
5.899277e-01 4.370064e-08 3.264950e-01 
5.897006e-01 4.369741e-08 3.312520e-01 
5.894670e-01 4.347067e-08 3.271910e-01 
5.898243e-01 4.345869e-08 3.271730e-01 
5.898560e-01 4.312957e-08 3.377860e-01 
5.897292e-01 4.340343e-08 3.343520e-01 
5.894658e-01 4.363814e-08 3.243100e-01 
5.895318e-01 4.369326e-08 3.450540e-01 
5.894287e-01 4.359886e-08 3.443160e-01 
5.892181e-01 4.373673e-08 3.607760e-01 
5.894197e-01 4.353877e-08 3.577380e-01 
5.894362e-01 4.323641e-08 3.640990e-01 
5.892709e-01 4.345916e-08 3.300550e-01 
5.892284e-01 4.349435e-08 3.350990e-01 
5.890832e-01 4.359716e-08 3.333050e-01 
5.893233e-01 4.338518e-08 3.289500e-01 
5.892215e-01 4.304995e-08 3.328430e-01 
5.891073e-01 4.339815e-08 3.481520e-01 
5.886197e-01 4.394879e-08 4.235370e-01 
5.889881e-01 4.378659e-08 3.461050e-01 
5.886436e-01 4.370268e-08 3.294210e-01 
5.887658e-01 4.340383e-08 3.268440e-01 
5.888084e-01 4.349722e-08 3.365950e-01 
5.887414e-01 4.356049e-08 3.269730e-01 
5.885709e-01 4.345477e-08 3.263260e-01 
5.884848e-01 4.353355e-08 3.322030e-01 
5.886733e-01 4.323634e-08 3.299830e-01 
5.885355e-01 4.372610e-08 3.243510e-01 
5.884604e-01 4.351419e-08 3.342410e-01 
5.886890e-01 4.323666e-08 3.271150e-01 
5.884732e-01 4.310348e-08 3.271620e-01 
5.885019e-01 4.317257e-08 3.312620e-01 
5.879836e-01 4.365301e-08 3.269950e-01 
5.882725e-01 4.339593e-08 3.356070e-01 
5.883782e-01 4.326674e-08 3.986800e-01 
5.881018e-01 4.339595e-08 3.346070e-01 
5.879750e-01 4.348053e-08 3.709830e-01 
5.884760e-01 4.287262e-08 3.396310e-01 
5.877160e-01 4.338061e-08 3.247850e-01 
5.880813e-01 4.317296e-08 3.327460e-01 
5.877613e-01 4.318559e-08 3.573240e-01 
5.881863e-01 4.290560e-08 3.630520e-01 
5.878445e-01 4.294024e-08 3.481230e-01 
5.882184e-01 4.307720e-08 3.364730e-01 
5.877181e-01 4.317516e-08 3.498120e-01 
5.880680e-01 4.280654e-08 3.653840e-01 
5.875623e-01 4.317094e-08 3.312790e-01 
5.876505e-01 4.317367e-08 3.278000e-01 
5.873338e-01 4.326285e-08 3.368650e-01 
5.877736e-01 4.306262e-08 3.302120e-01 
5.873192e-01 4.310582e-08 3.250660e-01 
5.875056e-01 4.304189e-08 3.572970e-01 
5.873859e-01 4.322207e-08 3.407020e-01 
5.877243e-01 4.259939e-08 3.239270e-01 
5.870615e-01 4.307104e-08 3.373540e-01 
5.869256e-01 4.326935e-08 3.540790e-01 
5.870581e-01 4.307884e-08 3.625460e-01 
5.876535e-01 4.251266e-08 3.488300e-01 
5.870605e-01 4.302646e-08 3.297270e-01 
5.871117e-01 4.281013e-08 3.272850e-01 
5.872823e-01 4.258537e-08 3.303090e-01 
5.867793e-01 4.306739e-08 3.288690e-01 
5.868938e-01 4.272245e-08 3.279150e-01 
5.872189e-01 4.249274e-08 3.356860e-01 
5.869175e-01 4.280017e-08 3.648010e-01 
5.866004e-01 4.283577e-08 3.279920e-01 
5.863902e-01 4.299836e-08 3.473650e-01 
5.870266e-01 4.252765e-08 3.267340e-01 
5.868022e-01 4.251374e-08 3.238280e-01 
5.864343e-01 4.263861e-08 3.289870e-01 
5.865956e-01 4.272042e-08 3.319570e-01 
5.861682e-01 4.303581e-08 3.389000e-01 
5.868794e-01 4.233365e-08 3.723780e-01 
5.859785e-01 4.299216e-08 3.760230e-01 
5.862727e-01 4.266300e-08 3.291790e-01 
5.860883e-01 4.287851e-08 3.605310e-01 
5.862299e-01 4.263121e-08 3.265760e-01 
5.860132e-01 4.281809e-08 3.652160e-01 
5.859828e-01 4.277832e-08 3.493930e-01 
5.858448e-01 4.257916e-08 3.301750e-01 
5.856069e-01 4.303305e-08 3.529900e-01 
5.856814e-01 4.263286e-08 3.540580e-01 
5.860422e-01 4.237584e-08 3.259270e-01 
5.856574e-01 4.235775e-08 3.311910e-01 
5.858605e-01 4.226734e-08 3.332810e-01 
5.858487e-01 4.231323e-08 3.301290e-01 
5.854349e-01 4.272078e-08 3.310400e-01 
5.855129e-01 4.243640e-08 3.311930e-01 
5.851558e-01 4.264931e-08 3.255530e-01 
5.855812e-01 4.231081e-08 3.306300e-01 
5.856523e-01 4.228407e-08 3.345020e-01 
5.849857e-01 4.269301e-08 3.305920e-01 
5.847178e-01 4.259242e-08 3.433040e-01 
5.850233e-01 4.231686e-08 3.735240e-01 
5.849162e-01 4.230806e-08 3.468160e-01 
5.851216e-01 4.227807e-08 3.310370e-01 
5.844537e-01 4.259748e-08 3.614770e-01 
5.847494e-01 4.215478e-08 4.424460e-01 
5.847404e-01 4.227994e-08 4.765130e-01 
5.847052e-01 4.245179e-08 4.746470e-01 
5.845557e-01 4.230556e-08 4.105650e-01 
5.846792e-01 4.221626e-08 3.784940e-01 
5.844386e-01 4.233880e-08 3.533900e-01 
5.841390e-01 4.226484e-08 3.875620e-01 
5.840295e-01 4.247057e-08 4.524880e-01 
5.838981e-01 4.241365e-08 5.395090e-01 
5.844189e-01 4.196568e-08 4.950030e-01 
5.840101e-01 4.224710e-08 3.652630e-01 
5.840827e-01 4.199684e-08 3.247800e-01 
5.834988e-01 4.226044e-08 3.340350e-01 
5.837878e-01 4.217168e-08 3.412080e-01 
5.838098e-01 4.193340e-08 3.418190e-01 
5.837372e-01 4.196660e-08 3.297000e-01 
5.836393e-01 4.224824e-08 3.372810e-01 
5.839395e-01 4.187299e-08 3.264260e-01 
5.835139e-01 4.174366e-08 3.446720e-01 
5.832486e-01 4.223416e-08 3.385240e-01 
5.835330e-01 4.189469e-08 3.374830e-01 
5.831590e-01 4.216469e-08 3.486510e-01 
5.831265e-01 4.191828e-08 3.901410e-01 
5.832128e-01 4.163992e-08 5.105260e-01 
5.831841e-01 4.175792e-08 4.221030e-01 
5.833726e-01 4.150018e-08 3.999260e-01 
5.827625e-01 4.196422e-08 3.491810e-01 
5.828264e-01 4.181629e-08 3.562380e-01 
5.825317e-01 4.220266e-08 3.432610e-01 
5.827914e-01 4.192019e-08 3.452620e-01 
5.827262e-01 4.159360e-08 3.625590e-01 
5.828004e-01 4.136235e-08 3.381390e-01 
5.826036e-01 4.151584e-08 3.289790e-01 
5.829161e-01 4.141065e-08 3.304530e-01 
5.826366e-01 4.132743e-08 3.680090e-01 
5.822527e-01 4.163778e-08 4.354730e-01 
5.817020e-01 4.204377e-08 4.512080e-01 
5.819055e-01 4.194639e-08 3.616810e-01 
5.825079e-01 4.128094e-08 3.852620e-01 
5.818415e-01 4.173302e-08 3.573930e-01 
5.818626e-01 4.157614e-08 3.571670e-01 
5.818432e-01 4.168817e-08 3.651930e-01 
5.816062e-01 4.158329e-08 3.531480e-01 
5.813770e-01 4.157143e-08 3.397470e-01 
5.814681e-01 4.149235e-08 3.494030e-01 
5.812663e-01 4.165902e-08 3.442570e-01 
5.810972e-01 4.163810e-08 3.294250e-01 
5.810704e-01 4.132886e-08 3.268240e-01 
5.813050e-01 4.123881e-08 3.418650e-01 
5.812410e-01 4.129855e-08 3.421120e-01 
5.810430e-01 4.181938e-08 3.462410e-01 
5.810064e-01 4.092867e-08 3.387540e-01 
5.808751e-01 4.124787e-08 3.673910e-01 
5.806899e-01 4.116300e-08 3.742060e-01 
5.803952e-01 4.165624e-08 3.262330e-01 
5.806564e-01 4.128114e-08 3.313370e-01 
5.804761e-01 4.132091e-08 3.451140e-01 
5.802215e-01 4.141289e-08 3.841780e-01 
5.801561e-01 4.151446e-08 3.492750e-01 
5.800727e-01 4.138987e-08 3.386680e-01 
5.799503e-01 4.129976e-08 3.499170e-01 
5.799450e-01 4.123349e-08 3.272400e-01 
5.799375e-01 4.102295e-08 3.499740e-01 
5.799318e-01 4.118098e-08 3.286230e-01 
5.797667e-01 4.092639e-08 3.264090e-01 
5.792765e-01 4.147922e-08 3.773570e-01 
5.792035e-01 4.124606e-08 3.448430e-01 
5.794563e-01 4.066984e-08 3.691060e-01 
5.795062e-01 4.119208e-08 3.463660e-01 
5.792739e-01 4.099577e-08 3.756900e-01 
5.792177e-01 4.073798e-08 3.736940e-01 
5.787795e-01 4.101974e-08 3.944560e-01 
5.791033e-01 4.074275e-08 3.616100e-01 
5.789673e-01 4.081843e-08 3.492420e-01 
5.784127e-01 4.111361e-08 3.373890e-01 
5.787326e-01 4.083422e-08 4.861730e-01 
5.783861e-01 4.096818e-08 4.513040e-01 
5.790387e-01 4.028929e-08 4.667430e-01 
5.783438e-01 4.072798e-08 4.638880e-01 
5.784351e-01 4.044243e-08 3.684340e-01 
5.781279e-01 4.068176e-08 4.545800e-01 
5.780912e-01 4.058627e-08 3.691300e-01 
5.778253e-01 4.040039e-08 3.560060e-01 
5.776217e-01 4.073887e-08 3.449760e-01 
5.779461e-01 4.039161e-08 3.998320e-01 
5.778181e-01 4.071392e-08 4.206680e-01 
5.773726e-01 4.050475e-08 3.756900e-01 
5.774079e-01 4.047142e-08 4.195700e-01 
5.773150e-01 4.010402e-08 3.686480e-01 
5.773120e-01 4.054012e-08 3.496560e-01 
5.768132e-01 4.079864e-08 4.726210e-01 
5.767832e-01 4.041302e-08 4.803900e-01 
5.769188e-01 4.059173e-08 4.168900e-01 
5.766712e-01 4.049073e-08 3.686780e-01 
5.767619e-01 4.017803e-08 3.996290e-01 
5.763542e-01 4.043121e-08 4.261060e-01 
5.766133e-01 4.008010e-08 4.741980e-01 
5.762841e-01 4.005561e-08 3.766140e-01 
5.757042e-01 4.074797e-08 4.091970e-01 
5.758670e-01 4.022635e-08 4.375190e-01 
5.760120e-01 4.014868e-08 3.858520e-01 
5.762151e-01 3.977319e-08 3.555990e-01 
5.758576e-01 3.990192e-08 3.536400e-01 
5.756452e-01 3.998269e-08 3.725520e-01 
5.753189e-01 4.004134e-08 3.573940e-01 
5.751337e-01 4.022553e-08 4.340400e-01 
5.752700e-01 3.996697e-08 4.053070e-01 
5.753337e-01 3.988322e-08 3.540810e-01 
5.749337e-01 3.997321e-08 3.512650e-01 
5.744433e-01 4.046203e-08 4.344460e-01 
5.745255e-01 4.009698e-08 3.505530e-01 
5.742315e-01 4.009840e-08 3.690600e-01 
5.746685e-01 3.978516e-08 3.705110e-01 
5.743321e-01 3.976770e-08 4.390310e-01 
5.740853e-01 3.997647e-08 4.849620e-01 
5.740310e-01 3.973092e-08 4.693130e-01 
5.739267e-01 3.958008e-08 4.061790e-01 
5.739827e-01 3.967355e-08 3.476620e-01 
5.734877e-01 3.990053e-08 3.365050e-01 
5.737822e-01 3.942788e-08 3.871650e-01 
5.736444e-01 3.958758e-08 3.429720e-01 
5.733814e-01 3.963999e-08 3.808470e-01 
5.731884e-01 3.934374e-08 3.578430e-01 
5.729536e-01 3.963662e-08 3.716400e-01 
5.730609e-01 3.954449e-08 3.882500e-01 
5.726449e-01 3.971307e-08 3.433340e-01 
5.727798e-01 3.919873e-08 3.395620e-01 
5.726828e-01 3.936166e-08 3.365600e-01 
5.723048e-01 3.954267e-08 3.454050e-01 
5.722546e-01 3.934616e-08 3.352320e-01 
5.722264e-01 3.939559e-08 3.767500e-01 
5.719562e-01 3.931927e-08 3.325870e-01 
5.719558e-01 3.898519e-08 3.517840e-01 
5.715365e-01 3.942898e-08 3.620150e-01 
5.716073e-01 3.894120e-08 3.284650e-01 
5.711110e-01 3.943360e-08 3.382390e-01 
5.716598e-01 3.892263e-08 3.869010e-01 
5.712340e-01 3.917539e-08 3.309590e-01 
5.705870e-01 3.946413e-08 3.276480e-01 
5.704321e-01 3.934739e-08 3.293510e-01 
5.712188e-01 3.872318e-08 3.254470e-01 
5.707610e-01 3.894335e-08 3.311640e-01 
5.707960e-01 3.859264e-08 3.317450e-01 
5.708341e-01 3.838139e-08 3.340010e-01 
5.703641e-01 3.843099e-08 3.968780e-01 
5.701799e-01 3.870424e-08 3.778270e-01 
5.700923e-01 3.881661e-08 3.886450e-01 
5.697376e-01 3.856740e-08 3.775410e-01 
5.698900e-01 3.852058e-08 3.282260e-01 
5.698399e-01 3.833864e-08 3.497060e-01 
5.689627e-01 3.878151e-08 3.618460e-01 
5.691604e-01 3.869349e-08 3.252470e-01 
5.691525e-01 3.849854e-08 3.265350e-01 
5.685483e-01 3.889855e-08 3.550440e-01 
5.686753e-01 3.854317e-08 3.523480e-01 
5.686248e-01 3.839617e-08 3.262260e-01 
5.682129e-01 3.835359e-08 3.280680e-01 
5.681677e-01 3.829476e-08 3.244610e-01 
5.679183e-01 3.838569e-08 3.260960e-01 
5.678910e-01 3.856209e-08 3.350600e-01 
5.677334e-01 3.825786e-08 3.338290e-01 
5.676204e-01 3.832203e-08 3.338430e-01 
5.676839e-01 3.829894e-08 3.623530e-01 
5.672183e-01 3.817350e-08 3.248800e-01 
5.670562e-01 3.808547e-08 3.251640e-01 
5.668648e-01 3.814445e-08 3.281870e-01 
5.663209e-01 3.843179e-08 3.288670e-01 
5.666915e-01 3.801226e-08 3.271570e-01 
5.662133e-01 3.846369e-08 3.319890e-01 
5.662132e-01 3.805746e-08 3.277380e-01 
5.664269e-01 3.769595e-08 3.612020e-01 
5.657269e-01 3.796294e-08 3.571340e-01 
5.656326e-01 3.795621e-08 3.256630e-01 
5.657779e-01 3.775232e-08 4.193480e-01 
5.655631e-01 3.765289e-08 4.580690e-01 
5.653414e-01 3.781832e-08 3.303370e-01 
5.653048e-01 3.756655e-08 3.320260e-01 
5.650354e-01 3.761560e-08 3.265240e-01 
5.646661e-01 3.763611e-08 3.531630e-01 
5.648520e-01 3.742585e-08 3.325530e-01 
5.644445e-01 3.759978e-08 3.296790e-01 
5.640994e-01 3.768449e-08 3.271390e-01 
5.642812e-01 3.715736e-08 3.309590e-01 
5.641229e-01 3.756299e-08 3.292290e-01 
5.639768e-01 3.711709e-08 3.276980e-01 
5.634897e-01 3.741718e-08 3.641660e-01 
5.634274e-01 3.715460e-08 3.414400e-01 
5.631981e-01 3.709865e-08 3.258380e-01 
5.633044e-01 3.706959e-08 3.342660e-01 
5.625844e-01 3.728712e-08 3.439800e-01 
5.625675e-01 3.733049e-08 3.280460e-01 
5.627625e-01 3.712611e-08 3.576270e-01 
5.622232e-01 3.715702e-08 3.448100e-01 
5.619039e-01 3.706694e-08 3.294430e-01 
5.623108e-01 3.664909e-08 3.774860e-01 
5.621008e-01 3.650225e-08 3.578320e-01 
5.614253e-01 3.710664e-08 3.374320e-01 
5.616378e-01 3.628401e-08 3.310860e-01 
5.614321e-01 3.660612e-08 3.333350e-01 
5.609886e-01 3.673119e-08 3.255790e-01 
5.609276e-01 3.672096e-08 3.346490e-01 
5.606883e-01 3.677862e-08 3.418690e-01 
5.605544e-01 3.645252e-08 3.619430e-01 
5.598164e-01 3.666726e-08 3.328850e-01 
5.601637e-01 3.636542e-08 3.294500e-01 
5.597478e-01 3.649814e-08 3.254240e-01 
5.595603e-01 3.630108e-08 3.277030e-01 
5.594943e-01 3.670693e-08 3.244640e-01 
5.593673e-01 3.647809e-08 3.613430e-01 
5.592537e-01 3.602148e-08 3.849210e-01 
5.587102e-01 3.644406e-08 3.659170e-01 
5.586732e-01 3.621760e-08 4.905020e-01 
5.586844e-01 3.609707e-08 4.232170e-01 
5.580681e-01 3.612474e-08 3.946520e-01 
5.581288e-01 3.627009e-08 3.973220e-01 
5.581433e-01 3.580593e-08 3.287390e-01 
5.577883e-01 3.583008e-08 3.561880e-01 
5.575603e-01 3.594588e-08 3.267470e-01 
5.573116e-01 3.583790e-08 3.281140e-01 
5.573633e-01 3.577040e-08 3.357640e-01 
5.567223e-01 3.587744e-08 3.246200e-01 
5.564303e-01 3.594722e-08 3.263500e-01 
5.563397e-01 3.570972e-08 3.333310e-01 
5.563486e-01 3.558001e-08 3.257930e-01 
5.561658e-01 3.557704e-08 3.260700e-01 
5.557783e-01 3.562850e-08 3.295690e-01 
5.555870e-01 3.547629e-08 3.285550e-01 
5.557119e-01 3.535999e-08 3.256090e-01 
5.552904e-01 3.519849e-08 3.320680e-01 
5.550933e-01 3.540100e-08 3.229730e-01 
5.549927e-01 3.528079e-08 3.264010e-01 
5.546885e-01 3.512780e-08 3.657970e-01 
5.546210e-01 3.490679e-08 3.526080e-01 
5.541217e-01 3.499418e-08 3.301980e-01 
5.538495e-01 3.515184e-08 3.334820e-01 
5.538185e-01 3.493049e-08 3.429620e-01 
5.534139e-01 3.503194e-08 3.261560e-01 
5.533200e-01 3.494530e-08 3.323170e-01 
5.529699e-01 3.480439e-08 3.340310e-01 
5.528083e-01 3.492644e-08 3.327040e-01 
5.527187e-01 3.467012e-08 3.473150e-01 
5.524829e-01 3.467375e-08 3.354190e-01 
5.522882e-01 3.467888e-08 3.510220e-01 
5.519980e-01 3.456356e-08 3.634150e-01 
5.518316e-01 3.442067e-08 3.322270e-01 
5.514567e-01 3.442926e-08 3.255580e-01 
5.512262e-01 3.436886e-08 3.588500e-01 
5.510547e-01 3.439011e-08 3.458480e-01 
5.509019e-01 3.429651e-08 3.254710e-01 
5.506419e-01 3.438107e-08 3.295590e-01 
5.502677e-01 3.446507e-08 3.282080e-01 
5.501458e-01 3.402260e-08 3.277130e-01 
5.497498e-01 3.416199e-08 3.443290e-01 
5.493934e-01 3.427100e-08 3.262440e-01 
5.492415e-01 3.414344e-08 3.278840e-01 
5.491712e-01 3.390391e-08 3.592910e-01 
5.488610e-01 3.383134e-08 3.339250e-01 
5.484078e-01 3.403111e-08 3.252480e-01 
5.483305e-01 3.389149e-08 3.295500e-01 
5.481016e-01 3.363235e-08 3.264510e-01 
5.478479e-01 3.360661e-08 3.267060e-01 
5.475854e-01 3.375769e-08 3.291710e-01 
5.473182e-01 3.346692e-08 3.395920e-01 
5.466503e-01 3.367795e-08 4.892090e-01 
5.465053e-01 3.362027e-08 3.638560e-01 
5.465836e-01 3.331093e-08 3.279040e-01 
5.462960e-01 3.335890e-08 3.303370e-01 
5.457663e-01 3.359899e-08 3.262950e-01 
5.458023e-01 3.318958e-08 3.269000e-01 
5.453986e-01 3.325559e-08 3.274280e-01 
5.454304e-01 3.308395e-08 3.345880e-01 
5.450803e-01 3.299857e-08 3.254580e-01 
5.446941e-01 3.301037e-08 3.268090e-01 
5.444795e-01 3.302989e-08 3.467060e-01 
5.440815e-01 3.298952e-08 3.496180e-01 
5.439825e-01 3.306731e-08 3.313440e-01 
5.437294e-01 3.289488e-08 3.251910e-01 
5.434673e-01 3.285396e-08 3.249090e-01 
5.431261e-01 3.274601e-08 3.232860e-01 
5.431055e-01 3.252664e-08 3.518340e-01 
5.424405e-01 3.295395e-08 3.597620e-01 
5.423871e-01 3.266270e-08 3.325590e-01 
5.420716e-01 3.248582e-08 3.254110e-01 
5.414809e-01 3.270865e-08 3.605670e-01 
5.414013e-01 3.258560e-08 3.404520e-01 
5.411681e-01 3.241097e-08 3.402150e-01 
5.412466e-01 3.208031e-08 3.275780e-01 
5.408276e-01 3.204896e-08 3.374970e-01 
5.405800e-01 3.192021e-08 3.657730e-01 
5.405019e-01 3.194727e-08 3.262430e-01 
5.401759e-01 3.175756e-08 3.351880e-01 
5.393506e-01 3.211798e-08 3.274910e-01 
5.393707e-01 3.199991e-08 3.585030e-01 
5.393722e-01 3.183298e-08 3.501010e-01 
5.387712e-01 3.184802e-08 3.256860e-01 
5.386877e-01 3.144880e-08 3.284780e-01 
5.383334e-01 3.150371e-08 3.312850e-01 
5.379171e-01 3.166381e-08 3.278560e-01 
5.377632e-01 3.152250e-08 3.272100e-01 
5.373205e-01 3.146085e-08 3.411570e-01 
5.372918e-01 3.120319e-08 3.281300e-01 
5.369830e-01 3.129726e-08 3.263530e-01 
5.367623e-01 3.105348e-08 3.407510e-01 
5.362156e-01 3.119575e-08 3.273310e-01 
5.358122e-01 3.151134e-08 3.233390e-01 
5.357410e-01 3.108655e-08 3.593980e-01 
5.352432e-01 3.111582e-08 3.295040e-01 
5.348209e-01 3.099931e-08 3.380600e-01 
5.347583e-01 3.074643e-08 3.653740e-01 
5.343089e-01 3.086055e-08 3.482810e-01 
5.341368e-01 3.083570e-08 3.625780e-01 
5.338767e-01 3.064731e-08 3.335280e-01 
5.335273e-01 3.068402e-08 3.246980e-01 
5.333525e-01 3.057829e-08 3.257870e-01 
5.326574e-01 3.081748e-08 3.288480e-01 
5.328330e-01 3.047848e-08 3.272800e-01 
5.327219e-01 3.004232e-08 3.243220e-01 
5.322832e-01 3.014644e-08 3.306420e-01 
5.316806e-01 3.019045e-08 3.236110e-01 
5.314035e-01 3.025781e-08 3.258760e-01 
5.309588e-01 3.022630e-08 3.318060e-01 
5.309150e-01 3.014426e-08 3.280300e-01 
5.305104e-01 2.998685e-08 3.524410e-01 
5.298014e-01 3.027362e-08 3.693290e-01 
5.295338e-01 3.013707e-08 3.307240e-01 
5.293883e-01 2.994537e-08 3.282520e-01 
5.292367e-01 2.977082e-08 3.301440e-01 
5.287268e-01 2.971174e-08 3.251430e-01 
5.287834e-01 2.947702e-08 3.260760e-01 
5.282878e-01 2.944538e-08 3.485050e-01 
5.279649e-01 2.947073e-08 3.262950e-01 
5.275865e-01 2.950995e-08 3.281160e-01 
5.271905e-01 2.944915e-08 3.300320e-01 
5.267681e-01 2.937109e-08 3.281250e-01 
5.265350e-01 2.922195e-08 3.677480e-01 
5.262841e-01 2.925503e-08 3.713190e-01 
5.258317e-01 2.928128e-08 3.256960e-01 
5.254782e-01 2.909799e-08 3.362060e-01 
5.254602e-01 2.869934e-08 3.522170e-01 
5.249072e-01 2.899630e-08 3.287060e-01 
5.247593e-01 2.887283e-08 3.262070e-01 
5.247795e-01 2.849587e-08 3.337360e-01 
5.243045e-01 2.829598e-08 3.464990e-01 
5.235108e-01 2.856760e-08 3.260200e-01 
5.232756e-01 2.864418e-08 3.321480e-01 
5.229878e-01 2.855313e-08 3.267070e-01 
5.225263e-01 2.845174e-08 3.290320e-01 
5.224400e-01 2.825959e-08 3.397510e-01 
5.219693e-01 2.828776e-08 3.270890e-01 
5.215012e-01 2.814907e-08 3.245060e-01 
5.215428e-01 2.803185e-08 3.333870e-01 
5.207914e-01 2.821499e-08 3.494850e-01 
5.203658e-01 2.823101e-08 3.351560e-01 
5.203985e-01 2.778534e-08 3.537440e-01 
5.199903e-01 2.789407e-08 4.736910e-01 
5.195383e-01 2.767588e-08 3.373460e-01 
5.196230e-01 2.732822e-08 3.266100e-01 
5.186356e-01 2.786928e-08 3.254150e-01 
5.186413e-01 2.744988e-08 3.302820e-01 
5.179588e-01 2.759687e-08 3.264700e-01 
5.176624e-01 2.742873e-08 3.273880e-01 
5.173718e-01 2.737200e-08 3.348880e-01 
5.168713e-01 2.737866e-08 3.262130e-01 
5.167423e-01 2.718201e-08 3.302790e-01 
5.162380e-01 2.721427e-08 3.533630e-01 
5.160022e-01 2.692282e-08 4.322330e-01 
5.155202e-01 2.713971e-08 3.287150e-01 
5.153453e-01 2.680841e-08 3.350010e-01 
5.149781e-01 2.665479e-08 3.313780e-01 
5.146915e-01 2.670866e-08 3.293580e-01 
5.141790e-01 2.689992e-08 3.332200e-01 
5.137921e-01 2.658428e-08 3.248030e-01 
5.134877e-01 2.649662e-08 3.253280e-01 
5.131267e-01 2.652128e-08 3.297550e-01 
5.129088e-01 2.637222e-08 3.254340e-01 
5.123205e-01 2.624387e-08 3.396800e-01 
5.121241e-01 2.633488e-08 3.553970e-01 
5.117237e-01 2.604888e-08 3.374080e-01 
5.113224e-01 2.609872e-08 3.477470e-01 
5.110994e-01 2.599089e-08 3.354910e-01 
5.105357e-01 2.596263e-08 3.328690e-01 
5.100537e-01 2.603007e-08 3.260300e-01 
5.098692e-01 2.593918e-08 3.318620e-01 
5.091742e-01 2.580404e-08 3.290390e-01 
5.089531e-01 2.580280e-08 3.271520e-01 
5.085830e-01 2.555968e-08 3.342230e-01 
5.082728e-01 2.570925e-08 3.278580e-01 
5.075721e-01 2.569382e-08 3.237700e-01 
5.074784e-01 2.526868e-08 3.333720e-01 
5.069691e-01 2.547710e-08 3.528740e-01 
5.067781e-01 2.495908e-08 3.568880e-01 
5.065709e-01 2.502285e-08 3.514990e-01 
5.059380e-01 2.493756e-08 3.276500e-01 
5.055435e-01 2.496296e-08 3.265550e-01 
5.052680e-01 2.472288e-08 3.324320e-01 
5.047468e-01 2.489971e-08 3.318170e-01 
5.042794e-01 2.494109e-08 3.383510e-01 
5.039954e-01 2.467693e-08 3.288570e-01 
5.033872e-01 2.483465e-08 3.244190e-01 
5.030598e-01 2.474360e-08 3.241440e-01 
5.028575e-01 2.454161e-08 3.326970e-01 
5.024106e-01 2.440780e-08 3.276310e-01 
5.021415e-01 2.418209e-08 3.220810e-01 
5.015909e-01 2.422289e-08 3.310140e-01 
5.014720e-01 2.406563e-08 3.272540e-01 
5.007786e-01 2.415578e-08 3.261950e-01 
5.002105e-01 2.433505e-08 3.356210e-01 
4.999477e-01 2.406589e-08 3.275440e-01 
4.998081e-01 2.374594e-08 3.243050e-01 
4.992864e-01 2.384231e-08 3.414080e-01 
4.990259e-01 2.374934e-08 3.555940e-01 
4.985426e-01 2.379278e-08 3.259410e-01 
4.978458e-01 2.368556e-08 3.495690e-01 
4.976998e-01 2.347195e-08 3.652540e-01 
4.971903e-01 2.346720e-08 3.368170e-01 
4.968131e-01 2.333957e-08 3.309930e-01 
4.962398e-01 2.335718e-08 3.269640e-01 
4.960663e-01 2.318071e-08 3.251510e-01 
4.952853e-01 2.335492e-08 3.358420e-01 
4.953243e-01 2.284502e-08 3.520200e-01 
4.946866e-01 2.311592e-08 3.266440e-01 
4.945424e-01 2.293668e-08 3.528670e-01 
4.938073e-01 2.287027e-08 3.277930e-01 
4.934960e-01 2.281480e-08 3.231350e-01 
4.931409e-01 2.266959e-08 3.317790e-01 
4.927606e-01 2.256503e-08 3.262400e-01 
4.920416e-01 2.269619e-08 3.293680e-01 
4.916705e-01 2.243757e-08 3.302630e-01 
4.914513e-01 2.240218e-08 3.436310e-01 
4.910930e-01 2.234029e-08 3.273720e-01 
4.904628e-01 2.236863e-08 3.329500e-01 
4.900317e-01 2.222929e-08 3.262290e-01 
4.897283e-01 2.214660e-08 3.271060e-01 
4.893169e-01 2.195418e-08 3.495100e-01 
4.889210e-01 2.179051e-08 3.239420e-01 
4.883700e-01 2.185849e-08 3.274600e-01 
4.880895e-01 2.176635e-08 3.335060e-01 
4.875261e-01 2.179619e-08 3.274930e-01 
4.871053e-01 2.171523e-08 3.259130e-01 
4.868736e-01 2.156450e-08 3.316050e-01 
4.862258e-01 2.151758e-08 3.267180e-01 
4.858382e-01 2.151964e-08 3.264840e-01 
4.853108e-01 2.134898e-08 3.314740e-01 
4.848320e-01 2.138923e-08 3.251030e-01 
4.845208e-01 2.126691e-08 3.335740e-01 
4.843261e-01 2.102191e-08 4.211380e-01 
4.840702e-01 2.084395e-08 3.491550e-01 
4.832237e-01 2.102094e-08 3.277060e-01 
4.826969e-01 2.101092e-08 3.317920e-01 
4.822585e-01 2.091907e-08 3.260030e-01 
4.818497e-01 2.082825e-08 3.246080e-01 
4.816912e-01 2.049527e-08 3.544580e-01 
4.811520e-01 2.068041e-08 3.304880e-01 
4.805510e-01 2.057794e-08 3.270210e-01 
4.802275e-01 2.042993e-08 3.335670e-01 
4.799639e-01 2.024877e-08 3.237940e-01 
4.795206e-01 2.017029e-08 3.256070e-01 
4.787115e-01 2.019082e-08 3.379880e-01 
4.784643e-01 2.011981e-08 3.280900e-01 
4.778900e-01 2.008023e-08 3.271510e-01 
4.778199e-01 1.980165e-08 3.276900e-01 
4.771135e-01 1.990238e-08 3.255870e-01 
4.766980e-01 1.978662e-08 3.252360e-01 
4.762524e-01 1.975454e-08 3.303990e-01 
4.758048e-01 1.964926e-08 3.239700e-01 
4.751053e-01 1.983402e-08 3.240560e-01 
4.747866e-01 1.958367e-08 3.323880e-01 
4.742462e-01 1.958893e-08 3.257560e-01 
4.737524e-01 1.951760e-08 3.259610e-01 
4.732646e-01 1.943947e-08 3.287330e-01 
4.729644e-01 1.918703e-08 3.300390e-01 
4.724279e-01 1.920685e-08 3.247070e-01 
4.723256e-01 1.891856e-08 3.393840e-01 
4.717623e-01 1.893863e-08 3.274930e-01 
4.712451e-01 1.889569e-08 3.256610e-01 
4.706030e-01 1.894443e-08 3.435670e-01 
4.706223e-01 1.864189e-08 3.230020e-01 
4.697173e-01 1.869618e-08 3.256270e-01 
4.694548e-01 1.865120e-08 3.341900e-01 
4.690176e-01 1.855866e-08 3.250030e-01 
4.684686e-01 1.848635e-08 3.241500e-01 
4.680491e-01 1.839520e-08 3.307070e-01 
4.676618e-01 1.825920e-08 3.265520e-01 
4.667594e-01 1.844003e-08 3.251170e-01 
4.666418e-01 1.810043e-08 3.295930e-01 
4.661580e-01 1.808002e-08 3.299850e-01 
4.656576e-01 1.809207e-08 3.253460e-01 
4.652600e-01 1.790331e-08 3.272420e-01 
4.644194e-01 1.802823e-08 3.952890e-01 
4.642927e-01 1.783903e-08 3.371070e-01 
4.637838e-01 1.791795e-08 3.317880e-01 
4.632900e-01 1.766569e-08 3.239430e-01 
4.627915e-01 1.765407e-08 3.233700e-01 
4.624456e-01 1.751333e-08 3.272680e-01 
4.621104e-01 1.740584e-08 3.297530e-01 
4.617085e-01 1.727747e-08 3.478470e-01 
4.609934e-01 1.740383e-08 3.387330e-01 
4.603351e-01 1.740986e-08 3.309700e-01 
4.600612e-01 1.722795e-08 3.265170e-01 
4.596693e-01 1.704350e-08 3.341570e-01 
4.589682e-01 1.711673e-08 3.296600e-01 
4.584263e-01 1.701283e-08 3.267070e-01 
4.582537e-01 1.695234e-08 3.317920e-01 
4.577089e-01 1.681406e-08 3.448400e-01 
4.571960e-01 1.671462e-08 3.422200e-01 
4.566912e-01 1.664475e-08 3.312410e-01 
4.563867e-01 1.652252e-08 3.303480e-01 
4.556776e-01 1.654502e-08 3.301500e-01 
4.553358e-01 1.645972e-08 3.361400e-01 
4.548951e-01 1.641372e-08 3.276550e-01 
4.545231e-01 1.629507e-08 3.248810e-01 
4.538655e-01 1.619504e-08 3.299530e-01 
4.532661e-01 1.616366e-08 3.235550e-01 
4.528953e-01 1.613025e-08 3.262620e-01 
4.526088e-01 1.584439e-08 3.469420e-01 
4.523062e-01 1.575088e-08 3.238590e-01 
4.517380e-01 1.573388e-08 3.242800e-01 
4.509210e-01 1.583629e-08 3.333930e-01 
4.502891e-01 1.579444e-08 3.253770e-01 
4.500537e-01 1.564551e-08 3.275090e-01 
4.500859e-01 1.530655e-08 3.337730e-01 
4.491675e-01 1.557251e-08 3.238940e-01 
4.487531e-01 1.538375e-08 3.241090e-01 
4.480865e-01 1.541683e-08 3.548370e-01 
4.477545e-01 1.528801e-08 3.652240e-01 
4.471962e-01 1.522262e-08 3.545530e-01 
4.470000e-01 1.501724e-08 3.267250e-01 
4.462898e-01 1.507837e-08 3.266700e-01 
4.458222e-01 1.493426e-08 3.305200e-01 
4.452437e-01 1.494370e-08 3.237300e-01 
4.449479e-01 1.476026e-08 3.293320e-01 
4.443808e-01 1.473235e-08 3.628770e-01 
4.438574e-01 1.474991e-08 3.392320e-01 
4.435430e-01 1.462366e-08 3.635190e-01 
4.427158e-01 1.467440e-08 3.531010e-01 
4.423339e-01 1.455839e-08 3.515180e-01 
4.416762e-01 1.466432e-08 4.458240e-01 
4.415333e-01 1.437345e-08 3.456480e-01 
4.411285e-01 1.421818e-08 3.419180e-01 
4.403488e-01 1.424737e-08 3.249720e-01 
4.401295e-01 1.414847e-08 3.307600e-01 
4.394989e-01 1.408546e-08 3.244680e-01 
4.391598e-01 1.392855e-08 3.247280e-01 
4.385387e-01 1.394623e-08 3.291130e-01 
4.381603e-01 1.377666e-08 3.414680e-01 
4.377789e-01 1.368772e-08 3.254980e-01 
4.372662e-01 1.372395e-08 3.297270e-01 
4.366279e-01 1.366131e-08 3.253480e-01 
4.361154e-01 1.359168e-08 3.257520e-01 
4.356182e-01 1.351837e-08 3.308570e-01 
4.351530e-01 1.343255e-08 3.264650e-01 
4.347418e-01 1.338630e-08 3.349400e-01 
4.342962e-01 1.328636e-08 3.356070e-01 
4.336613e-01 1.339202e-08 3.255490e-01 
4.333475e-01 1.317103e-08 3.245860e-01 
4.328662e-01 1.310945e-08 3.359500e-01 
4.325205e-01 1.306418e-08 3.269930e-01 
4.318122e-01 1.294924e-08 3.330710e-01 
4.313596e-01 1.295650e-08 3.521030e-01 
4.308625e-01 1.292733e-08 3.245800e-01 
4.303973e-01 1.282872e-08 3.249710e-01 
4.298478e-01 1.278593e-08 3.468130e-01 
4.294311e-01 1.265277e-08 3.264990e-01 
4.291040e-01 1.257685e-08 3.341170e-01 
4.283478e-01 1.262875e-08 3.347130e-01 
4.277234e-01 1.250657e-08 3.387230e-01 
4.274048e-01 1.249070e-08 3.478060e-01 
4.270167e-01 1.231053e-08 3.412730e-01 
4.264670e-01 1.226583e-08 3.467620e-01 
4.258269e-01 1.231262e-08 3.443700e-01 
4.254759e-01 1.217613e-08 3.413950e-01 
4.248788e-01 1.211394e-08 3.249800e-01 
4.246443e-01 1.205786e-08 3.250980e-01 
4.241112e-01 1.191477e-08 3.363710e-01 
4.236349e-01 1.179833e-08 3.251360e-01 
4.230289e-01 1.187044e-08 3.244780e-01 
4.225047e-01 1.177948e-08 3.276070e-01 
4.222127e-01 1.172512e-08 3.413190e-01 
4.216800e-01 1.167900e-08 3.266000e-01 
4.210742e-01 1.156635e-08 3.308210e-01 
4.206513e-01 1.146491e-08 3.233960e-01 
4.201805e-01 1.151580e-08 3.250060e-01 
4.198055e-01 1.131697e-08 3.289460e-01 
4.191771e-01 1.132967e-08 3.246530e-01 
4.186180e-01 1.130710e-08 3.310290e-01 
4.181906e-01 1.119440e-08 3.369180e-01 
4.178260e-01 1.110667e-08 3.246430e-01 
4.174630e-01 1.106279e-08 3.333510e-01 
4.167765e-01 1.108982e-08 3.334700e-01 
4.161980e-01 1.104790e-08 3.250930e-01 
4.157925e-01 1.091998e-08 3.290680e-01 
4.152184e-01 1.082594e-08 3.316610e-01 
4.150842e-01 1.079003e-08 3.241490e-01 
4.142934e-01 1.081399e-08 3.269110e-01 
4.139375e-01 1.062245e-08 3.317040e-01 
4.132986e-01 1.061979e-08 3.321580e-01 
4.130808e-01 1.046064e-08 3.265330e-01 
4.123934e-01 1.050777e-08 3.363950e-01 
4.118174e-01 1.042794e-08 3.254820e-01 
4.113745e-01 1.043396e-08 3.230620e-01 
4.109817e-01 1.034163e-08 3.332650e-01 
4.104787e-01 1.024471e-08 3.253590e-01 
4.102089e-01 1.016068e-08 3.318410e-01 
4.094045e-01 1.026582e-08 3.311630e-01 
4.092048e-01 1.006195e-08 3.257050e-01 
4.086253e-01 1.002020e-08 3.248280e-01 
4.081353e-01 9.937545e-09 3.335080e-01 
4.078719e-01 9.871124e-09 3.266810e-01 
4.069551e-01 9.956213e-09 3.269260e-01 
4.069203e-01 9.730557e-09 3.335150e-01 
4.061877e-01 9.780030e-09 3.422350e-01 
4.056162e-01 9.725506e-09 3.253430e-01 
4.051009e-01 9.672705e-09 3.312510e-01 
4.049225e-01 9.464209e-09 3.338770e-01 
4.041939e-01 9.555201e-09 3.358640e-01 
4.039649e-01 9.454227e-09 3.683870e-01 
4.033261e-01 9.398291e-09 3.308700e-01 
4.029496e-01 9.296176e-09 3.317360e-01 
4.025433e-01 9.260303e-09 3.276970e-01 
4.019313e-01 9.228985e-09 3.259390e-01 
4.015238e-01 9.195752e-09 3.284730e-01 
4.008326e-01 9.220455e-09 3.341140e-01 
4.006085e-01 9.036840e-09 3.249110e-01 
4.002602e-01 8.951253e-09 3.256170e-01 
3.995866e-01 8.963251e-09 3.384860e-01 
3.991558e-01 8.900662e-09 3.402340e-01 
3.989006e-01 8.769875e-09 3.387210e-01 
3.981903e-01 8.825417e-09 4.296840e-01 
3.976920e-01 8.738199e-09 4.228100e-01 
3.974407e-01 8.687873e-09 3.303440e-01 
3.966995e-01 8.692664e-09 3.388840e-01 
3.963708e-01 8.530106e-09 3.656040e-01 
3.960406e-01 8.444585e-09 3.537410e-01 
3.953254e-01 8.546574e-09 3.306880e-01 
3.949172e-01 8.484945e-09 3.317210e-01 
3.945762e-01 8.354849e-09 3.314490e-01 
3.939769e-01 8.423174e-09 3.258580e-01 
3.935951e-01 8.265358e-09 3.241330e-01 
3.931234e-01 8.261261e-09 3.378320e-01 
3.924434e-01 8.242977e-09 3.297770e-01 
3.919949e-01 8.173623e-09 3.268290e-01 
3.915415e-01 8.111603e-09 3.313390e-01 
3.911632e-01 8.143291e-09 3.267140e-01 
3.907142e-01 7.926708e-09 3.259690e-01 
3.900309e-01 8.015104e-09 3.276820e-01 
3.899090e-01 7.906410e-09 3.325990e-01 
3.892964e-01 7.876744e-09 3.270430e-01 
3.889059e-01 7.808224e-09 3.253200e-01 
3.882707e-01 7.866596e-09 3.345200e-01 
3.879356e-01 7.719462e-09 3.262940e-01 
3.874370e-01 7.645619e-09 3.257610e-01 
3.869966e-01 7.610577e-09 3.326380e-01 
3.865997e-01 7.564483e-09 3.266650e-01 
3.859888e-01 7.538644e-09 3.312850e-01 
3.856682e-01 7.508651e-09 3.380330e-01 
3.853329e-01 7.376349e-09 3.268850e-01 
3.845519e-01 7.504040e-09 3.319350e-01 
3.843498e-01 7.347486e-09 3.423130e-01 
3.839211e-01 7.217093e-09 3.307200e-01 
3.834357e-01 7.201997e-09 3.279720e-01 
3.830291e-01 7.201224e-09 3.359600e-01 
3.825922e-01 7.132234e-09 3.275900e-01 
3.819987e-01 7.103160e-09 3.293430e-01 
3.815349e-01 7.035509e-09 3.332790e-01 
3.810515e-01 7.058141e-09 3.279110e-01 
3.806190e-01 7.028679e-09 3.297300e-01 
3.801546e-01 6.914670e-09 3.529080e-01 
3.797782e-01 6.905090e-09 3.252540e-01 
3.794180e-01 6.737534e-09 3.265310e-01 
3.789229e-01 6.782544e-09 3.503610e-01 
3.783850e-01 6.725593e-09 3.379700e-01 
3.781158e-01 6.644434e-09 3.613670e-01 
3.775150e-01 6.673328e-09 3.431460e-01 
3.772031e-01 6.539023e-09 3.395790e-01 
3.765050e-01 6.652202e-09 3.335420e-01 
3.762022e-01 6.494243e-09 3.603160e-01 
3.756515e-01 6.529874e-09 3.380750e-01 
3.752495e-01 6.461762e-09 3.289920e-01 
3.749448e-01 6.379110e-09 3.260550e-01 
3.745815e-01 6.296789e-09 3.257630e-01 
3.738057e-01 6.438318e-09 3.336610e-01 
3.734690e-01 6.317369e-09 3.257830e-01 
3.730772e-01 6.260121e-09 3.244870e-01 
3.727986e-01 6.150500e-09 3.453900e-01 
3.721220e-01 6.212796e-09 3.306970e-01 
3.717137e-01 6.148812e-09 3.630920e-01 
3.712471e-01 6.082295e-09 3.296330e-01 
3.708208e-01 6.054906e-09 3.257590e-01 
3.703510e-01 6.067096e-09 3.252590e-01 
3.702154e-01 5.946665e-09 3.401700e-01 
3.696713e-01 5.908504e-09 3.313810e-01 
3.691263e-01 5.960229e-09 3.604660e-01 
3.686957e-01 5.838662e-09 3.384800e-01 
3.684084e-01 5.771223e-09 3.366560e-01 
3.677607e-01 5.808559e-09 3.364560e-01 
3.674965e-01 5.724103e-09 3.649810e-01 
3.670434e-01 5.645581e-09 3.564380e-01 
3.666076e-01 5.629635e-09 3.230100e-01 
3.662222e-01 5.575558e-09 3.452090e-01 
3.657958e-01 5.527027e-09 3.265440e-01 
3.652771e-01 5.577930e-09 3.473360e-01 
3.647520e-01 5.551964e-09 3.625680e-01 
3.644970e-01 5.414120e-09 4.129050e-01 
3.640138e-01 5.412891e-09 3.388230e-01 
3.636009e-01 5.387070e-09 3.347810e-01 
3.633044e-01 5.287142e-09 3.459170e-01 
3.629123e-01 5.225970e-09 3.574800e-01 
3.624018e-01 5.323538e-09 3.318950e-01 
3.621100e-01 5.179725e-09 3.258750e-01 
3.615444e-01 5.195575e-09 3.277630e-01 
3.611047e-01 5.154217e-09 3.230990e-01 
3.607129e-01 5.103268e-09 3.320830e-01 
3.603723e-01 5.048509e-09 3.331230e-01 
3.598298e-01 5.085189e-09 3.355250e-01 
3.593467e-01 5.085560e-09 3.337290e-01 
3.590613e-01 4.957588e-09 3.342190e-01 
3.586177e-01 4.963004e-09 3.328890e-01 
3.581734e-01 4.886001e-09 3.366830e-01 
3.578261e-01 4.869289e-09 4.455640e-01 
3.574265e-01 4.834750e-09 3.691620e-01 
3.569549e-01 4.785496e-09 3.543060e-01 
3.566724e-01 4.717207e-09 3.330170e-01 
3.561349e-01 4.729130e-09 3.245120e-01 
3.557611e-01 4.749811e-09 3.276360e-01 
3.555871e-01 4.609039e-09 3.293710e-01 
3.549551e-01 4.680936e-09 3.391570e-01 
3.545507e-01 4.645720e-09 3.324420e-01 
3.541470e-01 4.551968e-09 3.639750e-01 
3.537293e-01 4.622077e-09 3.329940e-01 
3.533670e-01 4.501971e-09 3.242740e-01 
3.529603e-01 4.501033e-09 3.356370e-01 
3.526638e-01 4.429915e-09 3.268920e-01 
3.521035e-01 4.453463e-09 3.259460e-01 
3.517461e-01 4.406794e-09 3.306480e-01 
3.513072e-01 4.362813e-09 3.233140e-01 
3.509109e-01 4.355551e-09 3.237780e-01 
3.505123e-01 4.303567e-09 3.305970e-01 
3.501348e-01 4.287415e-09 3.254260e-01 
3.497677e-01 4.265367e-09 3.261290e-01 
3.493258e-01 4.259104e-09 3.410680e-01 
3.489511e-01 4.181566e-09 3.573590e-01 
3.485920e-01 4.164813e-09 3.420940e-01 
3.481228e-01 4.160250e-09 3.318810e-01 
3.477755e-01 4.106076e-09 3.315840e-01 
3.475214e-01 4.039842e-09 3.252690e-01 
3.469539e-01 4.067971e-09 3.361570e-01 
3.465199e-01 4.082236e-09 3.336220e-01 
3.461436e-01 4.010824e-09 3.373420e-01 
3.458870e-01 3.952399e-09 3.599950e-01 
3.455157e-01 3.912446e-09 3.375150e-01 
3.451210e-01 3.872650e-09 3.244700e-01 
3.446310e-01 3.919904e-09 3.284730e-01 
3.443549e-01 3.845417e-09 3.246730e-01 
3.440913e-01 3.791373e-09 3.256640e-01 
3.435610e-01 3.807232e-09 3.301010e-01 
3.432305e-01 3.749865e-09 3.251370e-01 
3.427318e-01 3.748962e-09 3.240360e-01 
3.424168e-01 3.724358e-09 3.298000e-01 
3.421676e-01 3.645876e-09 3.399730e-01 
3.417244e-01 3.631186e-09 3.348510e-01 
3.413647e-01 3.627629e-09 3.683060e-01 
3.408544e-01 3.618709e-09 3.428110e-01 
3.405802e-01 3.573326e-09 3.240680e-01 
3.401281e-01 3.555225e-09 3.277290e-01 
3.398898e-01 3.532768e-09 3.271980e-01 
3.393753e-01 3.499763e-09 3.240360e-01 
3.389334e-01 3.516511e-09 3.315130e-01 
3.387743e-01 3.408870e-09 3.260530e-01 
3.383060e-01 3.432167e-09 3.417940e-01 
3.378868e-01 3.438967e-09 3.304860e-01 
3.376657e-01 3.367575e-09 3.280790e-01 
3.373122e-01 3.316652e-09 3.248580e-01 
3.368024e-01 3.344368e-09 3.393180e-01 
3.364764e-01 3.324668e-09 3.319020e-01 
3.360869e-01 3.288576e-09 3.377310e-01 
3.358404e-01 3.244919e-09 3.637440e-01 
3.355303e-01 3.186299e-09 3.371420e-01 
3.351052e-01 3.196050e-09 3.268280e-01 
3.346928e-01 3.196888e-09 3.303040e-01 
3.344740e-01 3.114524e-09 3.240210e-01 
3.340593e-01 3.134650e-09 3.255940e-01 
3.337348e-01 3.117488e-09 3.305510e-01 
3.334212e-01 3.065922e-09 3.410230e-01 
3.329700e-01 3.057584e-09 3.268830e-01 
3.325856e-01 3.033934e-09 3.480970e-01 
3.322854e-01 3.022782e-09 3.465940e-01 
3.319605e-01 3.008952e-09 3.333640e-01 
3.316446e-01 2.952899e-09 3.418220e-01 
3.312428e-01 2.926179e-09 3.663750e-01 
3.309356e-01 2.904071e-09 3.365560e-01 
3.305756e-01 2.898247e-09 3.468120e-01 
3.301995e-01 2.891086e-09 3.351630e-01 
3.298386e-01 2.853221e-09 3.435200e-01 
3.294382e-01 2.882912e-09 3.336050e-01 
3.290323e-01 2.890859e-09 4.297130e-01 
3.287544e-01 2.799299e-09 3.511950e-01 
3.283841e-01 2.802962e-09 3.274030e-01 
3.281419e-01 2.758055e-09 3.269840e-01 
3.277117e-01 2.746492e-09 3.310460e-01 
3.274787e-01 2.727909e-09 3.268100e-01 
3.271226e-01 2.706933e-09 3.258910e-01 
3.267561e-01 2.686525e-09 3.450550e-01 
3.262871e-01 2.706049e-09 3.394950e-01 
3.260868e-01 2.643168e-09 3.644120e-01 
3.257726e-01 2.630676e-09 3.315740e-01 
3.253552e-01 2.638548e-09 3.266060e-01 
3.250675e-01 2.591744e-09 3.263860e-01 
3.247388e-01 2.550471e-09 3.300660e-01 
3.243942e-01 2.572320e-09 3.522120e-01 
3.241086e-01 2.508965e-09 4.210210e-01 
3.238035e-01 2.496601e-09 3.352060e-01 
3.234672e-01 2.500895e-09 3.252820e-01 
3.231811e-01 2.445484e-09 3.276370e-01 
3.229284e-01 2.413524e-09 3.314270e-01 
3.225699e-01 2.413250e-09 3.263510e-01 
3.221061e-01 2.465830e-09 3.262000e-01 
3.218403e-01 2.404915e-09 3.294660e-01 
3.215144e-01 2.401379e-09 3.256290e-01 
3.212314e-01 2.372950e-09 3.297460e-01 
3.209359e-01 2.319928e-09 3.739080e-01 
3.205375e-01 2.323479e-09 3.260930e-01 
3.201914e-01 2.349057e-09 4.004620e-01 
3.199043e-01 2.296718e-09 3.547530e-01 
3.196680e-01 2.255644e-09 3.459080e-01 
3.193694e-01 2.221458e-09 3.354300e-01 
3.190512e-01 2.227801e-09 3.349880e-01 
3.187171e-01 2.213338e-09 3.612900e-01 
3.183953e-01 2.212923e-09 3.488700e-01 
3.180537e-01 2.218437e-09 3.269850e-01 
3.177488e-01 2.195509e-09 3.309570e-01 
3.174726e-01 2.159510e-09 3.307020e-01 
3.171226e-01 2.143829e-09 3.259480e-01 
3.169080e-01 2.104185e-09 3.297500e-01 
3.165597e-01 2.107403e-09 3.574360e-01 
3.162042e-01 2.110120e-09 3.289330e-01 
3.160168e-01 2.073627e-09 3.313750e-01 
3.156288e-01 2.036679e-09 3.379740e-01 
3.153873e-01 2.022668e-09 3.399240e-01 
3.149740e-01 2.052406e-09 3.557970e-01 
3.147922e-01 1.997453e-09 3.337480e-01 
3.144344e-01 1.992559e-09 3.251050e-01 
3.141004e-01 2.002720e-09 3.275270e-01 
3.138356e-01 1.965023e-09 3.310320e-01 
3.135970e-01 1.933707e-09 3.260760e-01 
3.132309e-01 1.938489e-09 3.254080e-01 
3.130079e-01 1.900972e-09 3.502520e-01 
3.126445e-01 1.919010e-09 3.291540e-01 
3.124064e-01 1.873570e-09 3.272250e-01 
3.121169e-01 1.871850e-09 3.664570e-01 
3.118124e-01 1.854719e-09 3.346870e-01 
3.114886e-01 1.852915e-09 3.712900e-01 
3.112790e-01 1.822658e-09 3.329380e-01 
3.109543e-01 1.827040e-09 3.380020e-01 
3.106327e-01 1.821654e-09 3.333920e-01 
3.103781e-01 1.780646e-09 3.468900e-01 
3.100589e-01 1.785767e-09 3.484810e-01 
3.098341e-01 1.765047e-09 3.307850e-01 
3.094779e-01 1.785824e-09 3.296490e-01 
3.092748e-01 1.724682e-09 3.391010e-01 
3.089714e-01 1.709405e-09 3.440790e-01 
3.086930e-01 1.715792e-09 3.370540e-01 
3.084140e-01 1.701371e-09 3.237150e-01 
3.081020e-01 1.692511e-09 3.464840e-01 
3.078636e-01 1.665413e-09 3.541040e-01 
3.075382e-01 1.657468e-09 3.341380e-01 
3.073059e-01 1.646176e-09 3.267350e-01 
3.069415e-01 1.677468e-09 3.324120e-01 
3.067513e-01 1.622622e-09 3.413880e-01 
3.064289e-01 1.620482e-09 3.471010e-01 
3.062381e-01 1.602056e-09 3.463160e-01 
3.059442e-01 1.578582e-09 3.301610e-01 
3.056914e-01 1.566540e-09 3.433800e-01 
3.054141e-01 1.556029e-09 3.357590e-01 
3.051439e-01 1.551674e-09 3.392030e-01 
3.048985e-01 1.527321e-09 3.264140e-01 
3.046030e-01 1.542356e-09 3.315190e-01 
3.043409e-01 1.517440e-09 3.260580e-01 
3.039833e-01 1.519587e-09 3.243840e-01 
3.038156e-01 1.488784e-09 3.375950e-01 
3.035220e-01 1.490780e-09 3.358710e-01 
3.032748e-01 1.471428e-09 3.569150e-01 
3.029951e-01 1.444404e-09 3.430790e-01 
3.027866e-01 1.424337e-09 3.275690e-01 
3.024653e-01 1.442975e-09 3.261230e-01 
3.022548e-01 1.423099e-09 3.432090e-01 
3.020552e-01 1.387391e-09 3.306440e-01 
3.018003e-01 1.395635e-09 3.327570e-01 
3.015190e-01 1.392436e-09 3.378340e-01 
3.012554e-01 1.370315e-09 3.605670e-01 
3.009250e-01 1.394266e-09 3.468990e-01 
3.007221e-01 1.369062e-09 3.263120e-01 
3.004725e-01 1.346480e-09 3.294690e-01 
3.002194e-01 1.340506e-09 4.091710e-01 
3.000293e-01 1.322115e-09 3.690670e-01 
2.997113e-01 1.332960e-09 3.248670e-01 
2.995421e-01 1.299596e-09 3.319770e-01 
2.992231e-01 1.307577e-09 3.351480e-01 
2.989492e-01 1.305168e-09 3.351750e-01 
2.987252e-01 1.279428e-09 3.900580e-01 
2.985745e-01 1.231504e-09 3.896390e-01 
2.982765e-01 1.260623e-09 3.343060e-01 
2.981093e-01 1.226165e-09 3.448450e-01 
2.977864e-01 1.239341e-09 3.399170e-01 
2.975647e-01 1.227025e-09 3.356830e-01 
2.973067e-01 1.233899e-09 3.476070e-01 
2.970792e-01 1.207880e-09 3.429910e-01 
2.968920e-01 1.183994e-09 3.333080e-01 
2.965458e-01 1.206958e-09 3.277740e-01 
2.963576e-01 1.182500e-09 3.250420e-01 
2.961575e-01 1.164821e-09 3.258810e-01 
2.958424e-01 1.178769e-09 3.281680e-01 
2.956348e-01 1.170942e-09 3.272770e-01 
2.954041e-01 1.146365e-09 3.426750e-01 
2.952162e-01 1.121560e-09 3.403400e-01 
2.949183e-01 1.162221e-09 3.567880e-01 
2.946598e-01 1.151379e-09 3.375850e-01 
2.944840e-01 1.108642e-09 3.235540e-01 
2.942340e-01 1.122739e-09 3.258360e-01 
2.940314e-01 1.103187e-09 3.460310e-01 
2.938151e-01 1.088461e-09 3.322670e-01 
2.936205e-01 1.073331e-09 3.397590e-01 
2.933450e-01 1.079749e-09 3.568310e-01 
2.931349e-01 1.078636e-09 3.376860e-01 
2.929153e-01 1.049420e-09 3.449150e-01 
2.927416e-01 1.046558e-09 3.485400e-01 
2.924903e-01 1.042254e-09 3.632670e-01 
2.922437e-01 1.031300e-09 3.269070e-01 
2.919966e-01 1.039153e-09 3.480300e-01 
2.917756e-01 1.035068e-09 3.452930e-01 
2.915991e-01 1.029983e-09 3.612590e-01 
2.913769e-01 1.016161e-09 3.326350e-01 
2.912086e-01 9.661922e-10 3.253180e-01 
2.908806e-01 1.005659e-09 3.236550e-01 
2.907017e-01 9.812336e-10 3.338030e-01 
2.904911e-01 9.748075e-10 3.263920e-01 
2.903023e-01 9.641415e-10 3.247540e-01 
2.901057e-01 9.553326e-10 3.301570e-01 
2.898619e-01 9.625309e-10 3.267460e-01 
2.896159e-01 9.533853e-10 3.264700e-01 
2.894401e-01 9.458020e-10 3.331410e-01 
2.891945e-01 9.411277e-10 3.283300e-01 
2.890805e-01 9.116445e-10 3.488030e-01 
2.887826e-01 9.333247e-10 3.303520e-01 
2.886101e-01 8.995812e-10 3.245880e-01 
2.883948e-01 9.187378e-10 3.260500e-01 
2.881947e-01 9.107202e-10 3.484510e-01 
2.880152e-01 8.949517e-10 3.285120e-01 
2.877712e-01 8.885466e-10 3.614620e-01 
2.876145e-01 8.679480e-10 3.369170e-01 
2.873843e-01 8.822910e-10 3.240060e-01 
2.871606e-01 8.733063e-10 3.270830e-01 
2.869994e-01 8.605706e-10 3.315980e-01 
2.868034e-01 8.360118e-10 3.326220e-01 
2.865311e-01 8.561716e-10 3.260950e-01 
2.863641e-01 8.423327e-10 3.306510e-01 
2.861609e-01 8.346027e-10 3.248850e-01 
2.859649e-01 8.384756e-10 3.254200e-01 
2.857890e-01 8.167767e-10 3.398270e-01 
2.856182e-01 8.002195e-10 3.303510e-01 
2.854298e-01 8.115450e-10 3.239230e-01 
2.852293e-01 7.861802e-10 3.319540e-01 
2.849999e-01 8.017486e-10 3.263740e-01 
2.848622e-01 7.806235e-10 3.296470e-01 
2.846241e-01 7.908203e-10 3.350900e-01 
2.844163e-01 7.794371e-10 3.247460e-01 
2.842495e-01 7.856659e-10 3.252860e-01 
2.840187e-01 7.913935e-10 3.326740e-01 
2.838510e-01 7.695994e-10 3.239480e-01 
2.836349e-01 7.683516e-10 3.265820e-01 
2.835408e-01 7.437375e-10 3.632920e-01 
2.833053e-01 7.444084e-10 3.321660e-01 
2.831240e-01 7.372973e-10 3.529720e-01 
2.829304e-01 7.371577e-10 3.430710e-01 
2.827637e-01 7.254233e-10 3.238080e-01 
2.825553e-01 7.380784e-10 3.230880e-01 
2.823553e-01 7.285229e-10 3.320950e-01 
2.821397e-01 7.390026e-10 3.264130e-01 
2.820081e-01 7.116283e-10 3.235640e-01 
2.817996e-01 7.133384e-10 3.320760e-01 
2.816886e-01 6.930873e-10 3.262860e-01 
2.814978e-01 6.817926e-10 3.266180e-01 
2.812945e-01 7.009298e-10 3.309970e-01 
2.811281e-01 6.775007e-10 3.251480e-01 
2.809205e-01 6.909285e-10 3.246220e-01 
2.807628e-01 6.783791e-10 3.316080e-01 
2.805678e-01 6.871308e-10 3.324420e-01 
2.804183e-01 6.616351e-10 3.324860e-01 
2.802713e-01 6.493575e-10 3.358010e-01 
2.800711e-01 6.652128e-10 3.301790e-01 
2.799004e-01 6.517519e-10 4.265900e-01 
2.797373e-01 6.374916e-10 3.939470e-01 
2.795636e-01 6.441253e-10 3.273010e-01 
2.794181e-01 6.301191e-10 3.275950e-01 
2.792352e-01 6.342623e-10 3.517450e-01 
2.790454e-01 6.339865e-10 3.420250e-01 
2.788559e-01 6.335218e-10 3.503370e-01 
2.786548e-01 6.353010e-10 3.308990e-01 
2.785618e-01 6.113795e-10 3.263760e-01 
2.783562e-01 6.186047e-10 3.247160e-01 
2.782164e-01 6.052531e-10 3.454440e-01 
2.780187e-01 6.172222e-10 3.255000e-01 
2.778878e-01 5.895737e-10 3.383750e-01 
2.776580e-01 6.264899e-10 3.432420e-01 
2.775457e-01 5.899866e-10 3.559050e-01 
2.773761e-01 5.970023e-10 3.432440e-01 
2.772462e-01 5.840398e-10 3.507130e-01 
2.770812e-01 5.746198e-10 3.538570e-01 
2.768844e-01 5.895526e-10 3.277150e-01 
2.767518e-01 5.706271e-10 3.251020e-01 
2.765864e-01 5.658323e-10 3.372720e-01 
2.763766e-01 5.738233e-10 3.519050e-01 
2.762627e-01 5.682078e-10 3.501510e-01 
2.761025e-01 5.599668e-10 3.324600e-01 
2.758957e-01 5.641481e-10 3.281680e-01 
2.757790e-01 5.475303e-10 3.327870e-01 
2.756213e-01 5.396887e-10 3.260300e-01 
2.754559e-01 5.433275e-10 3.362190e-01 
2.753046e-01 5.430808e-10 3.233960e-01 
2.751359e-01 5.529456e-10 3.249660e-01 
2.749723e-01 5.483692e-10 3.285010e-01 
2.748421e-01 5.284690e-10 3.267660e-01 
2.747190e-01 5.223642e-10 3.260740e-01 
2.745332e-01 5.233876e-10 3.325510e-01 
2.743819e-01 5.331024e-10 3.244570e-01 
2.742483e-01 5.165905e-10 3.225440e-01 
2.740970e-01 5.228964e-10 3.249030e-01 
2.739384e-01 5.246578e-10 3.411330e-01 
2.738084e-01 5.078087e-10 3.293230e-01 
2.736320e-01 5.171613e-10 3.252730e-01 
2.734611e-01 5.150265e-10 3.317690e-01 
2.733703e-01 4.917196e-10 3.295900e-01 
2.731929e-01 4.985154e-10 3.261490e-01 
2.730830e-01 4.911692e-10 3.309080e-01 
2.729464e-01 4.860301e-10 3.466850e-01 
2.727688e-01 4.803655e-10 3.447860e-01 
2.726018e-01 4.972432e-10 3.538210e-01 
2.725007e-01 4.801453e-10 3.256620e-01 
2.723757e-01 4.830666e-10 3.309800e-01 
2.722140e-01 4.681451e-10 3.322040e-01 
2.720741e-01 4.706672e-10 3.339720e-01 
2.719215e-01 4.822690e-10 3.409770e-01 
2.717847e-01 4.611745e-10 3.525470e-01 
2.716531e-01 4.525618e-10 3.301360e-01 
2.715408e-01 4.467709e-10 3.460960e-01 
2.713717e-01 4.571638e-10 3.267240e-01 
2.712352e-01 4.562023e-10 3.389880e-01 
2.710984e-01 4.512934e-10 3.336090e-01 
2.709329e-01 4.512446e-10 3.271050e-01 
2.708096e-01 4.510160e-10 3.260570e-01 
2.706875e-01 4.386057e-10 3.296610e-01 
2.705800e-01 4.405547e-10 3.262210e-01 
2.704080e-01 4.419738e-10 3.388290e-01 
2.702542e-01 4.429112e-10 3.581630e-01 
2.701739e-01 4.209907e-10 3.841510e-01 
2.700490e-01 4.190156e-10 3.295180e-01 
2.699221e-01 4.218241e-10 3.285480e-01 
2.697948e-01 4.158956e-10 3.278080e-01 
2.696393e-01 4.210884e-10 3.259080e-01 
2.695326e-01 4.164213e-10 3.360030e-01 
2.693632e-01 4.143817e-10 3.285670e-01 
2.692600e-01 4.165860e-10 3.404710e-01 
2.691570e-01 4.098279e-10 3.416790e-01 
2.689824e-01 4.151617e-10 3.425750e-01 
2.688520e-01 4.070373e-10 3.394120e-01 
2.687366e-01 4.109640e-10 3.372310e-01 
2.685912e-01 4.054730e-10 3.258940e-01 
2.684916e-01 3.994240e-10 3.293730e-01 
2.683800e-01 3.897744e-10 3.521680e-01 
2.682390e-01 3.979627e-10 3.259170e-01 
2.681060e-01 3.897782e-10 3.489770e-01 
2.679620e-01 3.980279e-10 3.445580e-01 
2.678648e-01 3.977988e-10 3.669290e-01 
2.677742e-01 3.794278e-10 3.278390e-01 
2.676275e-01 3.807198e-10 3.319310e-01 
2.674869e-01 3.845735e-10 3.449120e-01 
2.673911e-01 3.772818e-10 3.330270e-01 
2.672386e-01 3.864449e-10 3.539850e-01 
2.671270e-01 3.821102e-10 3.300120e-01 
2.670082e-01 3.722800e-10 3.422910e-01 
2.668496e-01 3.845209e-10 4.035640e-01 
2.667333e-01 3.813893e-10 4.349230e-01 
2.667100e-01 3.492788e-10 3.336340e-01 
2.665511e-01 3.688484e-10 3.283060e-01 
2.664515e-01 3.556824e-10 3.458360e-01 
2.663475e-01 3.506981e-10 3.432730e-01 
2.662171e-01 3.529470e-10 3.593320e-01 
2.660715e-01 3.685747e-10 3.263680e-01 
2.659254e-01 3.698871e-10 3.377580e-01 
2.658623e-01 3.484718e-10 3.379700e-01 
2.657469e-01 3.562254e-10 3.535840e-01 
2.656409e-01 3.455822e-10 3.712190e-01 
2.655337e-01 3.514339e-10 3.245980e-01 
2.653794e-01 3.558157e-10 3.266080e-01 
2.652862e-01 3.430088e-10 3.339430e-01 
2.651565e-01 3.440167e-10 3.263000e-01 
2.650687e-01 3.422007e-10 3.244630e-01 
2.649652e-01 3.362524e-10 3.319480e-01 
2.648589e-01 3.313103e-10 3.247230e-01 
2.647496e-01 3.329490e-10 3.246930e-01 
2.646273e-01 3.272152e-10 3.285350e-01 
2.645429e-01 3.234224e-10 3.287900e-01 
2.644267e-01 3.298235e-10 3.269140e-01 
2.643063e-01 3.294627e-10 3.315930e-01 
2.642236e-01 3.211748e-10 3.261880e-01 
2.641114e-01 3.218342e-10 3.333920e-01 
2.639882e-01 3.294235e-10 3.324510e-01 
2.638690e-01 3.223680e-10 3.328480e-01 
2.637811e-01 3.227575e-10 3.263740e-01 
2.636797e-01 3.103074e-10 3.359510e-01 
2.635660e-01 3.228218e-10 3.289810e-01 
2.634804e-01 3.226985e-10 3.275800e-01 
2.633588e-01 3.166841e-10 3.310210e-01 
2.632590e-01 3.128773e-10 3.262430e-01 
2.631624e-01 3.135991e-10 3.270100e-01 
2.630444e-01 3.181746e-10 3.452120e-01 
2.629417e-01 3.168546e-10 3.473540e-01 
2.628384e-01 3.105886e-10 3.401930e-01 
2.627525e-01 3.083194e-10 3.491450e-01 
2.626660e-01 3.053917e-10 3.374690e-01 
2.625195e-01 3.159100e-10 3.540400e-01 
2.624360e-01 3.062599e-10 3.306860e-01 
2.623482e-01 2.998661e-10 3.319040e-01 
2.622374e-01 3.032208e-10 3.285310e-01 
2.621346e-01 3.010354e-10 3.296300e-01 
2.620643e-01 2.920061e-10 3.259820e-01 
2.619646e-01 2.924922e-10 3.300370e-01 
2.618559e-01 2.943397e-10 3.305090e-01 
2.617489e-01 2.990771e-10 3.273400e-01 
2.616767e-01 2.965055e-10 3.252510e-01 
2.615569e-01 3.014835e-10 3.279020e-01 
2.614724e-01 2.975598e-10 3.256690e-01 
2.613604e-01 2.924232e-10 3.256840e-01 
2.613031e-01 2.953642e-10 3.339350e-01 
2.611673e-01 2.964617e-10 3.322310e-01 
2.610627e-01 2.868618e-10 3.459820e-01 
2.609831e-01 2.849752e-10 3.492650e-01 
2.609033e-01 2.762279e-10 3.732030e-01 
2.608121e-01 2.809267e-10 3.293570e-01 
2.607207e-01 2.835664e-10 3.300130e-01 
2.606308e-01 2.810264e-10 3.259690e-01 
2.605061e-01 2.820256e-10 3.262100e-01 
2.604538e-01 2.730338e-10 3.297170e-01 
2.603462e-01 2.751132e-10 3.264120e-01 
2.602502e-01 2.827579e-10 3.260030e-01 
2.601583e-01 2.738572e-10 3.375450e-01 
2.601070e-01 2.768885e-10 3.418650e-01 
2.599977e-01 2.725641e-10 3.482730e-01 
2.599080e-01 2.731206e-10 3.593640e-01 
2.598311e-01 2.634099e-10 3.268730e-01 
2.597602e-01 2.598967e-10 3.259950e-01 
2.596457e-01 2.704251e-10 3.300250e-01 
2.595615e-01 2.719788e-10 3.241890e-01 
2.594793e-01 2.705931e-10 3.250700e-01 
2.593909e-01 2.607931e-10 3.274320e-01 
2.593103e-01 2.615778e-10 3.250290e-01 
2.592184e-01 2.646120e-10 3.251370e-01 
2.591354e-01 2.579103e-10 3.302760e-01 
2.590512e-01 2.589855e-10 3.246940e-01 
2.589695e-01 2.636717e-10 3.346600e-01 
2.588846e-01 2.499165e-10 3.392460e-01 
2.588029e-01 2.532961e-10 3.274430e-01 
2.587344e-01 2.528386e-10 3.270810e-01 
2.586747e-01 2.431135e-10 3.698110e-01 
2.585693e-01 2.581874e-10 3.465530e-01 
2.584704e-01 2.460720e-10 3.565560e-01 
2.584145e-01 2.487388e-10 3.320870e-01 
2.583391e-01 2.411239e-10 3.386180e-01 
2.582404e-01 2.472196e-10 3.504350e-01 
2.581565e-01 2.476024e-10 3.325580e-01 
2.580626e-01 2.611021e-10 3.244910e-01 
2.579720e-01 2.608257e-10 4.009000e-01 
2.578765e-01 2.586074e-10 4.490290e-01 
2.578507e-01 2.460968e-10 3.697260e-01 
2.577638e-01 2.394762e-10 3.360760e-01 
2.576606e-01 2.468516e-10 3.290290e-01 
2.576114e-01 2.419984e-10 3.251320e-01 
2.575323e-01 2.480364e-10 3.310630e-01 
2.574362e-01 2.446723e-10 3.298670e-01 
2.573832e-01 2.389129e-10 3.272460e-01 
2.573036e-01 2.400648e-10 3.314090e-01 
2.572139e-01 2.417566e-10 3.241600e-01 
2.571572e-01 2.328933e-10 3.236040e-01 
2.570702e-01 2.321410e-10 3.301100e-01 
2.570100e-01 2.261770e-10 3.299470e-01 
2.569218e-01 2.352303e-10 3.247310e-01 
2.568410e-01 2.400105e-10 3.382110e-01 
2.567630e-01 2.399649e-10 3.261980e-01 
2.567243e-01 2.300600e-10 3.291500e-01 
2.566547e-01 2.281266e-10 3.320970e-01 
2.565343e-01 2.363433e-10 3.254830e-01 
2.564832e-01 2.317699e-10 3.305030e-01 
2.564139e-01 2.304596e-10 3.390590e-01 
2.563609e-01 2.234775e-10 3.292520e-01 
2.562699e-01 2.264069e-10 3.384100e-01 
2.561831e-01 2.378511e-10 3.319540e-01 
2.561264e-01 2.192328e-10 3.308420e-01 
2.560328e-01 2.385305e-10 3.271670e-01 
2.559730e-01 2.327556e-10 3.401230e-01 
2.559177e-01 2.217013e-10 3.250140e-01 
2.558681e-01 2.187922e-10 3.286140e-01 
2.557779e-01 2.273409e-10 3.320130e-01 
2.557067e-01 2.237797e-10 3.314570e-01 
2.556490e-01 2.183191e-10 3.266110e-01 
2.555725e-01 2.235133e-10 3.600740e-01 
2.554963e-01 2.204020e-10 3.577250e-01 
2.554324e-01 2.276948e-10 3.456740e-01 
2.553996e-01 2.175981e-10 3.316000e-01 
2.553138e-01 2.175007e-10 3.549690e-01 
2.552420e-01 2.255543e-10 3.299200e-01 
2.551793e-01 2.158556e-10 3.326560e-01 
2.550845e-01 2.243439e-10 3.245960e-01 
2.550460e-01 2.164687e-10 3.294890e-01 
2.549942e-01 2.131495e-10 3.304360e-01 
2.549122e-01 2.176136e-10 3.245200e-01 
2.548296e-01 2.168727e-10 3.254380e-01 
2.547422e-01 2.247089e-10 3.332450e-01 
2.547127e-01 2.095709e-10 3.251550e-01 
2.546184e-01 2.224987e-10 3.276580e-01 
2.545929e-01 2.204890e-10 3.332530e-01 
2.545063e-01 2.127724e-10 3.248340e-01 
2.544845e-01 2.044498e-10 3.239710e-01 
2.544098e-01 2.130300e-10 3.419750e-01 
2.543260e-01 2.139027e-10 3.264690e-01 
2.542948e-01 2.089912e-10 3.325880e-01 
2.542093e-01 2.072046e-10 3.365340e-01 
2.541752e-01 2.072422e-10 3.471140e-01 
2.540800e-01 2.169268e-10 3.306180e-01 
2.540691e-01 1.969009e-10 3.829930e-01 
2.539822e-01 2.053345e-10 3.322630e-01 
2.539287e-01 2.014819e-10 3.255950e-01 
2.538863e-01 2.002498e-10 3.284630e-01 
2.537802e-01 2.053226e-10 3.325940e-01 
2.537144e-01 2.151660e-10 3.236950e-01 
2.536836e-01 2.044498e-10 3.311830e-01 
2.536065e-01 2.129369e-10 3.264190e-01 
2.535639e-01 2.035821e-10 3.295130e-01 
2.534761e-01 2.077727e-10 3.290990e-01 
2.534061e-01 2.088678e-10 3.237810e-01 
2.533860e-01 2.024275e-10 3.233640e-01 
2.533403e-01 1.925901e-10 3.501620e-01 
2.532818e-01 1.982594e-10 3.261210e-01 
2.531871e-01 2.064108e-10 3.355830e-01 
2.531453e-01 2.022351e-10 3.399730e-01 
2.530876e-01 2.034458e-10 3.244320e-01 
2.530351e-01 1.979320e-10 3.273780e-01 
2.529819e-01 1.997753e-10 3.465340e-01 
2.529258e-01 1.986962e-10 3.258400e-01 
2.528543e-01 2.009974e-10 3.248730e-01 
2.528078e-01 2.001505e-10 3.511610e-01 
2.527749e-01 1.942345e-10 3.285440e-01 
2.526914e-01 2.026947e-10 3.520110e-01 
2.526613e-01 1.987471e-10 3.508170e-01 
2.526132e-01 1.939269e-10 3.310810e-01 
2.525333e-01 2.041618e-10 3.531570e-01 
2.524978e-01 1.956480e-10 3.325810e-01 
2.524466e-01 1.945219e-10 3.266050e-01 
2.523523e-01 2.049647e-10 3.265420e-01 
2.523144e-01 1.998208e-10 3.363450e-01 
2.522746e-01 1.956575e-10 3.252710e-01 
2.522214e-01 1.986772e-10 3.264910e-01 
2.522024e-01 1.842256e-10 3.323430e-01 
2.521157e-01 1.889194e-10 3.677850e-01 
2.520567e-01 1.908874e-10 4.307490e-01 
2.520175e-01 1.948065e-10 3.363910e-01 
2.519564e-01 1.976192e-10 3.261540e-01 
2.519195e-01 1.932663e-10 3.255630e-01 
2.518806e-01 1.901884e-10 3.283430e-01 
2.518207e-01 1.939063e-10 3.245850e-01 
2.517664e-01 1.938038e-10 3.276130e-01 
2.516992e-01 1.960914e-10 3.317420e-01 
2.516545e-01 1.934273e-10 3.283650e-01 
2.516284e-01 1.916588e-10 3.385280e-01 
2.515432e-01 1.991256e-10 3.393900e-01 
2.515036e-01 1.892939e-10 3.618600e-01 
2.514645e-01 1.886165e-10 3.271890e-01 
2.514101e-01 1.926238e-10 3.296270e-01 
2.513603e-01 1.884255e-10 3.267250e-01 
2.513265e-01 1.880964e-10 3.282880e-01 
2.512607e-01 1.907362e-10 3.317260e-01 
2.512035e-01 1.918676e-10 3.236150e-01 
2.511762e-01 1.831730e-10 3.261760e-01 
2.511362e-01 1.915503e-10 3.297760e-01 
2.510755e-01 1.905021e-10 3.244040e-01 
2.510212e-01 1.931567e-10 3.268410e-01 
2.509852e-01 1.853267e-10 3.266910e-01 
2.509138e-01 2.006099e-10 3.243460e-01 
2.508995e-01 1.855738e-10 3.247040e-01 
2.508377e-01 1.973429e-10 3.413320e-01 
2.508061e-01 1.876216e-10 3.472980e-01 
2.507350e-01 1.912245e-10 3.510760e-01 
2.507238e-01 1.775608e-10 3.448710e-01 
2.506600e-01 1.869933e-10 3.295430e-01 
2.506130e-01 1.847778e-10 3.270060e-01 
2.505901e-01 1.837389e-10 3.290900e-01 
2.505322e-01 1.845173e-10 3.257610e-01 
2.504514e-01 1.902146e-10 3.240910e-01 
2.504500e-01 1.846950e-10 3.310080e-01 
2.503907e-01 1.831731e-10 3.247110e-01 
2.503436e-01 1.880952e-10 3.256430e-01 
2.502975e-01 1.796898e-10 3.297730e-01 
2.502729e-01 1.850301e-10 3.258090e-01 
2.502137e-01 1.819079e-10 3.281390e-01 
2.501631e-01 1.883055e-10 3.411770e-01 
2.501288e-01 1.867562e-10 3.282000e-01 
2.500813e-01 1.829371e-10 3.433760e-01 
2.500526e-01 1.805324e-10 3.423200e-01 
2.499978e-01 1.879186e-10 3.740390e-01 
2.499696e-01 1.802568e-10 3.276040e-01 
2.499197e-01 1.896970e-10 3.305480e-01 
2.498765e-01 1.785797e-10 3.262030e-01 
2.498242e-01 1.819133e-10 3.230790e-01 
2.497834e-01 1.817499e-10 3.331350e-01 
2.497451e-01 1.827691e-10 3.262520e-01 
2.497236e-01 1.860297e-10 3.259070e-01 
2.496684e-01 1.842408e-10 3.290610e-01 
2.496329e-01 1.752530e-10 3.259160e-01 
2.495962e-01 1.815800e-10 3.252440e-01 
2.495324e-01 1.885842e-10 3.453870e-01 
2.495127e-01 1.824691e-10 3.271780e-01 
2.494864e-01 1.755565e-10 3.352550e-01 
2.494235e-01 1.801627e-10 3.521460e-01 
2.493922e-01 1.795108e-10 3.271690e-01 
2.493608e-01 1.783483e-10 3.237590e-01 
2.493135e-01 1.769292e-10 3.321360e-01 
2.492932e-01 1.715761e-10 3.300720e-01 
2.492232e-01 1.796800e-10 3.263470e-01 
2.492029e-01 1.716939e-10 3.304550e-01 
2.491439e-01 1.848168e-10 3.262770e-01 
2.491180e-01 1.792702e-10 3.233110e-01 
2.491076e-01 1.725024e-10 3.329080e-01 
2.490595e-01 1.695141e-10 3.255350e-01 
2.490272e-01 1.782246e-10 3.265990e-01 
2.489869e-01 1.800095e-10 3.342690e-01 
2.489304e-01 1.753632e-10 3.445010e-01 
2.488723e-01 1.893005e-10 3.563210e-01 
2.488777e-01 1.753127e-10 3.519620e-01 
2.488325e-01 1.774083e-10 3.311660e-01 
2.487984e-01 1.675928e-10 3.373770e-01 
2.487428e-01 1.807273e-10 3.619190e-01 
2.487069e-01 1.812989e-10 3.367700e-01 
2.486637e-01 1.847061e-10 3.267830e-01 
2.486442e-01 1.857579e-10 3.478840e-01 
2.486055e-01 1.736893e-10 3.391140e-01 
2.485767e-01 1.700821e-10 3.494050e-01 
2.485444e-01 1.692312e-10 3.260180e-01 
2.484840e-01 1.813787e-10 3.286420e-01 
2.484622e-01 1.765588e-10 3.258190e-01 
2.484368e-01 1.820698e-10 3.318470e-01 
2.483799e-01 1.746677e-10 3.281680e-01 
2.483774e-01 1.738476e-10 3.268540e-01 
2.483391e-01 1.729200e-10 3.290900e-01 
2.483121e-01 1.686868e-10 3.253820e-01 
2.482597e-01 1.765284e-10 3.338150e-01 
2.482283e-01 1.734731e-10 3.934310e-01 
2.482153e-01 1.636366e-10 3.736610e-01 
2.481680e-01 1.737220e-10 3.386030e-01 
2.481218e-01 1.777598e-10 3.274910e-01 
2.481226e-01 1.696905e-10 3.269070e-01 
2.480716e-01 1.723208e-10 3.311270e-01 
2.480255e-01 1.760042e-10 3.286740e-01 
2.480010e-01 1.687525e-10 3.261080e-01 
2.479651e-01 1.779754e-10 3.349320e-01 
2.479419e-01 1.764150e-10 3.388910e-01 
2.479162e-01 1.765772e-10 3.517290e-01 
2.478494e-01 1.784887e-10 3.498030e-01 
2.478101e-01 1.766119e-10 3.256890e-01 
2.477987e-01 1.793585e-10 3.272780e-01 
2.477557e-01 1.727120e-10 3.355250e-01 
2.477231e-01 1.815835e-10 3.279680e-01 
2.476840e-01 1.794898e-10 3.288230e-01 
2.476924e-01 1.701545e-10 3.306970e-01 
2.476547e-01 1.661240e-10 3.284240e-01 
2.476192e-01 1.749882e-10 3.406000e-01 
2.475814e-01 1.689937e-10 3.325800e-01 
2.475444e-01 1.714566e-10 3.248080e-01 
2.475068e-01 1.705697e-10 3.246650e-01 
2.475048e-01 1.699334e-10 3.317620e-01 
2.474401e-01 1.716310e-10 3.243420e-01 
2.474257e-01 1.705836e-10 3.510520e-01 
2.474014e-01 1.732871e-10 3.334240e-01 
2.473729e-01 1.747970e-10 3.461520e-01 
2.473405e-01 1.711694e-10 3.297580e-01 
2.473135e-01 1.685292e-10 3.614790e-01 
2.472946e-01 1.656789e-10 3.298880e-01 
2.472342e-01 1.788978e-10 3.263400e-01 
2.472247e-01 1.725483e-10 3.285750e-01 
2.471975e-01 1.693622e-10 3.248820e-01 
2.471621e-01 1.772016e-10 3.386780e-01 
2.471384e-01 1.744203e-10 3.343080e-01 
2.471170e-01 1.735333e-10 3.721930e-01 
2.470778e-01 1.690959e-10 3.331300e-01 
2.470696e-01 1.692822e-10 3.322410e-01 
2.470209e-01 1.716111e-10 3.241300e-01 
2.469948e-01 1.746785e-10 3.255840e-01 
2.469577e-01 1.692068e-10 3.360760e-01 
2.469506e-01 1.692863e-10 3.232210e-01 
2.469081e-01 1.736079e-10 3.275010e-01 
2.468891e-01 1.671750e-10 3.342740e-01 
2.468428e-01 1.734952e-10 3.238190e-01 
2.468056e-01 1.712278e-10 3.280570e-01 
2.468051e-01 1.744087e-10 3.320990e-01 
2.467693e-01 1.705304e-10 3.378600e-01 
2.467477e-01 1.776272e-10 3.273160e-01 
2.466949e-01 1.715129e-10 3.311950e-01 
2.466867e-01 1.670910e-10 3.263840e-01 
2.466831e-01 1.716898e-10 3.252580e-01 
2.466527e-01 1.669423e-10 3.543170e-01 
2.466209e-01 1.668070e-10 3.675120e-01 
2.465976e-01 1.620778e-10 3.255740e-01 
2.465771e-01 1.592908e-10 3.276770e-01 
2.465267e-01 1.731100e-10 3.250870e-01 
2.465433e-01 1.585185e-10 3.516880e-01 
2.464844e-01 1.700477e-10 3.527470e-01 
2.464842e-01 1.672245e-10 3.495650e-01 
2.464485e-01 1.712979e-10 3.281340e-01 
2.464087e-01 1.691856e-10 3.354690e-01 
2.463950e-01 1.669365e-10 3.259930e-01 
2.463641e-01 1.713167e-10 3.265650e-01 
