# dim  N   mc   sigma  Gibbs 
# 1    1 600000 0.5
#
# Theoretical Energy = 5.000000e-01
# Energy     Variance     CPU time
6.580510e-01 5.318893e-07 3.607860e-01 
6.626162e-01 4.883503e-07 3.427080e-01 
6.630423e-01 4.744569e-07 3.372570e-01 
6.599951e-01 4.736090e-07 3.954760e-01 
6.589770e-01 4.736834e-07 3.922080e-01 
6.588512e-01 4.696801e-07 3.650620e-01 
6.572402e-01 4.721167e-07 3.322980e-01 
6.575203e-01 4.697307e-07 3.373800e-01 
6.566246e-01 4.702790e-07 3.275900e-01 
6.578190e-01 4.674192e-07 3.305850e-01 
6.568324e-01 4.714657e-07 3.364910e-01 
6.575637e-01 4.666076e-07 3.260750e-01 
6.578942e-01 4.677943e-07 3.339750e-01 
6.578884e-01 4.668019e-07 3.843480e-01 
6.580366e-01 4.679248e-07 3.311600e-01 
6.579675e-01 4.677735e-07 3.503850e-01 
6.573950e-01 4.674376e-07 3.319010e-01 
6.569293e-01 4.673337e-07 3.341220e-01 
6.559521e-01 4.732496e-07 3.330170e-01 
6.572479e-01 4.662634e-07 3.412870e-01 
6.569376e-01 4.660005e-07 3.974340e-01 
6.569849e-01 4.666254e-07 3.562520e-01 
6.569969e-01 4.652587e-07 3.299280e-01 
6.564339e-01 4.648118e-07 3.275890e-01 
6.557983e-01 4.681226e-07 3.408700e-01 
6.560025e-01 4.704237e-07 3.348900e-01 
6.553651e-01 4.686359e-07 3.837910e-01 
6.567686e-01 4.643256e-07 3.759120e-01 
6.539829e-01 4.686216e-07 3.344490e-01 
6.554651e-01 4.665346e-07 3.487110e-01 
6.547442e-01 4.679537e-07 3.481260e-01 
6.540514e-01 4.692228e-07 3.385240e-01 
6.559381e-01 4.640847e-07 3.508530e-01 
6.536245e-01 4.716343e-07 4.690200e-01 
6.546087e-01 4.635786e-07 4.103550e-01 
6.551226e-01 4.673881e-07 3.494450e-01 
6.547916e-01 4.657093e-07 3.327700e-01 
6.539543e-01 4.670767e-07 3.608860e-01 
6.545916e-01 4.660477e-07 3.811350e-01 
6.549082e-01 4.650566e-07 3.386710e-01 
6.539405e-01 4.655573e-07 3.309480e-01 
6.529089e-01 4.651395e-07 3.370860e-01 
6.538053e-01 4.673712e-07 3.268520e-01 
6.523643e-01 4.688590e-07 3.289710e-01 
6.532326e-01 4.651093e-07 3.348540e-01 
6.535333e-01 4.616212e-07 3.289020e-01 
6.532631e-01 4.616917e-07 3.290800e-01 
6.521873e-01 4.645758e-07 3.716240e-01 
6.517973e-01 4.629308e-07 3.652490e-01 
6.513975e-01 4.677635e-07 3.348780e-01 
6.514254e-01 4.631136e-07 3.484800e-01 
6.514306e-01 4.634887e-07 3.293750e-01 
6.519842e-01 4.613738e-07 3.366780e-01 
6.505921e-01 4.651420e-07 3.872090e-01 
6.498197e-01 4.645678e-07 3.318480e-01 
6.494188e-01 4.642777e-07 3.358680e-01 
6.495722e-01 4.625952e-07 3.329230e-01 
6.501068e-01 4.614555e-07 3.297150e-01 
6.501100e-01 4.580664e-07 3.338080e-01 
6.491900e-01 4.610058e-07 3.354840e-01 
6.483945e-01 4.647157e-07 3.290820e-01 
6.480127e-01 4.610614e-07 3.489190e-01 
6.487043e-01 4.587773e-07 3.673070e-01 
6.476752e-01 4.610136e-07 3.286930e-01 
6.472999e-01 4.564697e-07 3.472470e-01 
6.470008e-01 4.611491e-07 3.552150e-01 
6.468331e-01 4.588555e-07 3.505210e-01 
6.447563e-01 4.653787e-07 3.810000e-01 
6.459644e-01 4.599263e-07 3.357970e-01 
6.462451e-01 4.573507e-07 3.303380e-01 
6.458254e-01 4.599837e-07 3.520100e-01 
6.444835e-01 4.599388e-07 3.536990e-01 
6.437826e-01 4.571063e-07 3.346810e-01 
6.425644e-01 4.593379e-07 3.343230e-01 
6.431148e-01 4.554117e-07 3.308630e-01 
6.424809e-01 4.571700e-07 3.283720e-01 
6.420838e-01 4.583725e-07 3.374860e-01 
6.413815e-01 4.545286e-07 3.288310e-01 
6.410575e-01 4.549215e-07 3.281670e-01 
6.397940e-01 4.576027e-07 3.429300e-01 
6.408741e-01 4.524591e-07 3.343340e-01 
6.384906e-01 4.587465e-07 3.364280e-01 
6.382611e-01 4.574386e-07 3.326770e-01 
6.377108e-01 4.536408e-07 3.321280e-01 
6.374334e-01 4.549530e-07 3.299650e-01 
6.381727e-01 4.490343e-07 3.330940e-01 
6.365933e-01 4.525915e-07 3.281850e-01 
6.352837e-01 4.536161e-07 3.481570e-01 
6.349737e-01 4.501923e-07 3.349610e-01 
6.339235e-01 4.491637e-07 3.359780e-01 
6.328197e-01 4.515327e-07 3.325300e-01 
6.330803e-01 4.478817e-07 3.845260e-01 
6.320553e-01 4.469613e-07 6.460070e-01 
6.319488e-01 4.464859e-07 6.873390e-01 
6.301817e-01 4.459948e-07 7.335630e-01 
6.288052e-01 4.484755e-07 7.035500e-01 
6.282673e-01 4.474483e-07 6.891650e-01 
6.279913e-01 4.474835e-07 6.948590e-01 
6.268952e-01 4.458809e-07 5.047260e-01 
6.249075e-01 4.456565e-07 3.332580e-01 
6.248681e-01 4.419633e-07 3.290100e-01 
6.242080e-01 4.407791e-07 3.361170e-01 
6.227383e-01 4.402043e-07 3.298810e-01 
6.222860e-01 4.390455e-07 3.282120e-01 
6.213319e-01 4.397096e-07 3.311980e-01 
6.194190e-01 4.393410e-07 3.386180e-01 
6.189946e-01 4.392219e-07 3.477160e-01 
6.179681e-01 4.375898e-07 3.340730e-01 
6.166615e-01 4.355563e-07 3.332820e-01 
6.152562e-01 4.325391e-07 3.294700e-01 
6.140279e-01 4.328925e-07 3.390990e-01 
6.118792e-01 4.376117e-07 3.250240e-01 
6.116222e-01 4.309773e-07 3.340660e-01 
6.118563e-01 4.280180e-07 3.385940e-01 
6.083674e-01 4.337023e-07 3.396530e-01 
6.073293e-01 4.284600e-07 3.297980e-01 
6.067797e-01 4.244869e-07 3.311600e-01 
6.049937e-01 4.251638e-07 3.339360e-01 
6.038207e-01 4.222780e-07 3.313160e-01 
6.019774e-01 4.241834e-07 3.329440e-01 
6.007522e-01 4.197643e-07 3.297000e-01 
5.978554e-01 4.213439e-07 3.278640e-01 
5.958884e-01 4.227233e-07 3.323110e-01 
5.947948e-01 4.173934e-07 3.394870e-01 
5.937873e-01 4.156653e-07 3.330810e-01 
5.924594e-01 4.136061e-07 3.415630e-01 
5.894089e-01 4.132947e-07 3.353240e-01 
5.867749e-01 4.130896e-07 3.286130e-01 
5.863531e-01 4.119739e-07 3.350750e-01 
5.837455e-01 4.084711e-07 3.263110e-01 
5.816411e-01 4.092264e-07 3.268370e-01 
5.793069e-01 4.061532e-07 3.315620e-01 
5.777395e-01 4.061797e-07 3.295670e-01 
5.755058e-01 4.041129e-07 3.284650e-01 
5.736480e-01 3.983406e-07 3.331910e-01 
5.722746e-01 3.972412e-07 3.331760e-01 
5.691480e-01 3.968862e-07 3.287940e-01 
5.656118e-01 3.999948e-07 3.477780e-01 
5.657791e-01 3.895070e-07 3.282590e-01 
5.611030e-01 3.948761e-07 3.316800e-01 
5.586908e-01 3.925493e-07 3.312740e-01 
5.571792e-01 3.861168e-07 3.317980e-01 
5.538489e-01 3.864009e-07 3.262750e-01 
5.506571e-01 3.864564e-07 3.341490e-01 
5.479503e-01 3.846851e-07 3.418730e-01 
5.458849e-01 3.784668e-07 3.318330e-01 
5.437907e-01 3.751166e-07 3.336630e-01 
5.395724e-01 3.762860e-07 3.617640e-01 
5.367603e-01 3.737276e-07 3.523970e-01 
5.335746e-01 3.731326e-07 3.349070e-01 
5.311180e-01 3.686706e-07 3.505880e-01 
5.278887e-01 3.675231e-07 3.361610e-01 
5.245189e-01 3.637056e-07 3.535020e-01 
5.209821e-01 3.632453e-07 3.291580e-01 
5.185099e-01 3.596320e-07 3.450930e-01 
5.147272e-01 3.537072e-07 3.351720e-01 
5.099684e-01 3.562464e-07 3.302070e-01 
5.065678e-01 3.559439e-07 3.306290e-01 
5.030422e-01 3.488527e-07 3.376840e-01 
4.989423e-01 3.492675e-07 3.605160e-01 
4.960585e-01 3.453193e-07 3.424970e-01 
4.931946e-01 3.402518e-07 3.603220e-01 
4.887743e-01 3.390184e-07 3.292090e-01 
4.857141e-01 3.334486e-07 3.302040e-01 
4.802527e-01 3.356958e-07 3.291460e-01 
4.758384e-01 3.295862e-07 3.462350e-01 
4.716976e-01 3.292773e-07 3.510800e-01 
4.677969e-01 3.235113e-07 3.895870e-01 
4.623304e-01 3.241055e-07 3.546080e-01 
4.591028e-01 3.185504e-07 3.629670e-01 
4.552044e-01 3.152097e-07 3.788290e-01 
4.504875e-01 3.115074e-07 3.382790e-01 
4.451569e-01 3.111755e-07 3.302150e-01 
4.405125e-01 3.078583e-07 3.311070e-01 
4.354689e-01 3.028340e-07 3.473220e-01 
4.314917e-01 3.008984e-07 4.334250e-01 
4.266598e-01 2.965917e-07 3.384660e-01 
4.218512e-01 2.920760e-07 3.530530e-01 
4.163607e-01 2.908383e-07 3.646720e-01 
4.112259e-01 2.880844e-07 3.533240e-01 
4.050015e-01 2.867495e-07 3.577440e-01 
4.001361e-01 2.824248e-07 3.574810e-01 
3.956332e-01 2.767477e-07 3.633650e-01 
3.896447e-01 2.733757e-07 3.679510e-01 
3.850423e-01 2.690770e-07 3.638010e-01 
3.788385e-01 2.666319e-07 3.317110e-01 
3.737504e-01 2.626808e-07 3.394860e-01 
3.674177e-01 2.611032e-07 3.683470e-01 
3.622610e-01 2.542713e-07 3.623990e-01 
3.562999e-01 2.526954e-07 3.546850e-01 
3.496406e-01 2.501325e-07 3.381880e-01 
3.455223e-01 2.432695e-07 3.350550e-01 
3.379806e-01 2.431903e-07 3.362530e-01 
3.326602e-01 2.391602e-07 3.293280e-01 
3.262664e-01 2.365308e-07 3.331410e-01 
3.211878e-01 2.316843e-07 3.545920e-01 
3.142113e-01 2.266864e-07 3.487760e-01 
3.085360e-01 2.232356e-07 3.458170e-01 
3.028928e-01 2.178378e-07 3.478630e-01 
2.957084e-01 2.184784e-07 3.330610e-01 
2.895277e-01 2.133746e-07 3.397280e-01 
2.838719e-01 2.067588e-07 3.342950e-01 
2.768895e-01 2.049981e-07 3.283780e-01 
2.710783e-01 2.012338e-07 3.338640e-01 
2.645097e-01 1.971848e-07 3.459280e-01 
2.570379e-01 1.959525e-07 3.497870e-01 
2.509881e-01 1.912556e-07 3.415300e-01 
2.440156e-01 1.887333e-07 3.278120e-01 
2.377836e-01 1.832196e-07 3.264590e-01 
2.305212e-01 1.820159e-07 3.341730e-01 
2.241852e-01 1.771897e-07 3.362070e-01 
2.174319e-01 1.758533e-07 3.287240e-01 
2.111435e-01 1.706421e-07 3.390980e-01 
2.041493e-01 1.682134e-07 3.589620e-01 
1.976218e-01 1.624650e-07 3.568810e-01 
1.913062e-01 1.595287e-07 3.380530e-01 
1.838426e-01 1.569789e-07 3.290400e-01 
1.764048e-01 1.549682e-07 3.309650e-01 
1.702275e-01 1.505082e-07 3.498280e-01 
1.629772e-01 1.472084e-07 3.337460e-01 
1.567862e-01 1.440376e-07 3.295130e-01 
1.495895e-01 1.413769e-07 3.394050e-01 
1.427895e-01 1.388351e-07 3.343520e-01 
1.366884e-01 1.342194e-07 3.466390e-01 
1.297599e-01 1.314541e-07 3.518020e-01 
1.229254e-01 1.291217e-07 3.342720e-01 
1.159843e-01 1.260863e-07 3.491700e-01 
1.086656e-01 1.238375e-07 3.665300e-01 
1.025037e-01 1.193503e-07 3.594450e-01 
9.531740e-02 1.157803e-07 3.307930e-01 
8.826363e-02 1.152146e-07 3.414550e-01 
8.133465e-02 1.122139e-07 4.401580e-01 
7.393406e-02 1.101638e-07 4.866170e-01 
6.791676e-02 1.066416e-07 4.347690e-01 
6.144705e-02 1.036545e-07 3.515500e-01 
5.475288e-02 1.010276e-07 3.432820e-01 
4.799611e-02 9.868812e-08 3.509420e-01 
4.111463e-02 9.612458e-08 3.315290e-01 
3.449252e-02 9.349177e-08 3.335900e-01 
2.767982e-02 9.169919e-08 3.393350e-01 
2.155056e-02 8.790064e-08 3.358130e-01 
1.456578e-02 8.587897e-08 3.296520e-01 
8.679559e-03 8.368981e-08 3.273190e-01 
1.796272e-03 8.249961e-08 3.450640e-01 
-4.275379e-03 8.007820e-08 3.294030e-01 
-1.061181e-02 7.738026e-08 3.624620e-01 
-1.727002e-02 7.640392e-08 3.500880e-01 
-2.279696e-02 7.208151e-08 3.271260e-01 
-2.925987e-02 7.122330e-08 3.330920e-01 
-3.518834e-02 6.900548e-08 3.260760e-01 
-4.088273e-02 6.592308e-08 3.284710e-01 
-4.791648e-02 6.548247e-08 3.272240e-01 
-5.431630e-02 6.452216e-08 3.302830e-01 
-5.951614e-02 6.128815e-08 3.257890e-01 
-6.564597e-02 5.986113e-08 3.364540e-01 
-7.149406e-02 5.764751e-08 3.469700e-01 
-7.777820e-02 5.689308e-08 3.289420e-01 
-8.280221e-02 5.389023e-08 3.294660e-01 
-8.930873e-02 5.377282e-08 3.319390e-01 
-9.505822e-02 5.225889e-08 3.387470e-01 
-1.006507e-01 5.058974e-08 3.261260e-01 
-1.059219e-01 4.850710e-08 3.360990e-01 
-1.115578e-01 4.751810e-08 3.406780e-01 
-1.171614e-01 4.604890e-08 4.007820e-01 
-1.223609e-01 4.453342e-08 3.714770e-01 
-1.278480e-01 4.363359e-08 3.346820e-01 
-1.333430e-01 4.254931e-08 3.353000e-01 
-1.382797e-01 4.049219e-08 4.477950e-01 
-1.435462e-01 4.008983e-08 4.237710e-01 
-1.487846e-01 3.817263e-08 4.078420e-01 
-1.538171e-01 3.732903e-08 4.840620e-01 
-1.588368e-01 3.613478e-08 4.638970e-01 
-1.633926e-01 3.444849e-08 4.518890e-01 
-1.685977e-01 3.384947e-08 3.490070e-01 
-1.734694e-01 3.295295e-08 3.580560e-01 
-1.779736e-01 3.150767e-08 3.269870e-01 
-1.830778e-01 3.087715e-08 3.273970e-01 
-1.872817e-01 2.985826e-08 3.445070e-01 
-1.919380e-01 2.856592e-08 3.434840e-01 
-1.966112e-01 2.827815e-08 3.487230e-01 
-2.012420e-01 2.737368e-08 3.424870e-01 
-2.056267e-01 2.651653e-08 3.618690e-01 
-2.096710e-01 2.559888e-08 3.302760e-01 
-2.140312e-01 2.449059e-08 3.381810e-01 
-2.186054e-01 2.399191e-08 3.430930e-01 
-2.226318e-01 2.320530e-08 3.516760e-01 
-2.267224e-01 2.253867e-08 3.485400e-01 
-2.307346e-01 2.191357e-08 3.701020e-01 
-2.349209e-01 2.166857e-08 3.888850e-01 
-2.386914e-01 2.068141e-08 3.677480e-01 
-2.427312e-01 2.033614e-08 3.476560e-01 
-2.466970e-01 1.950233e-08 3.444300e-01 
-2.503288e-01 1.859834e-08 3.382180e-01 
-2.539246e-01 1.837032e-08 3.483700e-01 
-2.576516e-01 1.773360e-08 4.981020e-01 
-2.611001e-01 1.708088e-08 5.334820e-01 
-2.646798e-01 1.673308e-08 3.740480e-01 
-2.683364e-01 1.644354e-08 3.594370e-01 
-2.721629e-01 1.619082e-08 4.001510e-01 
-2.754894e-01 1.551747e-08 4.343800e-01 
-2.786374e-01 1.478532e-08 4.202020e-01 
-2.820019e-01 1.447440e-08 4.034680e-01 
-2.851062e-01 1.399676e-08 3.434950e-01 
-2.882710e-01 1.369626e-08 3.777350e-01 
-2.916450e-01 1.342703e-08 4.031380e-01 
-2.946273e-01 1.312715e-08 3.985310e-01 
-2.976440e-01 1.265940e-08 3.460820e-01 
-3.008785e-01 1.257851e-08 3.495960e-01 
-3.036078e-01 1.206258e-08 4.052900e-01 
-3.066130e-01 1.179317e-08 3.944910e-01 
-3.094254e-01 1.120182e-08 3.981700e-01 
-3.121439e-01 1.090678e-08 3.499820e-01 
-3.149250e-01 1.070015e-08 3.694360e-01 
-3.176345e-01 1.036405e-08 4.227090e-01 
-3.203643e-01 1.007800e-08 3.722420e-01 
-3.229934e-01 9.883966e-09 3.854150e-01 
-3.253909e-01 9.452302e-09 3.345660e-01 
-3.281217e-01 9.493022e-09 3.276720e-01 
-3.305673e-01 9.290070e-09 3.326710e-01 
-3.329657e-01 8.838885e-09 4.445040e-01 
-3.354263e-01 8.954814e-09 3.352770e-01 
-3.376627e-01 8.464741e-09 3.334890e-01 
-3.401221e-01 8.465535e-09 3.375510e-01 
-3.424210e-01 8.476656e-09 3.299320e-01 
-3.447552e-01 8.224847e-09 3.448870e-01 
-3.468007e-01 7.860585e-09 3.292600e-01 
-3.489729e-01 7.559686e-09 3.352420e-01 
-3.512288e-01 7.502591e-09 3.366840e-01 
-3.533816e-01 7.529982e-09 3.313380e-01 
-3.554066e-01 7.225915e-09 3.269330e-01 
-3.573472e-01 6.899225e-09 3.390300e-01 
-3.592466e-01 6.882908e-09 3.355800e-01 
-3.613017e-01 6.919205e-09 3.278440e-01 
-3.631839e-01 6.516982e-09 3.327140e-01 
-3.650726e-01 6.503420e-09 3.322130e-01 
-3.670107e-01 6.523903e-09 3.294270e-01 
-3.686195e-01 6.165711e-09 3.340890e-01 
-3.703345e-01 6.105085e-09 3.317910e-01 
-3.719469e-01 5.808517e-09 3.576000e-01 
-3.737285e-01 5.764668e-09 3.487750e-01 
-3.754392e-01 5.809575e-09 3.950790e-01 
-3.771473e-01 5.877559e-09 3.328880e-01 
-3.786206e-01 5.654868e-09 3.336090e-01 
-3.802570e-01 5.771998e-09 3.329530e-01 
-3.818785e-01 5.593739e-09 3.316790e-01 
-3.834161e-01 5.334872e-09 3.654380e-01 
-3.849654e-01 5.374474e-09 4.912670e-01 
-3.864932e-01 5.409946e-09 3.637670e-01 
-3.877248e-01 4.984768e-09 3.350360e-01 
-3.891387e-01 5.160840e-09 3.314700e-01 
-3.906142e-01 5.223295e-09 3.458810e-01 
-3.919392e-01 5.033847e-09 3.401520e-01 
-3.932941e-01 4.970584e-09 3.316690e-01 
-3.946740e-01 5.005893e-09 3.514650e-01 
-3.959791e-01 4.990169e-09 3.307610e-01 
-3.971150e-01 4.761376e-09 3.287480e-01 
-3.983578e-01 4.683272e-09 3.602060e-01 
-3.996116e-01 4.798286e-09 3.287720e-01 
-4.009281e-01 4.749247e-09 3.282160e-01 
-4.020321e-01 4.713426e-09 3.370990e-01 
-4.030917e-01 4.431949e-09 3.327930e-01 
-4.042330e-01 4.441214e-09 3.278310e-01 
-4.052945e-01 4.441353e-09 3.350480e-01 
-4.065867e-01 4.686685e-09 3.305000e-01 
-4.074509e-01 4.392619e-09 3.273340e-01 
-4.086149e-01 4.536296e-09 3.388990e-01 
-4.095699e-01 4.582667e-09 3.689180e-01 
-4.105653e-01 4.367349e-09 3.372780e-01 
-4.115412e-01 4.343961e-09 3.715560e-01 
-4.125482e-01 4.394231e-09 3.427900e-01 
-4.136145e-01 4.463385e-09 3.546370e-01 
-4.145312e-01 4.228849e-09 3.418960e-01 
-4.154533e-01 4.273686e-09 3.411010e-01 
-4.161475e-01 4.092297e-09 3.537070e-01 
-4.169947e-01 4.084340e-09 3.366020e-01 
-4.179736e-01 4.143244e-09 3.602490e-01 
-4.187866e-01 4.153471e-09 3.655120e-01 
-4.196202e-01 4.191193e-09 3.534550e-01 
-4.204267e-01 4.055580e-09 3.341870e-01 
-4.212127e-01 4.115828e-09 3.418130e-01 
-4.220473e-01 4.067987e-09 3.323670e-01 
-4.228611e-01 4.186266e-09 3.621920e-01 
-4.235937e-01 4.222496e-09 3.645190e-01 
-4.243462e-01 4.252995e-09 3.544280e-01 
-4.251929e-01 4.209886e-09 3.496410e-01 
-4.257608e-01 3.881405e-09 3.364240e-01 
-4.265451e-01 3.940719e-09 3.351250e-01 
-4.271517e-01 3.920322e-09 3.300810e-01 
-4.278191e-01 4.030363e-09 3.388980e-01 
-4.284471e-01 3.923522e-09 3.289720e-01 
-4.290454e-01 3.906071e-09 3.322400e-01 
-4.297405e-01 3.930042e-09 3.388480e-01 
-4.302472e-01 3.911481e-09 3.358540e-01 
-4.309512e-01 3.949182e-09 3.289440e-01 
-4.314622e-01 3.869158e-09 3.419700e-01 
-4.320568e-01 3.859612e-09 3.546420e-01 
-4.326770e-01 3.964741e-09 3.822220e-01 
-4.332177e-01 4.051698e-09 3.795040e-01 
-4.337887e-01 4.030334e-09 3.594870e-01 
-4.342890e-01 3.917141e-09 3.655440e-01 
-4.347642e-01 3.916756e-09 3.497490e-01 
-4.352381e-01 3.820598e-09 3.792800e-01 
-4.357734e-01 3.875402e-09 3.723600e-01 
-4.361913e-01 3.748464e-09 3.678570e-01 
-4.367290e-01 3.830308e-09 3.757880e-01 
-4.371317e-01 3.726441e-09 3.937800e-01 
-4.376679e-01 3.811279e-09 4.211630e-01 
-4.380840e-01 3.790642e-09 3.448510e-01 
-4.385657e-01 3.948654e-09 3.365760e-01 
-4.389560e-01 3.807841e-09 3.378830e-01 
-4.394292e-01 3.844009e-09 3.376630e-01 
-4.399935e-01 3.940955e-09 3.327360e-01 
-4.402937e-01 3.743013e-09 3.354070e-01 
-4.406819e-01 3.806440e-09 3.402800e-01 
-4.410936e-01 3.862359e-09 3.323880e-01 
-4.414739e-01 3.785583e-09 3.330740e-01 
-4.418307e-01 3.852654e-09 3.427990e-01 
-4.422320e-01 3.851243e-09 3.306510e-01 
-4.426791e-01 4.086443e-09 3.357690e-01 
-4.430199e-01 3.785788e-09 3.343660e-01 
-4.433300e-01 3.794580e-09 3.630480e-01 
-4.436493e-01 3.801920e-09 3.751060e-01 
-4.440357e-01 3.737819e-09 3.375510e-01 
-4.442752e-01 3.819679e-09 3.313130e-01 
-4.445682e-01 3.683209e-09 3.274030e-01 
-4.448901e-01 3.759192e-09 3.328150e-01 
-4.451695e-01 3.838414e-09 3.307430e-01 
-4.455328e-01 3.758606e-09 3.353930e-01 
-4.456950e-01 3.770377e-09 3.539020e-01 
-4.460147e-01 3.860482e-09 3.341380e-01 
-4.462944e-01 3.713492e-09 3.351830e-01 
-4.467041e-01 3.876599e-09 3.554230e-01 
-4.468799e-01 3.791128e-09 3.323380e-01 
-4.473140e-01 3.924680e-09 3.469490e-01 
-4.474867e-01 3.793412e-09 4.402020e-01 
-4.477800e-01 3.722303e-09 3.453120e-01 
-4.479816e-01 3.800985e-09 3.365720e-01 
-4.482667e-01 3.683962e-09 3.309670e-01 
-4.484372e-01 3.863326e-09 3.309090e-01 
-4.487860e-01 3.762469e-09 3.370930e-01 
-4.489491e-01 3.675664e-09 3.285020e-01 
-4.491433e-01 3.761896e-09 3.317320e-01 
-4.494927e-01 3.850721e-09 3.327310e-01 
-4.495089e-01 3.722615e-09 3.320020e-01 
-4.498263e-01 3.813830e-09 3.511860e-01 
-4.500803e-01 3.815640e-09 3.461820e-01 
-4.501751e-01 3.835495e-09 3.315850e-01 
-4.504846e-01 3.812659e-09 3.340040e-01 
-4.506258e-01 3.733784e-09 3.600590e-01 
-4.508076e-01 3.870686e-09 3.468230e-01 
-4.509202e-01 3.661655e-09 3.381940e-01 
-4.511189e-01 3.762776e-09 3.394010e-01 
-4.513290e-01 3.766056e-09 3.345890e-01 
-4.514595e-01 3.786324e-09 3.291010e-01 
-4.517162e-01 3.845552e-09 3.320390e-01 
-4.518560e-01 3.788677e-09 3.366310e-01 
-4.519271e-01 3.654229e-09 3.281180e-01 
-4.522190e-01 3.854711e-09 3.332130e-01 
-4.524888e-01 3.884363e-09 3.514800e-01 
-4.525928e-01 3.802290e-09 3.522140e-01 
-4.527408e-01 3.908128e-09 3.569480e-01 
-4.529135e-01 3.830469e-09 3.590090e-01 
-4.529302e-01 3.769177e-09 3.354620e-01 
-4.531310e-01 3.868288e-09 3.368070e-01 
-4.532256e-01 3.789989e-09 3.312200e-01 
-4.534939e-01 3.868303e-09 3.268920e-01 
-4.537226e-01 3.857166e-09 3.352440e-01 
-4.537160e-01 3.707118e-09 3.332990e-01 
-4.539006e-01 3.845809e-09 3.256800e-01 
-4.539380e-01 3.685283e-09 3.349980e-01 
-4.541182e-01 3.803112e-09 3.323840e-01 
-4.541103e-01 3.676386e-09 3.511990e-01 
-4.543915e-01 3.909309e-09 3.535630e-01 
-4.545224e-01 3.916321e-09 3.498540e-01 
-4.546166e-01 3.821204e-09 3.577620e-01 
-4.547843e-01 3.789997e-09 3.691480e-01 
-4.547790e-01 3.707509e-09 3.675970e-01 
-4.549978e-01 3.868127e-09 3.630910e-01 
-4.550241e-01 3.827343e-09 3.620980e-01 
-4.550656e-01 3.835818e-09 3.424740e-01 
-4.553181e-01 3.819273e-09 3.327880e-01 
-4.552094e-01 3.728567e-09 3.352790e-01 
-4.553856e-01 3.669070e-09 3.283710e-01 
-4.552936e-01 3.626250e-09 3.315700e-01 
-4.555443e-01 3.783501e-09 3.306400e-01 
-4.555738e-01 3.799285e-09 3.263850e-01 
-4.556656e-01 3.878359e-09 3.397250e-01 
-4.558941e-01 3.859144e-09 3.659800e-01 
-4.560188e-01 3.764459e-09 3.459260e-01 
-4.559151e-01 3.710043e-09 3.425880e-01 
-4.561038e-01 3.864066e-09 3.506950e-01 
-4.562284e-01 3.797409e-09 3.755190e-01 
-4.562139e-01 3.532744e-09 3.427890e-01 
-4.562823e-01 3.860964e-09 3.312250e-01 
-4.564558e-01 3.914804e-09 3.301450e-01 
-4.564421e-01 3.862011e-09 3.315240e-01 
-4.565051e-01 3.828070e-09 3.465610e-01 
-4.566096e-01 3.871829e-09 3.294760e-01 
-4.567047e-01 3.632653e-09 3.355820e-01 
-4.567413e-01 3.751878e-09 3.318580e-01 
-4.567602e-01 3.746937e-09 3.289360e-01 
-4.569428e-01 3.938792e-09 3.295910e-01 
-4.569708e-01 3.787552e-09 3.277130e-01 
-4.569876e-01 3.795675e-09 3.348390e-01 
-4.570219e-01 3.742607e-09 3.554570e-01 
-4.570712e-01 3.705658e-09 3.553200e-01 
-4.572009e-01 3.729128e-09 3.613420e-01 
-4.571352e-01 3.821534e-09 3.335040e-01 
-4.571143e-01 3.633570e-09 3.317080e-01 
-4.572526e-01 3.926807e-09 3.306430e-01 
-4.574717e-01 3.890378e-09 3.320090e-01 
-4.573984e-01 3.672846e-09 3.311920e-01 
-4.575201e-01 3.849394e-09 3.280790e-01 
-4.575761e-01 3.812170e-09 3.334440e-01 
-4.575864e-01 3.713522e-09 3.294120e-01 
-4.576345e-01 3.918552e-09 3.558970e-01 
-4.576390e-01 3.761349e-09 3.547930e-01 
-4.576229e-01 3.659001e-09 3.443470e-01 
-4.577442e-01 3.786882e-09 3.392360e-01 
-4.577392e-01 3.793241e-09 3.301540e-01 
-4.579925e-01 3.905599e-09 3.336910e-01 
-4.579223e-01 3.820600e-09 3.290330e-01 
-4.580016e-01 3.787508e-09 3.590330e-01 
-4.579252e-01 3.649224e-09 4.199060e-01 
-4.579916e-01 3.763802e-09 3.862850e-01 
-4.579704e-01 3.785421e-09 3.283620e-01 
-4.580638e-01 3.749255e-09 3.296600e-01 
-4.580896e-01 3.796935e-09 3.546540e-01 
-4.581497e-01 3.868012e-09 3.351550e-01 
-4.581978e-01 3.903982e-09 3.563660e-01 
-4.582727e-01 3.708120e-09 3.569370e-01 
-4.582908e-01 3.836764e-09 3.707580e-01 
-4.584219e-01 3.723465e-09 3.573100e-01 
-4.584011e-01 3.838411e-09 3.513980e-01 
-4.583983e-01 3.766749e-09 3.311080e-01 
-4.583072e-01 3.796793e-09 3.313760e-01 
-4.584788e-01 3.793401e-09 3.351510e-01 
-4.584490e-01 3.874835e-09 3.361070e-01 
-4.584249e-01 3.676572e-09 3.336760e-01 
-4.585969e-01 3.869152e-09 3.300690e-01 
-4.586047e-01 3.876913e-09 3.273340e-01 
-4.585893e-01 3.775461e-09 3.254320e-01 
-4.585309e-01 3.725729e-09 3.479890e-01 
-4.586865e-01 3.895940e-09 3.344650e-01 
-4.586638e-01 3.674901e-09 3.313260e-01 
-4.586678e-01 3.920939e-09 3.366340e-01 
-4.586460e-01 3.632725e-09 3.368670e-01 
-4.585776e-01 3.673734e-09 3.389770e-01 
-4.587253e-01 3.797571e-09 3.486720e-01 
-4.587292e-01 3.678711e-09 3.379250e-01 
-4.586815e-01 3.727512e-09 3.354660e-01 
-4.586687e-01 3.823017e-09 3.303390e-01 
-4.587497e-01 3.954610e-09 3.371100e-01 
-4.588393e-01 3.773863e-09 3.355350e-01 
-4.588178e-01 3.743662e-09 3.303460e-01 
-4.587486e-01 3.736353e-09 3.569920e-01 
-4.589380e-01 3.962346e-09 3.387900e-01 
-4.588438e-01 3.776671e-09 3.279380e-01 
-4.588915e-01 3.894424e-09 3.510870e-01 
-4.589414e-01 3.864382e-09 3.397980e-01 
-4.589248e-01 3.893325e-09 3.358680e-01 
-4.590155e-01 3.778128e-09 3.301620e-01 
-4.590339e-01 3.792451e-09 3.379610e-01 
-4.590735e-01 3.927333e-09 3.307830e-01 
-4.589858e-01 3.657463e-09 3.303020e-01 
-4.590431e-01 3.811804e-09 3.379670e-01 
-4.589905e-01 3.729705e-09 3.335920e-01 
-4.590111e-01 3.834060e-09 3.347350e-01 
-4.590146e-01 3.806982e-09 3.356340e-01 
-4.590809e-01 3.753734e-09 3.552190e-01 
-4.591410e-01 3.851738e-09 3.451150e-01 
-4.590245e-01 3.763540e-09 3.605080e-01 
-4.591479e-01 3.860416e-09 3.431420e-01 
-4.591292e-01 3.838397e-09 3.525500e-01 
-4.590600e-01 3.710226e-09 3.405750e-01 
-4.591417e-01 3.815361e-09 3.295660e-01 
-4.591915e-01 3.811495e-09 3.474570e-01 
-4.592723e-01 3.803897e-09 3.387950e-01 
-4.591852e-01 3.829369e-09 3.330470e-01 
-4.590838e-01 3.713373e-09 3.280850e-01 
-4.590712e-01 3.647531e-09 3.362780e-01 
-4.591221e-01 3.793973e-09 3.303490e-01 
-4.592300e-01 3.882351e-09 3.418680e-01 
-4.592453e-01 3.837067e-09 3.494820e-01 
-4.593029e-01 3.794372e-09 3.725330e-01 
-4.594027e-01 3.910500e-09 3.573510e-01 
-4.592822e-01 3.708208e-09 3.748340e-01 
-4.593389e-01 3.702749e-09 3.594110e-01 
-4.592410e-01 3.804215e-09 3.351870e-01 
-4.593653e-01 3.885990e-09 3.321260e-01 
-4.592966e-01 3.898844e-09 3.280750e-01 
-4.594062e-01 3.918412e-09 3.302740e-01 
-4.594323e-01 3.864492e-09 3.329940e-01 
-4.594235e-01 3.719388e-09 3.336780e-01 
-4.593852e-01 3.746760e-09 3.317540e-01 
-4.594259e-01 3.738963e-09 3.547060e-01 
-4.593515e-01 3.778501e-09 3.450090e-01 
-4.594927e-01 3.872873e-09 3.975720e-01 
-4.594652e-01 3.893313e-09 3.303030e-01 
-4.595005e-01 3.886077e-09 3.327420e-01 
-4.595608e-01 4.019099e-09 3.400100e-01 
-4.595290e-01 3.909613e-09 3.294240e-01 
-4.595214e-01 3.825948e-09 3.312570e-01 
-4.595798e-01 3.863665e-09 3.348500e-01 
-4.594868e-01 3.816203e-09 3.482850e-01 
-4.595410e-01 3.809664e-09 4.143690e-01 
-4.594817e-01 3.780888e-09 3.445360e-01 
-4.594834e-01 3.670850e-09 3.418910e-01 
-4.595083e-01 3.821569e-09 3.389180e-01 
-4.595631e-01 3.993943e-09 3.538960e-01 
-4.595324e-01 3.832048e-09 3.611930e-01 
-4.595732e-01 3.729648e-09 3.425190e-01 
-4.595739e-01 3.676656e-09 3.651760e-01 
-4.594654e-01 3.728069e-09 3.530530e-01 
-4.596438e-01 3.816244e-09 4.215540e-01 
-4.596235e-01 3.722983e-09 4.100650e-01 
-4.594367e-01 3.793599e-09 3.946530e-01 
-4.596120e-01 3.788787e-09 4.439070e-01 
-4.594920e-01 3.824202e-09 3.533230e-01 
-4.596402e-01 3.849729e-09 3.533300e-01 
-4.594306e-01 3.599014e-09 3.284190e-01 
-4.595239e-01 3.726324e-09 3.252360e-01 
-4.595160e-01 3.852083e-09 3.311080e-01 
-4.596032e-01 3.850289e-09 3.258980e-01 
-4.595710e-01 3.716317e-09 3.277010e-01 
-4.595249e-01 3.874161e-09 3.371880e-01 
-4.596147e-01 3.760982e-09 3.269810e-01 
-4.595543e-01 3.811545e-09 3.638260e-01 
-4.594994e-01 3.763442e-09 4.062050e-01 
-4.595783e-01 3.725702e-09 3.271310e-01 
-4.596153e-01 3.860099e-09 4.036140e-01 
-4.596980e-01 4.010714e-09 3.359890e-01 
-4.595967e-01 3.860215e-09 3.249950e-01 
-4.596391e-01 3.771192e-09 3.250800e-01 
-4.597739e-01 3.904715e-09 3.279870e-01 
-4.595972e-01 3.796116e-09 3.278810e-01 
-4.597389e-01 3.720696e-09 3.252250e-01 
-4.597112e-01 3.849383e-09 3.465390e-01 
-4.597653e-01 3.735766e-09 3.279970e-01 
-4.597276e-01 3.875433e-09 3.282480e-01 
-4.597832e-01 3.842016e-09 3.323160e-01 
-4.596909e-01 3.676878e-09 3.260360e-01 
-4.598010e-01 3.889283e-09 3.313920e-01 
-4.597133e-01 3.721559e-09 3.438640e-01 
-4.598939e-01 3.917179e-09 3.251980e-01 
-4.596758e-01 3.805562e-09 3.243660e-01 
-4.597064e-01 3.692967e-09 3.289530e-01 
-4.596424e-01 3.688059e-09 3.260100e-01 
-4.597009e-01 3.809478e-09 3.257770e-01 
-4.594882e-01 3.655943e-09 3.318010e-01 
-4.596398e-01 3.761785e-09 3.265930e-01 
-4.596462e-01 3.818296e-09 3.338760e-01 
-4.596395e-01 3.758169e-09 3.611720e-01 
-4.596805e-01 3.834242e-09 3.280410e-01 
-4.596446e-01 3.774292e-09 3.285660e-01 
-4.596636e-01 3.788755e-09 3.339350e-01 
-4.595823e-01 3.791150e-09 3.259740e-01 
-4.597247e-01 3.830291e-09 3.265140e-01 
-4.596670e-01 3.726403e-09 3.293280e-01 
-4.597289e-01 3.778847e-09 3.308930e-01 
-4.596527e-01 3.859737e-09 3.302040e-01 
-4.596475e-01 3.704345e-09 3.590620e-01 
-4.597367e-01 3.799316e-09 4.377240e-01 
-4.595791e-01 3.802863e-09 4.148600e-01 
-4.596648e-01 3.807777e-09 3.522290e-01 
-4.596534e-01 3.735500e-09 3.851780e-01 
-4.597351e-01 3.945460e-09 3.341640e-01 
-4.597186e-01 3.690263e-09 3.281230e-01 
-4.596485e-01 3.776709e-09 3.298390e-01 
-4.597228e-01 4.089728e-09 3.321840e-01 
-4.597498e-01 3.773702e-09 3.275600e-01 
-4.598107e-01 3.860076e-09 3.282560e-01 
-4.597415e-01 3.715962e-09 3.355900e-01 
-4.598114e-01 3.832121e-09 3.318770e-01 
-4.598049e-01 3.735592e-09 3.628160e-01 
-4.598129e-01 3.906823e-09 3.409320e-01 
-4.597305e-01 3.781435e-09 3.770190e-01 
-4.597343e-01 3.853330e-09 3.274520e-01 
-4.597912e-01 3.859458e-09 3.307780e-01 
-4.597249e-01 3.738596e-09 3.259670e-01 
-4.598859e-01 4.038706e-09 3.268630e-01 
-4.598359e-01 3.888252e-09 3.292690e-01 
-4.598498e-01 3.798784e-09 3.260480e-01 
-4.599299e-01 3.909858e-09 3.253530e-01 
-4.599513e-01 3.941704e-09 3.318080e-01 
-4.599942e-01 3.788460e-09 3.330070e-01 
-4.599002e-01 3.819684e-09 3.348320e-01 
-4.599447e-01 3.890578e-09 3.328180e-01 
-4.599974e-01 3.837467e-09 3.420560e-01 
-4.599642e-01 3.845516e-09 3.826950e-01 
-4.598279e-01 3.755672e-09 3.676960e-01 
-4.598634e-01 3.760068e-09 3.366820e-01 
-4.599678e-01 3.846599e-09 3.272850e-01 
-4.598708e-01 3.745734e-09 3.335270e-01 
-4.599138e-01 3.789034e-09 3.274580e-01 
-4.599059e-01 3.826261e-09 3.261440e-01 
-4.599208e-01 3.793489e-09 3.321740e-01 
-4.598254e-01 3.746975e-09 3.253080e-01 
-4.598683e-01 3.803844e-09 3.289800e-01 
-4.597787e-01 3.725498e-09 3.413500e-01 
-4.598457e-01 3.881529e-09 3.254090e-01 
-4.598406e-01 3.856552e-09 3.253960e-01 
-4.597690e-01 3.901371e-09 3.289470e-01 
-4.598727e-01 3.793576e-09 3.258440e-01 
-4.598768e-01 3.795038e-09 3.262840e-01 
-4.598399e-01 3.914824e-09 3.316920e-01 
-4.597536e-01 3.736353e-09 3.357700e-01 
-4.598024e-01 3.848774e-09 4.058470e-01 
-4.598430e-01 3.806323e-09 3.928740e-01 
-4.598036e-01 3.848166e-09 3.285820e-01 
-4.599225e-01 3.751193e-09 3.260580e-01 
-4.597801e-01 3.689748e-09 3.328800e-01 
-4.599392e-01 3.813864e-09 3.268360e-01 
-4.598188e-01 3.900081e-09 3.266350e-01 
-4.598733e-01 3.889937e-09 3.433660e-01 
-4.597671e-01 3.667986e-09 3.277590e-01 
-4.598210e-01 3.708377e-09 3.306930e-01 
-4.598041e-01 3.798711e-09 3.324250e-01 
-4.598478e-01 3.853539e-09 3.249680e-01 
-4.598229e-01 3.853575e-09 3.256170e-01 
-4.598155e-01 3.742872e-09 3.316690e-01 
-4.597790e-01 3.715702e-09 3.264340e-01 
-4.598502e-01 3.794852e-09 3.262650e-01 
-4.597853e-01 3.774959e-09 3.320820e-01 
-4.597353e-01 3.800642e-09 3.252640e-01 
-4.596780e-01 3.825033e-09 3.468730e-01 
-4.596930e-01 3.687737e-09 3.632900e-01 
-4.597255e-01 3.743288e-09 3.452270e-01 
-4.596904e-01 3.855928e-09 3.592040e-01 
-4.597328e-01 3.730480e-09 3.301190e-01 
-4.597130e-01 3.635957e-09 3.244790e-01 
-4.597307e-01 3.805548e-09 3.416880e-01 
-4.596555e-01 3.680023e-09 3.392180e-01 
-4.597641e-01 3.873066e-09 3.258240e-01 
-4.598048e-01 3.819777e-09 3.366170e-01 
-4.597522e-01 3.943161e-09 3.280160e-01 
-4.597702e-01 3.836663e-09 3.433740e-01 
-4.597004e-01 3.838376e-09 3.428660e-01 
-4.598001e-01 3.890964e-09 3.262900e-01 
-4.597077e-01 3.789286e-09 3.339020e-01 
-4.597836e-01 3.879159e-09 3.481600e-01 
-4.597587e-01 3.764861e-09 3.251500e-01 
-4.598010e-01 3.786818e-09 3.258660e-01 
-4.597988e-01 3.841242e-09 3.402170e-01 
-4.599030e-01 3.922488e-09 3.503820e-01 
-4.597832e-01 3.804333e-09 3.572550e-01 
-4.598020e-01 3.768557e-09 3.432860e-01 
-4.598187e-01 3.817373e-09 3.452460e-01 
-4.598339e-01 3.791512e-09 3.453480e-01 
-4.598049e-01 3.749054e-09 3.334950e-01 
-4.597930e-01 3.686353e-09 3.284260e-01 
-4.598080e-01 3.912109e-09 3.257500e-01 
-4.597990e-01 3.676135e-09 3.288650e-01 
-4.597716e-01 3.813422e-09 3.334190e-01 
-4.597968e-01 3.830591e-09 3.387800e-01 
-4.598474e-01 3.775257e-09 3.308820e-01 
-4.597797e-01 3.769479e-09 3.276310e-01 
-4.598844e-01 3.947897e-09 3.276340e-01 
-4.599514e-01 3.774547e-09 3.404330e-01 
-4.597499e-01 3.786674e-09 3.331530e-01 
-4.598478e-01 3.852447e-09 3.303420e-01 
-4.597233e-01 3.781893e-09 3.495520e-01 
-4.597174e-01 3.719023e-09 3.359010e-01 
-4.597863e-01 3.711400e-09 3.254520e-01 
-4.597455e-01 3.802611e-09 3.445520e-01 
-4.596272e-01 3.646117e-09 3.456840e-01 
-4.596730e-01 3.848362e-09 3.308260e-01 
-4.598062e-01 3.959996e-09 3.520340e-01 
-4.596388e-01 3.711402e-09 3.501140e-01 
-4.596882e-01 3.839463e-09 3.470710e-01 
-4.598007e-01 3.734597e-09 3.502540e-01 
-4.597495e-01 3.901790e-09 3.280750e-01 
-4.598420e-01 3.806878e-09 3.369230e-01 
-4.598221e-01 3.985060e-09 3.435340e-01 
-4.598499e-01 3.836211e-09 3.253970e-01 
-4.598623e-01 3.823170e-09 3.263820e-01 
-4.598647e-01 3.817312e-09 3.374450e-01 
-4.599184e-01 3.923370e-09 3.270800e-01 
-4.598534e-01 3.737897e-09 3.252880e-01 
-4.597449e-01 3.718723e-09 3.336430e-01 
-4.598541e-01 3.905986e-09 3.266400e-01 
-4.598014e-01 3.842988e-09 3.294320e-01 
-4.597536e-01 3.761601e-09 3.345120e-01 
-4.597780e-01 3.740736e-09 3.255460e-01 
-4.597812e-01 3.850698e-09 3.269770e-01 
-4.597883e-01 3.726362e-09 3.341110e-01 
-4.598412e-01 3.893743e-09 3.250940e-01 
-4.598583e-01 3.911159e-09 3.288840e-01 
-4.598344e-01 3.905807e-09 3.313680e-01 
-4.598460e-01 3.850887e-09 3.246510e-01 
-4.597954e-01 3.729092e-09 3.245890e-01 
-4.597885e-01 3.704875e-09 3.341210e-01 
-4.598102e-01 3.757238e-09 3.265170e-01 
-4.597787e-01 3.831701e-09 3.285500e-01 
-4.597559e-01 3.880205e-09 3.466820e-01 
-4.597831e-01 3.690574e-09 3.278500e-01 
-4.597240e-01 3.765783e-09 3.904750e-01 
-4.597752e-01 3.812726e-09 3.768400e-01 
-4.597265e-01 3.798319e-09 4.577080e-01 
-4.597879e-01 3.779465e-09 3.804730e-01 
-4.597628e-01 3.871932e-09 3.435460e-01 
-4.598157e-01 3.832875e-09 3.301070e-01 
-4.597873e-01 3.782995e-09 3.324480e-01 
-4.598432e-01 3.770398e-09 3.265440e-01 
-4.598788e-01 3.815976e-09 3.244730e-01 
-4.597908e-01 3.769474e-09 3.299710e-01 
-4.597664e-01 3.687577e-09 3.241710e-01 
-4.596641e-01 3.620458e-09 3.270740e-01 
-4.597033e-01 3.715519e-09 3.565460e-01 
-4.598186e-01 3.823171e-09 3.280900e-01 
-4.597850e-01 3.878750e-09 3.250760e-01 
-4.597609e-01 3.757216e-09 3.532020e-01 
-4.598813e-01 3.853842e-09 3.278560e-01 
-4.597550e-01 3.709729e-09 3.279170e-01 
-4.598012e-01 3.713742e-09 3.306420e-01 
-4.597143e-01 3.701426e-09 3.427200e-01 
-4.597372e-01 3.747647e-09 3.321330e-01 
-4.597287e-01 3.666190e-09 3.301020e-01 
-4.596985e-01 3.820752e-09 3.276520e-01 
-4.596669e-01 3.756877e-09 3.246210e-01 
-4.596419e-01 3.784789e-09 3.360060e-01 
-4.597255e-01 3.759341e-09 3.259540e-01 
-4.597145e-01 3.708096e-09 3.458080e-01 
-4.597177e-01 3.620705e-09 3.548350e-01 
-4.594890e-01 3.753163e-09 3.254060e-01 
-4.597051e-01 3.860583e-09 3.389160e-01 
-4.597580e-01 3.946042e-09 3.298100e-01 
-4.596507e-01 3.751816e-09 3.287920e-01 
-4.597381e-01 3.795775e-09 3.267790e-01 
-4.598060e-01 3.847306e-09 3.334530e-01 
-4.596459e-01 3.749529e-09 3.250780e-01 
-4.596933e-01 3.737896e-09 3.248650e-01 
-4.596458e-01 3.795605e-09 3.289350e-01 
-4.598063e-01 3.807108e-09 3.264430e-01 
-4.597152e-01 3.796386e-09 3.401530e-01 
-4.597605e-01 3.886744e-09 3.554800e-01 
-4.596745e-01 3.723780e-09 3.301540e-01 
-4.597629e-01 3.847657e-09 3.599730e-01 
-4.596599e-01 3.820905e-09 3.331890e-01 
-4.597678e-01 3.783205e-09 3.258300e-01 
-4.597569e-01 3.885783e-09 3.292820e-01 
-4.597200e-01 3.765866e-09 3.312990e-01 
-4.597719e-01 3.761501e-09 3.268170e-01 
-4.596876e-01 3.657998e-09 3.234680e-01 
-4.597436e-01 3.804142e-09 3.391730e-01 
-4.596917e-01 3.828554e-09 3.322060e-01 
-4.596740e-01 3.872922e-09 3.270350e-01 
-4.596663e-01 3.786693e-09 3.337340e-01 
-4.596346e-01 3.830569e-09 3.306270e-01 
-4.596760e-01 3.784628e-09 3.246670e-01 
-4.596570e-01 3.801035e-09 3.285540e-01 
-4.596694e-01 3.818783e-09 3.231140e-01 
-4.597106e-01 3.872069e-09 3.253950e-01 
-4.596750e-01 3.794327e-09 3.448060e-01 
-4.596998e-01 3.859990e-09 3.268580e-01 
-4.597473e-01 3.715650e-09 3.239150e-01 
-4.597435e-01 3.784785e-09 3.362880e-01 
-4.596395e-01 3.960281e-09 3.269780e-01 
-4.596079e-01 3.703226e-09 3.243900e-01 
-4.597308e-01 3.725690e-09 3.384600e-01 
-4.597444e-01 3.707614e-09 3.334180e-01 
-4.597559e-01 3.891070e-09 3.278750e-01 
-4.596387e-01 3.730975e-09 3.361740e-01 
-4.596799e-01 3.770271e-09 3.275300e-01 
-4.596510e-01 3.801808e-09 3.239620e-01 
-4.596453e-01 3.804133e-09 3.336890e-01 
-4.597170e-01 3.852577e-09 3.316850e-01 
-4.597680e-01 3.896389e-09 4.089050e-01 
-4.596054e-01 3.742263e-09 3.392280e-01 
-4.596624e-01 3.739427e-09 3.263060e-01 
-4.596843e-01 3.790786e-09 3.278080e-01 
-4.596013e-01 3.726779e-09 3.331030e-01 
-4.598217e-01 3.984880e-09 3.307820e-01 
-4.596837e-01 3.806564e-09 3.263140e-01 
-4.595581e-01 3.642242e-09 3.313650e-01 
-4.595589e-01 3.714366e-09 3.280940e-01 
-4.596735e-01 3.834096e-09 3.277880e-01 
-4.595771e-01 3.815480e-09 3.390070e-01 
-4.596705e-01 3.770074e-09 3.524100e-01 
-4.596893e-01 3.742934e-09 3.283750e-01 
-4.597342e-01 3.806438e-09 3.588370e-01 
-4.596662e-01 3.819746e-09 3.424680e-01 
-4.596029e-01 3.622727e-09 3.431880e-01 
-4.596280e-01 3.877793e-09 3.369850e-01 
-4.596495e-01 3.902867e-09 3.774960e-01 
-4.597151e-01 3.839626e-09 3.396480e-01 
-4.597582e-01 3.746500e-09 3.303750e-01 
-4.596374e-01 3.707989e-09 3.277750e-01 
-4.597873e-01 3.820848e-09 3.581680e-01 
-4.596761e-01 3.946429e-09 4.482610e-01 
-4.597335e-01 3.791305e-09 3.701670e-01 
-4.596862e-01 3.804363e-09 3.297820e-01 
-4.597410e-01 3.812829e-09 3.418820e-01 
-4.597371e-01 3.719514e-09 3.286340e-01 
-4.597170e-01 3.865715e-09 3.235580e-01 
-4.597792e-01 3.762884e-09 3.333430e-01 
-4.597607e-01 3.818460e-09 3.277010e-01 
-4.598257e-01 3.890317e-09 3.477160e-01 
-4.596811e-01 3.787455e-09 3.531440e-01 
-4.596060e-01 3.760051e-09 3.504600e-01 
-4.596676e-01 3.757906e-09 3.313240e-01 
-4.597430e-01 3.709669e-09 3.440450e-01 
-4.597509e-01 3.922042e-09 3.277900e-01 
-4.596407e-01 3.746116e-09 3.300300e-01 
-4.596960e-01 3.747182e-09 3.305980e-01 
-4.597128e-01 3.829417e-09 3.245450e-01 
-4.596997e-01 3.689615e-09 3.513170e-01 
-4.596447e-01 3.840056e-09 3.284820e-01 
-4.597467e-01 3.867350e-09 3.264390e-01 
-4.598039e-01 3.865273e-09 3.441110e-01 
-4.597536e-01 3.888145e-09 3.325370e-01 
-4.599061e-01 3.909604e-09 3.486640e-01 
-4.597348e-01 3.747570e-09 3.331730e-01 
-4.597388e-01 3.816728e-09 3.254350e-01 
-4.596686e-01 3.795504e-09 3.335570e-01 
-4.596331e-01 3.717823e-09 3.341120e-01 
-4.597903e-01 3.772539e-09 3.318300e-01 
-4.596529e-01 3.671980e-09 3.266210e-01 
-4.597543e-01 3.747311e-09 3.397290e-01 
-4.597893e-01 3.878868e-09 3.283350e-01 
-4.596697e-01 3.774541e-09 3.273510e-01 
-4.598294e-01 3.973141e-09 3.312510e-01 
-4.596942e-01 3.717953e-09 3.286420e-01 
-4.596349e-01 3.767217e-09 3.264880e-01 
-4.595894e-01 3.840897e-09 3.364770e-01 
-4.594947e-01 3.730585e-09 3.237680e-01 
-4.596803e-01 3.719726e-09 3.243750e-01 
-4.597177e-01 3.869313e-09 3.289330e-01 
-4.595828e-01 3.711859e-09 3.321280e-01 
-4.596133e-01 3.772668e-09 3.287070e-01 
-4.596206e-01 3.787105e-09 3.250560e-01 
-4.596570e-01 3.884496e-09 3.325590e-01 
-4.596828e-01 3.754879e-09 3.257550e-01 
-4.596465e-01 3.695882e-09 3.317910e-01 
-4.597279e-01 3.784959e-09 3.331500e-01 
-4.595834e-01 3.675034e-09 3.257760e-01 
-4.596182e-01 3.748761e-09 3.279610e-01 
-4.596633e-01 3.801571e-09 3.243440e-01 
-4.596990e-01 3.874257e-09 3.288670e-01 
-4.596821e-01 3.807211e-09 3.263870e-01 
-4.596677e-01 3.796186e-09 3.301090e-01 
-4.596594e-01 3.793234e-09 3.274530e-01 
-4.597041e-01 3.750544e-09 3.259120e-01 
-4.597471e-01 3.779192e-09 3.382940e-01 
-4.598571e-01 3.922887e-09 3.263690e-01 
-4.597068e-01 3.819971e-09 3.254760e-01 
-4.596355e-01 3.757574e-09 3.342030e-01 
-4.597184e-01 3.955654e-09 3.257480e-01 
-4.596445e-01 3.760531e-09 3.254540e-01 
-4.594970e-01 3.744464e-09 3.304770e-01 
-4.596543e-01 3.834516e-09 3.268540e-01 
-4.596420e-01 3.833133e-09 3.262100e-01 
-4.596918e-01 3.803079e-09 3.355380e-01 
-4.596726e-01 3.876224e-09 3.252150e-01 
-4.596884e-01 3.839816e-09 3.254230e-01 
-4.596466e-01 3.769941e-09 3.289960e-01 
-4.598023e-01 3.677401e-09 3.270340e-01 
-4.597851e-01 3.929927e-09 3.263420e-01 
-4.597218e-01 3.785779e-09 3.286930e-01 
-4.596990e-01 3.818807e-09 3.256850e-01 
-4.597729e-01 3.727284e-09 3.263290e-01 
-4.596439e-01 3.839693e-09 3.300910e-01 
-4.597160e-01 3.704772e-09 3.260630e-01 
-4.596564e-01 3.837352e-09 3.262050e-01 
-4.596625e-01 3.748400e-09 3.319700e-01 
-4.596440e-01 3.768107e-09 3.267960e-01 
-4.596060e-01 3.742581e-09 3.261630e-01 
-4.598356e-01 4.037937e-09 3.309400e-01 
-4.596482e-01 3.846827e-09 3.284360e-01 
-4.597314e-01 3.813176e-09 3.263840e-01 
-4.596495e-01 3.753439e-09 3.367030e-01 
-4.596413e-01 3.727886e-09 3.289780e-01 
-4.595675e-01 3.665268e-09 3.285580e-01 
-4.596647e-01 3.766681e-09 3.315850e-01 
-4.595673e-01 3.710416e-09 3.295290e-01 
-4.595935e-01 3.829633e-09 3.267480e-01 
-4.595614e-01 3.757614e-09 3.299150e-01 
-4.595987e-01 3.793587e-09 3.246630e-01 
-4.595729e-01 3.810614e-09 3.258510e-01 
-4.596154e-01 3.792795e-09 3.331570e-01 
-4.595747e-01 3.809985e-09 3.348980e-01 
-4.596560e-01 3.791853e-09 3.400360e-01 
-4.596032e-01 3.701048e-09 4.159850e-01 
-4.595502e-01 3.880317e-09 3.595910e-01 
-4.596101e-01 3.734972e-09 3.283690e-01 
-4.595012e-01 3.706898e-09 3.364390e-01 
-4.596508e-01 3.805329e-09 3.282660e-01 
-4.595605e-01 3.770172e-09 3.366110e-01 
-4.594996e-01 3.757866e-09 3.305910e-01 
-4.594763e-01 3.867764e-09 3.291160e-01 
-4.595670e-01 3.836672e-09 3.293430e-01 
-4.595680e-01 3.783182e-09 3.354640e-01 
-4.596023e-01 3.767553e-09 3.280650e-01 
-4.595683e-01 3.828341e-09 3.276430e-01 
-4.596207e-01 3.801297e-09 3.311250e-01 
-4.596329e-01 3.932015e-09 3.256660e-01 
-4.596221e-01 3.954549e-09 3.272760e-01 
-4.596338e-01 3.828080e-09 3.341090e-01 
-4.596937e-01 3.847960e-09 3.270770e-01 
-4.596095e-01 3.765186e-09 3.260580e-01 
-4.595473e-01 3.660026e-09 3.317640e-01 
-4.596982e-01 3.875020e-09 3.264990e-01 
-4.596797e-01 3.802697e-09 3.273260e-01 
-4.596311e-01 3.806433e-09 3.324520e-01 
-4.596928e-01 3.827640e-09 3.283520e-01 
-4.597149e-01 3.898034e-09 3.266780e-01 
-4.595553e-01 3.707707e-09 3.301480e-01 
-4.597111e-01 3.947640e-09 3.323430e-01 
-4.596644e-01 3.816700e-09 3.243640e-01 
-4.596194e-01 3.803094e-09 3.383580e-01 
-4.595998e-01 3.838258e-09 3.256950e-01 
-4.595878e-01 3.810179e-09 3.249750e-01 
-4.596960e-01 3.698717e-09 3.292500e-01 
-4.596109e-01 3.797163e-09 3.276730e-01 
-4.595637e-01 3.737796e-09 3.257950e-01 
-4.596350e-01 3.813022e-09 3.323830e-01 
-4.595222e-01 3.800500e-09 3.269740e-01 
-4.596202e-01 3.777294e-09 3.254620e-01 
-4.596720e-01 3.933389e-09 3.326060e-01 
-4.595809e-01 3.756689e-09 3.286920e-01 
-4.596484e-01 3.815200e-09 3.265660e-01 
-4.596366e-01 3.773900e-09 3.307970e-01 
-4.595736e-01 3.800591e-09 3.273170e-01 
-4.595297e-01 3.688237e-09 3.279980e-01 
-4.594683e-01 3.746155e-09 3.296370e-01 
-4.593802e-01 3.705331e-09 3.259170e-01 
-4.595471e-01 3.741994e-09 3.249550e-01 
-4.595144e-01 3.701602e-09 3.302950e-01 
-4.595657e-01 3.687559e-09 3.273340e-01 
-4.595126e-01 3.830553e-09 3.248510e-01 
-4.594893e-01 3.790627e-09 3.295640e-01 
-4.595307e-01 3.959590e-09 3.242830e-01 
-4.595936e-01 3.764983e-09 3.243230e-01 
-4.596952e-01 3.894678e-09 3.314800e-01 
-4.595859e-01 3.743969e-09 3.291030e-01 
-4.594895e-01 3.863329e-09 3.271140e-01 
-4.596095e-01 3.894689e-09 3.392690e-01 
-4.596374e-01 3.919786e-09 3.314090e-01 
-4.596013e-01 3.763507e-09 3.286930e-01 
-4.597250e-01 3.953236e-09 3.364450e-01 
-4.596912e-01 3.776566e-09 3.265990e-01 
-4.597223e-01 3.810756e-09 3.339580e-01 
-4.596671e-01 3.783473e-09 3.367160e-01 
-4.596160e-01 3.819835e-09 3.352050e-01 
-4.596743e-01 3.737862e-09 3.265950e-01 
-4.596219e-01 3.782536e-09 3.299380e-01 
-4.596114e-01 3.834108e-09 3.283990e-01 
-4.595911e-01 3.775717e-09 3.274990e-01 
-4.596653e-01 3.847853e-09 3.318360e-01 
-4.596704e-01 3.820580e-09 3.299290e-01 
-4.596422e-01 3.728646e-09 3.257730e-01 
-4.596104e-01 3.773981e-09 3.307540e-01 
-4.595776e-01 3.698239e-09 3.606720e-01 
-4.595496e-01 3.846576e-09 3.969360e-01 
-4.596169e-01 3.859586e-09 4.667950e-01 
-4.595039e-01 3.711823e-09 4.571300e-01 
-4.596485e-01 3.872644e-09 3.878760e-01 
-4.596175e-01 3.904028e-09 3.922050e-01 
-4.596559e-01 3.823661e-09 3.339240e-01 
-4.596956e-01 3.921264e-09 3.373170e-01 
-4.596319e-01 3.764357e-09 3.279640e-01 
-4.596301e-01 3.709606e-09 3.240740e-01 
-4.595704e-01 3.728182e-09 3.322690e-01 
-4.596170e-01 3.751076e-09 3.296810e-01 
-4.595225e-01 3.710245e-09 3.259070e-01 
-4.594797e-01 3.751983e-09 3.337500e-01 
-4.594368e-01 3.835366e-09 3.274140e-01 
-4.595274e-01 3.870153e-09 3.286530e-01 
-4.594503e-01 3.755184e-09 3.432940e-01 
-4.595791e-01 3.848668e-09 3.274940e-01 
-4.595666e-01 3.896770e-09 3.261160e-01 
-4.595691e-01 3.948816e-09 3.329030e-01 
-4.596474e-01 3.756381e-09 3.415630e-01 
-4.596013e-01 3.807236e-09 4.101080e-01 
-4.596608e-01 3.791135e-09 3.531040e-01 
-4.596435e-01 3.880835e-09 3.258650e-01 
-4.596556e-01 3.763286e-09 3.267220e-01 
-4.595992e-01 3.697996e-09 3.321210e-01 
-4.595764e-01 3.753617e-09 3.267500e-01 
-4.596070e-01 3.943179e-09 3.280940e-01 
-4.596342e-01 3.773976e-09 3.353280e-01 
-4.596235e-01 3.898667e-09 3.325550e-01 
-4.596556e-01 3.784436e-09 3.338830e-01 
-4.596519e-01 3.857117e-09 3.389760e-01 
-4.596370e-01 3.773919e-09 3.264230e-01 
-4.596123e-01 3.826160e-09 3.264350e-01 
-4.596789e-01 3.733757e-09 3.303500e-01 
-4.596428e-01 3.833040e-09 3.240070e-01 
-4.595979e-01 3.800866e-09 3.252180e-01 
-4.595407e-01 3.713027e-09 3.308970e-01 
-4.596048e-01 3.815111e-09 3.253680e-01 
-4.595855e-01 3.780937e-09 3.269970e-01 
-4.596451e-01 3.891470e-09 3.309650e-01 
-4.595803e-01 3.714191e-09 3.254670e-01 
-4.595777e-01 3.706544e-09 3.262590e-01 
-4.594900e-01 3.763998e-09 3.296460e-01 
-4.596108e-01 3.826799e-09 3.302560e-01 
-4.596459e-01 3.961679e-09 3.296650e-01 
-4.595732e-01 3.828844e-09 3.362430e-01 
-4.596605e-01 3.745682e-09 3.313300e-01 
-4.595344e-01 3.642825e-09 3.321570e-01 
-4.596299e-01 3.856180e-09 3.318760e-01 
-4.596142e-01 3.699343e-09 3.260180e-01 
-4.595857e-01 3.793982e-09 3.308730e-01 
-4.595087e-01 3.777491e-09 3.539140e-01 
-4.596626e-01 3.832858e-09 3.374210e-01 
-4.595938e-01 3.709155e-09 3.322640e-01 
-4.596440e-01 3.761964e-09 3.727790e-01 
-4.595485e-01 3.875421e-09 4.171350e-01 
-4.595930e-01 3.675655e-09 3.254500e-01 
-4.596116e-01 3.909659e-09 3.327210e-01 
-4.595849e-01 3.671251e-09 3.271560e-01 
-4.594722e-01 3.858015e-09 3.312770e-01 
-4.595566e-01 3.828273e-09 3.404270e-01 
-4.595701e-01 3.735213e-09 3.281460e-01 
-4.595707e-01 3.768654e-09 3.236760e-01 
-4.595307e-01 3.803839e-09 3.324850e-01 
-4.595192e-01 3.815089e-09 3.275480e-01 
-4.594253e-01 3.661816e-09 3.263020e-01 
-4.594710e-01 3.800568e-09 3.297930e-01 
-4.595382e-01 3.843323e-09 3.253430e-01 
-4.594390e-01 3.756978e-09 3.248320e-01 
-4.595132e-01 3.716185e-09 3.325060e-01 
-4.594819e-01 3.663065e-09 3.324990e-01 
-4.593845e-01 3.727882e-09 3.286960e-01 
-4.595201e-01 3.865700e-09 3.348690e-01 
-4.594058e-01 3.695099e-09 3.258510e-01 
-4.594131e-01 3.692050e-09 3.248950e-01 
-4.594472e-01 3.760210e-09 3.337290e-01 
-4.594932e-01 3.866740e-09 3.253850e-01 
-4.594049e-01 3.728823e-09 3.243090e-01 
-4.594882e-01 3.850783e-09 3.351190e-01 
-4.594020e-01 3.728464e-09 3.472130e-01 
-4.594122e-01 3.731502e-09 3.333170e-01 
-4.594429e-01 3.785101e-09 3.370300e-01 
-4.593688e-01 3.752574e-09 3.404280e-01 
-4.593994e-01 3.802952e-09 3.301860e-01 
-4.593870e-01 3.782566e-09 3.501240e-01 
-4.594156e-01 3.796298e-09 3.415150e-01 
-4.593002e-01 3.879121e-09 3.422150e-01 
-4.595085e-01 3.913243e-09 3.391050e-01 
-4.594924e-01 3.857573e-09 3.410880e-01 
-4.595463e-01 3.796901e-09 3.622170e-01 
-4.594900e-01 3.924502e-09 3.482690e-01 
-4.594925e-01 3.816258e-09 3.358730e-01 
-4.595230e-01 3.701538e-09 3.297850e-01 
-4.594719e-01 3.675996e-09 3.608380e-01 
-4.594821e-01 3.811853e-09 3.592040e-01 
-4.593844e-01 3.726150e-09 3.682310e-01 
-4.594029e-01 3.720708e-09 3.495320e-01 
-4.594914e-01 3.840513e-09 3.288470e-01 
-4.595058e-01 3.958904e-09 3.345080e-01 
-4.595192e-01 3.815056e-09 3.296450e-01 
-4.595126e-01 3.754321e-09 3.279340e-01 
-4.594416e-01 3.744649e-09 3.357720e-01 
-4.596260e-01 3.857663e-09 3.306780e-01 
-4.595188e-01 3.740620e-09 3.249180e-01 
-4.595643e-01 3.853784e-09 3.320310e-01 
-4.594745e-01 3.727624e-09 3.282140e-01 
-4.595075e-01 3.812936e-09 3.273190e-01 
-4.593562e-01 3.638059e-09 3.339680e-01 
-4.594534e-01 3.744677e-09 3.498070e-01 
-4.593735e-01 3.790191e-09 3.494480e-01 
-4.594595e-01 3.787405e-09 3.516310e-01 
-4.595080e-01 3.891377e-09 4.305580e-01 
-4.594424e-01 3.906692e-09 3.356820e-01 
-4.594737e-01 3.809701e-09 3.398440e-01 
-4.594199e-01 3.805291e-09 3.290530e-01 
-4.595553e-01 3.873186e-09 3.499110e-01 
-4.595544e-01 3.772156e-09 3.338230e-01 
-4.595857e-01 3.851434e-09 3.573780e-01 
-4.595454e-01 3.838033e-09 3.286060e-01 
-4.595854e-01 3.951942e-09 3.329620e-01 
-4.594843e-01 3.789160e-09 3.272980e-01 
-4.594543e-01 3.682823e-09 3.567030e-01 
-4.595306e-01 3.779205e-09 3.347420e-01 
-4.595207e-01 3.844267e-09 3.558720e-01 
-4.594076e-01 3.725613e-09 3.456510e-01 
-4.594911e-01 3.785920e-09 3.261870e-01 
-4.595940e-01 3.859327e-09 3.286330e-01 
-4.593920e-01 3.735140e-09 3.297320e-01 
-4.593747e-01 3.684896e-09 3.266490e-01 
-4.593854e-01 3.695167e-09 3.292030e-01 
-4.594624e-01 3.828612e-09 3.332470e-01 
-4.594269e-01 3.769165e-09 3.259490e-01 
-4.595096e-01 3.845997e-09 3.272490e-01 
-4.595112e-01 3.715825e-09 3.368780e-01 
-4.595545e-01 3.876654e-09 3.261240e-01 
-4.595893e-01 3.837131e-09 3.313590e-01 
-4.596594e-01 3.930158e-09 3.386260e-01 
-4.594410e-01 3.767024e-09 3.566310e-01 
-4.595247e-01 3.777797e-09 3.560470e-01 
-4.594764e-01 3.672887e-09 3.315200e-01 
-4.594506e-01 3.885242e-09 3.263980e-01 
-4.595909e-01 3.748574e-09 3.254010e-01 
-4.594588e-01 3.727647e-09 3.389680e-01 
-4.595539e-01 3.834743e-09 3.297130e-01 
-4.595394e-01 3.863158e-09 3.563450e-01 
-4.594746e-01 3.721698e-09 3.334320e-01 
-4.594967e-01 3.690606e-09 3.264610e-01 
-4.596046e-01 3.909956e-09 3.265840e-01 
-4.596626e-01 3.828949e-09 3.580040e-01 
-4.596881e-01 3.675834e-09 3.754260e-01 
-4.595103e-01 3.714542e-09 3.551200e-01 
-4.595947e-01 3.967043e-09 3.719680e-01 
-4.595269e-01 3.815987e-09 3.268830e-01 
-4.595126e-01 3.795259e-09 3.245010e-01 
-4.596316e-01 3.845063e-09 3.339560e-01 
-4.594266e-01 3.703637e-09 3.279810e-01 
-4.594213e-01 3.642281e-09 3.267120e-01 
-4.594310e-01 3.779799e-09 3.310540e-01 
-4.594053e-01 3.741862e-09 3.253040e-01 
-4.593657e-01 3.624837e-09 3.263940e-01 
-4.594040e-01 3.742877e-09 3.270390e-01 
-4.593220e-01 3.678051e-09 3.273190e-01 
-4.593572e-01 3.733152e-09 3.276860e-01 
-4.593811e-01 3.835316e-09 3.304720e-01 
-4.594373e-01 3.875153e-09 3.247570e-01 
-4.593967e-01 3.709241e-09 3.246260e-01 
-4.594156e-01 3.841642e-09 3.308730e-01 
-4.593901e-01 3.829585e-09 3.269610e-01 
-4.593061e-01 3.683068e-09 3.350710e-01 
-4.593821e-01 3.905351e-09 3.752930e-01 
-4.592727e-01 3.650572e-09 3.431090e-01 
-4.593375e-01 3.781461e-09 3.266260e-01 
-4.595310e-01 3.849429e-09 3.426470e-01 
-4.594756e-01 3.807724e-09 3.872150e-01 
-4.595359e-01 3.837357e-09 4.444410e-01 
-4.593836e-01 3.756977e-09 3.409390e-01 
-4.595192e-01 3.776603e-09 3.261770e-01 
-4.594133e-01 3.871026e-09 3.276430e-01 
-4.595227e-01 3.781804e-09 3.307900e-01 
-4.595020e-01 3.739451e-09 3.269870e-01 
-4.594350e-01 3.873414e-09 3.261730e-01 
-4.595840e-01 3.909570e-09 3.413990e-01 
-4.595560e-01 3.728614e-09 3.250260e-01 
-4.594571e-01 3.806440e-09 3.266620e-01 
-4.594066e-01 3.807266e-09 3.322510e-01 
-4.595446e-01 3.845975e-09 3.389730e-01 
-4.594822e-01 3.699957e-09 3.269600e-01 
-4.594133e-01 3.749945e-09 3.383800e-01 
-4.593994e-01 3.850580e-09 3.255570e-01 
-4.595083e-01 3.734662e-09 3.243060e-01 
-4.594118e-01 3.599726e-09 3.273730e-01 
-4.593778e-01 3.836725e-09 3.245400e-01 
-4.595364e-01 3.980151e-09 3.261890e-01 
-4.594356e-01 3.817282e-09 3.297450e-01 
-4.594370e-01 3.832393e-09 3.280310e-01 
-4.594447e-01 3.859833e-09 3.272610e-01 
-4.594556e-01 3.743847e-09 3.392550e-01 
-4.595490e-01 3.903061e-09 3.594290e-01 
-4.594684e-01 3.702663e-09 3.572520e-01 
-4.594762e-01 3.858254e-09 3.656170e-01 
-4.595283e-01 3.892605e-09 3.493560e-01 
-4.595542e-01 3.826548e-09 3.922250e-01 
-4.593284e-01 3.644550e-09 3.871540e-01 
-4.594992e-01 3.847753e-09 3.301510e-01 
-4.594222e-01 3.690368e-09 3.463850e-01 
-4.593897e-01 3.802094e-09 3.285650e-01 
-4.594373e-01 3.789997e-09 3.270520e-01 
-4.594022e-01 3.741768e-09 3.319920e-01 
-4.595581e-01 3.810919e-09 3.275130e-01 
-4.593475e-01 3.701078e-09 3.307910e-01 
-4.594491e-01 3.835332e-09 3.341850e-01 
-4.594745e-01 3.788192e-09 3.328070e-01 
-4.594700e-01 3.869970e-09 3.289580e-01 
-4.594027e-01 3.705502e-09 3.332240e-01 
-4.595702e-01 3.905009e-09 3.324360e-01 
-4.594416e-01 3.845468e-09 3.269200e-01 
-4.593761e-01 3.672669e-09 3.348600e-01 
-4.594399e-01 3.831943e-09 3.360410e-01 
-4.594046e-01 3.734548e-09 3.343730e-01 
-4.594437e-01 3.757146e-09 3.628490e-01 
-4.595267e-01 4.036636e-09 3.438060e-01 
-4.595527e-01 3.852350e-09 3.268340e-01 
-4.595125e-01 3.758174e-09 3.336210e-01 
-4.595411e-01 3.825852e-09 3.288180e-01 
-4.595798e-01 3.899381e-09 3.238180e-01 
-4.594899e-01 3.786519e-09 3.303820e-01 
-4.594737e-01 3.886693e-09 3.391460e-01 
-4.595286e-01 3.779897e-09 3.285620e-01 
-4.594638e-01 3.778556e-09 3.405460e-01 
-4.595465e-01 3.807219e-09 3.273620e-01 
-4.595453e-01 3.718926e-09 3.379230e-01 
-4.593684e-01 3.654295e-09 3.660350e-01 
-4.595351e-01 3.842078e-09 4.358440e-01 
-4.593941e-01 3.702823e-09 3.496510e-01 
-4.594889e-01 3.764648e-09 3.369180e-01 
-4.594156e-01 3.725404e-09 3.295790e-01 
-4.594779e-01 3.985591e-09 3.332940e-01 
-4.595070e-01 3.820121e-09 3.541060e-01 
-4.595589e-01 3.913832e-09 3.284330e-01 
-4.595151e-01 3.656904e-09 3.278760e-01 
-4.595625e-01 3.875919e-09 3.327980e-01 
-4.595740e-01 3.801003e-09 3.493810e-01 
-4.594330e-01 3.699833e-09 3.379240e-01 
-4.594806e-01 3.921463e-09 3.501390e-01 
-4.595547e-01 3.921849e-09 3.508640e-01 
-4.595114e-01 3.881756e-09 3.493050e-01 
-4.595235e-01 3.803082e-09 3.372170e-01 
-4.596022e-01 3.835795e-09 3.296070e-01 
-4.595803e-01 3.789552e-09 3.348870e-01 
-4.594311e-01 3.616094e-09 3.295180e-01 
-4.594469e-01 3.745369e-09 3.308960e-01 
-4.595647e-01 3.882280e-09 3.386030e-01 
-4.595716e-01 3.851069e-09 4.445580e-01 
-4.594399e-01 3.709666e-09 4.504530e-01 
-4.595080e-01 3.777657e-09 3.964810e-01 
-4.594816e-01 3.804302e-09 3.499870e-01 
-4.594874e-01 3.856750e-09 4.110850e-01 
-4.595352e-01 3.852218e-09 3.570850e-01 
-4.595499e-01 3.838038e-09 3.322770e-01 
-4.595236e-01 3.716527e-09 3.355210e-01 
-4.596346e-01 3.838595e-09 3.388960e-01 
-4.595246e-01 3.634633e-09 3.471470e-01 
-4.595168e-01 3.796955e-09 3.520920e-01 
-4.593763e-01 3.743571e-09 3.443590e-01 
-4.593834e-01 3.772818e-09 3.673520e-01 
-4.595194e-01 3.903415e-09 3.486240e-01 
-4.594935e-01 3.651553e-09 3.472190e-01 
-4.594142e-01 3.675324e-09 3.525970e-01 
-4.593673e-01 3.712597e-09 4.619150e-01 
-4.595010e-01 3.880408e-09 4.596510e-01 
-4.594813e-01 3.854568e-09 4.158220e-01 
-4.594784e-01 3.776901e-09 3.439160e-01 
-4.594355e-01 3.846776e-09 3.537630e-01 
-4.594413e-01 3.682248e-09 3.497250e-01 
-4.593703e-01 3.840133e-09 3.425200e-01 
-4.594576e-01 3.745735e-09 3.399470e-01 
-4.593815e-01 3.661474e-09 3.354980e-01 
-4.593742e-01 3.710895e-09 3.384070e-01 
-4.594240e-01 3.960693e-09 3.359430e-01 
-4.594594e-01 3.814555e-09 3.294630e-01 
-4.595013e-01 3.798883e-09 3.305670e-01 
-4.594407e-01 3.755800e-09 3.384430e-01 
-4.594361e-01 3.892107e-09 3.272990e-01 
-4.593733e-01 3.816119e-09 3.331540e-01 
-4.593502e-01 3.792450e-09 3.357550e-01 
-4.594129e-01 3.738024e-09 3.290660e-01 
-4.594577e-01 3.748815e-09 3.259130e-01 
-4.594969e-01 3.804130e-09 3.535310e-01 
-4.595068e-01 3.818423e-09 4.568580e-01 
-4.593814e-01 3.805362e-09 4.005170e-01 
-4.593886e-01 3.766642e-09 3.350980e-01 
-4.594483e-01 3.850771e-09 3.256610e-01 
-4.593880e-01 3.773685e-09 3.334860e-01 
-4.594213e-01 3.745065e-09 3.398920e-01 
-4.594032e-01 3.797553e-09 3.312810e-01 
-4.594407e-01 3.861917e-09 3.491410e-01 
-4.594103e-01 3.893845e-09 3.358680e-01 
-4.595509e-01 3.738446e-09 3.281680e-01 
-4.594677e-01 3.736964e-09 3.352210e-01 
-4.593225e-01 3.689607e-09 3.512990e-01 
-4.593658e-01 3.741524e-09 3.461130e-01 
-4.595316e-01 3.907750e-09 3.424120e-01 
-4.594786e-01 3.888355e-09 3.407820e-01 
-4.595313e-01 3.979430e-09 3.403090e-01 
-4.593866e-01 3.884295e-09 3.552330e-01 
-4.593996e-01 3.667608e-09 4.603640e-01 
-4.594833e-01 3.793345e-09 4.988710e-01 
-4.594639e-01 3.978799e-09 4.161270e-01 
-4.594513e-01 3.889350e-09 3.386540e-01 
-4.594952e-01 3.808144e-09 3.683710e-01 
-4.593945e-01 3.789470e-09 3.545620e-01 
-4.594195e-01 3.780897e-09 4.115420e-01 
-4.595038e-01 3.973955e-09 3.342300e-01 
-4.594051e-01 3.725382e-09 3.680300e-01 
-4.594617e-01 3.805437e-09 3.389820e-01 
-4.595112e-01 3.908566e-09 3.469580e-01 
-4.595167e-01 3.756921e-09 3.505000e-01 
-4.595669e-01 3.817430e-09 3.441450e-01 
-4.595580e-01 3.888319e-09 3.451850e-01 
-4.593951e-01 3.681930e-09 3.408810e-01 
-4.594442e-01 3.789763e-09 3.457130e-01 
-4.593938e-01 3.655755e-09 3.487840e-01 
-4.594586e-01 3.690406e-09 3.306510e-01 
-4.593929e-01 3.819708e-09 3.496800e-01 
-4.593969e-01 3.687447e-09 3.446720e-01 
-4.594858e-01 3.909078e-09 3.625920e-01 
-4.594023e-01 3.686921e-09 3.277220e-01 
-4.593405e-01 3.764675e-09 3.285570e-01 
-4.593306e-01 3.734568e-09 3.682300e-01 
-4.593867e-01 3.819177e-09 3.324750e-01 
-4.594540e-01 3.854539e-09 3.261800e-01 
-4.594318e-01 3.743691e-09 3.429080e-01 
-4.594667e-01 3.746786e-09 3.384490e-01 
-4.594948e-01 3.837449e-09 3.598860e-01 
-4.595188e-01 3.794853e-09 3.559890e-01 
-4.594197e-01 3.856521e-09 3.271290e-01 
-4.595054e-01 3.755856e-09 3.474970e-01 
-4.594235e-01 3.732024e-09 3.496400e-01 
-4.594249e-01 3.802269e-09 3.489670e-01 
-4.593802e-01 3.815963e-09 3.432900e-01 
-4.593301e-01 3.833863e-09 3.433170e-01 
-4.594516e-01 3.874427e-09 3.268260e-01 
-4.594513e-01 3.946773e-09 3.260560e-01 
-4.594935e-01 3.828183e-09 3.316940e-01 
-4.595721e-01 3.861824e-09 3.380650e-01 
-4.595523e-01 3.901383e-09 3.315930e-01 
-4.596089e-01 3.749688e-09 3.487840e-01 
-4.595087e-01 3.693326e-09 4.813030e-01 
-4.595024e-01 3.750831e-09 5.003650e-01 
-4.594596e-01 3.794274e-09 5.142050e-01 
-4.595844e-01 3.720419e-09 4.604210e-01 
-4.594950e-01 3.727686e-09 3.779910e-01 
-4.593913e-01 3.684323e-09 4.403020e-01 
-4.594141e-01 3.634068e-09 5.287130e-01 
-4.592923e-01 3.748902e-09 4.797010e-01 
-4.593313e-01 3.666853e-09 4.735950e-01 
-4.594768e-01 3.863505e-09 4.453580e-01 
-4.596127e-01 3.836644e-09 4.437590e-01 
-4.593731e-01 3.655908e-09 4.910280e-01 
-4.594879e-01 3.911044e-09 4.046400e-01 
-4.593808e-01 3.901689e-09 3.786330e-01 
-4.595376e-01 3.922462e-09 3.732340e-01 
-4.594750e-01 3.907965e-09 3.292820e-01 
-4.594398e-01 3.915507e-09 3.784720e-01 
-4.594586e-01 3.745614e-09 3.337470e-01 
-4.594778e-01 3.763072e-09 3.266350e-01 
-4.593395e-01 3.731558e-09 3.305820e-01 
-4.593600e-01 3.686699e-09 3.275850e-01 
-4.594695e-01 3.801970e-09 3.265000e-01 
-4.594064e-01 3.817474e-09 3.369020e-01 
-4.593778e-01 3.698959e-09 3.987820e-01 
-4.594161e-01 3.715316e-09 3.852510e-01 
-4.594202e-01 3.822102e-09 3.372140e-01 
-4.594006e-01 3.859810e-09 3.295510e-01 
-4.593971e-01 3.792092e-09 3.258070e-01 
-4.592978e-01 3.626023e-09 3.325610e-01 
-4.593691e-01 3.882562e-09 3.272830e-01 
-4.593236e-01 3.629768e-09 3.278940e-01 
-4.594053e-01 3.858906e-09 3.373480e-01 
-4.594132e-01 3.802743e-09 3.632270e-01 
-4.593614e-01 3.715309e-09 3.312880e-01 
-4.593114e-01 3.791443e-09 3.317160e-01 
-4.594273e-01 3.822243e-09 3.269010e-01 
-4.592872e-01 3.724116e-09 3.271390e-01 
-4.593991e-01 3.807548e-09 3.362080e-01 
-4.593763e-01 3.712402e-09 3.337900e-01 
-4.593120e-01 3.727828e-09 3.279880e-01 
-4.593642e-01 3.783805e-09 3.325390e-01 
-4.592472e-01 3.701770e-09 3.274490e-01 
-4.592811e-01 3.631290e-09 3.282000e-01 
-4.591942e-01 3.712209e-09 3.322310e-01 
-4.592189e-01 3.789648e-09 3.254580e-01 
-4.593094e-01 3.738598e-09 3.267700e-01 
-4.592818e-01 3.793312e-09 3.637230e-01 
-4.592962e-01 3.834311e-09 3.724390e-01 
-4.593284e-01 3.756280e-09 3.368160e-01 
-4.593308e-01 3.773679e-09 3.288860e-01 
-4.592199e-01 3.772662e-09 3.313410e-01 
-4.593172e-01 3.764193e-09 3.265470e-01 
-4.593416e-01 3.836328e-09 3.432740e-01 
-4.592781e-01 3.776896e-09 3.292470e-01 
-4.593595e-01 3.809703e-09 3.293980e-01 
-4.593545e-01 3.803178e-09 3.248660e-01 
-4.592931e-01 3.778740e-09 3.260760e-01 
-4.593361e-01 3.924599e-09 3.274890e-01 
-4.593067e-01 3.767237e-09 3.415600e-01 
-4.592851e-01 3.704318e-09 3.262570e-01 
-4.593733e-01 3.823747e-09 3.339580e-01 
-4.593562e-01 3.780334e-09 3.357460e-01 
-4.593447e-01 3.771160e-09 3.272690e-01 
-4.592811e-01 3.699498e-09 3.258390e-01 
-4.592875e-01 3.663233e-09 3.318150e-01 
-4.593336e-01 3.774229e-09 3.459980e-01 
-4.594005e-01 3.898568e-09 3.468280e-01 
-4.594038e-01 3.853347e-09 3.302030e-01 
-4.594206e-01 3.869128e-09 3.293790e-01 
-4.593373e-01 3.846186e-09 3.259360e-01 
-4.593114e-01 3.721358e-09 3.649480e-01 
-4.592561e-01 3.686121e-09 3.588830e-01 
-4.591550e-01 3.648202e-09 3.632180e-01 
-4.591838e-01 3.746333e-09 3.500920e-01 
-4.591791e-01 3.783226e-09 3.280510e-01 
-4.593257e-01 3.844997e-09 3.368800e-01 
-4.592034e-01 3.636004e-09 3.297850e-01 
-4.591975e-01 3.701213e-09 3.263320e-01 
-4.592251e-01 3.837723e-09 3.373030e-01 
-4.592424e-01 3.782268e-09 3.284330e-01 
-4.591999e-01 3.799869e-09 3.271050e-01 
-4.591871e-01 3.699205e-09 3.421770e-01 
-4.593385e-01 3.851110e-09 3.285890e-01 
-4.592614e-01 3.720865e-09 3.501810e-01 
-4.592737e-01 3.688748e-09 3.765170e-01 
-4.592197e-01 3.671795e-09 3.602630e-01 
-4.592079e-01 3.690672e-09 3.328180e-01 
-4.591345e-01 3.789954e-09 3.347230e-01 
-4.591658e-01 3.766410e-09 3.291160e-01 
-4.591185e-01 3.658018e-09 3.263620e-01 
-4.591557e-01 3.697386e-09 3.386800e-01 
-4.590941e-01 3.714861e-09 3.263420e-01 
-4.591712e-01 3.741198e-09 3.327890e-01 
-4.590382e-01 3.725700e-09 3.403350e-01 
-4.590686e-01 3.794473e-09 3.272900e-01 
-4.589935e-01 3.613685e-09 3.278150e-01 
-4.591175e-01 3.840372e-09 3.343920e-01 
-4.590929e-01 3.723032e-09 3.258760e-01 
-4.591209e-01 3.875092e-09 3.251770e-01 
-4.591541e-01 3.652081e-09 3.325070e-01 
-4.591747e-01 3.776447e-09 3.294540e-01 
-4.592999e-01 3.914517e-09 3.497530e-01 
-4.592032e-01 3.753080e-09 3.603620e-01 
-4.592294e-01 3.773810e-09 3.567910e-01 
-4.592140e-01 3.895214e-09 3.310740e-01 
-4.592047e-01 3.782185e-09 3.341700e-01 
-4.591969e-01 3.749179e-09 3.282110e-01 
-4.591514e-01 3.712919e-09 3.329420e-01 
-4.590897e-01 3.650946e-09 3.708470e-01 
-4.592040e-01 3.740626e-09 3.444320e-01 
-4.591641e-01 3.758384e-09 3.528320e-01 
-4.590839e-01 3.826687e-09 3.575990e-01 
-4.591511e-01 3.825670e-09 3.566530e-01 
-4.591184e-01 3.854021e-09 4.483980e-01 
-4.591995e-01 3.856907e-09 3.629800e-01 
-4.592086e-01 3.927646e-09 3.288210e-01 
-4.592209e-01 3.682199e-09 3.299850e-01 
-4.591730e-01 3.792854e-09 3.245280e-01 
-4.592974e-01 3.867584e-09 3.270470e-01 
-4.592664e-01 3.746722e-09 3.351120e-01 
-4.592835e-01 3.845685e-09 3.289080e-01 
-4.594266e-01 3.915980e-09 3.291030e-01 
-4.593331e-01 3.758238e-09 3.321080e-01 
-4.592883e-01 3.750351e-09 3.271080e-01 
-4.592879e-01 3.775479e-09 3.263940e-01 
-4.592278e-01 3.690757e-09 3.646790e-01 
-4.592395e-01 3.858308e-09 3.399530e-01 
-4.593092e-01 3.838700e-09 3.360500e-01 
-4.592937e-01 3.658221e-09 3.691410e-01 
-4.592937e-01 3.937672e-09 3.379820e-01 
-4.591928e-01 3.677525e-09 3.562270e-01 
-4.591942e-01 3.759954e-09 3.345810e-01 
-4.592881e-01 3.800073e-09 3.271800e-01 
-4.593731e-01 3.931679e-09 3.261240e-01 
-4.592628e-01 3.777176e-09 3.353290e-01 
-4.592963e-01 3.962636e-09 3.264030e-01 
-4.593935e-01 3.849630e-09 3.285730e-01 
-4.593402e-01 3.863945e-09 3.370710e-01 
-4.593381e-01 3.694352e-09 3.351150e-01 
-4.593329e-01 3.786868e-09 3.272110e-01 
-4.593151e-01 3.758848e-09 3.381310e-01 
-4.592684e-01 3.667091e-09 3.281060e-01 
-4.591669e-01 3.718407e-09 3.283700e-01 
-4.592079e-01 3.804574e-09 3.659100e-01 
-4.593205e-01 3.869043e-09 3.248000e-01 
-4.592062e-01 3.686844e-09 3.313290e-01 
-4.592321e-01 3.720500e-09 3.413560e-01 
-4.592757e-01 3.708792e-09 3.272620e-01 
-4.592052e-01 3.846033e-09 3.267640e-01 
-4.593056e-01 3.869172e-09 3.302850e-01 
-4.592388e-01 3.697916e-09 3.238530e-01 
-4.591998e-01 3.623156e-09 3.272380e-01 
-4.592451e-01 3.864214e-09 3.319580e-01 
-4.592248e-01 3.808220e-09 3.265960e-01 
-4.592428e-01 3.796666e-09 3.281570e-01 
-4.593441e-01 3.804502e-09 4.001450e-01 
-4.592074e-01 3.692893e-09 3.250850e-01 
-4.592614e-01 3.744378e-09 3.278700e-01 
-4.592115e-01 3.721001e-09 3.312130e-01 
-4.592063e-01 3.807697e-09 3.654940e-01 
-4.592088e-01 3.822198e-09 3.639610e-01 
-4.591888e-01 3.760123e-09 3.356700e-01 
-4.592440e-01 3.764198e-09 3.291110e-01 
-4.591804e-01 3.705821e-09 3.267070e-01 
-4.591794e-01 3.691709e-09 3.310100e-01 
-4.593000e-01 3.892957e-09 3.297850e-01 
-4.592490e-01 3.767542e-09 3.323880e-01 
-4.592412e-01 3.747528e-09 3.567100e-01 
-4.592021e-01 3.734335e-09 3.512130e-01 
-4.592436e-01 3.844312e-09 3.581750e-01 
-4.592630e-01 3.856235e-09 3.334740e-01 
-4.591355e-01 3.728089e-09 3.399380e-01 
-4.592062e-01 3.771766e-09 3.362290e-01 
-4.592728e-01 3.878103e-09 3.836020e-01 
-4.592057e-01 3.703939e-09 3.458160e-01 
-4.592930e-01 3.864377e-09 3.335790e-01 
-4.592815e-01 3.741533e-09 3.303030e-01 
-4.591584e-01 3.658598e-09 3.266760e-01 
-4.592803e-01 3.799799e-09 3.335780e-01 
-4.591987e-01 3.709391e-09 3.364370e-01 
-4.592321e-01 3.840566e-09 3.595750e-01 
-4.591471e-01 3.762547e-09 3.312390e-01 
-4.592548e-01 3.946009e-09 3.250680e-01 
-4.592025e-01 3.658614e-09 3.274080e-01 
-4.592048e-01 3.840316e-09 3.312310e-01 
-4.590896e-01 3.677963e-09 3.268940e-01 
-4.591852e-01 3.692255e-09 3.242000e-01 
-4.593481e-01 3.903595e-09 3.320220e-01 
-4.592753e-01 3.861198e-09 3.275060e-01 
-4.593596e-01 3.841036e-09 3.292380e-01 
-4.593062e-01 3.718582e-09 3.378550e-01 
-4.592721e-01 3.786339e-09 3.345870e-01 
-4.593307e-01 3.874664e-09 3.330480e-01 
-4.593963e-01 3.957997e-09 3.299550e-01 
-4.592498e-01 3.818049e-09 3.320560e-01 
-4.593883e-01 3.883265e-09 3.305030e-01 
-4.593479e-01 3.842515e-09 3.367110e-01 
-4.594085e-01 3.746900e-09 3.284600e-01 
-4.593077e-01 3.853055e-09 3.353850e-01 
-4.591446e-01 3.625624e-09 3.620990e-01 
-4.591760e-01 3.673089e-09 3.371110e-01 
-4.592104e-01 3.869400e-09 3.290990e-01 
-4.593151e-01 3.770408e-09 3.453670e-01 
-4.593380e-01 3.781450e-09 3.738220e-01 
-4.593132e-01 3.804434e-09 4.171750e-01 
-4.593848e-01 3.945112e-09 3.340150e-01 
-4.594330e-01 3.791879e-09 3.289980e-01 
-4.592588e-01 3.645308e-09 3.519000e-01 
-4.593220e-01 3.966234e-09 3.378270e-01 
-4.593354e-01 3.850339e-09 3.291090e-01 
-4.593476e-01 3.803371e-09 3.283890e-01 
-4.593706e-01 3.774670e-09 3.403760e-01 
-4.594206e-01 3.885149e-09 3.297710e-01 
-4.593961e-01 3.831457e-09 3.422450e-01 
-4.594040e-01 4.001006e-09 3.315550e-01 
-4.593772e-01 3.720651e-09 3.268140e-01 
-4.593309e-01 3.878677e-09 3.344190e-01 
-4.594360e-01 3.828435e-09 3.323860e-01 
-4.594208e-01 3.756635e-09 3.277000e-01 
-4.592688e-01 3.766505e-09 3.285960e-01 
-4.593205e-01 3.771916e-09 3.321310e-01 
-4.593096e-01 3.822242e-09 3.271260e-01 
-4.593779e-01 3.771975e-09 3.387080e-01 
-4.594009e-01 3.841244e-09 3.620340e-01 
-4.593185e-01 3.830620e-09 3.297220e-01 
-4.593667e-01 3.761568e-09 3.259380e-01 
-4.593674e-01 3.757810e-09 3.335330e-01 
-4.593383e-01 3.883969e-09 3.251790e-01 
-4.593469e-01 3.877641e-09 3.290580e-01 
-4.593719e-01 3.884033e-09 3.370250e-01 
-4.594502e-01 3.812328e-09 3.337430e-01 
-4.592953e-01 3.717445e-09 3.293030e-01 
-4.593148e-01 3.680067e-09 3.327590e-01 
-4.594166e-01 3.794106e-09 3.283480e-01 
-4.594056e-01 3.788973e-09 3.259290e-01 
-4.593266e-01 3.752742e-09 3.444680e-01 
-4.593618e-01 3.925628e-09 3.445600e-01 
-4.593879e-01 3.876495e-09 3.393800e-01 
-4.592915e-01 3.822449e-09 3.545960e-01 
-4.593879e-01 3.891441e-09 3.250440e-01 
-4.593899e-01 3.862610e-09 3.318060e-01 
-4.593015e-01 3.775554e-09 3.350740e-01 
-4.593630e-01 3.769497e-09 3.297240e-01 
-4.593042e-01 3.650157e-09 3.253190e-01 
-4.593547e-01 3.870923e-09 3.317860e-01 
-4.593606e-01 3.663194e-09 3.259340e-01 
-4.593128e-01 3.763494e-09 3.266810e-01 
-4.593397e-01 3.774204e-09 3.314670e-01 
-4.592734e-01 3.692973e-09 3.263340e-01 
-4.593172e-01 3.704631e-09 3.253080e-01 
-4.594692e-01 4.048913e-09 3.286510e-01 
-4.593320e-01 3.666387e-09 3.415160e-01 
-4.593287e-01 3.781676e-09 3.492980e-01 
-4.594145e-01 3.849137e-09 3.319760e-01 
-4.594547e-01 3.891859e-09 3.279900e-01 
-4.594074e-01 3.772849e-09 3.287820e-01 
-4.593384e-01 3.833052e-09 3.300960e-01 
-4.594520e-01 3.940043e-09 3.650670e-01 
-4.595036e-01 3.870260e-09 3.451240e-01 
-4.594088e-01 3.788574e-09 3.350550e-01 
-4.594217e-01 3.754189e-09 3.290100e-01 
-4.593748e-01 3.728396e-09 3.275260e-01 
-4.593193e-01 3.883027e-09 3.340570e-01 
-4.593845e-01 3.807770e-09 3.288870e-01 
-4.593216e-01 3.770487e-09 3.671350e-01 
-4.593005e-01 3.694339e-09 3.530180e-01 
-4.593277e-01 3.902990e-09 3.255660e-01 
-4.593073e-01 3.782311e-09 3.316840e-01 
-4.593047e-01 3.784509e-09 3.315260e-01 
-4.593508e-01 3.783799e-09 3.392440e-01 
-4.592745e-01 3.779009e-09 3.400300e-01 
-4.593160e-01 3.746006e-09 3.265970e-01 
-4.593062e-01 3.822191e-09 3.297130e-01 
-4.593633e-01 3.816631e-09 3.366190e-01 
-4.594083e-01 3.899896e-09 3.639690e-01 
-4.593892e-01 3.950381e-09 3.822720e-01 
-4.593539e-01 3.878711e-09 3.493050e-01 
-4.593537e-01 3.682912e-09 3.264690e-01 
-4.594252e-01 3.902749e-09 3.253180e-01 
-4.592868e-01 3.738705e-09 3.308210e-01 
-4.593212e-01 3.746843e-09 3.259280e-01 
-4.593918e-01 3.898583e-09 3.279220e-01 
-4.593967e-01 3.862505e-09 3.329670e-01 
-4.592733e-01 3.624933e-09 3.260210e-01 
-4.593015e-01 3.749241e-09 3.257150e-01 
-4.593038e-01 3.712591e-09 3.491690e-01 
-4.592237e-01 3.760327e-09 3.276220e-01 
-4.591483e-01 3.740474e-09 3.273070e-01 
-4.591231e-01 3.829306e-09 3.297870e-01 
-4.592484e-01 3.891932e-09 3.286440e-01 
-4.592424e-01 3.853093e-09 3.298330e-01 
-4.592289e-01 3.606975e-09 3.333780e-01 
-4.591981e-01 3.955070e-09 3.284490e-01 
-4.592309e-01 3.824601e-09 3.311020e-01 
-4.592797e-01 3.724450e-09 4.278030e-01 
-4.592948e-01 3.869017e-09 3.797540e-01 
-4.593585e-01 3.844224e-09 3.290660e-01 
-4.593608e-01 3.825510e-09 3.408660e-01 
-4.593195e-01 3.773634e-09 3.271910e-01 
-4.593864e-01 3.927194e-09 3.289810e-01 
-4.593032e-01 3.833173e-09 3.305420e-01 
-4.594802e-01 3.891940e-09 3.318250e-01 
-4.593898e-01 3.794821e-09 3.301020e-01 
-4.593391e-01 3.671776e-09 3.336330e-01 
-4.592388e-01 3.675280e-09 3.295380e-01 
-4.593567e-01 3.837331e-09 3.282750e-01 
-4.593374e-01 3.808145e-09 3.340160e-01 
-4.593805e-01 3.851329e-09 4.180780e-01 
-4.593914e-01 3.751761e-09 3.736200e-01 
-4.592183e-01 3.655941e-09 3.271320e-01 
-4.593038e-01 3.697055e-09 3.307890e-01 
-4.593564e-01 3.920907e-09 3.342190e-01 
-4.592628e-01 3.758856e-09 3.287770e-01 
-4.592763e-01 3.840557e-09 3.290590e-01 
-4.592623e-01 3.670464e-09 3.394780e-01 
-4.593749e-01 4.016852e-09 3.764950e-01 
-4.593037e-01 3.875238e-09 3.439710e-01 
-4.594238e-01 3.778456e-09 3.506260e-01 
-4.593983e-01 3.883833e-09 3.471400e-01 
-4.593460e-01 3.817435e-09 3.706520e-01 
-4.592880e-01 3.803400e-09 3.905970e-01 
-4.593650e-01 3.784535e-09 3.324730e-01 
-4.593951e-01 3.800707e-09 3.269260e-01 
-4.593548e-01 3.813806e-09 3.303730e-01 
-4.593393e-01 3.870439e-09 3.254580e-01 
-4.592174e-01 3.722736e-09 3.263360e-01 
-4.592739e-01 3.600933e-09 3.310360e-01 
-4.592391e-01 3.651899e-09 3.263040e-01 
-4.591723e-01 3.728740e-09 3.237070e-01 
-4.592812e-01 3.743636e-09 3.334020e-01 
-4.592384e-01 3.771924e-09 3.253880e-01 
-4.592506e-01 3.687554e-09 3.298920e-01 
-4.592645e-01 3.899875e-09 3.284490e-01 
-4.592383e-01 3.794542e-09 3.306790e-01 
-4.592981e-01 3.923778e-09 3.311860e-01 
-4.593248e-01 3.933926e-09 3.308430e-01 
-4.592776e-01 3.822518e-09 3.320900e-01 
-4.593537e-01 3.868215e-09 3.280570e-01 
-4.594319e-01 3.904542e-09 3.310390e-01 
-4.593181e-01 3.805236e-09 3.249920e-01 
-4.593277e-01 3.815753e-09 3.252890e-01 
-4.593957e-01 3.769458e-09 3.353380e-01 
-4.592980e-01 3.720789e-09 3.309690e-01 
-4.592482e-01 3.693679e-09 3.253570e-01 
-4.593278e-01 3.745487e-09 3.292260e-01 
-4.593240e-01 3.740133e-09 3.293660e-01 
-4.594207e-01 3.876542e-09 3.294820e-01 
-4.594020e-01 3.827858e-09 3.587700e-01 
-4.592077e-01 3.612085e-09 3.503270e-01 
-4.593174e-01 3.871798e-09 3.263860e-01 
-4.592569e-01 3.758988e-09 3.326280e-01 
-4.592912e-01 3.761937e-09 3.263240e-01 
-4.593476e-01 3.840484e-09 3.274360e-01 
-4.593259e-01 3.725086e-09 3.311900e-01 
-4.592936e-01 3.755240e-09 3.274770e-01 
-4.592554e-01 3.830333e-09 3.360140e-01 
-4.592402e-01 3.826420e-09 3.356610e-01 
-4.593774e-01 3.947076e-09 3.295640e-01 
-4.593502e-01 3.781764e-09 3.268790e-01 
-4.592877e-01 3.690444e-09 3.366700e-01 
-4.592995e-01 3.757681e-09 3.313120e-01 
-4.592301e-01 3.634438e-09 3.249230e-01 
-4.592558e-01 3.730432e-09 3.350950e-01 
-4.591441e-01 3.716441e-09 3.283470e-01 
-4.592794e-01 3.819860e-09 3.232080e-01 
-4.593207e-01 3.778892e-09 3.360470e-01 
-4.593598e-01 3.770687e-09 3.248840e-01 
-4.592647e-01 3.724798e-09 3.261470e-01 
-4.592118e-01 3.692466e-09 3.348630e-01 
-4.593340e-01 3.802638e-09 3.275690e-01 
-4.592861e-01 3.906980e-09 3.462440e-01 
-4.592274e-01 3.910937e-09 3.845430e-01 
-4.591347e-01 3.795399e-09 3.292350e-01 
-4.593176e-01 3.762056e-09 3.267250e-01 
-4.592589e-01 3.764576e-09 3.312170e-01 
-4.591942e-01 3.674891e-09 3.311490e-01 
-4.591278e-01 3.697695e-09 3.279020e-01 
-4.591187e-01 3.619785e-09 3.289250e-01 
-4.591075e-01 3.797422e-09 3.315570e-01 
-4.591649e-01 3.783070e-09 3.302610e-01 
-4.592086e-01 3.636333e-09 3.293140e-01 
-4.591323e-01 3.902400e-09 3.362240e-01 
-4.591501e-01 3.778099e-09 3.298050e-01 
-4.592635e-01 3.785301e-09 3.323550e-01 
-4.592530e-01 3.775790e-09 3.637660e-01 
-4.591587e-01 3.854231e-09 4.213410e-01 
-4.590874e-01 3.780077e-09 3.509630e-01 
-4.592002e-01 3.735749e-09 3.265640e-01 
-4.591489e-01 3.757428e-09 3.270350e-01 
-4.591816e-01 3.860098e-09 3.319340e-01 
-4.592206e-01 3.913744e-09 3.286960e-01 
-4.592718e-01 3.798121e-09 3.274490e-01 
-4.591409e-01 3.631106e-09 3.382490e-01 
-4.592013e-01 3.734645e-09 3.508740e-01 
-4.591857e-01 3.804430e-09 3.280470e-01 
-4.590858e-01 3.781667e-09 3.562790e-01 
-4.591626e-01 3.714422e-09 3.586140e-01 
-4.591434e-01 3.895587e-09 3.433540e-01 
-4.591922e-01 3.846405e-09 3.266720e-01 
-4.591868e-01 3.855593e-09 3.281400e-01 
-4.592299e-01 3.838698e-09 3.304540e-01 
-4.592747e-01 3.820024e-09 3.260300e-01 
-4.592632e-01 3.875783e-09 3.242510e-01 
-4.593109e-01 3.856329e-09 3.269030e-01 
-4.592606e-01 3.786042e-09 3.287470e-01 
-4.593545e-01 3.940538e-09 3.259470e-01 
-4.593418e-01 3.850964e-09 3.266160e-01 
-4.593656e-01 3.762650e-09 3.315190e-01 
-4.591962e-01 3.614963e-09 3.310680e-01 
-4.593307e-01 3.821457e-09 3.594410e-01 
-4.592737e-01 3.789667e-09 3.301110e-01 
-4.591924e-01 3.600486e-09 3.700400e-01 
-4.592766e-01 3.789185e-09 3.450840e-01 
-4.592933e-01 3.870079e-09 3.328010e-01 
-4.593007e-01 3.789747e-09 3.616190e-01 
-4.591298e-01 3.735240e-09 3.394350e-01 
-4.593342e-01 3.812681e-09 3.279810e-01 
-4.592798e-01 3.793326e-09 3.262960e-01 
-4.592540e-01 3.853036e-09 3.350440e-01 
-4.592002e-01 3.774276e-09 3.290800e-01 
-4.592687e-01 3.804603e-09 3.269170e-01 
-4.591488e-01 3.751783e-09 3.344600e-01 
-4.593550e-01 3.929648e-09 3.263060e-01 
-4.592485e-01 3.701536e-09 3.263710e-01 
-4.592251e-01 3.718426e-09 3.298970e-01 
-4.592509e-01 3.827434e-09 3.303760e-01 
-4.592670e-01 3.793006e-09 3.281260e-01 
-4.591437e-01 3.770994e-09 3.340190e-01 
-4.592314e-01 3.664341e-09 3.262800e-01 
-4.592242e-01 3.882435e-09 3.262800e-01 
-4.592752e-01 3.884492e-09 3.630180e-01 
-4.593317e-01 3.814738e-09 3.447240e-01 
-4.592269e-01 3.763830e-09 3.416830e-01 
-4.592233e-01 3.672798e-09 3.374020e-01 
-4.591748e-01 3.721838e-09 3.281060e-01 
-4.591363e-01 3.737688e-09 3.319640e-01 
-4.591995e-01 3.910578e-09 3.348290e-01 
-4.592957e-01 3.828502e-09 3.287950e-01 
-4.592343e-01 3.796426e-09 3.280810e-01 
-4.592763e-01 3.795288e-09 3.385650e-01 
-4.592377e-01 3.729343e-09 3.267810e-01 
-4.592711e-01 3.725508e-09 3.254900e-01 
-4.593050e-01 3.846429e-09 3.312100e-01 
-4.592573e-01 3.759462e-09 3.263950e-01 
-4.592285e-01 3.745885e-09 3.267990e-01 
-4.593029e-01 3.925250e-09 3.343230e-01 
-4.592636e-01 3.702739e-09 3.284040e-01 
-4.592957e-01 3.789051e-09 3.292880e-01 
-4.593026e-01 4.004013e-09 3.328000e-01 
-4.592657e-01 3.731225e-09 3.275680e-01 
-4.592416e-01 3.769525e-09 3.279670e-01 
-4.591969e-01 3.576435e-09 3.337630e-01 
-4.593486e-01 3.775457e-09 3.626000e-01 
-4.591644e-01 3.652245e-09 3.323420e-01 
-4.592295e-01 3.724978e-09 3.696660e-01 
-4.592848e-01 3.951252e-09 3.373060e-01 
-4.592311e-01 3.885171e-09 3.281590e-01 
-4.593497e-01 3.871542e-09 3.372580e-01 
-4.592863e-01 3.778733e-09 3.269710e-01 
-4.593037e-01 3.809731e-09 3.248240e-01 
-4.593450e-01 3.821192e-09 3.277310e-01 
-4.592186e-01 3.717522e-09 3.248890e-01 
-4.592742e-01 3.744271e-09 3.269980e-01 
-4.593002e-01 3.727926e-09 3.299660e-01 
-4.593145e-01 3.864670e-09 3.288980e-01 
-4.591766e-01 3.755841e-09 4.714360e-01 
-4.592682e-01 3.789180e-09 3.589950e-01 
-4.593183e-01 3.826089e-09 3.471680e-01 
-4.592960e-01 3.876533e-09 3.317600e-01 
-4.593528e-01 4.024050e-09 3.261700e-01 
-4.592845e-01 3.574298e-09 3.264230e-01 
-4.593735e-01 3.917748e-09 3.277720e-01 
-4.592770e-01 3.758595e-09 3.281710e-01 
-4.593006e-01 3.809951e-09 3.249110e-01 
-4.592440e-01 3.763800e-09 3.321300e-01 
-4.591415e-01 3.693558e-09 4.508410e-01 
-4.592616e-01 3.719560e-09 3.605170e-01 
-4.592401e-01 3.884914e-09 3.296590e-01 
-4.592458e-01 3.756054e-09 3.241700e-01 
-4.592818e-01 3.852732e-09 3.275890e-01 
-4.592879e-01 3.776345e-09 3.351370e-01 
-4.593199e-01 3.930148e-09 3.270820e-01 
-4.592446e-01 3.641667e-09 3.265210e-01 
-4.592542e-01 3.777970e-09 3.351430e-01 
-4.593052e-01 3.809541e-09 3.497940e-01 
-4.592551e-01 3.638212e-09 3.694070e-01 
-4.591942e-01 3.712072e-09 3.426140e-01 
-4.592127e-01 3.797081e-09 3.268480e-01 
-4.592483e-01 3.768909e-09 3.294400e-01 
-4.592441e-01 3.901672e-09 3.799520e-01 
-4.591580e-01 3.673855e-09 3.248380e-01 
-4.591621e-01 3.707851e-09 3.782160e-01 
-4.593060e-01 3.879703e-09 3.307720e-01 
-4.593529e-01 3.906179e-09 3.269910e-01 
-4.593902e-01 3.865476e-09 3.282680e-01 
-4.591832e-01 3.749678e-09 3.687990e-01 
-4.592173e-01 3.687481e-09 3.365600e-01 
-4.592298e-01 3.780834e-09 3.559410e-01 
-4.593285e-01 3.963287e-09 3.349690e-01 
-4.591885e-01 3.725807e-09 3.319680e-01 
-4.591493e-01 3.640777e-09 3.287820e-01 
-4.592928e-01 3.838969e-09 3.374890e-01 
-4.593026e-01 3.818130e-09 3.264590e-01 
-4.592242e-01 3.770297e-09 3.260210e-01 
-4.592046e-01 3.808761e-09 3.317530e-01 
-4.592778e-01 3.848616e-09 3.517740e-01 
-4.592852e-01 3.857794e-09 3.714290e-01 
-4.592736e-01 3.693216e-09 3.401430e-01 
-4.592206e-01 3.901510e-09 3.283810e-01 
-4.592328e-01 3.804554e-09 3.361330e-01 
-4.591061e-01 3.650612e-09 3.300620e-01 
-4.592841e-01 3.942466e-09 3.280750e-01 
-4.593428e-01 3.898309e-09 3.336400e-01 
-4.593082e-01 3.756031e-09 3.244290e-01 
-4.592145e-01 3.745449e-09 3.246470e-01 
-4.592438e-01 3.685193e-09 3.293080e-01 
-4.592676e-01 3.784654e-09 3.246290e-01 
-4.592520e-01 3.747622e-09 3.359610e-01 
-4.592646e-01 3.833055e-09 3.661300e-01 
-4.593214e-01 3.941636e-09 3.564360e-01 
-4.592344e-01 3.766111e-09 3.316780e-01 
-4.593342e-01 3.824652e-09 3.279300e-01 
-4.592896e-01 3.764637e-09 3.272560e-01 
-4.593045e-01 3.869602e-09 3.258610e-01 
-4.592573e-01 3.755869e-09 3.329470e-01 
-4.592605e-01 3.716151e-09 3.271620e-01 
-4.592953e-01 3.883238e-09 3.251680e-01 
-4.593302e-01 3.813540e-09 3.346540e-01 
-4.592754e-01 3.895115e-09 3.257940e-01 
-4.592634e-01 3.789885e-09 3.254390e-01 
-4.592400e-01 3.726956e-09 3.360680e-01 
-4.593565e-01 3.758093e-09 3.242330e-01 
-4.592526e-01 3.799698e-09 3.246940e-01 
-4.592863e-01 3.785710e-09 3.255560e-01 
-4.593306e-01 3.909657e-09 3.262180e-01 
-4.593561e-01 3.873733e-09 3.588700e-01 
-4.593287e-01 3.786142e-09 3.504820e-01 
-4.593589e-01 3.845976e-09 3.511900e-01 
-4.592850e-01 3.705834e-09 3.304380e-01 
-4.592239e-01 3.694806e-09 3.982600e-01 
-4.592654e-01 3.777573e-09 3.475560e-01 
-4.592040e-01 3.716520e-09 4.154030e-01 
-4.590765e-01 3.587240e-09 3.646170e-01 
-4.590839e-01 3.705528e-09 3.335950e-01 
-4.590476e-01 3.722504e-09 3.368140e-01 
-4.592370e-01 3.894716e-09 3.373290e-01 
-4.591429e-01 3.827882e-09 3.314890e-01 
-4.590759e-01 3.705231e-09 3.263540e-01 
-4.591443e-01 3.754096e-09 3.664830e-01 
-4.592426e-01 3.816001e-09 3.343190e-01 
-4.591812e-01 3.807041e-09 3.507590e-01 
-4.591465e-01 3.646603e-09 3.504130e-01 
-4.590711e-01 3.674095e-09 3.433160e-01 
-4.591638e-01 3.943282e-09 3.408240e-01 
-4.591108e-01 3.724405e-09 3.687110e-01 
-4.591949e-01 3.903179e-09 3.352350e-01 
-4.591045e-01 3.688930e-09 3.824400e-01 
-4.590268e-01 3.697357e-09 3.774480e-01 
-4.590721e-01 3.737506e-09 3.302680e-01 
-4.591628e-01 3.775910e-09 3.353360e-01 
-4.591333e-01 3.832567e-09 3.298840e-01 
-4.591120e-01 3.931457e-09 3.628500e-01 
-4.591378e-01 3.648809e-09 3.464600e-01 
-4.591819e-01 3.869745e-09 4.237160e-01 
-4.591800e-01 3.858017e-09 4.526320e-01 
-4.591960e-01 3.747824e-09 3.687710e-01 
-4.591879e-01 3.734756e-09 3.296830e-01 
-4.592895e-01 3.838721e-09 3.403240e-01 
-4.591597e-01 3.771581e-09 3.321410e-01 
-4.591601e-01 3.830188e-09 3.326370e-01 
-4.590609e-01 3.747452e-09 3.346180e-01 
-4.590972e-01 3.806975e-09 3.345650e-01 
-4.591481e-01 3.897519e-09 3.606180e-01 
-4.591056e-01 3.824365e-09 3.461680e-01 
-4.592642e-01 3.899756e-09 3.499480e-01 
-4.591624e-01 3.607516e-09 3.415120e-01 
-4.591692e-01 3.888307e-09 4.563140e-01 
-4.590865e-01 3.783106e-09 3.490430e-01 
-4.591901e-01 3.853144e-09 3.376560e-01 
-4.593052e-01 3.934892e-09 3.597250e-01 
-4.591731e-01 3.725079e-09 3.653550e-01 
-4.592327e-01 3.835567e-09 3.407320e-01 
-4.592822e-01 3.760285e-09 3.403410e-01 
-4.591576e-01 3.789774e-09 3.321000e-01 
-4.592496e-01 3.940727e-09 3.349940e-01 
-4.591794e-01 3.669634e-09 3.283360e-01 
-4.591443e-01 3.713539e-09 3.678810e-01 
-4.591582e-01 3.706538e-09 3.503780e-01 
-4.591380e-01 3.828465e-09 3.516850e-01 
-4.590603e-01 3.644717e-09 3.325270e-01 
-4.591377e-01 3.828340e-09 3.446970e-01 
-4.590119e-01 3.682850e-09 3.345600e-01 
-4.589941e-01 3.641247e-09 3.282070e-01 
-4.590552e-01 3.715240e-09 3.353560e-01 
-4.591549e-01 3.868517e-09 3.302000e-01 
-4.591722e-01 3.886596e-09 3.372140e-01 
-4.592465e-01 3.865405e-09 3.362830e-01 
-4.592255e-01 3.772409e-09 3.322740e-01 
-4.591247e-01 3.817947e-09 3.294570e-01 
