# dim  N   mc   sigma  Gibbs 
# 1    1 12500 1
#
# Theoretical Energy = 5.000000e-01
# Energy     Variance     CPU time
-0.000000e+00 0.000000e+00 7.093000e-03 
-0.000000e+00 0.000000e+00 8.679000e-03 
-0.000000e+00 0.000000e+00 7.004000e-03 
-0.000000e+00 0.000000e+00 6.885000e-03 
-0.000000e+00 0.000000e+00 7.202000e-03 
-0.000000e+00 0.000000e+00 7.020000e-03 
-0.000000e+00 0.000000e+00 6.896000e-03 
-0.000000e+00 0.000000e+00 6.988000e-03 
-0.000000e+00 0.000000e+00 6.872000e-03 
-0.000000e+00 0.000000e+00 7.055000e-03 
-0.000000e+00 0.000000e+00 8.566000e-03 
-0.000000e+00 0.000000e+00 6.925000e-03 
-0.000000e+00 0.000000e+00 6.886000e-03 
-0.000000e+00 0.000000e+00 6.856000e-03 
-0.000000e+00 0.000000e+00 7.783000e-03 
-0.000000e+00 0.000000e+00 8.036000e-03 
-0.000000e+00 0.000000e+00 7.665000e-03 
-0.000000e+00 0.000000e+00 7.081000e-03 
-0.000000e+00 0.000000e+00 7.357000e-03 
-0.000000e+00 0.000000e+00 8.861000e-03 
-0.000000e+00 0.000000e+00 7.102000e-03 
-0.000000e+00 0.000000e+00 7.320000e-03 
-0.000000e+00 0.000000e+00 6.882000e-03 
-0.000000e+00 0.000000e+00 6.991000e-03 
-0.000000e+00 0.000000e+00 8.037000e-03 
-0.000000e+00 0.000000e+00 9.819000e-03 
-0.000000e+00 0.000000e+00 6.903000e-03 
-0.000000e+00 0.000000e+00 6.985000e-03 
-0.000000e+00 0.000000e+00 7.031000e-03 
-0.000000e+00 0.000000e+00 6.853000e-03 
-0.000000e+00 0.000000e+00 6.887000e-03 
-0.000000e+00 0.000000e+00 7.202000e-03 
-0.000000e+00 0.000000e+00 6.926000e-03 
-0.000000e+00 0.000000e+00 7.290000e-03 
-0.000000e+00 0.000000e+00 6.961000e-03 
-0.000000e+00 0.000000e+00 6.966000e-03 
-0.000000e+00 0.000000e+00 6.918000e-03 
-0.000000e+00 0.000000e+00 7.041000e-03 
-0.000000e+00 0.000000e+00 7.194000e-03 
-0.000000e+00 0.000000e+00 6.961000e-03 
-0.000000e+00 0.000000e+00 6.870000e-03 
-0.000000e+00 0.000000e+00 6.890000e-03 
-0.000000e+00 0.000000e+00 6.853000e-03 
-0.000000e+00 0.000000e+00 8.625000e-03 
-0.000000e+00 0.000000e+00 6.933000e-03 
-0.000000e+00 0.000000e+00 6.911000e-03 
-0.000000e+00 0.000000e+00 6.862000e-03 
-0.000000e+00 0.000000e+00 6.955000e-03 
-0.000000e+00 0.000000e+00 7.381000e-03 
-0.000000e+00 0.000000e+00 8.015000e-03 
-0.000000e+00 0.000000e+00 6.905000e-03 
-0.000000e+00 0.000000e+00 6.875000e-03 
-0.000000e+00 0.000000e+00 7.424000e-03 
-0.000000e+00 0.000000e+00 8.137000e-03 
-0.000000e+00 0.000000e+00 6.882000e-03 
-0.000000e+00 0.000000e+00 6.997000e-03 
-0.000000e+00 0.000000e+00 6.883000e-03 
-0.000000e+00 0.000000e+00 8.682000e-03 
-0.000000e+00 0.000000e+00 6.912000e-03 
-0.000000e+00 0.000000e+00 6.914000e-03 
-0.000000e+00 0.000000e+00 7.926000e-03 
-0.000000e+00 0.000000e+00 8.830000e-03 
-0.000000e+00 0.000000e+00 8.598000e-03 
-0.000000e+00 0.000000e+00 7.260000e-03 
-0.000000e+00 0.000000e+00 9.359000e-03 
-0.000000e+00 0.000000e+00 1.116900e-02 
-0.000000e+00 0.000000e+00 1.130500e-02 
-0.000000e+00 0.000000e+00 1.125000e-02 
-0.000000e+00 0.000000e+00 1.103800e-02 
-0.000000e+00 0.000000e+00 1.055100e-02 
-0.000000e+00 0.000000e+00 6.916000e-03 
-0.000000e+00 0.000000e+00 7.240000e-03 
-0.000000e+00 0.000000e+00 7.429000e-03 
-0.000000e+00 0.000000e+00 8.621000e-03 
-0.000000e+00 0.000000e+00 7.470000e-03 
-0.000000e+00 0.000000e+00 1.067800e-02 
-0.000000e+00 0.000000e+00 9.788000e-03 
-0.000000e+00 0.000000e+00 7.396000e-03 
-0.000000e+00 0.000000e+00 7.623000e-03 
-0.000000e+00 0.000000e+00 7.040000e-03 
-0.000000e+00 0.000000e+00 7.323000e-03 
-0.000000e+00 0.000000e+00 8.021000e-03 
-0.000000e+00 0.000000e+00 7.585000e-03 
-0.000000e+00 0.000000e+00 6.912000e-03 
-0.000000e+00 0.000000e+00 6.844000e-03 
-0.000000e+00 0.000000e+00 7.117000e-03 
-0.000000e+00 0.000000e+00 8.561000e-03 
-0.000000e+00 0.000000e+00 6.889000e-03 
-0.000000e+00 0.000000e+00 6.995000e-03 
-0.000000e+00 0.000000e+00 6.851000e-03 
-0.000000e+00 0.000000e+00 7.698000e-03 
-0.000000e+00 0.000000e+00 7.835000e-03 
-0.000000e+00 0.000000e+00 6.870000e-03 
-0.000000e+00 0.000000e+00 6.899000e-03 
-0.000000e+00 0.000000e+00 6.860000e-03 
-0.000000e+00 0.000000e+00 8.810000e-03 
-0.000000e+00 0.000000e+00 6.919000e-03 
-0.000000e+00 0.000000e+00 7.013000e-03 
-0.000000e+00 0.000000e+00 7.007000e-03 
-0.000000e+00 0.000000e+00 6.960000e-03 
-0.000000e+00 0.000000e+00 8.835000e-03 
-0.000000e+00 0.000000e+00 7.036000e-03 
-0.000000e+00 0.000000e+00 6.866000e-03 
-0.000000e+00 0.000000e+00 6.849000e-03 
-0.000000e+00 0.000000e+00 7.092000e-03 
-0.000000e+00 0.000000e+00 8.508000e-03 
-0.000000e+00 0.000000e+00 6.942000e-03 
-0.000000e+00 0.000000e+00 9.549000e-03 
-0.000000e+00 0.000000e+00 7.245000e-03 
-0.000000e+00 0.000000e+00 8.369000e-03 
-0.000000e+00 0.000000e+00 6.944000e-03 
-0.000000e+00 0.000000e+00 6.979000e-03 
-0.000000e+00 0.000000e+00 6.847000e-03 
-0.000000e+00 0.000000e+00 8.353000e-03 
-0.000000e+00 0.000000e+00 7.236000e-03 
-0.000000e+00 0.000000e+00 6.923000e-03 
-0.000000e+00 0.000000e+00 6.850000e-03 
-0.000000e+00 0.000000e+00 6.916000e-03 
-0.000000e+00 0.000000e+00 7.995000e-03 
-0.000000e+00 0.000000e+00 7.590000e-03 
-0.000000e+00 0.000000e+00 6.893000e-03 
-0.000000e+00 0.000000e+00 6.861000e-03 
-0.000000e+00 0.000000e+00 7.126000e-03 
-0.000000e+00 0.000000e+00 8.524000e-03 
-0.000000e+00 0.000000e+00 6.929000e-03 
-0.000000e+00 0.000000e+00 6.982000e-03 
-0.000000e+00 0.000000e+00 6.861000e-03 
-0.000000e+00 0.000000e+00 7.692000e-03 
-0.000000e+00 0.000000e+00 7.804000e-03 
-0.000000e+00 0.000000e+00 6.888000e-03 
-0.000000e+00 0.000000e+00 6.873000e-03 
-0.000000e+00 0.000000e+00 6.850000e-03 
-0.000000e+00 0.000000e+00 8.733000e-03 
-0.000000e+00 0.000000e+00 6.889000e-03 
-0.000000e+00 0.000000e+00 6.955000e-03 
-0.000000e+00 0.000000e+00 7.051000e-03 
-0.000000e+00 0.000000e+00 6.993000e-03 
-0.000000e+00 0.000000e+00 8.619000e-03 
-0.000000e+00 0.000000e+00 6.931000e-03 
-0.000000e+00 0.000000e+00 6.911000e-03 
-0.000000e+00 0.000000e+00 6.849000e-03 
-0.000000e+00 0.000000e+00 7.130000e-03 
-0.000000e+00 0.000000e+00 8.563000e-03 
-0.000000e+00 0.000000e+00 6.971000e-03 
-0.000000e+00 0.000000e+00 6.971000e-03 
-0.000000e+00 0.000000e+00 7.022000e-03 
-0.000000e+00 0.000000e+00 8.685000e-03 
-0.000000e+00 0.000000e+00 7.005000e-03 
-0.000000e+00 0.000000e+00 6.907000e-03 
-0.000000e+00 0.000000e+00 6.953000e-03 
-0.000000e+00 0.000000e+00 6.939000e-03 
-0.000000e+00 0.000000e+00 7.215000e-03 
-0.000000e+00 0.000000e+00 7.119000e-03 
-0.000000e+00 0.000000e+00 6.892000e-03 
-0.000000e+00 0.000000e+00 6.867000e-03 
-0.000000e+00 0.000000e+00 7.110000e-03 
-0.000000e+00 0.000000e+00 7.221000e-03 
-0.000000e+00 0.000000e+00 6.946000e-03 
-0.000000e+00 0.000000e+00 6.917000e-03 
-0.000000e+00 0.000000e+00 6.929000e-03 
-0.000000e+00 0.000000e+00 7.084000e-03 
-0.000000e+00 0.000000e+00 7.026000e-03 
-0.000000e+00 0.000000e+00 6.970000e-03 
-0.000000e+00 0.000000e+00 6.962000e-03 
-0.000000e+00 0.000000e+00 6.854000e-03 
-0.000000e+00 0.000000e+00 7.189000e-03 
-0.000000e+00 0.000000e+00 7.089000e-03 
-0.000000e+00 0.000000e+00 6.914000e-03 
-0.000000e+00 0.000000e+00 6.880000e-03 
-0.000000e+00 0.000000e+00 7.095000e-03 
-0.000000e+00 0.000000e+00 7.260000e-03 
-0.000000e+00 0.000000e+00 6.977000e-03 
-0.000000e+00 0.000000e+00 6.950000e-03 
-0.000000e+00 0.000000e+00 6.935000e-03 
-0.000000e+00 0.000000e+00 6.871000e-03 
-0.000000e+00 0.000000e+00 8.628000e-03 
-0.000000e+00 0.000000e+00 7.008000e-03 
-0.000000e+00 0.000000e+00 7.024000e-03 
-0.000000e+00 0.000000e+00 6.873000e-03 
-0.000000e+00 0.000000e+00 8.676000e-03 
-0.000000e+00 0.000000e+00 8.423000e-03 
-0.000000e+00 0.000000e+00 7.072000e-03 
-0.000000e+00 0.000000e+00 6.890000e-03 
-0.000000e+00 0.000000e+00 6.908000e-03 
-0.000000e+00 0.000000e+00 8.268000e-03 
-0.000000e+00 0.000000e+00 7.260000e-03 
-0.000000e+00 0.000000e+00 6.905000e-03 
-0.000000e+00 0.000000e+00 6.957000e-03 
-0.000000e+00 0.000000e+00 6.903000e-03 
-0.000000e+00 0.000000e+00 8.670000e-03 
-0.000000e+00 0.000000e+00 6.922000e-03 
-0.000000e+00 0.000000e+00 6.875000e-03 
-0.000000e+00 0.000000e+00 8.169000e-03 
-0.000000e+00 0.000000e+00 9.666000e-03 
-0.000000e+00 0.000000e+00 6.946000e-03 
-0.000000e+00 0.000000e+00 6.910000e-03 
-0.000000e+00 0.000000e+00 6.923000e-03 
-0.000000e+00 0.000000e+00 6.851000e-03 
-0.000000e+00 0.000000e+00 7.204000e-03 
-0.000000e+00 0.000000e+00 7.005000e-03 
-0.000000e+00 0.000000e+00 6.928000e-03 
-0.000000e+00 0.000000e+00 6.889000e-03 
-0.000000e+00 0.000000e+00 6.867000e-03 
-0.000000e+00 0.000000e+00 7.008000e-03 
-0.000000e+00 0.000000e+00 7.104000e-03 
-0.000000e+00 0.000000e+00 6.952000e-03 
-0.000000e+00 0.000000e+00 6.955000e-03 
-0.000000e+00 0.000000e+00 7.750000e-03 
-0.000000e+00 0.000000e+00 8.357000e-03 
-0.000000e+00 0.000000e+00 6.908000e-03 
-0.000000e+00 0.000000e+00 6.902000e-03 
-0.000000e+00 0.000000e+00 6.909000e-03 
-0.000000e+00 0.000000e+00 8.013000e-03 
-0.000000e+00 0.000000e+00 7.878000e-03 
-0.000000e+00 0.000000e+00 6.936000e-03 
-0.000000e+00 0.000000e+00 6.946000e-03 
-0.000000e+00 0.000000e+00 6.882000e-03 
-0.000000e+00 0.000000e+00 6.960000e-03 
-0.000000e+00 0.000000e+00 8.817000e-03 
-0.000000e+00 0.000000e+00 6.905000e-03 
-0.000000e+00 0.000000e+00 6.925000e-03 
-0.000000e+00 0.000000e+00 6.983000e-03 
-0.000000e+00 0.000000e+00 7.259000e-03 
-0.000000e+00 0.000000e+00 8.283000e-03 
-0.000000e+00 0.000000e+00 6.931000e-03 
-0.000000e+00 0.000000e+00 6.888000e-03 
-0.000000e+00 0.000000e+00 6.847000e-03 
-0.000000e+00 0.000000e+00 7.000000e-03 
-0.000000e+00 0.000000e+00 7.268000e-03 
-0.000000e+00 0.000000e+00 6.911000e-03 
-0.000000e+00 0.000000e+00 6.914000e-03 
-0.000000e+00 0.000000e+00 6.923000e-03 
-0.000000e+00 0.000000e+00 8.917000e-03 
-0.000000e+00 0.000000e+00 7.325000e-03 
-0.000000e+00 0.000000e+00 6.916000e-03 
-0.000000e+00 0.000000e+00 6.901000e-03 
-0.000000e+00 0.000000e+00 8.017000e-03 
-0.000000e+00 0.000000e+00 8.188000e-03 
-0.000000e+00 0.000000e+00 6.938000e-03 
-0.000000e+00 0.000000e+00 6.892000e-03 
-0.000000e+00 0.000000e+00 6.851000e-03 
-0.000000e+00 0.000000e+00 7.326000e-03 
-0.000000e+00 0.000000e+00 8.354000e-03 
-0.000000e+00 0.000000e+00 6.886000e-03 
-0.000000e+00 0.000000e+00 6.896000e-03 
-0.000000e+00 0.000000e+00 6.961000e-03 
-0.000000e+00 0.000000e+00 8.226000e-03 
-0.000000e+00 0.000000e+00 7.283000e-03 
-0.000000e+00 0.000000e+00 6.926000e-03 
-0.000000e+00 0.000000e+00 6.848000e-03 
-0.000000e+00 0.000000e+00 6.893000e-03 
-0.000000e+00 0.000000e+00 6.966000e-03 
-0.000000e+00 0.000000e+00 8.609000e-03 
-0.000000e+00 0.000000e+00 6.905000e-03 
-0.000000e+00 0.000000e+00 6.929000e-03 
-0.000000e+00 0.000000e+00 8.999000e-03 
-0.000000e+00 0.000000e+00 7.005000e-03 
-0.000000e+00 0.000000e+00 6.967000e-03 
-0.000000e+00 0.000000e+00 6.933000e-03 
-0.000000e+00 0.000000e+00 6.879000e-03 
-0.000000e+00 0.000000e+00 9.022000e-03 
-0.000000e+00 0.000000e+00 6.987000e-03 
-0.000000e+00 0.000000e+00 6.944000e-03 
-0.000000e+00 0.000000e+00 6.879000e-03 
-0.000000e+00 0.000000e+00 6.858000e-03 
-0.000000e+00 0.000000e+00 9.058000e-03 
-0.000000e+00 0.000000e+00 6.905000e-03 
-0.000000e+00 0.000000e+00 6.894000e-03 
-0.000000e+00 0.000000e+00 6.954000e-03 
-0.000000e+00 0.000000e+00 6.906000e-03 
-0.000000e+00 0.000000e+00 8.618000e-03 
-0.000000e+00 0.000000e+00 6.990000e-03 
-0.000000e+00 0.000000e+00 6.916000e-03 
-0.000000e+00 0.000000e+00 6.852000e-03 
-0.000000e+00 0.000000e+00 6.955000e-03 
-0.000000e+00 0.000000e+00 7.584000e-03 
-0.000000e+00 0.000000e+00 7.815000e-03 
-0.000000e+00 0.000000e+00 6.866000e-03 
-0.000000e+00 0.000000e+00 6.868000e-03 
-0.000000e+00 0.000000e+00 7.536000e-03 
-0.000000e+00 0.000000e+00 7.993000e-03 
-0.000000e+00 0.000000e+00 6.868000e-03 
-0.000000e+00 0.000000e+00 6.936000e-03 
-0.000000e+00 0.000000e+00 6.991000e-03 
-0.000000e+00 0.000000e+00 8.225000e-03 
-0.000000e+00 0.000000e+00 6.934000e-03 
-0.000000e+00 0.000000e+00 6.919000e-03 
-0.000000e+00 0.000000e+00 6.888000e-03 
-0.000000e+00 0.000000e+00 6.866000e-03 
-0.000000e+00 0.000000e+00 9.079000e-03 
-0.000000e+00 0.000000e+00 6.927000e-03 
-0.000000e+00 0.000000e+00 6.986000e-03 
-0.000000e+00 0.000000e+00 7.093000e-03 
-0.000000e+00 0.000000e+00 1.090900e-02 
-0.000000e+00 0.000000e+00 9.502000e-03 
-0.000000e+00 0.000000e+00 6.928000e-03 
-0.000000e+00 0.000000e+00 6.885000e-03 
-0.000000e+00 0.000000e+00 6.923000e-03 
-0.000000e+00 0.000000e+00 8.218000e-03 
-0.000000e+00 0.000000e+00 8.750000e-03 
-0.000000e+00 0.000000e+00 7.040000e-03 
-0.000000e+00 0.000000e+00 6.896000e-03 
-0.000000e+00 0.000000e+00 6.899000e-03 
-0.000000e+00 0.000000e+00 7.057000e-03 
-0.000000e+00 0.000000e+00 7.010000e-03 
-0.000000e+00 0.000000e+00 6.959000e-03 
-0.000000e+00 0.000000e+00 6.954000e-03 
-0.000000e+00 0.000000e+00 6.901000e-03 
-0.000000e+00 0.000000e+00 7.067000e-03 
-0.000000e+00 0.000000e+00 7.040000e-03 
-0.000000e+00 0.000000e+00 6.898000e-03 
-0.000000e+00 0.000000e+00 6.905000e-03 
-0.000000e+00 0.000000e+00 6.912000e-03 
-0.000000e+00 0.000000e+00 8.972000e-03 
-0.000000e+00 0.000000e+00 6.985000e-03 
-0.000000e+00 0.000000e+00 6.919000e-03 
-0.000000e+00 0.000000e+00 6.904000e-03 
-0.000000e+00 0.000000e+00 8.013000e-03 
-0.000000e+00 0.000000e+00 7.918000e-03 
-0.000000e+00 0.000000e+00 7.040000e-03 
-0.000000e+00 0.000000e+00 6.890000e-03 
-0.000000e+00 0.000000e+00 6.923000e-03 
-0.000000e+00 0.000000e+00 8.948000e-03 
-0.000000e+00 0.000000e+00 7.174000e-03 
-0.000000e+00 0.000000e+00 6.896000e-03 
-0.000000e+00 0.000000e+00 6.953000e-03 
-0.000000e+00 0.000000e+00 6.947000e-03 
-0.000000e+00 0.000000e+00 9.263000e-03 
-0.000000e+00 0.000000e+00 8.226000e-03 
-0.000000e+00 0.000000e+00 7.090000e-03 
-0.000000e+00 0.000000e+00 6.930000e-03 
-0.000000e+00 0.000000e+00 6.969000e-03 
-0.000000e+00 0.000000e+00 7.103000e-03 
-0.000000e+00 0.000000e+00 6.968000e-03 
-0.000000e+00 0.000000e+00 6.963000e-03 
-0.000000e+00 0.000000e+00 6.954000e-03 
-0.000000e+00 0.000000e+00 7.087000e-03 
-0.000000e+00 0.000000e+00 7.315000e-03 
-0.000000e+00 0.000000e+00 7.008000e-03 
-0.000000e+00 0.000000e+00 7.043000e-03 
-0.000000e+00 0.000000e+00 6.884000e-03 
-0.000000e+00 0.000000e+00 8.968000e-03 
-0.000000e+00 0.000000e+00 7.071000e-03 
-0.000000e+00 0.000000e+00 6.916000e-03 
-0.000000e+00 0.000000e+00 6.889000e-03 
-0.000000e+00 0.000000e+00 6.860000e-03 
-0.000000e+00 0.000000e+00 8.980000e-03 
-0.000000e+00 0.000000e+00 6.932000e-03 
-0.000000e+00 0.000000e+00 6.926000e-03 
-0.000000e+00 0.000000e+00 6.893000e-03 
-0.000000e+00 0.000000e+00 6.858000e-03 
-0.000000e+00 0.000000e+00 9.031000e-03 
-0.000000e+00 0.000000e+00 6.991000e-03 
-0.000000e+00 0.000000e+00 6.913000e-03 
-0.000000e+00 0.000000e+00 6.864000e-03 
-0.000000e+00 0.000000e+00 8.452000e-03 
-0.000000e+00 0.000000e+00 7.744000e-03 
-0.000000e+00 0.000000e+00 6.979000e-03 
-0.000000e+00 0.000000e+00 6.908000e-03 
-0.000000e+00 0.000000e+00 6.868000e-03 
-0.000000e+00 0.000000e+00 7.063000e-03 
-0.000000e+00 0.000000e+00 7.006000e-03 
-0.000000e+00 0.000000e+00 6.879000e-03 
-0.000000e+00 0.000000e+00 6.890000e-03 
-0.000000e+00 0.000000e+00 6.846000e-03 
-0.000000e+00 0.000000e+00 7.065000e-03 
-0.000000e+00 0.000000e+00 7.019000e-03 
-0.000000e+00 0.000000e+00 6.943000e-03 
-0.000000e+00 0.000000e+00 6.883000e-03 
-0.000000e+00 0.000000e+00 6.871000e-03 
-0.000000e+00 0.000000e+00 7.808000e-03 
-0.000000e+00 0.000000e+00 7.746000e-03 
-0.000000e+00 0.000000e+00 6.882000e-03 
-0.000000e+00 0.000000e+00 7.045000e-03 
-0.000000e+00 0.000000e+00 6.955000e-03 
-0.000000e+00 0.000000e+00 8.613000e-03 
-0.000000e+00 0.000000e+00 7.043000e-03 
-0.000000e+00 0.000000e+00 6.907000e-03 
-0.000000e+00 0.000000e+00 6.850000e-03 
-0.000000e+00 0.000000e+00 6.978000e-03 
-0.000000e+00 0.000000e+00 7.061000e-03 
-0.000000e+00 0.000000e+00 8.426000e-03 
-0.000000e+00 0.000000e+00 6.893000e-03 
-0.000000e+00 0.000000e+00 6.877000e-03 
-0.000000e+00 0.000000e+00 7.700000e-03 
-0.000000e+00 0.000000e+00 7.807000e-03 
-0.000000e+00 0.000000e+00 6.875000e-03 
-0.000000e+00 0.000000e+00 6.987000e-03 
-0.000000e+00 0.000000e+00 6.847000e-03 
-0.000000e+00 0.000000e+00 8.616000e-03 
-0.000000e+00 0.000000e+00 6.922000e-03 
-0.000000e+00 0.000000e+00 6.904000e-03 
-0.000000e+00 0.000000e+00 6.848000e-03 
-0.000000e+00 0.000000e+00 6.954000e-03 
-0.000000e+00 0.000000e+00 8.529000e-03 
-0.000000e+00 0.000000e+00 6.971000e-03 
-0.000000e+00 0.000000e+00 6.892000e-03 
-0.000000e+00 0.000000e+00 6.946000e-03 
-0.000000e+00 0.000000e+00 8.540000e-03 
-0.000000e+00 0.000000e+00 7.802000e-03 
-0.000000e+00 0.000000e+00 6.942000e-03 
-0.000000e+00 0.000000e+00 6.970000e-03 
-0.000000e+00 0.000000e+00 6.851000e-03 
-0.000000e+00 0.000000e+00 8.524000e-03 
-0.000000e+00 0.000000e+00 6.919000e-03 
-0.000000e+00 0.000000e+00 6.898000e-03 
-0.000000e+00 0.000000e+00 6.859000e-03 
-0.000000e+00 0.000000e+00 6.956000e-03 
-0.000000e+00 0.000000e+00 8.712000e-03 
-0.000000e+00 0.000000e+00 6.900000e-03 
-0.000000e+00 0.000000e+00 6.883000e-03 
-0.000000e+00 0.000000e+00 6.940000e-03 
-0.000000e+00 0.000000e+00 7.048000e-03 
-0.000000e+00 0.000000e+00 8.430000e-03 
-0.000000e+00 0.000000e+00 6.915000e-03 
-0.000000e+00 0.000000e+00 6.883000e-03 
-0.000000e+00 0.000000e+00 6.858000e-03 
-0.000000e+00 0.000000e+00 7.001000e-03 
-0.000000e+00 0.000000e+00 8.578000e-03 
-0.000000e+00 0.000000e+00 6.907000e-03 
-0.000000e+00 0.000000e+00 6.903000e-03 
-0.000000e+00 0.000000e+00 7.074000e-03 
-0.000000e+00 0.000000e+00 8.543000e-03 
-0.000000e+00 0.000000e+00 6.898000e-03 
-0.000000e+00 0.000000e+00 6.906000e-03 
-0.000000e+00 0.000000e+00 6.960000e-03 
-0.000000e+00 0.000000e+00 7.051000e-03 
-0.000000e+00 0.000000e+00 8.545000e-03 
-0.000000e+00 0.000000e+00 6.928000e-03 
-0.000000e+00 0.000000e+00 6.879000e-03 
-0.000000e+00 0.000000e+00 6.849000e-03 
-0.000000e+00 0.000000e+00 7.030000e-03 
-0.000000e+00 0.000000e+00 8.532000e-03 
-0.000000e+00 0.000000e+00 6.879000e-03 
-0.000000e+00 0.000000e+00 6.914000e-03 
-0.000000e+00 0.000000e+00 7.059000e-03 
-0.000000e+00 0.000000e+00 8.602000e-03 
-0.000000e+00 0.000000e+00 6.918000e-03 
-0.000000e+00 0.000000e+00 6.971000e-03 
-0.000000e+00 0.000000e+00 6.870000e-03 
-0.000000e+00 0.000000e+00 7.047000e-03 
-0.000000e+00 0.000000e+00 8.566000e-03 
-0.000000e+00 0.000000e+00 6.967000e-03 
-0.000000e+00 0.000000e+00 6.890000e-03 
-0.000000e+00 0.000000e+00 6.848000e-03 
-0.000000e+00 0.000000e+00 8.446000e-03 
-0.000000e+00 0.000000e+00 7.201000e-03 
-0.000000e+00 0.000000e+00 6.903000e-03 
-0.000000e+00 0.000000e+00 6.941000e-03 
-0.000000e+00 0.000000e+00 6.901000e-03 
-0.000000e+00 0.000000e+00 8.610000e-03 
-0.000000e+00 0.000000e+00 6.880000e-03 
-0.000000e+00 0.000000e+00 6.892000e-03 
-0.000000e+00 0.000000e+00 6.842000e-03 
-0.000000e+00 0.000000e+00 6.958000e-03 
-0.000000e+00 0.000000e+00 7.395000e-03 
-0.000000e+00 0.000000e+00 8.027000e-03 
-0.000000e+00 0.000000e+00 6.906000e-03 
-0.000000e+00 0.000000e+00 6.915000e-03 
-0.000000e+00 0.000000e+00 8.077000e-03 
-0.000000e+00 0.000000e+00 7.540000e-03 
-0.000000e+00 0.000000e+00 6.914000e-03 
-0.000000e+00 0.000000e+00 6.943000e-03 
-0.000000e+00 0.000000e+00 6.945000e-03 
-0.000000e+00 0.000000e+00 9.227000e-03 
-0.000000e+00 0.000000e+00 1.061100e-02 
-0.000000e+00 0.000000e+00 7.168000e-03 
-0.000000e+00 0.000000e+00 7.457000e-03 
-0.000000e+00 0.000000e+00 9.476000e-03 
-0.000000e+00 0.000000e+00 7.179000e-03 
-0.000000e+00 0.000000e+00 7.001000e-03 
-0.000000e+00 0.000000e+00 7.407000e-03 
-0.000000e+00 0.000000e+00 8.096000e-03 
-0.000000e+00 0.000000e+00 9.008000e-03 
-0.000000e+00 0.000000e+00 7.130000e-03 
-0.000000e+00 0.000000e+00 7.171000e-03 
-0.000000e+00 0.000000e+00 6.914000e-03 
-0.000000e+00 0.000000e+00 7.204000e-03 
-0.000000e+00 0.000000e+00 7.524000e-03 
-0.000000e+00 0.000000e+00 7.653000e-03 
-0.000000e+00 0.000000e+00 6.975000e-03 
-0.000000e+00 0.000000e+00 7.731000e-03 
-0.000000e+00 0.000000e+00 9.025000e-03 
-0.000000e+00 0.000000e+00 7.279000e-03 
-0.000000e+00 0.000000e+00 7.456000e-03 
-0.000000e+00 0.000000e+00 7.131000e-03 
-0.000000e+00 0.000000e+00 6.966000e-03 
-0.000000e+00 0.000000e+00 8.546000e-03 
-0.000000e+00 0.000000e+00 6.935000e-03 
-0.000000e+00 0.000000e+00 6.878000e-03 
-0.000000e+00 0.000000e+00 6.844000e-03 
-0.000000e+00 0.000000e+00 7.772000e-03 
-0.000000e+00 0.000000e+00 7.776000e-03 
-0.000000e+00 0.000000e+00 6.875000e-03 
-0.000000e+00 0.000000e+00 6.877000e-03 
-0.000000e+00 0.000000e+00 6.941000e-03 
-0.000000e+00 0.000000e+00 8.585000e-03 
-0.000000e+00 0.000000e+00 6.920000e-03 
-0.000000e+00 0.000000e+00 6.945000e-03 
-0.000000e+00 0.000000e+00 6.871000e-03 
-0.000000e+00 0.000000e+00 7.001000e-03 
-0.000000e+00 0.000000e+00 7.047000e-03 
-0.000000e+00 0.000000e+00 8.441000e-03 
-0.000000e+00 0.000000e+00 6.888000e-03 
-0.000000e+00 0.000000e+00 6.905000e-03 
-0.000000e+00 0.000000e+00 7.837000e-03 
-0.000000e+00 0.000000e+00 7.784000e-03 
-0.000000e+00 0.000000e+00 6.887000e-03 
-0.000000e+00 0.000000e+00 7.205000e-03 
-0.000000e+00 0.000000e+00 6.856000e-03 
-0.000000e+00 0.000000e+00 8.754000e-03 
-0.000000e+00 0.000000e+00 6.994000e-03 
-0.000000e+00 0.000000e+00 6.913000e-03 
-0.000000e+00 0.000000e+00 6.994000e-03 
-0.000000e+00 0.000000e+00 8.669000e-03 
-0.000000e+00 0.000000e+00 8.697000e-03 
-0.000000e+00 0.000000e+00 6.928000e-03 
-0.000000e+00 0.000000e+00 6.898000e-03 
-0.000000e+00 0.000000e+00 6.972000e-03 
-0.000000e+00 0.000000e+00 8.281000e-03 
-0.000000e+00 0.000000e+00 7.247000e-03 
-0.000000e+00 0.000000e+00 6.915000e-03 
-0.000000e+00 0.000000e+00 6.865000e-03 
-0.000000e+00 0.000000e+00 6.945000e-03 
-0.000000e+00 0.000000e+00 6.981000e-03 
-0.000000e+00 0.000000e+00 8.496000e-03 
-0.000000e+00 0.000000e+00 6.963000e-03 
-0.000000e+00 0.000000e+00 6.910000e-03 
-0.000000e+00 0.000000e+00 7.144000e-03 
-0.000000e+00 0.000000e+00 8.560000e-03 
-0.000000e+00 0.000000e+00 6.877000e-03 
-0.000000e+00 0.000000e+00 6.890000e-03 
-0.000000e+00 0.000000e+00 6.941000e-03 
-0.000000e+00 0.000000e+00 7.716000e-03 
-0.000000e+00 0.000000e+00 7.799000e-03 
-0.000000e+00 0.000000e+00 6.920000e-03 
-0.000000e+00 0.000000e+00 6.866000e-03 
-0.000000e+00 0.000000e+00 6.843000e-03 
-0.000000e+00 0.000000e+00 7.056000e-03 
-0.000000e+00 0.000000e+00 8.525000e-03 
-0.000000e+00 0.000000e+00 6.891000e-03 
-0.000000e+00 0.000000e+00 6.911000e-03 
-0.000000e+00 0.000000e+00 7.037000e-03 
-0.000000e+00 0.000000e+00 7.174000e-03 
-0.000000e+00 0.000000e+00 6.937000e-03 
-0.000000e+00 0.000000e+00 6.980000e-03 
-0.000000e+00 0.000000e+00 6.845000e-03 
-0.000000e+00 0.000000e+00 6.992000e-03 
-0.000000e+00 0.000000e+00 8.570000e-03 
-0.000000e+00 0.000000e+00 6.912000e-03 
-0.000000e+00 0.000000e+00 6.892000e-03 
-0.000000e+00 0.000000e+00 6.835000e-03 
-0.000000e+00 0.000000e+00 7.470000e-03 
-0.000000e+00 0.000000e+00 8.108000e-03 
-0.000000e+00 0.000000e+00 6.875000e-03 
-0.000000e+00 0.000000e+00 6.860000e-03 
-0.000000e+00 0.000000e+00 6.955000e-03 
-0.000000e+00 0.000000e+00 9.089000e-03 
-0.000000e+00 0.000000e+00 6.939000e-03 
-0.000000e+00 0.000000e+00 6.918000e-03 
-0.000000e+00 0.000000e+00 6.899000e-03 
-0.000000e+00 0.000000e+00 8.031000e-03 
-0.000000e+00 0.000000e+00 7.875000e-03 
-0.000000e+00 0.000000e+00 6.944000e-03 
-0.000000e+00 0.000000e+00 6.885000e-03 
-0.000000e+00 0.000000e+00 6.875000e-03 
-0.000000e+00 0.000000e+00 7.051000e-03 
-0.000000e+00 0.000000e+00 7.060000e-03 
-0.000000e+00 0.000000e+00 6.892000e-03 
-0.000000e+00 0.000000e+00 6.911000e-03 
-0.000000e+00 0.000000e+00 6.854000e-03 
-0.000000e+00 0.000000e+00 7.104000e-03 
-0.000000e+00 0.000000e+00 8.477000e-03 
-0.000000e+00 0.000000e+00 6.895000e-03 
-0.000000e+00 0.000000e+00 6.869000e-03 
-0.000000e+00 0.000000e+00 6.861000e-03 
-0.000000e+00 0.000000e+00 9.069000e-03 
-0.000000e+00 0.000000e+00 6.978000e-03 
-0.000000e+00 0.000000e+00 6.920000e-03 
-0.000000e+00 0.000000e+00 6.860000e-03 
-0.000000e+00 0.000000e+00 7.135000e-03 
-0.000000e+00 0.000000e+00 8.831000e-03 
-0.000000e+00 0.000000e+00 6.916000e-03 
-0.000000e+00 0.000000e+00 6.938000e-03 
-0.000000e+00 0.000000e+00 6.877000e-03 
-0.000000e+00 0.000000e+00 6.967000e-03 
-0.000000e+00 0.000000e+00 6.897000e-03 
-0.000000e+00 0.000000e+00 7.197000e-03 
-0.000000e+00 0.000000e+00 6.900000e-03 
-0.000000e+00 0.000000e+00 6.926000e-03 
-0.000000e+00 0.000000e+00 7.070000e-03 
-0.000000e+00 0.000000e+00 7.194000e-03 
-0.000000e+00 0.000000e+00 6.915000e-03 
-0.000000e+00 0.000000e+00 6.954000e-03 
-0.000000e+00 0.000000e+00 6.930000e-03 
-0.000000e+00 0.000000e+00 7.171000e-03 
-0.000000e+00 0.000000e+00 7.066000e-03 
-0.000000e+00 0.000000e+00 6.916000e-03 
-0.000000e+00 0.000000e+00 6.970000e-03 
-0.000000e+00 0.000000e+00 6.844000e-03 
-0.000000e+00 0.000000e+00 9.964000e-03 
-0.000000e+00 0.000000e+00 9.487000e-03 
-0.000000e+00 0.000000e+00 6.961000e-03 
-0.000000e+00 0.000000e+00 6.880000e-03 
-0.000000e+00 0.000000e+00 8.053000e-03 
-0.000000e+00 0.000000e+00 7.913000e-03 
-0.000000e+00 0.000000e+00 6.890000e-03 
-0.000000e+00 0.000000e+00 6.958000e-03 
-0.000000e+00 0.000000e+00 6.900000e-03 
-0.000000e+00 0.000000e+00 8.682000e-03 
-0.000000e+00 0.000000e+00 7.275000e-03 
-0.000000e+00 0.000000e+00 7.025000e-03 
-0.000000e+00 0.000000e+00 6.877000e-03 
-0.000000e+00 0.000000e+00 6.936000e-03 
-0.000000e+00 0.000000e+00 8.948000e-03 
-0.000000e+00 0.000000e+00 6.933000e-03 
-0.000000e+00 0.000000e+00 6.888000e-03 
-0.000000e+00 0.000000e+00 6.898000e-03 
-0.000000e+00 0.000000e+00 6.851000e-03 
-0.000000e+00 0.000000e+00 7.166000e-03 
-0.000000e+00 0.000000e+00 6.969000e-03 
-0.000000e+00 0.000000e+00 6.905000e-03 
-0.000000e+00 0.000000e+00 6.873000e-03 
-0.000000e+00 0.000000e+00 6.855000e-03 
-0.000000e+00 0.000000e+00 7.152000e-03 
-0.000000e+00 0.000000e+00 7.028000e-03 
-0.000000e+00 0.000000e+00 6.866000e-03 
-0.000000e+00 0.000000e+00 6.881000e-03 
-0.000000e+00 0.000000e+00 6.900000e-03 
-0.000000e+00 0.000000e+00 8.956000e-03 
-0.000000e+00 0.000000e+00 6.945000e-03 
-0.000000e+00 0.000000e+00 6.926000e-03 
-0.000000e+00 0.000000e+00 6.848000e-03 
-0.000000e+00 0.000000e+00 7.971000e-03 
-0.000000e+00 0.000000e+00 7.790000e-03 
-0.000000e+00 0.000000e+00 6.960000e-03 
-0.000000e+00 0.000000e+00 6.917000e-03 
-0.000000e+00 0.000000e+00 6.894000e-03 
-0.000000e+00 0.000000e+00 7.036000e-03 
-0.000000e+00 0.000000e+00 7.027000e-03 
-0.000000e+00 0.000000e+00 6.893000e-03 
-0.000000e+00 0.000000e+00 7.022000e-03 
-0.000000e+00 0.000000e+00 6.853000e-03 
-0.000000e+00 0.000000e+00 7.076000e-03 
-0.000000e+00 0.000000e+00 6.998000e-03 
-0.000000e+00 0.000000e+00 7.115000e-03 
-0.000000e+00 0.000000e+00 6.904000e-03 
-0.000000e+00 0.000000e+00 6.844000e-03 
-0.000000e+00 0.000000e+00 7.269000e-03 
-0.000000e+00 0.000000e+00 8.467000e-03 
-0.000000e+00 0.000000e+00 6.963000e-03 
-0.000000e+00 0.000000e+00 6.887000e-03 
-0.000000e+00 0.000000e+00 6.975000e-03 
-0.000000e+00 0.000000e+00 8.656000e-03 
-0.000000e+00 0.000000e+00 6.951000e-03 
-0.000000e+00 0.000000e+00 6.940000e-03 
-0.000000e+00 0.000000e+00 6.856000e-03 
-0.000000e+00 0.000000e+00 6.943000e-03 
-0.000000e+00 0.000000e+00 6.883000e-03 
-0.000000e+00 0.000000e+00 8.582000e-03 
-0.000000e+00 0.000000e+00 6.933000e-03 
-0.000000e+00 0.000000e+00 6.903000e-03 
-0.000000e+00 0.000000e+00 7.745000e-03 
-0.000000e+00 0.000000e+00 7.817000e-03 
-0.000000e+00 0.000000e+00 6.867000e-03 
-0.000000e+00 0.000000e+00 6.978000e-03 
-0.000000e+00 0.000000e+00 6.857000e-03 
-0.000000e+00 0.000000e+00 8.582000e-03 
-0.000000e+00 0.000000e+00 6.966000e-03 
-0.000000e+00 0.000000e+00 6.944000e-03 
-0.000000e+00 0.000000e+00 6.873000e-03 
-0.000000e+00 0.000000e+00 6.935000e-03 
-0.000000e+00 0.000000e+00 7.521000e-03 
-0.000000e+00 0.000000e+00 7.863000e-03 
-0.000000e+00 0.000000e+00 6.894000e-03 
-0.000000e+00 0.000000e+00 6.881000e-03 
-0.000000e+00 0.000000e+00 7.082000e-03 
-0.000000e+00 0.000000e+00 8.478000e-03 
-0.000000e+00 0.000000e+00 6.941000e-03 
-0.000000e+00 0.000000e+00 6.974000e-03 
-0.000000e+00 0.000000e+00 6.901000e-03 
-0.000000e+00 0.000000e+00 8.205000e-03 
-0.000000e+00 0.000000e+00 7.307000e-03 
-0.000000e+00 0.000000e+00 6.937000e-03 
-0.000000e+00 0.000000e+00 6.885000e-03 
-0.000000e+00 0.000000e+00 7.357000e-03 
-0.000000e+00 0.000000e+00 8.577000e-03 
-0.000000e+00 0.000000e+00 6.933000e-03 
-0.000000e+00 0.000000e+00 6.901000e-03 
-0.000000e+00 0.000000e+00 6.974000e-03 
-0.000000e+00 0.000000e+00 7.084000e-03 
-0.000000e+00 0.000000e+00 8.591000e-03 
-0.000000e+00 0.000000e+00 6.919000e-03 
-0.000000e+00 0.000000e+00 6.893000e-03 
-0.000000e+00 0.000000e+00 6.842000e-03 
-0.000000e+00 0.000000e+00 7.076000e-03 
-0.000000e+00 0.000000e+00 8.305000e-03 
-0.000000e+00 0.000000e+00 7.184000e-03 
-0.000000e+00 0.000000e+00 6.891000e-03 
-0.000000e+00 0.000000e+00 6.867000e-03 
-0.000000e+00 0.000000e+00 9.110000e-03 
-0.000000e+00 0.000000e+00 6.936000e-03 
-0.000000e+00 0.000000e+00 6.894000e-03 
-0.000000e+00 0.000000e+00 6.904000e-03 
-0.000000e+00 0.000000e+00 8.049000e-03 
-0.000000e+00 0.000000e+00 7.861000e-03 
-0.000000e+00 0.000000e+00 6.963000e-03 
-0.000000e+00 0.000000e+00 6.867000e-03 
-0.000000e+00 0.000000e+00 6.856000e-03 
-0.000000e+00 0.000000e+00 8.676000e-03 
-0.000000e+00 0.000000e+00 7.300000e-03 
-0.000000e+00 0.000000e+00 6.887000e-03 
-0.000000e+00 0.000000e+00 6.937000e-03 
-0.000000e+00 0.000000e+00 7.094000e-03 
-0.000000e+00 0.000000e+00 8.908000e-03 
-0.000000e+00 0.000000e+00 6.930000e-03 
-0.000000e+00 0.000000e+00 7.005000e-03 
-0.000000e+00 0.000000e+00 6.937000e-03 
-0.000000e+00 0.000000e+00 6.875000e-03 
-0.000000e+00 0.000000e+00 7.109000e-03 
-0.000000e+00 0.000000e+00 7.087000e-03 
-0.000000e+00 0.000000e+00 6.924000e-03 
-0.000000e+00 0.000000e+00 6.902000e-03 
-0.000000e+00 0.000000e+00 7.743000e-03 
-0.000000e+00 0.000000e+00 8.190000e-03 
-0.000000e+00 0.000000e+00 6.902000e-03 
-0.000000e+00 0.000000e+00 6.886000e-03 
-0.000000e+00 0.000000e+00 6.912000e-03 
-0.000000e+00 0.000000e+00 8.831000e-03 
-0.000000e+00 0.000000e+00 7.147000e-03 
-0.000000e+00 0.000000e+00 6.945000e-03 
-0.000000e+00 0.000000e+00 6.912000e-03 
-0.000000e+00 0.000000e+00 6.866000e-03 
-0.000000e+00 0.000000e+00 8.952000e-03 
-0.000000e+00 0.000000e+00 6.986000e-03 
-0.000000e+00 0.000000e+00 6.910000e-03 
-0.000000e+00 0.000000e+00 8.167000e-03 
-0.000000e+00 0.000000e+00 6.921000e-03 
-0.000000e+00 0.000000e+00 7.754000e-03 
-0.000000e+00 0.000000e+00 7.422000e-03 
-0.000000e+00 0.000000e+00 7.443000e-03 
-0.000000e+00 0.000000e+00 6.945000e-03 
-0.000000e+00 0.000000e+00 7.046000e-03 
-0.000000e+00 0.000000e+00 7.373000e-03 
-0.000000e+00 0.000000e+00 8.421000e-03 
-0.000000e+00 0.000000e+00 7.115000e-03 
-0.000000e+00 0.000000e+00 7.225000e-03 
-0.000000e+00 0.000000e+00 8.970000e-03 
-0.000000e+00 0.000000e+00 7.062000e-03 
-0.000000e+00 0.000000e+00 7.585000e-03 
-0.000000e+00 0.000000e+00 6.927000e-03 
-0.000000e+00 0.000000e+00 6.966000e-03 
-0.000000e+00 0.000000e+00 8.691000e-03 
-0.000000e+00 0.000000e+00 7.638000e-03 
-0.000000e+00 0.000000e+00 7.290000e-03 
-0.000000e+00 0.000000e+00 7.113000e-03 
-0.000000e+00 0.000000e+00 7.625000e-03 
-0.000000e+00 0.000000e+00 8.923000e-03 
-0.000000e+00 0.000000e+00 7.781000e-03 
-0.000000e+00 0.000000e+00 6.877000e-03 
-0.000000e+00 0.000000e+00 6.939000e-03 
-0.000000e+00 0.000000e+00 7.654000e-03 
-0.000000e+00 0.000000e+00 7.838000e-03 
-0.000000e+00 0.000000e+00 6.927000e-03 
-0.000000e+00 0.000000e+00 6.874000e-03 
-0.000000e+00 0.000000e+00 6.850000e-03 
-0.000000e+00 0.000000e+00 6.972000e-03 
-0.000000e+00 0.000000e+00 8.583000e-03 
-0.000000e+00 0.000000e+00 6.894000e-03 
-0.000000e+00 0.000000e+00 6.930000e-03 
-0.000000e+00 0.000000e+00 7.050000e-03 
-0.000000e+00 0.000000e+00 8.571000e-03 
-0.000000e+00 0.000000e+00 6.941000e-03 
-0.000000e+00 0.000000e+00 6.976000e-03 
-0.000000e+00 0.000000e+00 6.855000e-03 
-0.000000e+00 0.000000e+00 7.591000e-03 
-0.000000e+00 0.000000e+00 7.844000e-03 
-0.000000e+00 0.000000e+00 6.968000e-03 
-0.000000e+00 0.000000e+00 6.881000e-03 
-0.000000e+00 0.000000e+00 6.860000e-03 
-0.000000e+00 0.000000e+00 9.257000e-03 
-0.000000e+00 0.000000e+00 6.988000e-03 
-0.000000e+00 0.000000e+00 6.923000e-03 
-0.000000e+00 0.000000e+00 6.999000e-03 
-0.000000e+00 0.000000e+00 8.005000e-03 
-0.000000e+00 0.000000e+00 8.114000e-03 
-0.000000e+00 0.000000e+00 6.993000e-03 
-0.000000e+00 0.000000e+00 6.932000e-03 
-0.000000e+00 0.000000e+00 6.879000e-03 
-0.000000e+00 0.000000e+00 8.782000e-03 
-0.000000e+00 0.000000e+00 8.542000e-03 
-0.000000e+00 0.000000e+00 6.906000e-03 
-0.000000e+00 0.000000e+00 6.897000e-03 
-0.000000e+00 0.000000e+00 6.948000e-03 
-0.000000e+00 0.000000e+00 8.676000e-03 
-0.000000e+00 0.000000e+00 6.935000e-03 
-0.000000e+00 0.000000e+00 6.935000e-03 
-0.000000e+00 0.000000e+00 7.005000e-03 
-0.000000e+00 0.000000e+00 7.991000e-03 
-0.000000e+00 0.000000e+00 7.255000e-03 
-0.000000e+00 0.000000e+00 6.944000e-03 
-0.000000e+00 0.000000e+00 6.881000e-03 
-0.000000e+00 0.000000e+00 6.889000e-03 
-0.000000e+00 0.000000e+00 9.696000e-03 
-0.000000e+00 0.000000e+00 7.718000e-03 
-0.000000e+00 0.000000e+00 6.888000e-03 
-0.000000e+00 0.000000e+00 6.847000e-03 
-0.000000e+00 0.000000e+00 6.976000e-03 
-0.000000e+00 0.000000e+00 8.603000e-03 
-0.000000e+00 0.000000e+00 6.900000e-03 
-0.000000e+00 0.000000e+00 6.908000e-03 
-0.000000e+00 0.000000e+00 6.857000e-03 
-0.000000e+00 0.000000e+00 6.962000e-03 
-0.000000e+00 0.000000e+00 6.916000e-03 
-0.000000e+00 0.000000e+00 8.559000e-03 
-0.000000e+00 0.000000e+00 6.967000e-03 
-0.000000e+00 0.000000e+00 6.871000e-03 
-0.000000e+00 0.000000e+00 7.755000e-03 
-0.000000e+00 0.000000e+00 7.801000e-03 
-0.000000e+00 0.000000e+00 6.911000e-03 
-0.000000e+00 0.000000e+00 6.970000e-03 
-0.000000e+00 0.000000e+00 6.847000e-03 
-0.000000e+00 0.000000e+00 8.594000e-03 
-0.000000e+00 0.000000e+00 6.903000e-03 
-0.000000e+00 0.000000e+00 6.954000e-03 
-0.000000e+00 0.000000e+00 6.845000e-03 
-0.000000e+00 0.000000e+00 6.936000e-03 
-0.000000e+00 0.000000e+00 8.128000e-03 
-0.000000e+00 0.000000e+00 7.340000e-03 
-0.000000e+00 0.000000e+00 6.893000e-03 
-0.000000e+00 0.000000e+00 6.872000e-03 
-0.000000e+00 0.000000e+00 7.499000e-03 
-0.000000e+00 0.000000e+00 8.104000e-03 
-0.000000e+00 0.000000e+00 6.881000e-03 
-0.000000e+00 0.000000e+00 7.004000e-03 
-0.000000e+00 0.000000e+00 6.840000e-03 
-0.000000e+00 0.000000e+00 8.570000e-03 
-0.000000e+00 0.000000e+00 6.942000e-03 
-0.000000e+00 0.000000e+00 6.904000e-03 
-0.000000e+00 0.000000e+00 6.850000e-03 
-0.000000e+00 0.000000e+00 6.999000e-03 
-0.000000e+00 0.000000e+00 7.238000e-03 
-0.000000e+00 0.000000e+00 6.958000e-03 
-0.000000e+00 0.000000e+00 6.870000e-03 
-0.000000e+00 0.000000e+00 6.947000e-03 
-0.000000e+00 0.000000e+00 8.713000e-03 
-0.000000e+00 0.000000e+00 7.213000e-03 
-0.000000e+00 0.000000e+00 7.005000e-03 
-0.000000e+00 0.000000e+00 7.146000e-03 
-0.000000e+00 0.000000e+00 6.879000e-03 
-0.000000e+00 0.000000e+00 7.069000e-03 
-0.000000e+00 0.000000e+00 7.076000e-03 
-0.000000e+00 0.000000e+00 7.093000e-03 
-0.000000e+00 0.000000e+00 6.888000e-03 
-0.000000e+00 0.000000e+00 6.915000e-03 
-0.000000e+00 0.000000e+00 7.244000e-03 
-0.000000e+00 0.000000e+00 7.054000e-03 
-0.000000e+00 0.000000e+00 6.897000e-03 
-0.000000e+00 0.000000e+00 6.974000e-03 
-0.000000e+00 0.000000e+00 6.896000e-03 
-0.000000e+00 0.000000e+00 7.140000e-03 
-0.000000e+00 0.000000e+00 7.023000e-03 
-0.000000e+00 0.000000e+00 6.954000e-03 
-0.000000e+00 0.000000e+00 6.914000e-03 
-0.000000e+00 0.000000e+00 6.921000e-03 
-0.000000e+00 0.000000e+00 7.106000e-03 
-0.000000e+00 0.000000e+00 7.056000e-03 
-0.000000e+00 0.000000e+00 7.024000e-03 
-0.000000e+00 0.000000e+00 6.931000e-03 
-0.000000e+00 0.000000e+00 7.006000e-03 
-0.000000e+00 0.000000e+00 7.176000e-03 
-0.000000e+00 0.000000e+00 6.947000e-03 
-0.000000e+00 0.000000e+00 1.002400e-02 
-0.000000e+00 0.000000e+00 8.293000e-03 
-0.000000e+00 0.000000e+00 8.646000e-03 
-0.000000e+00 0.000000e+00 6.969000e-03 
-0.000000e+00 0.000000e+00 6.908000e-03 
-0.000000e+00 0.000000e+00 6.858000e-03 
-0.000000e+00 0.000000e+00 7.084000e-03 
-0.000000e+00 0.000000e+00 1.051400e-02 
-0.000000e+00 0.000000e+00 9.452000e-03 
-0.000000e+00 0.000000e+00 6.977000e-03 
-0.000000e+00 0.000000e+00 7.001000e-03 
-0.000000e+00 0.000000e+00 6.894000e-03 
-0.000000e+00 0.000000e+00 6.848000e-03 
-0.000000e+00 0.000000e+00 7.086000e-03 
-0.000000e+00 0.000000e+00 7.118000e-03 
-0.000000e+00 0.000000e+00 8.946000e-03 
-0.000000e+00 0.000000e+00 7.048000e-03 
-0.000000e+00 0.000000e+00 7.070000e-03 
-0.000000e+00 0.000000e+00 6.943000e-03 
-0.000000e+00 0.000000e+00 6.875000e-03 
-0.000000e+00 0.000000e+00 9.138000e-03 
-0.000000e+00 0.000000e+00 6.978000e-03 
-0.000000e+00 0.000000e+00 6.920000e-03 
-0.000000e+00 0.000000e+00 6.973000e-03 
-0.000000e+00 0.000000e+00 8.139000e-03 
-0.000000e+00 0.000000e+00 7.831000e-03 
-0.000000e+00 0.000000e+00 7.044000e-03 
-0.000000e+00 0.000000e+00 6.921000e-03 
-0.000000e+00 0.000000e+00 6.981000e-03 
-0.000000e+00 0.000000e+00 7.062000e-03 
-0.000000e+00 0.000000e+00 7.316000e-03 
-0.000000e+00 0.000000e+00 6.949000e-03 
-0.000000e+00 0.000000e+00 6.884000e-03 
-0.000000e+00 0.000000e+00 6.935000e-03 
-0.000000e+00 0.000000e+00 7.193000e-03 
-0.000000e+00 0.000000e+00 7.084000e-03 
-0.000000e+00 0.000000e+00 6.992000e-03 
-0.000000e+00 0.000000e+00 6.879000e-03 
-0.000000e+00 0.000000e+00 6.911000e-03 
-0.000000e+00 0.000000e+00 7.141000e-03 
-0.000000e+00 0.000000e+00 7.301000e-03 
-0.000000e+00 0.000000e+00 6.958000e-03 
-0.000000e+00 0.000000e+00 6.869000e-03 
-0.000000e+00 0.000000e+00 6.833000e-03 
-0.000000e+00 0.000000e+00 9.001000e-03 
-0.000000e+00 0.000000e+00 6.934000e-03 
-0.000000e+00 0.000000e+00 6.906000e-03 
-0.000000e+00 0.000000e+00 7.030000e-03 
-0.000000e+00 0.000000e+00 6.945000e-03 
-0.000000e+00 0.000000e+00 8.528000e-03 
-0.000000e+00 0.000000e+00 6.899000e-03 
-0.000000e+00 0.000000e+00 6.885000e-03 
-0.000000e+00 0.000000e+00 6.848000e-03 
-0.000000e+00 0.000000e+00 6.976000e-03 
-0.000000e+00 0.000000e+00 8.429000e-03 
-0.000000e+00 0.000000e+00 6.964000e-03 
-0.000000e+00 0.000000e+00 6.938000e-03 
-0.000000e+00 0.000000e+00 6.950000e-03 
-0.000000e+00 0.000000e+00 8.244000e-03 
-0.000000e+00 0.000000e+00 7.249000e-03 
-0.000000e+00 0.000000e+00 6.901000e-03 
-0.000000e+00 0.000000e+00 6.931000e-03 
-0.000000e+00 0.000000e+00 6.893000e-03 
-0.000000e+00 0.000000e+00 8.582000e-03 
-0.000000e+00 0.000000e+00 6.945000e-03 
-0.000000e+00 0.000000e+00 6.919000e-03 
-0.000000e+00 0.000000e+00 6.853000e-03 
-0.000000e+00 0.000000e+00 6.957000e-03 
-0.000000e+00 0.000000e+00 8.589000e-03 
-0.000000e+00 0.000000e+00 6.928000e-03 
-0.000000e+00 0.000000e+00 6.900000e-03 
-0.000000e+00 0.000000e+00 6.954000e-03 
-0.000000e+00 0.000000e+00 7.568000e-03 
-0.000000e+00 0.000000e+00 7.866000e-03 
-0.000000e+00 0.000000e+00 6.873000e-03 
-0.000000e+00 0.000000e+00 6.860000e-03 
-0.000000e+00 0.000000e+00 6.841000e-03 
-0.000000e+00 0.000000e+00 7.001000e-03 
-0.000000e+00 0.000000e+00 8.504000e-03 
-0.000000e+00 0.000000e+00 6.926000e-03 
-0.000000e+00 0.000000e+00 6.896000e-03 
-0.000000e+00 0.000000e+00 7.070000e-03 
-0.000000e+00 0.000000e+00 8.497000e-03 
-0.000000e+00 0.000000e+00 6.908000e-03 
-0.000000e+00 0.000000e+00 6.887000e-03 
-0.000000e+00 0.000000e+00 6.939000e-03 
-0.000000e+00 0.000000e+00 7.028000e-03 
-0.000000e+00 0.000000e+00 8.497000e-03 
-0.000000e+00 0.000000e+00 6.932000e-03 
-0.000000e+00 0.000000e+00 6.930000e-03 
-0.000000e+00 0.000000e+00 6.940000e-03 
-0.000000e+00 0.000000e+00 6.993000e-03 
-0.000000e+00 0.000000e+00 8.529000e-03 
-0.000000e+00 0.000000e+00 6.904000e-03 
-0.000000e+00 0.000000e+00 6.876000e-03 
-0.000000e+00 0.000000e+00 6.994000e-03 
-0.000000e+00 0.000000e+00 8.590000e-03 
-0.000000e+00 0.000000e+00 7.047000e-03 
-0.000000e+00 0.000000e+00 7.027000e-03 
-0.000000e+00 0.000000e+00 6.894000e-03 
-0.000000e+00 0.000000e+00 7.025000e-03 
-0.000000e+00 0.000000e+00 8.497000e-03 
-0.000000e+00 0.000000e+00 6.932000e-03 
-0.000000e+00 0.000000e+00 6.902000e-03 
-0.000000e+00 0.000000e+00 6.854000e-03 
-0.000000e+00 0.000000e+00 8.116000e-03 
-0.000000e+00 0.000000e+00 7.597000e-03 
-0.000000e+00 0.000000e+00 6.927000e-03 
-0.000000e+00 0.000000e+00 6.914000e-03 
-0.000000e+00 0.000000e+00 7.103000e-03 
-0.000000e+00 0.000000e+00 8.575000e-03 
-0.000000e+00 0.000000e+00 6.900000e-03 
-0.000000e+00 0.000000e+00 7.236000e-03 
-0.000000e+00 0.000000e+00 6.890000e-03 
-0.000000e+00 0.000000e+00 7.148000e-03 
-0.000000e+00 0.000000e+00 7.330000e-03 
-0.000000e+00 0.000000e+00 8.210000e-03 
-0.000000e+00 0.000000e+00 6.876000e-03 
-0.000000e+00 0.000000e+00 6.865000e-03 
-0.000000e+00 0.000000e+00 8.444000e-03 
-0.000000e+00 0.000000e+00 7.256000e-03 
-0.000000e+00 0.000000e+00 6.913000e-03 
-0.000000e+00 0.000000e+00 6.928000e-03 
-0.000000e+00 0.000000e+00 6.925000e-03 
-0.000000e+00 0.000000e+00 8.721000e-03 
-0.000000e+00 0.000000e+00 6.962000e-03 
-0.000000e+00 0.000000e+00 6.917000e-03 
-0.000000e+00 0.000000e+00 6.943000e-03 
-0.000000e+00 0.000000e+00 8.695000e-03 
-0.000000e+00 0.000000e+00 8.578000e-03 
-0.000000e+00 0.000000e+00 6.881000e-03 
-0.000000e+00 0.000000e+00 6.926000e-03 
-0.000000e+00 0.000000e+00 6.964000e-03 
-0.000000e+00 0.000000e+00 8.234000e-03 
-0.000000e+00 0.000000e+00 7.345000e-03 
-0.000000e+00 0.000000e+00 7.866000e-03 
-0.000000e+00 0.000000e+00 6.923000e-03 
-0.000000e+00 0.000000e+00 6.997000e-03 
-0.000000e+00 0.000000e+00 6.896000e-03 
-0.000000e+00 0.000000e+00 8.679000e-03 
-0.000000e+00 0.000000e+00 6.911000e-03 
-0.000000e+00 0.000000e+00 6.924000e-03 
-0.000000e+00 0.000000e+00 7.267000e-03 
-0.000000e+00 0.000000e+00 8.355000e-03 
-0.000000e+00 0.000000e+00 6.918000e-03 
-0.000000e+00 0.000000e+00 7.181000e-03 
-0.000000e+00 0.000000e+00 6.884000e-03 
-0.000000e+00 0.000000e+00 8.155000e-03 
-0.000000e+00 0.000000e+00 7.346000e-03 
-0.000000e+00 0.000000e+00 6.947000e-03 
-0.000000e+00 0.000000e+00 6.869000e-03 
-0.000000e+00 0.000000e+00 7.357000e-03 
-0.000000e+00 0.000000e+00 9.809000e-03 
-0.000000e+00 0.000000e+00 6.946000e-03 
-0.000000e+00 0.000000e+00 6.956000e-03 
-0.000000e+00 0.000000e+00 6.898000e-03 
-0.000000e+00 0.000000e+00 8.945000e-03 
-0.000000e+00 0.000000e+00 7.032000e-03 
-0.000000e+00 0.000000e+00 6.951000e-03 
-0.000000e+00 0.000000e+00 6.905000e-03 
-0.000000e+00 0.000000e+00 6.877000e-03 
-0.000000e+00 0.000000e+00 8.878000e-03 
-0.000000e+00 0.000000e+00 7.077000e-03 
-0.000000e+00 0.000000e+00 6.951000e-03 
-0.000000e+00 0.000000e+00 6.898000e-03 
-0.000000e+00 0.000000e+00 6.850000e-03 
-0.000000e+00 0.000000e+00 9.106000e-03 
-0.000000e+00 0.000000e+00 6.923000e-03 
-0.000000e+00 0.000000e+00 6.886000e-03 
-0.000000e+00 0.000000e+00 6.912000e-03 
-0.000000e+00 0.000000e+00 6.980000e-03 
-0.000000e+00 0.000000e+00 7.144000e-03 
-0.000000e+00 0.000000e+00 7.014000e-03 
-0.000000e+00 0.000000e+00 6.942000e-03 
-0.000000e+00 0.000000e+00 6.897000e-03 
-0.000000e+00 0.000000e+00 6.994000e-03 
-0.000000e+00 0.000000e+00 7.092000e-03 
-0.000000e+00 0.000000e+00 7.077000e-03 
-0.000000e+00 0.000000e+00 6.882000e-03 
-0.000000e+00 0.000000e+00 6.913000e-03 
-0.000000e+00 0.000000e+00 8.658000e-03 
-0.000000e+00 0.000000e+00 7.442000e-03 
-0.000000e+00 0.000000e+00 6.941000e-03 
-0.000000e+00 0.000000e+00 6.956000e-03 
-0.000000e+00 0.000000e+00 6.887000e-03 
-0.000000e+00 0.000000e+00 8.846000e-03 
-0.000000e+00 0.000000e+00 8.321000e-03 
-0.000000e+00 0.000000e+00 7.026000e-03 
-0.000000e+00 0.000000e+00 6.875000e-03 
-0.000000e+00 0.000000e+00 6.886000e-03 
-0.000000e+00 0.000000e+00 8.703000e-03 
-0.000000e+00 0.000000e+00 6.960000e-03 
-0.000000e+00 0.000000e+00 6.894000e-03 
-0.000000e+00 0.000000e+00 7.016000e-03 
-0.000000e+00 0.000000e+00 6.954000e-03 
-0.000000e+00 0.000000e+00 8.564000e-03 
-0.000000e+00 0.000000e+00 6.928000e-03 
-0.000000e+00 0.000000e+00 6.879000e-03 
-0.000000e+00 0.000000e+00 6.864000e-03 
-0.000000e+00 0.000000e+00 6.999000e-03 
-0.000000e+00 0.000000e+00 8.541000e-03 
-0.000000e+00 0.000000e+00 6.910000e-03 
-0.000000e+00 0.000000e+00 6.872000e-03 
-0.000000e+00 0.000000e+00 6.974000e-03 
-0.000000e+00 0.000000e+00 8.158000e-03 
-0.000000e+00 0.000000e+00 7.337000e-03 
-0.000000e+00 0.000000e+00 7.017000e-03 
-0.000000e+00 0.000000e+00 6.868000e-03 
-0.000000e+00 0.000000e+00 6.909000e-03 
-0.000000e+00 0.000000e+00 8.588000e-03 
-0.000000e+00 0.000000e+00 6.937000e-03 
-0.000000e+00 0.000000e+00 6.883000e-03 
-0.000000e+00 0.000000e+00 6.844000e-03 
-0.000000e+00 0.000000e+00 7.151000e-03 
-0.000000e+00 0.000000e+00 8.516000e-03 
-0.000000e+00 0.000000e+00 6.897000e-03 
-0.000000e+00 0.000000e+00 6.926000e-03 
-0.000000e+00 0.000000e+00 7.015000e-03 
-0.000000e+00 0.000000e+00 7.801000e-03 
-0.000000e+00 0.000000e+00 7.795000e-03 
-0.000000e+00 0.000000e+00 7.017000e-03 
-0.000000e+00 0.000000e+00 7.037000e-03 
-0.000000e+00 0.000000e+00 6.847000e-03 
-0.000000e+00 0.000000e+00 7.014000e-03 
-0.000000e+00 0.000000e+00 8.584000e-03 
-0.000000e+00 0.000000e+00 7.059000e-03 
-0.000000e+00 0.000000e+00 6.875000e-03 
-0.000000e+00 0.000000e+00 7.066000e-03 
-0.000000e+00 0.000000e+00 8.592000e-03 
-0.000000e+00 0.000000e+00 6.892000e-03 
-0.000000e+00 0.000000e+00 7.003000e-03 
-0.000000e+00 0.000000e+00 6.848000e-03 
-0.000000e+00 0.000000e+00 7.055000e-03 
-0.000000e+00 0.000000e+00 8.420000e-03 
-0.000000e+00 0.000000e+00 6.904000e-03 
-0.000000e+00 0.000000e+00 6.890000e-03 
-0.000000e+00 0.000000e+00 6.842000e-03 
-0.000000e+00 0.000000e+00 8.288000e-03 
-0.000000e+00 0.000000e+00 7.264000e-03 
-0.000000e+00 0.000000e+00 6.888000e-03 
-0.000000e+00 0.000000e+00 6.855000e-03 
-0.000000e+00 0.000000e+00 6.959000e-03 
-0.000000e+00 0.000000e+00 8.634000e-03 
-0.000000e+00 0.000000e+00 6.904000e-03 
-0.000000e+00 0.000000e+00 6.899000e-03 
-0.000000e+00 0.000000e+00 6.861000e-03 
-0.000000e+00 0.000000e+00 6.953000e-03 
-0.000000e+00 0.000000e+00 7.077000e-03 
-0.000000e+00 0.000000e+00 8.414000e-03 
-0.000000e+00 0.000000e+00 6.900000e-03 
-0.000000e+00 0.000000e+00 6.936000e-03 
-0.000000e+00 0.000000e+00 7.840000e-03 
-0.000000e+00 0.000000e+00 7.837000e-03 
-0.000000e+00 0.000000e+00 6.892000e-03 
-0.000000e+00 0.000000e+00 6.971000e-03 
-0.000000e+00 0.000000e+00 6.853000e-03 
-0.000000e+00 0.000000e+00 8.723000e-03 
-0.000000e+00 0.000000e+00 6.908000e-03 
-0.000000e+00 0.000000e+00 6.895000e-03 
-0.000000e+00 0.000000e+00 6.882000e-03 
-0.000000e+00 0.000000e+00 8.020000e-03 
-0.000000e+00 0.000000e+00 9.317000e-03 
-0.000000e+00 0.000000e+00 6.988000e-03 
-0.000000e+00 0.000000e+00 6.927000e-03 
-0.000000e+00 0.000000e+00 6.977000e-03 
-0.000000e+00 0.000000e+00 7.690000e-03 
-0.000000e+00 0.000000e+00 7.891000e-03 
-0.000000e+00 0.000000e+00 6.888000e-03 
-0.000000e+00 0.000000e+00 6.868000e-03 
-0.000000e+00 0.000000e+00 6.854000e-03 
-0.000000e+00 0.000000e+00 7.046000e-03 
-0.000000e+00 0.000000e+00 8.443000e-03 
-0.000000e+00 0.000000e+00 7.332000e-03 
-0.000000e+00 0.000000e+00 6.971000e-03 
-0.000000e+00 0.000000e+00 7.091000e-03 
-0.000000e+00 0.000000e+00 7.178000e-03 
-0.000000e+00 0.000000e+00 6.885000e-03 
-0.000000e+00 0.000000e+00 6.903000e-03 
-0.000000e+00 0.000000e+00 6.939000e-03 
-0.000000e+00 0.000000e+00 7.149000e-03 
-0.000000e+00 0.000000e+00 8.828000e-03 
-0.000000e+00 0.000000e+00 6.987000e-03 
-0.000000e+00 0.000000e+00 6.977000e-03 
-0.000000e+00 0.000000e+00 6.853000e-03 
-0.000000e+00 0.000000e+00 7.070000e-03 
-0.000000e+00 0.000000e+00 8.573000e-03 
-0.000000e+00 0.000000e+00 6.905000e-03 
-0.000000e+00 0.000000e+00 6.915000e-03 
-0.000000e+00 0.000000e+00 7.119000e-03 
-0.000000e+00 0.000000e+00 8.587000e-03 
-0.000000e+00 0.000000e+00 6.898000e-03 
-0.000000e+00 0.000000e+00 7.006000e-03 
-0.000000e+00 0.000000e+00 7.947000e-03 
-0.000000e+00 0.000000e+00 1.121400e-02 
-0.000000e+00 0.000000e+00 1.108800e-02 
-0.000000e+00 0.000000e+00 1.120600e-02 
-0.000000e+00 0.000000e+00 1.152700e-02 
-0.000000e+00 0.000000e+00 1.116400e-02 
-0.000000e+00 0.000000e+00 7.801000e-03 
-0.000000e+00 0.000000e+00 7.966000e-03 
-0.000000e+00 0.000000e+00 8.452000e-03 
-0.000000e+00 0.000000e+00 6.969000e-03 
-0.000000e+00 0.000000e+00 7.502000e-03 
-0.000000e+00 0.000000e+00 6.929000e-03 
-0.000000e+00 0.000000e+00 9.040000e-03 
-0.000000e+00 0.000000e+00 7.231000e-03 
-0.000000e+00 0.000000e+00 7.368000e-03 
-0.000000e+00 0.000000e+00 7.110000e-03 
-0.000000e+00 0.000000e+00 7.227000e-03 
-0.000000e+00 0.000000e+00 8.883000e-03 
-0.000000e+00 0.000000e+00 7.387000e-03 
-0.000000e+00 0.000000e+00 7.417000e-03 
-0.000000e+00 0.000000e+00 7.176000e-03 
-0.000000e+00 0.000000e+00 8.744000e-03 
-0.000000e+00 0.000000e+00 7.368000e-03 
-0.000000e+00 0.000000e+00 6.999000e-03 
-0.000000e+00 0.000000e+00 6.932000e-03 
-0.000000e+00 0.000000e+00 6.863000e-03 
-0.000000e+00 0.000000e+00 9.050000e-03 
-0.000000e+00 0.000000e+00 6.975000e-03 
-0.000000e+00 0.000000e+00 6.903000e-03 
-0.000000e+00 0.000000e+00 6.876000e-03 
-0.000000e+00 0.000000e+00 6.949000e-03 
-0.000000e+00 0.000000e+00 8.179000e-03 
-0.000000e+00 0.000000e+00 7.329000e-03 
-0.000000e+00 0.000000e+00 7.023000e-03 
-0.000000e+00 0.000000e+00 6.864000e-03 
-0.000000e+00 0.000000e+00 6.889000e-03 
-0.000000e+00 0.000000e+00 6.947000e-03 
-0.000000e+00 0.000000e+00 8.553000e-03 
-0.000000e+00 0.000000e+00 6.913000e-03 
-0.000000e+00 0.000000e+00 6.871000e-03 
-0.000000e+00 0.000000e+00 7.058000e-03 
-0.000000e+00 0.000000e+00 8.530000e-03 
-0.000000e+00 0.000000e+00 6.918000e-03 
-0.000000e+00 0.000000e+00 6.971000e-03 
-0.000000e+00 0.000000e+00 6.866000e-03 
-0.000000e+00 0.000000e+00 7.825000e-03 
-0.000000e+00 0.000000e+00 7.792000e-03 
-0.000000e+00 0.000000e+00 6.976000e-03 
-0.000000e+00 0.000000e+00 6.886000e-03 
-0.000000e+00 0.000000e+00 6.859000e-03 
-0.000000e+00 0.000000e+00 9.143000e-03 
-0.000000e+00 0.000000e+00 6.948000e-03 
-0.000000e+00 0.000000e+00 6.907000e-03 
-0.000000e+00 0.000000e+00 6.965000e-03 
-0.000000e+00 0.000000e+00 6.942000e-03 
-0.000000e+00 0.000000e+00 8.606000e-03 
-0.000000e+00 0.000000e+00 6.933000e-03 
-0.000000e+00 0.000000e+00 6.911000e-03 
-0.000000e+00 0.000000e+00 6.838000e-03 
-0.000000e+00 0.000000e+00 6.985000e-03 
-0.000000e+00 0.000000e+00 7.190000e-03 
-0.000000e+00 0.000000e+00 8.188000e-03 
-0.000000e+00 0.000000e+00 6.863000e-03 
-0.000000e+00 0.000000e+00 6.887000e-03 
-0.000000e+00 0.000000e+00 8.412000e-03 
-0.000000e+00 0.000000e+00 7.364000e-03 
-0.000000e+00 0.000000e+00 6.903000e-03 
-0.000000e+00 0.000000e+00 6.941000e-03 
-0.000000e+00 0.000000e+00 6.911000e-03 
-0.000000e+00 0.000000e+00 8.564000e-03 
-0.000000e+00 0.000000e+00 6.905000e-03 
-0.000000e+00 0.000000e+00 7.003000e-03 
-0.000000e+00 0.000000e+00 6.912000e-03 
-0.000000e+00 0.000000e+00 7.033000e-03 
-0.000000e+00 0.000000e+00 8.599000e-03 
-0.000000e+00 0.000000e+00 6.950000e-03 
-0.000000e+00 0.000000e+00 6.896000e-03 
-0.000000e+00 0.000000e+00 6.967000e-03 
-0.000000e+00 0.000000e+00 7.688000e-03 
-0.000000e+00 0.000000e+00 7.835000e-03 
-0.000000e+00 0.000000e+00 6.867000e-03 
-0.000000e+00 0.000000e+00 6.986000e-03 
-0.000000e+00 0.000000e+00 6.849000e-03 
-0.000000e+00 0.000000e+00 8.664000e-03 
-0.000000e+00 0.000000e+00 6.967000e-03 
-0.000000e+00 0.000000e+00 6.905000e-03 
-0.000000e+00 0.000000e+00 6.862000e-03 
-0.000000e+00 0.000000e+00 6.991000e-03 
-0.000000e+00 0.000000e+00 8.726000e-03 
-0.000000e+00 0.000000e+00 6.935000e-03 
-0.000000e+00 0.000000e+00 6.931000e-03 
-0.000000e+00 0.000000e+00 7.006000e-03 
-0.000000e+00 0.000000e+00 7.079000e-03 
-0.000000e+00 0.000000e+00 7.002000e-03 
-0.000000e+00 0.000000e+00 6.927000e-03 
-0.000000e+00 0.000000e+00 6.884000e-03 
-0.000000e+00 0.000000e+00 6.852000e-03 
-0.000000e+00 0.000000e+00 7.055000e-03 
-0.000000e+00 0.000000e+00 7.020000e-03 
-0.000000e+00 0.000000e+00 7.041000e-03 
-0.000000e+00 0.000000e+00 6.892000e-03 
-0.000000e+00 0.000000e+00 6.884000e-03 
-0.000000e+00 0.000000e+00 8.985000e-03 
-0.000000e+00 0.000000e+00 7.085000e-03 
-0.000000e+00 0.000000e+00 6.906000e-03 
-0.000000e+00 0.000000e+00 6.977000e-03 
-0.000000e+00 0.000000e+00 6.896000e-03 
-0.000000e+00 0.000000e+00 9.188000e-03 
-0.000000e+00 0.000000e+00 6.979000e-03 
-0.000000e+00 0.000000e+00 6.973000e-03 
-0.000000e+00 0.000000e+00 6.889000e-03 
-0.000000e+00 0.000000e+00 7.041000e-03 
-0.000000e+00 0.000000e+00 1.038900e-02 
-0.000000e+00 0.000000e+00 8.948000e-03 
-0.000000e+00 0.000000e+00 6.991000e-03 
-0.000000e+00 0.000000e+00 6.869000e-03 
-0.000000e+00 0.000000e+00 7.731000e-03 
-0.000000e+00 0.000000e+00 7.811000e-03 
-0.000000e+00 0.000000e+00 6.912000e-03 
-0.000000e+00 0.000000e+00 6.875000e-03 
-0.000000e+00 0.000000e+00 6.845000e-03 
-0.000000e+00 0.000000e+00 7.520000e-03 
-0.000000e+00 0.000000e+00 7.965000e-03 
-0.000000e+00 0.000000e+00 6.877000e-03 
-0.000000e+00 0.000000e+00 6.871000e-03 
-0.000000e+00 0.000000e+00 7.093000e-03 
-0.000000e+00 0.000000e+00 8.565000e-03 
-0.000000e+00 0.000000e+00 6.880000e-03 
-0.000000e+00 0.000000e+00 7.021000e-03 
-0.000000e+00 0.000000e+00 6.859000e-03 
-0.000000e+00 0.000000e+00 7.584000e-03 
-0.000000e+00 0.000000e+00 7.812000e-03 
-0.000000e+00 0.000000e+00 6.905000e-03 
-0.000000e+00 0.000000e+00 6.889000e-03 
-0.000000e+00 0.000000e+00 6.847000e-03 
-0.000000e+00 0.000000e+00 8.719000e-03 
-0.000000e+00 0.000000e+00 6.934000e-03 
-0.000000e+00 0.000000e+00 6.889000e-03 
-0.000000e+00 0.000000e+00 6.963000e-03 
-0.000000e+00 0.000000e+00 6.941000e-03 
-0.000000e+00 0.000000e+00 8.606000e-03 
-0.000000e+00 0.000000e+00 7.060000e-03 
-0.000000e+00 0.000000e+00 6.975000e-03 
-0.000000e+00 0.000000e+00 6.911000e-03 
-0.000000e+00 0.000000e+00 8.822000e-03 
-0.000000e+00 0.000000e+00 8.522000e-03 
-0.000000e+00 0.000000e+00 6.884000e-03 
-0.000000e+00 0.000000e+00 6.871000e-03 
-0.000000e+00 0.000000e+00 6.947000e-03 
-0.000000e+00 0.000000e+00 8.682000e-03 
-0.000000e+00 0.000000e+00 6.929000e-03 
-0.000000e+00 0.000000e+00 6.907000e-03 
-0.000000e+00 0.000000e+00 6.984000e-03 
-0.000000e+00 0.000000e+00 6.993000e-03 
-0.000000e+00 0.000000e+00 8.592000e-03 
-0.000000e+00 0.000000e+00 7.105000e-03 
-0.000000e+00 0.000000e+00 6.976000e-03 
-0.000000e+00 0.000000e+00 6.862000e-03 
-0.000000e+00 0.000000e+00 7.063000e-03 
-0.000000e+00 0.000000e+00 7.208000e-03 
-0.000000e+00 0.000000e+00 6.963000e-03 
-0.000000e+00 0.000000e+00 6.900000e-03 
-0.000000e+00 0.000000e+00 6.972000e-03 
-0.000000e+00 0.000000e+00 7.106000e-03 
-0.000000e+00 0.000000e+00 7.088000e-03 
-0.000000e+00 0.000000e+00 6.898000e-03 
-0.000000e+00 0.000000e+00 6.982000e-03 
-0.000000e+00 0.000000e+00 6.901000e-03 
-0.000000e+00 0.000000e+00 6.984000e-03 
-0.000000e+00 0.000000e+00 8.090000e-03 
-0.000000e+00 0.000000e+00 7.280000e-03 
-0.000000e+00 0.000000e+00 6.913000e-03 
-0.000000e+00 0.000000e+00 6.872000e-03 
-0.000000e+00 0.000000e+00 8.682000e-03 
-0.000000e+00 0.000000e+00 6.923000e-03 
-0.000000e+00 0.000000e+00 6.893000e-03 
-0.000000e+00 0.000000e+00 6.960000e-03 
-0.000000e+00 0.000000e+00 6.943000e-03 
-0.000000e+00 0.000000e+00 8.549000e-03 
-0.000000e+00 0.000000e+00 6.907000e-03 
-0.000000e+00 0.000000e+00 6.926000e-03 
-0.000000e+00 0.000000e+00 6.858000e-03 
-0.000000e+00 0.000000e+00 7.019000e-03 
-0.000000e+00 0.000000e+00 8.546000e-03 
-0.000000e+00 0.000000e+00 6.894000e-03 
-0.000000e+00 0.000000e+00 6.904000e-03 
-0.000000e+00 0.000000e+00 6.949000e-03 
-0.000000e+00 0.000000e+00 8.621000e-03 
-0.000000e+00 0.000000e+00 6.909000e-03 
-0.000000e+00 0.000000e+00 6.961000e-03 
-0.000000e+00 0.000000e+00 6.856000e-03 
-0.000000e+00 0.000000e+00 6.944000e-03 
-0.000000e+00 0.000000e+00 8.543000e-03 
-0.000000e+00 0.000000e+00 6.985000e-03 
-0.000000e+00 0.000000e+00 6.898000e-03 
-0.000000e+00 0.000000e+00 6.844000e-03 
-0.000000e+00 0.000000e+00 7.193000e-03 
-0.000000e+00 0.000000e+00 8.375000e-03 
-0.000000e+00 0.000000e+00 6.878000e-03 
-0.000000e+00 0.000000e+00 6.882000e-03 
-0.000000e+00 0.000000e+00 6.941000e-03 
-0.000000e+00 0.000000e+00 8.257000e-03 
-0.000000e+00 0.000000e+00 7.324000e-03 
-0.000000e+00 0.000000e+00 6.908000e-03 
-0.000000e+00 0.000000e+00 6.848000e-03 
-0.000000e+00 0.000000e+00 6.848000e-03 
-0.000000e+00 0.000000e+00 6.957000e-03 
-0.000000e+00 0.000000e+00 8.551000e-03 
-0.000000e+00 0.000000e+00 6.892000e-03 
-0.000000e+00 0.000000e+00 6.888000e-03 
-0.000000e+00 0.000000e+00 7.071000e-03 
-0.000000e+00 0.000000e+00 8.524000e-03 
-0.000000e+00 0.000000e+00 6.918000e-03 
-0.000000e+00 0.000000e+00 6.976000e-03 
-0.000000e+00 0.000000e+00 6.858000e-03 
-0.000000e+00 0.000000e+00 7.593000e-03 
-0.000000e+00 0.000000e+00 7.829000e-03 
-0.000000e+00 0.000000e+00 6.887000e-03 
-0.000000e+00 0.000000e+00 6.868000e-03 
-0.000000e+00 0.000000e+00 6.855000e-03 
-0.000000e+00 0.000000e+00 7.480000e-03 
-0.000000e+00 0.000000e+00 7.997000e-03 
-0.000000e+00 0.000000e+00 6.924000e-03 
-0.000000e+00 0.000000e+00 6.892000e-03 
-0.000000e+00 0.000000e+00 7.325000e-03 
-0.000000e+00 0.000000e+00 8.664000e-03 
-0.000000e+00 0.000000e+00 6.870000e-03 
-0.000000e+00 0.000000e+00 7.009000e-03 
-0.000000e+00 0.000000e+00 6.867000e-03 
-0.000000e+00 0.000000e+00 7.579000e-03 
-0.000000e+00 0.000000e+00 7.798000e-03 
-0.000000e+00 0.000000e+00 6.865000e-03 
-0.000000e+00 0.000000e+00 6.887000e-03 
-0.000000e+00 0.000000e+00 6.834000e-03 
-0.000000e+00 0.000000e+00 8.727000e-03 
-0.000000e+00 0.000000e+00 6.915000e-03 
-0.000000e+00 0.000000e+00 6.899000e-03 
-0.000000e+00 0.000000e+00 6.972000e-03 
-0.000000e+00 0.000000e+00 6.939000e-03 
-0.000000e+00 0.000000e+00 8.645000e-03 
-0.000000e+00 0.000000e+00 6.917000e-03 
-0.000000e+00 0.000000e+00 7.008000e-03 
-0.000000e+00 0.000000e+00 6.892000e-03 
-0.000000e+00 0.000000e+00 7.005000e-03 
-0.000000e+00 0.000000e+00 8.214000e-03 
-0.000000e+00 0.000000e+00 7.288000e-03 
-0.000000e+00 0.000000e+00 6.880000e-03 
-0.000000e+00 0.000000e+00 6.930000e-03 
-0.000000e+00 0.000000e+00 9.778000e-03 
-0.000000e+00 0.000000e+00 7.280000e-03 
-0.000000e+00 0.000000e+00 7.207000e-03 
-0.000000e+00 0.000000e+00 6.976000e-03 
-0.000000e+00 0.000000e+00 6.946000e-03 
-0.000000e+00 0.000000e+00 8.671000e-03 
-0.000000e+00 0.000000e+00 7.183000e-03 
-0.000000e+00 0.000000e+00 6.994000e-03 
-0.000000e+00 0.000000e+00 6.876000e-03 
-0.000000e+00 0.000000e+00 7.139000e-03 
-0.000000e+00 0.000000e+00 8.742000e-03 
-0.000000e+00 0.000000e+00 7.227000e-03 
-0.000000e+00 0.000000e+00 7.174000e-03 
-0.000000e+00 0.000000e+00 7.030000e-03 
-0.000000e+00 0.000000e+00 8.305000e-03 
-0.000000e+00 0.000000e+00 7.451000e-03 
-0.000000e+00 0.000000e+00 7.186000e-03 
-0.000000e+00 0.000000e+00 7.346000e-03 
-0.000000e+00 0.000000e+00 8.162000e-03 
-0.000000e+00 0.000000e+00 8.401000e-03 
-0.000000e+00 0.000000e+00 7.427000e-03 
-0.000000e+00 0.000000e+00 7.564000e-03 
-0.000000e+00 0.000000e+00 7.199000e-03 
-0.000000e+00 0.000000e+00 7.956000e-03 
-0.000000e+00 0.000000e+00 8.154000e-03 
-0.000000e+00 0.000000e+00 6.908000e-03 
-0.000000e+00 0.000000e+00 6.968000e-03 
-0.000000e+00 0.000000e+00 6.858000e-03 
-0.000000e+00 0.000000e+00 8.581000e-03 
-0.000000e+00 0.000000e+00 6.951000e-03 
-0.000000e+00 0.000000e+00 6.901000e-03 
-0.000000e+00 0.000000e+00 6.854000e-03 
-0.000000e+00 0.000000e+00 6.946000e-03 
-0.000000e+00 0.000000e+00 8.665000e-03 
-0.000000e+00 0.000000e+00 6.887000e-03 
-0.000000e+00 0.000000e+00 6.894000e-03 
-0.000000e+00 0.000000e+00 6.957000e-03 
-0.000000e+00 0.000000e+00 7.038000e-03 
-0.000000e+00 0.000000e+00 8.487000e-03 
-0.000000e+00 0.000000e+00 6.922000e-03 
-0.000000e+00 0.000000e+00 6.877000e-03 
-0.000000e+00 0.000000e+00 6.842000e-03 
-0.000000e+00 0.000000e+00 6.984000e-03 
-0.000000e+00 0.000000e+00 8.748000e-03 
-0.000000e+00 0.000000e+00 7.003000e-03 
-0.000000e+00 0.000000e+00 6.883000e-03 
-0.000000e+00 0.000000e+00 6.997000e-03 
-0.000000e+00 0.000000e+00 8.613000e-03 
-0.000000e+00 0.000000e+00 6.906000e-03 
-0.000000e+00 0.000000e+00 6.893000e-03 
-0.000000e+00 0.000000e+00 6.960000e-03 
-0.000000e+00 0.000000e+00 7.166000e-03 
-0.000000e+00 0.000000e+00 8.565000e-03 
-0.000000e+00 0.000000e+00 6.930000e-03 
-0.000000e+00 0.000000e+00 6.875000e-03 
-0.000000e+00 0.000000e+00 6.855000e-03 
-0.000000e+00 0.000000e+00 7.415000e-03 
-0.000000e+00 0.000000e+00 8.178000e-03 
-0.000000e+00 0.000000e+00 6.901000e-03 
-0.000000e+00 0.000000e+00 6.890000e-03 
-0.000000e+00 0.000000e+00 6.941000e-03 
-0.000000e+00 0.000000e+00 8.594000e-03 
-0.000000e+00 0.000000e+00 6.973000e-03 
-0.000000e+00 0.000000e+00 6.953000e-03 
-0.000000e+00 0.000000e+00 6.848000e-03 
-0.000000e+00 0.000000e+00 6.986000e-03 
-0.000000e+00 0.000000e+00 6.931000e-03 
-0.000000e+00 0.000000e+00 8.537000e-03 
-0.000000e+00 0.000000e+00 6.916000e-03 
-0.000000e+00 0.000000e+00 6.885000e-03 
-0.000000e+00 0.000000e+00 7.295000e-03 
-0.000000e+00 0.000000e+00 8.438000e-03 
-0.000000e+00 0.000000e+00 6.871000e-03 
-0.000000e+00 0.000000e+00 6.980000e-03 
-0.000000e+00 0.000000e+00 6.874000e-03 
-0.000000e+00 0.000000e+00 8.234000e-03 
-0.000000e+00 0.000000e+00 7.304000e-03 
-0.000000e+00 0.000000e+00 6.988000e-03 
-0.000000e+00 0.000000e+00 6.936000e-03 
-0.000000e+00 0.000000e+00 6.891000e-03 
-0.000000e+00 0.000000e+00 7.942000e-03 
-0.000000e+00 0.000000e+00 7.621000e-03 
-0.000000e+00 0.000000e+00 6.901000e-03 
-0.000000e+00 0.000000e+00 6.836000e-03 
-0.000000e+00 0.000000e+00 7.045000e-03 
-0.000000e+00 0.000000e+00 8.526000e-03 
-0.000000e+00 0.000000e+00 6.909000e-03 
-0.000000e+00 0.000000e+00 7.008000e-03 
-0.000000e+00 0.000000e+00 6.842000e-03 
-0.000000e+00 0.000000e+00 7.777000e-03 
-0.000000e+00 0.000000e+00 7.810000e-03 
-0.000000e+00 0.000000e+00 6.851000e-03 
-0.000000e+00 0.000000e+00 6.883000e-03 
-0.000000e+00 0.000000e+00 6.858000e-03 
-0.000000e+00 0.000000e+00 8.803000e-03 
-0.000000e+00 0.000000e+00 6.931000e-03 
-0.000000e+00 0.000000e+00 6.901000e-03 
-0.000000e+00 0.000000e+00 6.956000e-03 
-0.000000e+00 0.000000e+00 6.985000e-03 
-0.000000e+00 0.000000e+00 8.633000e-03 
-0.000000e+00 0.000000e+00 6.899000e-03 
-0.000000e+00 0.000000e+00 6.917000e-03 
-0.000000e+00 0.000000e+00 6.866000e-03 
-0.000000e+00 0.000000e+00 6.999000e-03 
-0.000000e+00 0.000000e+00 8.299000e-03 
-0.000000e+00 0.000000e+00 7.132000e-03 
-0.000000e+00 0.000000e+00 6.896000e-03 
-0.000000e+00 0.000000e+00 6.963000e-03 
-0.000000e+00 0.000000e+00 7.197000e-03 
-0.000000e+00 0.000000e+00 7.040000e-03 
-0.000000e+00 0.000000e+00 6.904000e-03 
-0.000000e+00 0.000000e+00 6.930000e-03 
-0.000000e+00 0.000000e+00 7.001000e-03 
-0.000000e+00 0.000000e+00 7.239000e-03 
-0.000000e+00 0.000000e+00 6.954000e-03 
-0.000000e+00 0.000000e+00 7.021000e-03 
-0.000000e+00 0.000000e+00 6.894000e-03 
-0.000000e+00 0.000000e+00 6.889000e-03 
-0.000000e+00 0.000000e+00 7.162000e-03 
-0.000000e+00 0.000000e+00 7.020000e-03 
-0.000000e+00 0.000000e+00 6.999000e-03 
-0.000000e+00 0.000000e+00 6.874000e-03 
-0.000000e+00 0.000000e+00 7.053000e-03 
-0.000000e+00 0.000000e+00 7.168000e-03 
-0.000000e+00 0.000000e+00 6.910000e-03 
-0.000000e+00 0.000000e+00 6.898000e-03 
-0.000000e+00 0.000000e+00 6.902000e-03 
-0.000000e+00 0.000000e+00 7.086000e-03 
-0.000000e+00 0.000000e+00 7.097000e-03 
-0.000000e+00 0.000000e+00 6.995000e-03 
-0.000000e+00 0.000000e+00 6.962000e-03 
-0.000000e+00 0.000000e+00 6.856000e-03 
-0.000000e+00 0.000000e+00 7.317000e-03 
-0.000000e+00 0.000000e+00 8.337000e-03 
-0.000000e+00 0.000000e+00 6.880000e-03 
-0.000000e+00 0.000000e+00 6.895000e-03 
-0.000000e+00 0.000000e+00 9.839000e-03 
-0.000000e+00 0.000000e+00 8.639000e-03 
-0.000000e+00 0.000000e+00 6.923000e-03 
-0.000000e+00 0.000000e+00 6.920000e-03 
-0.000000e+00 0.000000e+00 6.894000e-03 
-0.000000e+00 0.000000e+00 6.939000e-03 
-0.000000e+00 0.000000e+00 7.116000e-03 
-0.000000e+00 0.000000e+00 6.947000e-03 
-0.000000e+00 0.000000e+00 6.869000e-03 
-0.000000e+00 0.000000e+00 6.900000e-03 
-0.000000e+00 0.000000e+00 7.132000e-03 
-0.000000e+00 0.000000e+00 7.240000e-03 
-0.000000e+00 0.000000e+00 6.925000e-03 
-0.000000e+00 0.000000e+00 6.903000e-03 
-0.000000e+00 0.000000e+00 7.345000e-03 
-0.000000e+00 0.000000e+00 7.088000e-03 
-0.000000e+00 0.000000e+00 7.020000e-03 
-0.000000e+00 0.000000e+00 6.997000e-03 
-0.000000e+00 0.000000e+00 6.941000e-03 
-0.000000e+00 0.000000e+00 6.887000e-03 
-0.000000e+00 0.000000e+00 7.772000e-03 
-0.000000e+00 0.000000e+00 7.826000e-03 
-0.000000e+00 0.000000e+00 6.928000e-03 
-0.000000e+00 0.000000e+00 6.897000e-03 
-0.000000e+00 0.000000e+00 6.969000e-03 
-0.000000e+00 0.000000e+00 8.869000e-03 
-0.000000e+00 0.000000e+00 6.949000e-03 
-0.000000e+00 0.000000e+00 6.932000e-03 
-0.000000e+00 0.000000e+00 6.852000e-03 
-0.000000e+00 0.000000e+00 7.140000e-03 
-0.000000e+00 0.000000e+00 7.403000e-03 
-0.000000e+00 0.000000e+00 8.247000e-03 
-0.000000e+00 0.000000e+00 6.951000e-03 
-0.000000e+00 0.000000e+00 6.855000e-03 
-0.000000e+00 0.000000e+00 9.118000e-03 
-0.000000e+00 0.000000e+00 6.967000e-03 
-0.000000e+00 0.000000e+00 6.931000e-03 
-0.000000e+00 0.000000e+00 6.987000e-03 
-0.000000e+00 0.000000e+00 6.905000e-03 
-0.000000e+00 0.000000e+00 7.276000e-03 
-0.000000e+00 0.000000e+00 7.004000e-03 
-0.000000e+00 0.000000e+00 7.264000e-03 
-0.000000e+00 0.000000e+00 6.868000e-03 
-0.000000e+00 0.000000e+00 8.004000e-03 
-0.000000e+00 0.000000e+00 9.561000e-03 
-0.000000e+00 0.000000e+00 6.957000e-03 
-0.000000e+00 0.000000e+00 6.898000e-03 
-0.000000e+00 0.000000e+00 6.961000e-03 
-0.000000e+00 0.000000e+00 7.744000e-03 
-0.000000e+00 0.000000e+00 7.888000e-03 
-0.000000e+00 0.000000e+00 6.910000e-03 
-0.000000e+00 0.000000e+00 6.868000e-03 
-0.000000e+00 0.000000e+00 6.836000e-03 
-0.000000e+00 0.000000e+00 7.044000e-03 
-0.000000e+00 0.000000e+00 8.498000e-03 
-0.000000e+00 0.000000e+00 6.949000e-03 
-0.000000e+00 0.000000e+00 6.889000e-03 
-0.000000e+00 0.000000e+00 7.133000e-03 
-0.000000e+00 0.000000e+00 8.552000e-03 
-0.000000e+00 0.000000e+00 6.921000e-03 
-0.000000e+00 0.000000e+00 6.876000e-03 
-0.000000e+00 0.000000e+00 6.956000e-03 
-0.000000e+00 0.000000e+00 7.116000e-03 
-0.000000e+00 0.000000e+00 8.529000e-03 
-0.000000e+00 0.000000e+00 6.920000e-03 
-0.000000e+00 0.000000e+00 6.878000e-03 
-0.000000e+00 0.000000e+00 6.851000e-03 
-0.000000e+00 0.000000e+00 7.033000e-03 
-0.000000e+00 0.000000e+00 8.543000e-03 
-0.000000e+00 0.000000e+00 6.913000e-03 
-0.000000e+00 0.000000e+00 6.889000e-03 
-0.000000e+00 0.000000e+00 7.052000e-03 
-0.000000e+00 0.000000e+00 8.603000e-03 
-0.000000e+00 0.000000e+00 6.909000e-03 
-0.000000e+00 0.000000e+00 6.991000e-03 
-0.000000e+00 0.000000e+00 6.871000e-03 
-0.000000e+00 0.000000e+00 8.937000e-03 
-0.000000e+00 0.000000e+00 7.044000e-03 
-0.000000e+00 0.000000e+00 6.965000e-03 
-0.000000e+00 0.000000e+00 6.931000e-03 
-0.000000e+00 0.000000e+00 6.871000e-03 
-0.000000e+00 0.000000e+00 9.053000e-03 
-0.000000e+00 0.000000e+00 6.985000e-03 
-0.000000e+00 0.000000e+00 6.929000e-03 
-0.000000e+00 0.000000e+00 6.969000e-03 
-0.000000e+00 0.000000e+00 6.914000e-03 
-0.000000e+00 0.000000e+00 8.645000e-03 
-0.000000e+00 0.000000e+00 6.984000e-03 
-0.000000e+00 0.000000e+00 6.944000e-03 
-0.000000e+00 0.000000e+00 6.900000e-03 
-0.000000e+00 0.000000e+00 8.682000e-03 
-0.000000e+00 0.000000e+00 8.641000e-03 
-0.000000e+00 0.000000e+00 6.911000e-03 
-0.000000e+00 0.000000e+00 6.893000e-03 
-0.000000e+00 0.000000e+00 6.936000e-03 
-0.000000e+00 0.000000e+00 8.219000e-03 
-0.000000e+00 0.000000e+00 7.311000e-03 
-0.000000e+00 0.000000e+00 6.926000e-03 
-0.000000e+00 0.000000e+00 6.955000e-03 
-0.000000e+00 0.000000e+00 6.903000e-03 
-0.000000e+00 0.000000e+00 8.631000e-03 
-0.000000e+00 0.000000e+00 6.935000e-03 
-0.000000e+00 0.000000e+00 6.916000e-03 
-0.000000e+00 0.000000e+00 6.857000e-03 
-0.000000e+00 0.000000e+00 7.989000e-03 
-0.000000e+00 0.000000e+00 8.629000e-03 
-0.000000e+00 0.000000e+00 6.923000e-03 
-0.000000e+00 0.000000e+00 6.869000e-03 
-0.000000e+00 0.000000e+00 6.947000e-03 
-0.000000e+00 0.000000e+00 8.395000e-03 
-0.000000e+00 0.000000e+00 7.257000e-03 
-0.000000e+00 0.000000e+00 6.953000e-03 
-0.000000e+00 0.000000e+00 7.026000e-03 
-0.000000e+00 0.000000e+00 6.907000e-03 
-0.000000e+00 0.000000e+00 7.024000e-03 
-0.000000e+00 0.000000e+00 8.599000e-03 
-0.000000e+00 0.000000e+00 6.945000e-03 
-0.000000e+00 0.000000e+00 6.874000e-03 
-0.000000e+00 0.000000e+00 7.056000e-03 
-0.000000e+00 0.000000e+00 8.567000e-03 
-0.000000e+00 0.000000e+00 6.891000e-03 
-0.000000e+00 0.000000e+00 6.988000e-03 
-0.000000e+00 0.000000e+00 6.863000e-03 
-0.000000e+00 0.000000e+00 7.542000e-03 
-0.000000e+00 0.000000e+00 7.910000e-03 
-0.000000e+00 0.000000e+00 6.925000e-03 
-0.000000e+00 0.000000e+00 6.872000e-03 
-0.000000e+00 0.000000e+00 6.908000e-03 
-0.000000e+00 0.000000e+00 1.045800e-02 
-0.000000e+00 0.000000e+00 6.924000e-03 
-0.000000e+00 0.000000e+00 6.890000e-03 
-0.000000e+00 0.000000e+00 6.956000e-03 
-0.000000e+00 0.000000e+00 7.011000e-03 
-0.000000e+00 0.000000e+00 8.557000e-03 
-0.000000e+00 0.000000e+00 6.879000e-03 
-0.000000e+00 0.000000e+00 7.711000e-03 
-0.000000e+00 0.000000e+00 6.966000e-03 
-0.000000e+00 0.000000e+00 7.153000e-03 
-0.000000e+00 0.000000e+00 8.079000e-03 
-0.000000e+00 0.000000e+00 7.420000e-03 
-0.000000e+00 0.000000e+00 6.989000e-03 
-0.000000e+00 0.000000e+00 7.490000e-03 
-0.000000e+00 0.000000e+00 8.653000e-03 
-0.000000e+00 0.000000e+00 7.039000e-03 
-0.000000e+00 0.000000e+00 6.913000e-03 
-0.000000e+00 0.000000e+00 6.947000e-03 
-0.000000e+00 0.000000e+00 7.281000e-03 
-0.000000e+00 0.000000e+00 7.076000e-03 
-0.000000e+00 0.000000e+00 6.915000e-03 
-0.000000e+00 0.000000e+00 6.939000e-03 
-0.000000e+00 0.000000e+00 6.917000e-03 
-0.000000e+00 0.000000e+00 7.066000e-03 
-0.000000e+00 0.000000e+00 6.977000e-03 
-0.000000e+00 0.000000e+00 6.981000e-03 
-0.000000e+00 0.000000e+00 7.021000e-03 
-0.000000e+00 0.000000e+00 6.886000e-03 
-0.000000e+00 0.000000e+00 7.726000e-03 
-0.000000e+00 0.000000e+00 7.858000e-03 
-0.000000e+00 0.000000e+00 6.859000e-03 
-0.000000e+00 0.000000e+00 7.019000e-03 
-0.000000e+00 0.000000e+00 6.924000e-03 
-0.000000e+00 0.000000e+00 9.069000e-03 
-0.000000e+00 0.000000e+00 6.981000e-03 
-0.000000e+00 0.000000e+00 6.899000e-03 
-0.000000e+00 0.000000e+00 6.882000e-03 
-0.000000e+00 0.000000e+00 7.982000e-03 
-0.000000e+00 0.000000e+00 8.038000e-03 
-0.000000e+00 0.000000e+00 6.916000e-03 
-0.000000e+00 0.000000e+00 6.911000e-03 
-0.000000e+00 0.000000e+00 6.910000e-03 
-0.000000e+00 0.000000e+00 7.001000e-03 
-0.000000e+00 0.000000e+00 8.482000e-03 
-0.000000e+00 0.000000e+00 6.914000e-03 
-0.000000e+00 0.000000e+00 6.877000e-03 
-0.000000e+00 0.000000e+00 6.845000e-03 
-0.000000e+00 0.000000e+00 6.981000e-03 
-0.000000e+00 0.000000e+00 8.519000e-03 
-0.000000e+00 0.000000e+00 6.893000e-03 
-0.000000e+00 0.000000e+00 6.888000e-03 
-0.000000e+00 0.000000e+00 7.012000e-03 
-0.000000e+00 0.000000e+00 8.594000e-03 
-0.000000e+00 0.000000e+00 6.951000e-03 
-0.000000e+00 0.000000e+00 6.994000e-03 
-0.000000e+00 0.000000e+00 6.848000e-03 
-0.000000e+00 0.000000e+00 7.210000e-03 
-0.000000e+00 0.000000e+00 8.441000e-03 
-0.000000e+00 0.000000e+00 6.974000e-03 
-0.000000e+00 0.000000e+00 6.906000e-03 
-0.000000e+00 0.000000e+00 6.837000e-03 
-0.000000e+00 0.000000e+00 7.626000e-03 
-0.000000e+00 0.000000e+00 7.927000e-03 
-0.000000e+00 0.000000e+00 6.909000e-03 
-0.000000e+00 0.000000e+00 6.864000e-03 
-0.000000e+00 0.000000e+00 7.052000e-03 
-0.000000e+00 0.000000e+00 7.543000e-03 
-0.000000e+00 0.000000e+00 6.967000e-03 
-0.000000e+00 0.000000e+00 7.029000e-03 
-0.000000e+00 0.000000e+00 6.860000e-03 
-0.000000e+00 0.000000e+00 8.695000e-03 
-0.000000e+00 0.000000e+00 8.622000e-03 
-0.000000e+00 0.000000e+00 6.919000e-03 
-0.000000e+00 0.000000e+00 6.934000e-03 
-0.000000e+00 0.000000e+00 6.860000e-03 
-0.000000e+00 0.000000e+00 9.066000e-03 
-0.000000e+00 0.000000e+00 6.956000e-03 
-0.000000e+00 0.000000e+00 6.939000e-03 
-0.000000e+00 0.000000e+00 6.964000e-03 
-0.000000e+00 0.000000e+00 6.921000e-03 
-0.000000e+00 0.000000e+00 8.649000e-03 
-0.000000e+00 0.000000e+00 6.923000e-03 
-0.000000e+00 0.000000e+00 6.907000e-03 
-0.000000e+00 0.000000e+00 6.844000e-03 
-0.000000e+00 0.000000e+00 7.007000e-03 
-0.000000e+00 0.000000e+00 8.609000e-03 
-0.000000e+00 0.000000e+00 6.964000e-03 
-0.000000e+00 0.000000e+00 6.891000e-03 
-0.000000e+00 0.000000e+00 6.945000e-03 
-0.000000e+00 0.000000e+00 7.704000e-03 
-0.000000e+00 0.000000e+00 7.882000e-03 
-0.000000e+00 0.000000e+00 6.885000e-03 
-0.000000e+00 0.000000e+00 6.979000e-03 
-0.000000e+00 0.000000e+00 6.843000e-03 
-0.000000e+00 0.000000e+00 8.587000e-03 
-0.000000e+00 0.000000e+00 7.225000e-03 
-0.000000e+00 0.000000e+00 6.976000e-03 
-0.000000e+00 0.000000e+00 6.950000e-03 
-0.000000e+00 0.000000e+00 8.690000e-03 
-0.000000e+00 0.000000e+00 7.419000e-03 
-0.000000e+00 0.000000e+00 7.017000e-03 
-0.000000e+00 0.000000e+00 6.953000e-03 
-0.000000e+00 0.000000e+00 6.965000e-03 
-0.000000e+00 0.000000e+00 7.691000e-03 
-0.000000e+00 0.000000e+00 7.829000e-03 
-0.000000e+00 0.000000e+00 6.912000e-03 
-0.000000e+00 0.000000e+00 6.881000e-03 
-0.000000e+00 0.000000e+00 6.840000e-03 
-0.000000e+00 0.000000e+00 7.142000e-03 
-0.000000e+00 0.000000e+00 9.584000e-03 
-0.000000e+00 0.000000e+00 7.573000e-03 
-0.000000e+00 0.000000e+00 6.900000e-03 
-0.000000e+00 0.000000e+00 7.728000e-03 
-0.000000e+00 0.000000e+00 7.952000e-03 
-0.000000e+00 0.000000e+00 6.898000e-03 
-0.000000e+00 0.000000e+00 6.982000e-03 
-0.000000e+00 0.000000e+00 6.854000e-03 
-0.000000e+00 0.000000e+00 8.689000e-03 
-0.000000e+00 0.000000e+00 6.960000e-03 
-0.000000e+00 0.000000e+00 6.925000e-03 
-0.000000e+00 0.000000e+00 6.929000e-03 
-0.000000e+00 0.000000e+00 6.992000e-03 
-0.000000e+00 0.000000e+00 8.651000e-03 
-0.000000e+00 0.000000e+00 6.922000e-03 
-0.000000e+00 0.000000e+00 6.897000e-03 
-0.000000e+00 0.000000e+00 6.875000e-03 
-0.000000e+00 0.000000e+00 7.038000e-03 
-0.000000e+00 0.000000e+00 7.012000e-03 
-0.000000e+00 0.000000e+00 6.918000e-03 
-0.000000e+00 0.000000e+00 6.887000e-03 
-0.000000e+00 0.000000e+00 6.853000e-03 
-0.000000e+00 0.000000e+00 7.061000e-03 
-0.000000e+00 0.000000e+00 7.027000e-03 
-0.000000e+00 0.000000e+00 6.908000e-03 
-0.000000e+00 0.000000e+00 6.896000e-03 
-0.000000e+00 0.000000e+00 6.855000e-03 
-0.000000e+00 0.000000e+00 7.135000e-03 
-0.000000e+00 0.000000e+00 7.099000e-03 
-0.000000e+00 0.000000e+00 6.968000e-03 
-0.000000e+00 0.000000e+00 6.868000e-03 
-0.000000e+00 0.000000e+00 7.007000e-03 
-0.000000e+00 0.000000e+00 7.093000e-03 
-0.000000e+00 0.000000e+00 7.170000e-03 
-0.000000e+00 0.000000e+00 6.916000e-03 
-0.000000e+00 0.000000e+00 8.507000e-03 
-0.000000e+00 0.000000e+00 7.263000e-03 
-0.000000e+00 0.000000e+00 8.231000e-03 
-0.000000e+00 0.000000e+00 8.383000e-03 
-0.000000e+00 0.000000e+00 7.241000e-03 
-0.000000e+00 0.000000e+00 6.900000e-03 
-0.000000e+00 0.000000e+00 7.224000e-03 
-0.000000e+00 0.000000e+00 8.807000e-03 
-0.000000e+00 0.000000e+00 7.043000e-03 
-0.000000e+00 0.000000e+00 7.147000e-03 
-0.000000e+00 0.000000e+00 6.989000e-03 
-0.000000e+00 0.000000e+00 9.059000e-03 
-0.000000e+00 0.000000e+00 8.558000e-03 
-0.000000e+00 0.000000e+00 6.967000e-03 
-0.000000e+00 0.000000e+00 8.404000e-03 
-0.000000e+00 0.000000e+00 1.080600e-02 
-0.000000e+00 0.000000e+00 9.694000e-03 
-0.000000e+00 0.000000e+00 7.436000e-03 
-0.000000e+00 0.000000e+00 7.598000e-03 
-0.000000e+00 0.000000e+00 7.709000e-03 
-0.000000e+00 0.000000e+00 8.542000e-03 
-0.000000e+00 0.000000e+00 6.931000e-03 
-0.000000e+00 0.000000e+00 6.875000e-03 
-0.000000e+00 0.000000e+00 6.890000e-03 
-0.000000e+00 0.000000e+00 7.321000e-03 
-0.000000e+00 0.000000e+00 8.185000e-03 
-0.000000e+00 0.000000e+00 6.877000e-03 
-0.000000e+00 0.000000e+00 6.900000e-03 
-0.000000e+00 0.000000e+00 6.997000e-03 
-0.000000e+00 0.000000e+00 8.541000e-03 
-0.000000e+00 0.000000e+00 6.913000e-03 
-0.000000e+00 0.000000e+00 6.924000e-03 
-0.000000e+00 0.000000e+00 6.940000e-03 
-0.000000e+00 0.000000e+00 6.974000e-03 
-0.000000e+00 0.000000e+00 6.925000e-03 
-0.000000e+00 0.000000e+00 8.541000e-03 
-0.000000e+00 0.000000e+00 6.912000e-03 
-0.000000e+00 0.000000e+00 6.898000e-03 
-0.000000e+00 0.000000e+00 7.742000e-03 
-0.000000e+00 0.000000e+00 7.823000e-03 
-0.000000e+00 0.000000e+00 6.855000e-03 
-0.000000e+00 0.000000e+00 6.963000e-03 
-0.000000e+00 0.000000e+00 6.859000e-03 
-0.000000e+00 0.000000e+00 8.849000e-03 
-0.000000e+00 0.000000e+00 6.923000e-03 
-0.000000e+00 0.000000e+00 6.917000e-03 
-0.000000e+00 0.000000e+00 6.897000e-03 
-0.000000e+00 0.000000e+00 6.990000e-03 
-0.000000e+00 0.000000e+00 8.087000e-03 
-0.000000e+00 0.000000e+00 7.476000e-03 
-0.000000e+00 0.000000e+00 6.919000e-03 
-0.000000e+00 0.000000e+00 6.849000e-03 
-0.000000e+00 0.000000e+00 7.069000e-03 
-0.000000e+00 0.000000e+00 8.654000e-03 
-0.000000e+00 0.000000e+00 6.905000e-03 
-0.000000e+00 0.000000e+00 6.984000e-03 
-0.000000e+00 0.000000e+00 6.909000e-03 
-0.000000e+00 0.000000e+00 8.218000e-03 
-0.000000e+00 0.000000e+00 7.303000e-03 
-0.000000e+00 0.000000e+00 6.959000e-03 
-0.000000e+00 0.000000e+00 6.931000e-03 
-0.000000e+00 0.000000e+00 6.922000e-03 
-0.000000e+00 0.000000e+00 8.684000e-03 
-0.000000e+00 0.000000e+00 6.899000e-03 
-0.000000e+00 0.000000e+00 6.909000e-03 
-0.000000e+00 0.000000e+00 6.934000e-03 
-0.000000e+00 0.000000e+00 6.990000e-03 
-0.000000e+00 0.000000e+00 8.561000e-03 
-0.000000e+00 0.000000e+00 6.882000e-03 
-0.000000e+00 0.000000e+00 6.891000e-03 
-0.000000e+00 0.000000e+00 6.834000e-03 
-0.000000e+00 0.000000e+00 6.974000e-03 
-0.000000e+00 0.000000e+00 8.269000e-03 
-0.000000e+00 0.000000e+00 7.109000e-03 
-0.000000e+00 0.000000e+00 6.931000e-03 
-0.000000e+00 0.000000e+00 6.957000e-03 
-0.000000e+00 0.000000e+00 8.772000e-03 
-0.000000e+00 0.000000e+00 6.902000e-03 
-0.000000e+00 0.000000e+00 6.893000e-03 
-0.000000e+00 0.000000e+00 6.955000e-03 
-0.000000e+00 0.000000e+00 7.012000e-03 
-0.000000e+00 0.000000e+00 8.630000e-03 
-0.000000e+00 0.000000e+00 6.898000e-03 
-0.000000e+00 0.000000e+00 6.887000e-03 
-0.000000e+00 0.000000e+00 6.857000e-03 
-0.000000e+00 0.000000e+00 7.036000e-03 
-0.000000e+00 0.000000e+00 8.525000e-03 
-0.000000e+00 0.000000e+00 6.947000e-03 
-0.000000e+00 0.000000e+00 7.008000e-03 
-0.000000e+00 0.000000e+00 6.986000e-03 
-0.000000e+00 0.000000e+00 8.192000e-03 
-0.000000e+00 0.000000e+00 7.391000e-03 
-0.000000e+00 0.000000e+00 6.926000e-03 
-0.000000e+00 0.000000e+00 6.837000e-03 
-0.000000e+00 0.000000e+00 6.909000e-03 
-0.000000e+00 0.000000e+00 7.044000e-03 
-0.000000e+00 0.000000e+00 8.554000e-03 
-0.000000e+00 0.000000e+00 6.934000e-03 
-0.000000e+00 0.000000e+00 6.897000e-03 
-0.000000e+00 0.000000e+00 7.231000e-03 
-0.000000e+00 0.000000e+00 8.530000e-03 
-0.000000e+00 0.000000e+00 6.921000e-03 
-0.000000e+00 0.000000e+00 6.917000e-03 
-0.000000e+00 0.000000e+00 6.971000e-03 
-0.000000e+00 0.000000e+00 7.815000e-03 
-0.000000e+00 0.000000e+00 7.804000e-03 
-0.000000e+00 0.000000e+00 6.898000e-03 
-0.000000e+00 0.000000e+00 6.882000e-03 
-0.000000e+00 0.000000e+00 6.858000e-03 
-0.000000e+00 0.000000e+00 7.055000e-03 
-0.000000e+00 0.000000e+00 8.118000e-03 
-0.000000e+00 0.000000e+00 7.113000e-03 
-0.000000e+00 0.000000e+00 6.879000e-03 
-0.000000e+00 0.000000e+00 6.978000e-03 
-0.000000e+00 0.000000e+00 7.214000e-03 
-0.000000e+00 0.000000e+00 7.032000e-03 
-0.000000e+00 0.000000e+00 6.949000e-03 
-0.000000e+00 0.000000e+00 6.902000e-03 
-0.000000e+00 0.000000e+00 7.040000e-03 
-0.000000e+00 0.000000e+00 7.115000e-03 
-0.000000e+00 0.000000e+00 6.913000e-03 
-0.000000e+00 0.000000e+00 6.915000e-03 
-0.000000e+00 0.000000e+00 6.886000e-03 
-0.000000e+00 0.000000e+00 7.040000e-03 
-0.000000e+00 0.000000e+00 7.006000e-03 
-0.000000e+00 0.000000e+00 6.941000e-03 
-0.000000e+00 0.000000e+00 6.995000e-03 
-0.000000e+00 0.000000e+00 6.912000e-03 
-0.000000e+00 0.000000e+00 7.205000e-03 
-0.000000e+00 0.000000e+00 7.083000e-03 
-0.000000e+00 0.000000e+00 6.908000e-03 
-0.000000e+00 0.000000e+00 7.029000e-03 
-0.000000e+00 0.000000e+00 6.872000e-03 
-0.000000e+00 0.000000e+00 7.192000e-03 
-0.000000e+00 0.000000e+00 6.932000e-03 
-0.000000e+00 0.000000e+00 9.675000e-03 
-0.000000e+00 0.000000e+00 9.643000e-03 
-0.000000e+00 0.000000e+00 9.119000e-03 
-0.000000e+00 0.000000e+00 7.006000e-03 
-0.000000e+00 0.000000e+00 6.937000e-03 
-0.000000e+00 0.000000e+00 6.889000e-03 
-0.000000e+00 0.000000e+00 6.958000e-03 
-0.000000e+00 0.000000e+00 8.306000e-03 
-0.000000e+00 0.000000e+00 7.312000e-03 
-0.000000e+00 0.000000e+00 6.909000e-03 
-0.000000e+00 0.000000e+00 6.860000e-03 
-0.000000e+00 0.000000e+00 6.893000e-03 
-0.000000e+00 0.000000e+00 8.540000e-03 
-0.000000e+00 0.000000e+00 6.974000e-03 
-0.000000e+00 0.000000e+00 6.889000e-03 
-0.000000e+00 0.000000e+00 6.988000e-03 
-0.000000e+00 0.000000e+00 6.939000e-03 
-0.000000e+00 0.000000e+00 8.501000e-03 
-0.000000e+00 0.000000e+00 6.873000e-03 
-0.000000e+00 0.000000e+00 6.877000e-03 
-0.000000e+00 0.000000e+00 6.838000e-03 
-0.000000e+00 0.000000e+00 7.162000e-03 
-0.000000e+00 0.000000e+00 7.276000e-03 
-0.000000e+00 0.000000e+00 8.130000e-03 
-0.000000e+00 0.000000e+00 6.974000e-03 
-0.000000e+00 0.000000e+00 6.875000e-03 
-0.000000e+00 0.000000e+00 8.677000e-03 
-0.000000e+00 0.000000e+00 6.981000e-03 
-0.000000e+00 0.000000e+00 6.963000e-03 
-0.000000e+00 0.000000e+00 6.971000e-03 
-0.000000e+00 0.000000e+00 7.079000e-03 
-0.000000e+00 0.000000e+00 8.545000e-03 
-0.000000e+00 0.000000e+00 6.930000e-03 
-0.000000e+00 0.000000e+00 6.900000e-03 
-0.000000e+00 0.000000e+00 6.858000e-03 
-0.000000e+00 0.000000e+00 8.795000e-03 
-0.000000e+00 0.000000e+00 8.479000e-03 
-0.000000e+00 0.000000e+00 6.886000e-03 
-0.000000e+00 0.000000e+00 6.887000e-03 
-0.000000e+00 0.000000e+00 6.958000e-03 
-0.000000e+00 0.000000e+00 8.699000e-03 
-0.000000e+00 0.000000e+00 6.939000e-03 
-0.000000e+00 0.000000e+00 6.980000e-03 
-0.000000e+00 0.000000e+00 6.858000e-03 
