# dim  N   mc   sigma  Gibbs 
# 2    2 120000 0.7
#
# Theoretical Energy = 2.000000e+00
# Energy     Variance     CPU time
3.647123e+00 2.566892e-05 2.605005e+00 
3.637002e+00 2.586688e-05 2.571113e+00 
3.639981e+00 2.667187e-05 2.768980e+00 
3.661193e+00 6.600721e-05 2.799268e+00 
3.653039e+00 2.092046e-05 2.781606e+00 
3.643477e+00 2.317027e-05 2.782851e+00 
3.659570e+00 2.552486e-05 2.660931e+00 
3.669097e+00 5.575513e-05 2.595374e+00 
3.660287e+00 2.220162e-05 2.607591e+00 
3.683252e+00 3.267260e-05 2.686138e+00 
3.664000e+00 5.289597e-05 2.660376e+00 
3.654409e+00 4.832218e-05 2.612649e+00 
3.671596e+00 2.334827e-05 2.736394e+00 
3.684822e+00 2.700671e-05 2.740310e+00 
3.682055e+00 3.115422e-05 2.618396e+00 
3.659350e+00 2.450918e-05 2.697560e+00 
3.670945e+00 2.350437e-05 2.709000e+00 
3.675556e+00 2.852828e-05 2.622729e+00 
3.707056e+00 1.332917e-04 2.709918e+00 
3.710415e+00 3.033349e-05 2.814633e+00 
3.665674e+00 2.025969e-05 2.680650e+00 
3.701878e+00 6.555598e-05 2.724026e+00 
3.680184e+00 1.999976e-05 3.114725e+00 
3.685314e+00 2.206186e-05 3.009944e+00 
3.684201e+00 2.294368e-05 2.979875e+00 
3.684528e+00 2.215060e-05 2.865842e+00 
3.691988e+00 2.786553e-05 2.928960e+00 
3.692260e+00 2.305200e-05 3.177269e+00 
3.721960e+00 4.529546e-05 3.046127e+00 
3.720335e+00 1.370182e-04 2.778763e+00 
3.684500e+00 2.251933e-05 2.812856e+00 
3.687683e+00 2.300784e-05 2.860106e+00 
3.698252e+00 2.414944e-05 2.637659e+00 
3.714808e+00 3.008757e-05 2.674584e+00 
3.714314e+00 2.772442e-05 2.752947e+00 
3.693400e+00 2.236402e-05 2.714458e+00 
3.695009e+00 2.054865e-05 2.707845e+00 
3.706062e+00 2.279059e-05 2.862360e+00 
3.712082e+00 2.860092e-05 2.834182e+00 
3.724324e+00 5.063548e-05 2.712562e+00 
3.747057e+00 3.312142e-05 2.499625e+00 
3.715858e+00 2.048381e-05 2.471805e+00 
3.735101e+00 1.659248e-04 2.639522e+00 
3.726162e+00 4.315952e-05 2.713180e+00 
3.751957e+00 7.046124e-05 2.539193e+00 
3.700204e+00 1.951863e-05 2.600340e+00 
3.707125e+00 2.182381e-05 2.362849e+00 
3.724444e+00 3.429202e-05 2.533279e+00 
3.714277e+00 2.071177e-05 2.458052e+00 
3.737764e+00 4.659738e-05 2.386316e+00 
3.707132e+00 2.460028e-05 2.563026e+00 
3.745512e+00 3.919577e-05 2.583617e+00 
3.728412e+00 2.212559e-05 2.443522e+00 
3.714344e+00 2.345088e-05 2.553695e+00 
3.728048e+00 2.354626e-05 2.421512e+00 
3.729297e+00 3.180819e-05 2.527682e+00 
3.724592e+00 2.997078e-05 2.503838e+00 
3.730525e+00 3.015830e-05 2.580584e+00 
3.718553e+00 3.044143e-05 2.592512e+00 
3.783398e+00 2.052210e-04 2.529078e+00 
3.723572e+00 2.474376e-05 2.442132e+00 
3.727992e+00 2.489949e-05 2.576991e+00 
3.736689e+00 2.379130e-05 2.451473e+00 
3.723430e+00 2.182493e-05 2.557057e+00 
3.721499e+00 2.380963e-05 2.460208e+00 
3.724183e+00 2.428023e-05 2.685971e+00 
3.737975e+00 3.472861e-05 2.569924e+00 
3.722997e+00 2.568533e-05 2.623302e+00 
3.733057e+00 2.342157e-05 2.725163e+00 
3.719021e+00 2.568871e-05 2.826789e+00 
3.737115e+00 3.970401e-05 2.814159e+00 
3.716584e+00 2.165969e-05 2.792208e+00 
3.728747e+00 2.458564e-05 2.795327e+00 
3.719701e+00 1.766819e-05 2.768563e+00 
3.753858e+00 3.389944e-05 2.698630e+00 
3.729237e+00 2.327574e-05 2.679301e+00 
3.723414e+00 4.591230e-05 2.673992e+00 
3.721621e+00 2.931387e-05 2.669218e+00 
3.727789e+00 2.403773e-05 2.718914e+00 
3.739901e+00 2.956644e-05 2.643579e+00 
3.744136e+00 2.708209e-05 2.631010e+00 
3.722339e+00 2.347079e-05 2.718137e+00 
3.709991e+00 1.821129e-05 2.691469e+00 
3.716178e+00 2.162150e-05 2.633686e+00 
3.755599e+00 3.091990e-05 2.737807e+00 
3.729031e+00 1.943564e-05 2.651483e+00 
3.738207e+00 2.520565e-05 2.647434e+00 
3.722380e+00 1.803509e-05 2.679891e+00 
3.744471e+00 2.731206e-05 2.688435e+00 
3.732225e+00 2.810903e-05 2.654298e+00 
3.733556e+00 2.488523e-05 2.705697e+00 
3.738871e+00 2.300097e-05 2.775509e+00 
3.761365e+00 6.085387e-05 2.600349e+00 
3.725525e+00 1.888758e-05 2.561659e+00 
3.753621e+00 3.155337e-05 2.682874e+00 
3.736174e+00 2.793717e-05 2.719168e+00 
3.727361e+00 3.030694e-05 2.704826e+00 
3.749060e+00 2.649124e-05 2.695190e+00 
3.734727e+00 3.156925e-05 2.739724e+00 
3.740474e+00 2.932272e-05 2.703632e+00 
3.748107e+00 3.770646e-05 2.813224e+00 
3.769203e+00 7.581189e-05 2.761147e+00 
3.752356e+00 4.659162e-05 2.716244e+00 
3.737160e+00 2.863108e-05 2.710078e+00 
3.740257e+00 2.666747e-05 2.683079e+00 
3.754778e+00 4.150755e-05 2.691324e+00 
3.743136e+00 2.269387e-05 2.751665e+00 
3.732686e+00 4.967366e-05 2.818987e+00 
3.734112e+00 2.086779e-05 2.739670e+00 
3.745226e+00 2.645979e-05 2.754188e+00 
3.731234e+00 2.335359e-05 2.639283e+00 
3.758100e+00 3.434615e-05 2.581733e+00 
3.754555e+00 4.732792e-05 2.580075e+00 
3.737075e+00 2.220736e-05 2.588053e+00 
3.741229e+00 2.561673e-05 2.627083e+00 
3.736103e+00 2.988449e-05 2.494182e+00 
3.748525e+00 3.026654e-05 2.501542e+00 
3.732667e+00 2.093254e-05 2.566389e+00 
3.732095e+00 2.496210e-05 2.643726e+00 
3.743070e+00 2.057506e-05 2.576075e+00 
3.719772e+00 2.177422e-05 2.592853e+00 
3.751773e+00 4.479123e-05 2.534755e+00 
3.740106e+00 2.754468e-05 2.541945e+00 
3.723886e+00 2.191068e-05 2.702826e+00 
3.742475e+00 2.376531e-05 2.523428e+00 
3.751680e+00 4.562494e-05 2.528109e+00 
3.737712e+00 2.447014e-05 2.614196e+00 
3.733030e+00 2.845649e-05 2.531088e+00 
3.755440e+00 4.327488e-05 2.380867e+00 
3.742747e+00 3.484775e-05 2.409183e+00 
3.734513e+00 3.069720e-05 2.504417e+00 
3.729411e+00 2.833600e-05 2.595215e+00 
3.738688e+00 7.276143e-05 2.629784e+00 
3.735684e+00 3.445273e-05 2.491995e+00 
3.753417e+00 2.744905e-05 2.429860e+00 
3.731276e+00 2.089241e-05 2.412264e+00 
3.764277e+00 6.044669e-05 2.423971e+00 
3.735537e+00 2.493284e-05 2.422922e+00 
3.756341e+00 3.911708e-05 2.453674e+00 
3.743429e+00 3.520333e-05 2.510256e+00 
3.757329e+00 5.376750e-05 2.432955e+00 
3.738495e+00 2.679329e-05 2.551776e+00 
3.743653e+00 2.557743e-05 2.661465e+00 
3.744604e+00 2.551692e-05 2.483997e+00 
3.745797e+00 4.555463e-05 2.499969e+00 
3.745454e+00 3.245066e-05 2.557626e+00 
3.731722e+00 2.241696e-05 2.538034e+00 
3.754913e+00 2.563625e-05 2.521014e+00 
3.745847e+00 2.261247e-05 2.486445e+00 
3.732688e+00 2.283650e-05 2.459549e+00 
3.737357e+00 1.974615e-05 2.504888e+00 
3.737102e+00 2.577577e-05 2.568698e+00 
3.746522e+00 3.647325e-05 2.553359e+00 
3.734216e+00 1.851038e-05 2.405853e+00 
3.739628e+00 2.387414e-05 2.400267e+00 
3.755694e+00 2.664859e-05 2.431001e+00 
3.759136e+00 3.240139e-05 2.638188e+00 
3.729241e+00 2.602385e-05 2.573503e+00 
3.749848e+00 6.224397e-05 2.461906e+00 
3.740755e+00 2.319490e-05 2.484513e+00 
3.756315e+00 7.384094e-05 2.585930e+00 
3.737322e+00 2.555614e-05 2.648073e+00 
3.738353e+00 2.821758e-05 2.582155e+00 
3.738433e+00 2.244101e-05 2.676239e+00 
3.750683e+00 3.302733e-05 2.471964e+00 
3.778092e+00 9.344437e-05 2.554147e+00 
3.732791e+00 2.549524e-05 2.518522e+00 
3.742515e+00 2.091852e-05 2.467028e+00 
3.736388e+00 2.003084e-05 2.467311e+00 
3.749632e+00 3.060190e-05 2.399692e+00 
3.714905e+00 2.078238e-05 2.517971e+00 
3.731336e+00 2.573818e-05 2.583699e+00 
3.730989e+00 2.296006e-05 2.515235e+00 
3.740694e+00 2.334660e-05 2.636319e+00 
3.754942e+00 6.122660e-05 2.624747e+00 
3.740021e+00 3.282254e-05 2.435997e+00 
3.741658e+00 3.174664e-05 2.525667e+00 
3.718129e+00 2.135512e-05 2.433086e+00 
3.755328e+00 4.112472e-05 2.405822e+00 
3.738747e+00 2.455675e-05 2.534203e+00 
3.732928e+00 2.498277e-05 2.532447e+00 
3.745567e+00 3.703614e-05 2.469920e+00 
3.748449e+00 3.578693e-05 2.468818e+00 
3.735994e+00 2.099500e-05 2.373505e+00 
3.711955e+00 1.601512e-05 2.517926e+00 
3.731280e+00 2.922056e-05 2.553863e+00 
3.716675e+00 2.097764e-05 2.515707e+00 
3.717978e+00 1.999745e-05 2.556856e+00 
3.728084e+00 2.318695e-05 2.747781e+00 
3.734901e+00 9.398286e-05 2.617977e+00 
3.740170e+00 2.954671e-05 2.539581e+00 
3.749661e+00 2.544560e-05 2.541045e+00 
3.749780e+00 4.329344e-05 2.528238e+00 
3.764037e+00 3.271586e-04 2.516467e+00 
3.753117e+00 3.094132e-05 2.686169e+00 
3.729971e+00 2.158126e-05 2.520861e+00 
3.730485e+00 2.511158e-05 2.693939e+00 
3.727773e+00 2.641716e-05 2.681972e+00 
3.728064e+00 2.038117e-05 2.696967e+00 
3.732284e+00 2.240750e-05 2.562885e+00 
3.734649e+00 3.261517e-05 2.619580e+00 
3.732278e+00 2.537681e-05 2.637816e+00 
3.723975e+00 1.992417e-05 2.643915e+00 
3.729132e+00 2.388936e-05 2.551725e+00 
3.742802e+00 2.756567e-05 2.663549e+00 
3.748851e+00 6.801365e-05 2.646254e+00 
3.740112e+00 2.880221e-05 2.542313e+00 
3.710422e+00 2.067174e-05 2.486219e+00 
3.742195e+00 3.360144e-05 2.620411e+00 
3.724347e+00 2.171792e-05 2.512843e+00 
3.717206e+00 2.117649e-05 2.634996e+00 
3.719334e+00 1.829799e-05 2.498028e+00 
3.737417e+00 6.180702e-05 2.557259e+00 
3.704013e+00 1.942457e-05 2.638709e+00 
3.739218e+00 3.178499e-05 2.531754e+00 
3.746713e+00 4.469733e-05 2.604607e+00 
3.768908e+00 1.263776e-04 2.633085e+00 
3.745774e+00 3.490834e-05 2.449607e+00 
3.729603e+00 4.818138e-05 2.410854e+00 
3.756920e+00 2.246565e-04 2.450023e+00 
3.730071e+00 3.284492e-05 2.590188e+00 
3.743512e+00 2.390087e-04 2.522808e+00 
3.746484e+00 3.120210e-05 2.673574e+00 
3.723771e+00 2.437573e-05 2.506054e+00 
3.741044e+00 4.151043e-05 2.491545e+00 
3.725724e+00 2.794724e-05 2.555051e+00 
3.737009e+00 3.394726e-05 2.661681e+00 
3.723241e+00 2.063713e-05 2.599958e+00 
3.729946e+00 2.176863e-05 2.644241e+00 
3.724932e+00 2.152827e-05 2.664045e+00 
3.716537e+00 1.827290e-05 2.428591e+00 
3.740426e+00 2.817259e-05 2.497049e+00 
3.749823e+00 3.348373e-05 2.601374e+00 
3.745211e+00 4.415464e-05 2.669781e+00 
3.736274e+00 4.098983e-05 2.716129e+00 
3.740296e+00 5.546616e-05 2.668680e+00 
3.709238e+00 1.992087e-05 2.637429e+00 
3.728122e+00 1.909015e-05 2.613679e+00 
3.748813e+00 4.189478e-05 2.526157e+00 
3.732593e+00 2.409770e-05 2.589463e+00 
3.737900e+00 3.474220e-05 2.643018e+00 
3.717085e+00 1.982424e-05 2.598443e+00 
3.734593e+00 2.431809e-05 2.551792e+00 
3.730885e+00 2.268895e-05 2.775193e+00 
3.729667e+00 2.495338e-05 2.703546e+00 
3.699756e+00 1.741151e-05 2.615147e+00 
3.758499e+00 9.482387e-05 2.695883e+00 
3.746506e+00 3.166757e-05 2.686585e+00 
3.737958e+00 2.847270e-05 2.657805e+00 
3.726962e+00 2.152987e-05 2.684969e+00 
3.719694e+00 2.042029e-05 2.779580e+00 
3.736028e+00 2.409517e-05 2.713352e+00 
3.739975e+00 4.270423e-05 2.783056e+00 
3.733052e+00 2.673473e-05 2.639444e+00 
3.735604e+00 2.840735e-05 2.644685e+00 
3.723315e+00 2.540845e-05 2.707035e+00 
3.727356e+00 2.738023e-05 2.690538e+00 
3.739612e+00 2.198568e-05 2.636717e+00 
3.747220e+00 3.531177e-05 2.746573e+00 
3.730119e+00 3.152280e-05 2.736836e+00 
3.760733e+00 4.010838e-05 2.680393e+00 
3.722140e+00 2.177593e-05 2.713782e+00 
3.711230e+00 4.145890e-05 2.628722e+00 
3.743459e+00 6.787684e-05 2.621182e+00 
3.729858e+00 2.211518e-05 2.547470e+00 
3.735380e+00 3.188266e-05 2.666080e+00 
3.728386e+00 2.658109e-05 2.698676e+00 
3.736180e+00 3.240492e-05 2.736916e+00 
3.733265e+00 6.968723e-05 2.676686e+00 
3.727782e+00 2.484282e-05 2.692873e+00 
3.733185e+00 4.405821e-05 2.652257e+00 
3.711363e+00 4.478821e-05 2.603883e+00 
3.745149e+00 3.222980e-05 2.607016e+00 
3.721077e+00 2.358095e-05 2.749522e+00 
3.737331e+00 2.608813e-05 2.640433e+00 
3.720072e+00 4.354922e-05 2.659685e+00 
3.712955e+00 2.159506e-05 2.628905e+00 
3.752830e+00 1.428252e-04 2.612062e+00 
3.719660e+00 2.170179e-05 2.692673e+00 
3.714018e+00 1.866390e-05 2.605763e+00 
3.717463e+00 2.237443e-05 2.602060e+00 
3.709779e+00 1.915083e-05 2.603232e+00 
3.713316e+00 1.993016e-05 2.655568e+00 
3.713024e+00 1.782345e-05 2.709442e+00 
3.736162e+00 2.364034e-05 2.710329e+00 
3.719569e+00 2.206456e-05 2.778167e+00 
3.712134e+00 2.264253e-05 2.782024e+00 
3.751773e+00 6.622520e-05 2.689889e+00 
3.713775e+00 2.890905e-05 2.796392e+00 
3.717058e+00 2.383141e-05 2.711896e+00 
3.734368e+00 4.754137e-05 2.691520e+00 
3.718086e+00 2.586017e-05 2.767309e+00 
3.706570e+00 2.253271e-05 2.803482e+00 
3.728015e+00 2.078454e-05 2.724932e+00 
3.706702e+00 1.919794e-05 2.769606e+00 
3.719291e+00 1.931878e-05 2.744587e+00 
3.744023e+00 4.698286e-05 2.691753e+00 
3.726887e+00 2.921853e-05 2.724199e+00 
3.749340e+00 2.908070e-05 2.730850e+00 
3.725314e+00 2.578730e-05 2.612068e+00 
3.715215e+00 2.505942e-05 2.638929e+00 
3.721118e+00 2.303741e-05 2.596969e+00 
3.719719e+00 2.119608e-05 2.642174e+00 
3.704795e+00 2.279204e-05 2.726038e+00 
3.708442e+00 1.998085e-05 2.657002e+00 
3.706413e+00 1.937385e-05 2.628230e+00 
3.705332e+00 2.475229e-05 2.609659e+00 
3.706642e+00 2.925493e-05 2.635600e+00 
3.763226e+00 4.924724e-04 2.725722e+00 
3.702499e+00 1.822984e-05 2.672479e+00 
3.731101e+00 2.648386e-05 2.805658e+00 
3.720557e+00 2.433601e-05 2.671680e+00 
3.698655e+00 1.992069e-05 2.693555e+00 
3.716586e+00 4.091105e-05 2.727346e+00 
3.708775e+00 1.750027e-05 2.727085e+00 
3.730930e+00 9.753698e-05 2.618616e+00 
3.718496e+00 3.400219e-05 2.693207e+00 
3.708180e+00 1.901070e-05 2.731351e+00 
3.735755e+00 3.960307e-05 2.694692e+00 
3.738998e+00 7.805960e-05 2.697531e+00 
3.709196e+00 1.908557e-05 2.641005e+00 
3.698912e+00 1.867650e-05 2.620605e+00 
3.703262e+00 1.890111e-05 2.696242e+00 
3.725464e+00 2.879761e-05 2.662629e+00 
3.727459e+00 5.639903e-05 2.662861e+00 
3.744571e+00 9.869980e-05 2.744975e+00 
3.727076e+00 2.529960e-05 2.717267e+00 
3.713533e+00 2.024140e-05 2.688939e+00 
3.711255e+00 4.039704e-05 2.664043e+00 
3.705467e+00 2.534019e-05 2.652859e+00 
3.702134e+00 1.968996e-05 2.545110e+00 
3.715083e+00 2.233807e-05 2.670156e+00 
3.719951e+00 2.160060e-05 2.686670e+00 
3.718878e+00 2.575158e-05 2.739804e+00 
3.711939e+00 3.187806e-05 2.688563e+00 
3.747952e+00 3.977899e-05 2.710893e+00 
3.712751e+00 2.417730e-05 2.724006e+00 
3.718684e+00 3.172000e-05 2.667895e+00 
3.710464e+00 2.664627e-05 2.626788e+00 
3.736825e+00 3.952829e-05 2.705560e+00 
3.710580e+00 2.071510e-05 2.725463e+00 
3.712905e+00 2.524534e-05 2.678880e+00 
3.725506e+00 4.147973e-05 2.660175e+00 
3.707897e+00 1.961148e-05 2.648814e+00 
3.712336e+00 3.974608e-05 2.649588e+00 
3.716399e+00 3.169511e-05 2.610344e+00 
3.712706e+00 1.991246e-05 2.614754e+00 
3.760564e+00 9.686884e-05 2.600502e+00 
3.707378e+00 2.048595e-05 2.741028e+00 
3.729013e+00 7.237170e-05 2.587414e+00 
3.714612e+00 2.530587e-05 2.669319e+00 
3.727604e+00 2.611806e-05 2.653073e+00 
3.708892e+00 2.137953e-05 2.743212e+00 
3.708145e+00 4.233168e-05 2.604230e+00 
3.702579e+00 1.866218e-05 2.741035e+00 
3.725798e+00 3.241613e-05 2.587115e+00 
3.701195e+00 1.966597e-05 2.674823e+00 
3.730093e+00 4.066434e-05 2.661408e+00 
3.741107e+00 6.905657e-05 2.759276e+00 
3.717117e+00 3.687735e-05 2.714654e+00 
3.726550e+00 3.015590e-05 2.737281e+00 
3.717019e+00 2.354435e-05 2.678460e+00 
3.721866e+00 3.165208e-05 2.629384e+00 
3.704930e+00 2.598728e-05 2.550582e+00 
3.716886e+00 2.802596e-05 2.677062e+00 
3.728398e+00 2.792024e-05 2.694224e+00 
3.716584e+00 3.778113e-05 2.573208e+00 
3.690843e+00 2.208132e-05 2.572927e+00 
3.701460e+00 2.014269e-05 2.698950e+00 
3.727879e+00 3.882854e-05 2.654704e+00 
3.709065e+00 3.012542e-05 2.620785e+00 
3.703648e+00 5.105395e-05 2.615406e+00 
3.708359e+00 2.063677e-05 2.578484e+00 
3.699936e+00 2.624766e-05 2.680792e+00 
3.716376e+00 2.921887e-05 2.661372e+00 
3.703098e+00 2.213363e-05 2.553190e+00 
3.701939e+00 2.026142e-05 2.662981e+00 
3.726034e+00 1.524029e-04 2.433529e+00 
3.730134e+00 6.847655e-05 2.568859e+00 
3.715203e+00 3.760087e-05 2.670578e+00 
3.708102e+00 2.924537e-05 2.534021e+00 
3.724043e+00 3.641762e-05 2.499334e+00 
3.693628e+00 2.181940e-05 2.546168e+00 
3.731437e+00 5.836640e-05 2.579483e+00 
3.699651e+00 1.863302e-05 2.553192e+00 
3.697994e+00 2.590981e-05 2.485302e+00 
3.700573e+00 2.499799e-05 2.632382e+00 
3.752264e+00 3.538296e-04 2.604410e+00 
3.709828e+00 2.786523e-05 2.596745e+00 
3.708358e+00 2.267064e-05 2.464924e+00 
3.703994e+00 2.425908e-05 2.668192e+00 
3.714958e+00 2.755966e-05 2.637460e+00 
3.713781e+00 3.413953e-05 2.422536e+00 
3.731624e+00 3.016004e-05 2.541948e+00 
3.694618e+00 2.176305e-05 2.627386e+00 
3.723207e+00 5.396638e-05 2.544940e+00 
3.723779e+00 3.416929e-05 2.657251e+00 
3.712342e+00 3.151908e-05 2.640737e+00 
3.721027e+00 3.280902e-05 2.443737e+00 
3.714931e+00 3.107204e-05 2.615403e+00 
3.712192e+00 2.719938e-05 2.555147e+00 
3.700180e+00 2.364430e-05 2.690356e+00 
3.696036e+00 1.858705e-05 2.651092e+00 
3.708588e+00 2.351057e-05 2.721718e+00 
3.703049e+00 2.426735e-05 2.698064e+00 
3.707217e+00 2.496014e-05 2.594034e+00 
3.723892e+00 1.686187e-04 2.445505e+00 
3.710574e+00 7.091384e-05 2.486133e+00 
3.724430e+00 4.830996e-05 2.530462e+00 
3.704541e+00 2.486248e-05 2.557240e+00 
3.733350e+00 4.080134e-05 2.516869e+00 
3.712712e+00 2.927191e-05 2.565093e+00 
3.822440e+00 2.508509e-03 2.483349e+00 
3.712170e+00 2.203079e-05 2.497244e+00 
3.684983e+00 2.676148e-05 2.497870e+00 
3.694786e+00 2.014093e-05 2.523740e+00 
3.703597e+00 2.542679e-05 2.458085e+00 
3.704224e+00 3.645938e-05 2.520945e+00 
3.721630e+00 2.675201e-04 2.589223e+00 
3.708050e+00 2.015309e-05 2.559215e+00 
3.715192e+00 2.410464e-05 2.515674e+00 
3.711898e+00 2.252957e-05 2.604445e+00 
3.689739e+00 1.865988e-05 2.583182e+00 
3.693951e+00 2.185486e-05 2.478306e+00 
3.691434e+00 4.170622e-05 2.539540e+00 
3.699769e+00 2.488523e-05 2.467457e+00 
3.685226e+00 2.400772e-05 2.547594e+00 
3.704770e+00 2.298342e-05 2.632313e+00 
3.690363e+00 1.948525e-05 2.491508e+00 
3.707040e+00 2.671617e-05 2.506362e+00 
3.693625e+00 2.936680e-05 2.614644e+00 
3.741688e+00 6.695272e-05 2.636958e+00 
3.681203e+00 1.712689e-05 2.471743e+00 
3.699477e+00 2.224339e-05 2.661130e+00 
3.696777e+00 2.234504e-05 2.651416e+00 
3.721650e+00 3.858366e-05 2.615494e+00 
3.712947e+00 4.120165e-05 2.618325e+00 
3.714519e+00 4.617158e-05 2.690445e+00 
3.701431e+00 2.540049e-05 2.580605e+00 
3.699531e+00 2.554347e-05 2.605046e+00 
3.717789e+00 5.293271e-05 2.583418e+00 
3.694060e+00 2.543529e-05 2.471151e+00 
3.736363e+00 7.787820e-05 2.592039e+00 
3.686763e+00 2.263398e-05 2.414743e+00 
3.685261e+00 2.788603e-05 2.385381e+00 
3.672388e+00 1.631563e-05 2.649021e+00 
3.706595e+00 2.565284e-05 2.607875e+00 
3.708601e+00 7.994093e-05 2.505745e+00 
3.704539e+00 2.758157e-05 2.585033e+00 
3.714650e+00 2.535734e-05 2.729114e+00 
3.698517e+00 2.066661e-05 2.643138e+00 
3.700888e+00 2.426905e-05 2.553219e+00 
3.701740e+00 2.817688e-05 2.530561e+00 
3.693134e+00 2.699206e-05 2.487593e+00 
3.680378e+00 1.784512e-05 2.638745e+00 
3.707815e+00 9.098191e-05 2.611930e+00 
3.724543e+00 1.322295e-04 2.585306e+00 
3.708917e+00 2.375899e-05 2.695573e+00 
3.703208e+00 3.818533e-05 2.527931e+00 
3.696435e+00 2.160747e-05 2.662668e+00 
3.723030e+00 1.819462e-04 2.535329e+00 
3.690604e+00 2.483676e-05 2.494757e+00 
3.685373e+00 1.742939e-05 2.624773e+00 
3.700781e+00 4.686983e-05 2.614175e+00 
3.703182e+00 3.751779e-05 2.504979e+00 
3.696817e+00 4.606214e-05 2.563380e+00 
3.700072e+00 2.448635e-05 2.442759e+00 
3.683837e+00 3.779245e-05 2.732449e+00 
3.697950e+00 2.345361e-05 2.465514e+00 
3.700184e+00 2.041001e-05 2.491212e+00 
3.685182e+00 2.927898e-05 2.523539e+00 
3.684645e+00 2.482908e-05 2.536180e+00 
3.679314e+00 2.614854e-05 2.580629e+00 
3.709687e+00 2.753137e-05 2.595650e+00 
3.729155e+00 4.062190e-05 2.570975e+00 
3.701866e+00 4.320260e-05 2.632259e+00 
3.680070e+00 2.111766e-05 2.521893e+00 
3.699461e+00 4.901293e-05 2.591915e+00 
3.708623e+00 1.127775e-04 2.537871e+00 
3.699818e+00 3.510739e-05 2.455353e+00 
3.695649e+00 2.729718e-05 2.616216e+00 
3.703305e+00 2.721383e-05 2.440066e+00 
3.691218e+00 2.960370e-05 2.502622e+00 
3.686059e+00 2.461547e-05 2.640806e+00 
3.703918e+00 5.653229e-05 2.680822e+00 
3.683705e+00 1.958771e-05 2.426553e+00 
3.690168e+00 2.870807e-05 2.272375e+00 
3.704480e+00 5.024638e-05 2.541109e+00 
3.687195e+00 2.713783e-05 2.514319e+00 
3.687099e+00 2.289929e-05 2.467133e+00 
3.703436e+00 3.671846e-05 2.536399e+00 
3.699259e+00 2.065596e-05 2.471759e+00 
3.664774e+00 1.568788e-05 2.549273e+00 
3.693382e+00 5.288177e-05 2.653732e+00 
3.671138e+00 2.226016e-05 2.788631e+00 
3.707845e+00 5.862278e-05 2.607244e+00 
3.684503e+00 2.836338e-05 2.784923e+00 
3.696788e+00 3.302861e-05 2.813581e+00 
3.657270e+00 1.529437e-05 2.781051e+00 
3.737945e+00 2.954467e-04 2.686472e+00 
3.700897e+00 2.933372e-05 2.721906e+00 
3.681232e+00 2.232755e-05 2.769294e+00 
3.687810e+00 1.057348e-04 2.567577e+00 
3.690962e+00 2.837793e-05 2.414300e+00 
3.705965e+00 2.560096e-05 2.498900e+00 
3.680614e+00 1.833159e-05 2.423766e+00 
3.650858e+00 1.478519e-05 2.526482e+00 
3.677249e+00 3.532375e-05 2.570394e+00 
3.680476e+00 3.392129e-05 2.450784e+00 
3.692405e+00 2.417323e-05 2.508218e+00 
3.685416e+00 2.913137e-05 2.549596e+00 
3.700057e+00 3.737806e-05 2.544454e+00 
3.702368e+00 4.437592e-05 2.635741e+00 
3.696029e+00 8.928519e-05 2.680745e+00 
3.676233e+00 2.541235e-05 2.607420e+00 
3.682331e+00 2.391551e-05 2.624035e+00 
3.701053e+00 2.240416e-05 2.559865e+00 
3.686853e+00 1.997410e-05 2.471339e+00 
3.672476e+00 2.163704e-05 2.505413e+00 
3.695777e+00 2.690822e-05 2.575008e+00 
3.679698e+00 2.072572e-05 2.477580e+00 
3.677617e+00 3.374806e-05 2.734996e+00 
3.673814e+00 2.194280e-05 2.520532e+00 
3.692993e+00 5.542527e-05 2.697853e+00 
3.676352e+00 2.128290e-05 2.600338e+00 
3.674383e+00 1.819953e-05 2.654264e+00 
3.694325e+00 3.777343e-05 2.776854e+00 
3.685082e+00 2.849090e-05 2.560922e+00 
3.695581e+00 5.377295e-05 2.561017e+00 
3.666757e+00 2.461275e-05 2.534098e+00 
3.674529e+00 2.750197e-05 2.595978e+00 
3.689692e+00 3.200142e-05 2.629244e+00 
3.691812e+00 3.185947e-05 2.571227e+00 
3.671347e+00 2.139016e-05 2.679295e+00 
3.736330e+00 2.200616e-04 2.630485e+00 
3.677110e+00 2.213397e-05 2.700581e+00 
3.680167e+00 2.166812e-05 2.692325e+00 
3.672568e+00 2.212534e-05 2.673539e+00 
3.685635e+00 2.756809e-05 2.464577e+00 
3.686668e+00 3.529903e-05 2.692520e+00 
3.662303e+00 1.937618e-05 2.550480e+00 
3.677547e+00 3.239403e-05 2.684955e+00 
3.678586e+00 3.120196e-05 2.656488e+00 
3.662662e+00 2.256971e-05 2.677323e+00 
3.692686e+00 3.097341e-05 2.691925e+00 
3.680242e+00 2.494260e-05 2.570801e+00 
3.671136e+00 3.105097e-05 2.620679e+00 
3.670944e+00 2.090580e-05 2.583572e+00 
3.673117e+00 2.914906e-05 2.680730e+00 
3.702331e+00 5.425677e-05 2.592088e+00 
3.671848e+00 2.442159e-05 2.617994e+00 
3.667184e+00 2.530280e-05 2.477802e+00 
3.674942e+00 3.312571e-05 2.512508e+00 
3.691115e+00 6.217510e-05 2.830702e+00 
3.706264e+00 8.609148e-05 2.737387e+00 
3.693114e+00 9.870296e-05 2.767731e+00 
3.655637e+00 1.766034e-05 2.615501e+00 
3.693945e+00 1.027165e-04 2.643177e+00 
3.696431e+00 4.888983e-05 2.716672e+00 
3.672477e+00 1.849341e-05 2.611016e+00 
3.677854e+00 2.920172e-05 2.603859e+00 
3.669135e+00 2.429844e-05 2.628773e+00 
3.657806e+00 2.217538e-05 2.679910e+00 
3.679232e+00 2.417296e-05 2.556627e+00 
3.678970e+00 2.463652e-05 2.642525e+00 
3.669222e+00 2.071130e-05 2.663864e+00 
3.696013e+00 4.746362e-05 2.529308e+00 
3.682103e+00 2.675076e-05 2.746050e+00 
3.681190e+00 2.427710e-05 2.576506e+00 
3.628841e+00 1.685216e-05 2.535319e+00 
3.666641e+00 2.315117e-05 2.455767e+00 
3.672106e+00 3.133262e-05 2.619682e+00 
3.666840e+00 2.202128e-05 2.642006e+00 
3.686776e+00 3.613504e-05 2.461949e+00 
3.688272e+00 3.246770e-05 2.463952e+00 
3.693004e+00 3.062880e-05 2.626129e+00 
3.672019e+00 2.366848e-05 2.647316e+00 
3.670171e+00 2.658297e-05 2.647205e+00 
3.694581e+00 3.846587e-05 2.525479e+00 
3.696011e+00 4.058768e-05 2.545487e+00 
3.666634e+00 2.055074e-05 2.537603e+00 
3.679347e+00 3.190690e-05 2.658363e+00 
3.703559e+00 3.038661e-05 2.531528e+00 
3.717934e+00 6.160326e-04 2.586199e+00 
3.675802e+00 3.146886e-05 2.480860e+00 
3.662221e+00 2.507517e-05 2.498669e+00 
3.662313e+00 3.640017e-05 2.549426e+00 
3.713852e+00 3.261903e-04 2.535870e+00 
3.660530e+00 2.349674e-05 2.612572e+00 
3.700944e+00 6.243089e-05 2.520839e+00 
3.661651e+00 2.678677e-05 2.571486e+00 
3.686434e+00 3.882296e-05 2.497025e+00 
3.667842e+00 3.044473e-05 2.571212e+00 
3.685751e+00 4.098450e-05 2.599788e+00 
3.670566e+00 3.346297e-05 2.570765e+00 
3.669624e+00 2.141235e-05 2.416545e+00 
3.662542e+00 1.867914e-05 2.589352e+00 
3.694874e+00 4.215053e-05 2.624237e+00 
3.678998e+00 3.412506e-05 2.610448e+00 
3.655484e+00 2.211118e-05 2.448721e+00 
3.666730e+00 3.168897e-05 2.757826e+00 
3.691949e+00 3.243368e-05 2.728571e+00 
3.665680e+00 2.349927e-05 2.670071e+00 
3.665040e+00 3.521167e-05 2.650963e+00 
3.653796e+00 2.452591e-05 2.655096e+00 
3.669509e+00 2.164049e-05 2.640738e+00 
3.667279e+00 2.780436e-05 2.794679e+00 
3.692155e+00 1.134961e-04 2.507807e+00 
3.653688e+00 2.200451e-05 2.547993e+00 
3.656577e+00 3.083623e-05 2.674322e+00 
3.658211e+00 2.531536e-05 2.608320e+00 
3.653206e+00 1.837931e-05 2.596073e+00 
3.648109e+00 3.374337e-05 2.565929e+00 
3.696627e+00 1.283384e-04 2.631888e+00 
3.690242e+00 5.125650e-05 2.558985e+00 
3.678192e+00 4.103692e-05 2.502865e+00 
3.667612e+00 7.764633e-05 2.497041e+00 
3.693300e+00 6.314157e-05 2.598902e+00 
3.653780e+00 2.594488e-05 2.600932e+00 
3.665652e+00 7.512533e-05 2.626190e+00 
3.671870e+00 2.896607e-05 2.531921e+00 
3.668143e+00 2.950240e-05 2.547937e+00 
3.666732e+00 3.097840e-05 2.657458e+00 
3.670601e+00 3.964685e-05 2.665632e+00 
3.634939e+00 2.144611e-05 2.720670e+00 
3.661192e+00 2.873436e-05 2.553787e+00 
3.651287e+00 1.093084e-04 2.654839e+00 
3.667328e+00 2.770406e-05 2.501347e+00 
3.687652e+00 8.557511e-05 2.544068e+00 
3.651405e+00 3.663862e-05 2.638577e+00 
3.657362e+00 3.246984e-05 2.549702e+00 
3.649653e+00 1.976697e-05 2.595175e+00 
3.640567e+00 2.317662e-05 2.450427e+00 
3.687181e+00 8.417057e-05 2.572059e+00 
3.667473e+00 3.981106e-05 2.465269e+00 
3.654508e+00 2.786253e-05 2.658956e+00 
3.645760e+00 2.254274e-05 2.670848e+00 
3.640228e+00 2.130478e-05 2.634741e+00 
3.643474e+00 2.706920e-05 2.409911e+00 
3.669865e+00 2.963039e-05 2.629999e+00 
3.668068e+00 3.076124e-05 2.740476e+00 
3.650793e+00 2.393739e-05 2.519258e+00 
3.651931e+00 1.913864e-05 2.462247e+00 
3.648577e+00 2.238901e-05 2.662816e+00 
3.652612e+00 3.006556e-05 2.543209e+00 
3.678749e+00 1.069953e-04 2.584514e+00 
3.681813e+00 4.493952e-05 2.569943e+00 
3.657971e+00 3.674205e-05 2.681436e+00 
3.647172e+00 2.267399e-05 2.591946e+00 
3.688640e+00 4.721578e-05 2.701582e+00 
3.656548e+00 2.509866e-05 2.473015e+00 
3.633133e+00 1.941003e-05 2.599112e+00 
3.663922e+00 4.542444e-05 2.543469e+00 
3.654281e+00 2.557767e-05 2.571411e+00 
3.653665e+00 2.373585e-05 2.667483e+00 
3.655145e+00 2.466586e-05 2.611388e+00 
3.669910e+00 6.471127e-05 2.596051e+00 
3.662440e+00 2.686004e-05 2.565306e+00 
3.645913e+00 2.713619e-05 2.382946e+00 
3.650196e+00 2.852077e-05 2.409687e+00 
3.683903e+00 8.055867e-05 2.644936e+00 
3.664698e+00 6.789815e-05 2.651155e+00 
3.651679e+00 2.636388e-05 2.656630e+00 
3.651994e+00 2.432307e-05 2.516758e+00 
3.667740e+00 3.811175e-05 2.466030e+00 
3.628719e+00 1.993016e-05 2.505618e+00 
3.679922e+00 6.496240e-05 2.719025e+00 
3.657038e+00 2.844955e-05 2.691333e+00 
3.651670e+00 7.033746e-05 2.609891e+00 
3.656888e+00 2.887935e-05 2.533268e+00 
3.657264e+00 6.100108e-05 2.534182e+00 
3.641470e+00 2.276835e-05 2.673099e+00 
3.649255e+00 2.344008e-05 2.658610e+00 
3.641731e+00 2.110122e-05 2.438364e+00 
3.650935e+00 2.580192e-05 2.546381e+00 
3.647996e+00 3.205556e-05 2.484963e+00 
3.659067e+00 2.502578e-05 2.529363e+00 
3.658174e+00 2.892708e-05 2.635363e+00 
3.636438e+00 2.600863e-05 2.564788e+00 
3.651820e+00 2.069174e-05 2.625410e+00 
3.638653e+00 2.025458e-05 2.430614e+00 
3.636408e+00 2.832840e-05 2.459186e+00 
3.617792e+00 1.737889e-05 2.565742e+00 
3.649423e+00 3.847717e-05 2.580095e+00 
3.629831e+00 2.097905e-05 2.620656e+00 
3.630009e+00 2.133322e-05 2.617112e+00 
3.649526e+00 2.673574e-05 2.524521e+00 
3.663096e+00 4.221535e-05 2.593429e+00 
3.651429e+00 2.558745e-05 2.676887e+00 
3.651327e+00 2.465317e-05 2.752549e+00 
3.645825e+00 3.817717e-05 2.593002e+00 
3.638701e+00 3.023552e-05 2.578594e+00 
3.619513e+00 2.063229e-05 2.686318e+00 
3.626105e+00 1.864529e-05 2.589859e+00 
3.625051e+00 1.923410e-05 2.815111e+00 
3.695586e+00 5.335595e-04 2.634165e+00 
3.637558e+00 3.302146e-05 3.243672e+00 
3.632343e+00 2.151145e-05 2.734170e+00 
3.623756e+00 1.986206e-05 2.672903e+00 
3.656514e+00 4.444020e-05 2.775909e+00 
3.626730e+00 1.912340e-05 2.836707e+00 
3.637968e+00 2.340329e-05 2.516713e+00 
3.650488e+00 2.554864e-05 2.624218e+00 
3.687888e+00 3.549414e-04 2.465765e+00 
3.634383e+00 3.924110e-05 2.750791e+00 
3.632487e+00 3.940385e-05 3.241184e+00 
3.627097e+00 2.326550e-05 3.261682e+00 
3.629011e+00 2.198700e-05 2.883909e+00 
3.642527e+00 2.566096e-05 2.633711e+00 
3.629674e+00 2.356746e-05 2.647259e+00 
3.651254e+00 4.771413e-05 2.463612e+00 
3.621072e+00 2.042620e-05 2.562783e+00 
3.629302e+00 2.436631e-05 2.443332e+00 
3.644469e+00 5.258963e-05 2.666625e+00 
3.632478e+00 1.846444e-05 2.531771e+00 
3.636990e+00 2.675409e-05 2.634754e+00 
3.624059e+00 2.006203e-05 2.608322e+00 
3.630229e+00 2.554939e-05 2.600075e+00 
3.614048e+00 2.370918e-05 2.599619e+00 
3.628903e+00 3.760377e-05 2.542400e+00 
3.618396e+00 2.233936e-05 2.541463e+00 
3.634522e+00 2.606622e-05 2.600711e+00 
3.627649e+00 2.131048e-05 2.453444e+00 
3.623931e+00 2.458525e-05 2.516113e+00 
3.613555e+00 1.856225e-05 2.412273e+00 
3.627234e+00 4.762147e-05 2.465131e+00 
3.617756e+00 1.943097e-05 2.631574e+00 
3.648015e+00 4.227851e-05 2.575242e+00 
3.642374e+00 3.008407e-05 2.633816e+00 
3.616989e+00 2.308153e-05 3.165640e+00 
3.633347e+00 3.003847e-05 3.320871e+00 
3.628689e+00 3.385710e-05 3.057248e+00 
3.633209e+00 2.307731e-05 2.996217e+00 
3.630827e+00 2.298176e-05 2.877032e+00 
3.626612e+00 2.461984e-05 2.883764e+00 
3.642720e+00 3.563642e-05 2.432280e+00 
3.626955e+00 2.798663e-05 2.648332e+00 
3.610111e+00 1.820096e-05 2.583681e+00 
3.655602e+00 7.843220e-05 2.559017e+00 
3.643268e+00 1.271516e-04 2.456839e+00 
3.628859e+00 3.403970e-05 2.467889e+00 
3.620751e+00 2.342767e-05 2.486831e+00 
3.612970e+00 2.652204e-05 2.524686e+00 
3.634354e+00 2.485132e-05 2.639378e+00 
3.612942e+00 2.130612e-05 2.490862e+00 
3.609958e+00 2.185474e-05 2.594459e+00 
3.617694e+00 2.295604e-05 2.599423e+00 
3.600040e+00 1.925004e-05 2.622251e+00 
3.626122e+00 2.166809e-05 2.657801e+00 
3.612744e+00 2.726320e-05 2.501659e+00 
3.608195e+00 4.186967e-05 2.609710e+00 
3.626143e+00 2.646154e-05 2.386397e+00 
3.616209e+00 2.264963e-05 2.511078e+00 
3.600305e+00 2.192387e-05 2.357476e+00 
3.622527e+00 2.439831e-05 2.647606e+00 
3.641384e+00 1.599703e-04 2.538220e+00 
3.619211e+00 2.834478e-05 2.585078e+00 
3.605154e+00 2.025601e-05 2.522133e+00 
3.608993e+00 3.432740e-05 2.710182e+00 
3.613759e+00 2.855840e-05 2.438240e+00 
3.632530e+00 2.414636e-05 3.096127e+00 
3.664178e+00 1.933090e-04 3.035104e+00 
3.602663e+00 2.136059e-05 2.682698e+00 
3.625301e+00 2.898368e-05 3.418715e+00 
3.640893e+00 2.963162e-05 2.647594e+00 
3.633224e+00 3.664047e-05 2.833294e+00 
3.605079e+00 2.334175e-05 2.703030e+00 
3.605513e+00 2.244775e-05 2.576980e+00 
3.600836e+00 2.521911e-05 2.684104e+00 
3.636282e+00 2.627630e-05 2.602298e+00 
3.625178e+00 3.097772e-05 2.445672e+00 
3.594047e+00 2.042571e-05 2.755536e+00 
3.630703e+00 2.771244e-05 2.587053e+00 
3.608162e+00 3.185838e-05 3.299522e+00 
3.631129e+00 3.897839e-05 2.578159e+00 
3.590747e+00 1.986313e-05 2.636781e+00 
3.613183e+00 2.763489e-05 3.046176e+00 
3.618871e+00 2.354704e-05 3.345573e+00 
3.635581e+00 4.792458e-05 2.802968e+00 
3.613146e+00 2.488933e-05 2.689682e+00 
3.602218e+00 2.183633e-05 2.615202e+00 
3.615690e+00 2.937335e-05 2.670114e+00 
3.597707e+00 3.245334e-05 2.605450e+00 
3.600498e+00 2.615090e-05 2.662158e+00 
3.605560e+00 1.961166e-05 2.621293e+00 
3.635958e+00 1.311981e-04 2.477876e+00 
3.602003e+00 2.688955e-05 2.625931e+00 
3.627215e+00 7.415317e-05 2.474929e+00 
3.619364e+00 4.467579e-05 2.510703e+00 
3.604214e+00 2.542461e-05 2.487975e+00 
3.605831e+00 1.883067e-05 2.574450e+00 
3.615169e+00 6.272131e-05 2.640426e+00 
3.621166e+00 3.358272e-05 2.558467e+00 
3.604079e+00 4.234239e-05 2.583216e+00 
3.628549e+00 5.975887e-05 2.557914e+00 
3.609122e+00 2.465693e-05 2.671258e+00 
3.622395e+00 1.047581e-04 2.519170e+00 
3.624623e+00 1.315765e-04 2.601916e+00 
3.596898e+00 2.220469e-05 2.710363e+00 
3.616117e+00 3.534557e-05 2.518357e+00 
3.613320e+00 5.647108e-05 2.543300e+00 
3.593612e+00 3.014536e-05 2.613716e+00 
3.611599e+00 3.100467e-05 2.505028e+00 
3.619955e+00 5.521827e-05 2.572656e+00 
3.630436e+00 4.633753e-05 2.719396e+00 
3.614824e+00 3.108483e-05 2.486027e+00 
3.606032e+00 2.090898e-05 2.602043e+00 
3.594673e+00 2.591863e-05 2.622772e+00 
3.599266e+00 2.894572e-05 2.577405e+00 
3.609851e+00 2.804787e-05 2.703526e+00 
3.609051e+00 2.617684e-05 2.527702e+00 
3.598507e+00 2.471882e-05 2.632661e+00 
3.607184e+00 3.090580e-05 2.758167e+00 
3.593482e+00 3.552877e-05 2.464785e+00 
3.595288e+00 2.199386e-05 2.528007e+00 
3.581260e+00 1.951776e-05 2.492063e+00 
3.616644e+00 5.328610e-05 2.662036e+00 
3.598953e+00 4.809075e-05 2.623500e+00 
3.604698e+00 2.317812e-05 2.688042e+00 
3.599625e+00 3.496703e-05 2.527619e+00 
3.609270e+00 2.706128e-05 2.640688e+00 
3.585617e+00 2.991442e-05 2.633116e+00 
3.598800e+00 2.389752e-05 2.725848e+00 
3.587550e+00 2.080293e-05 2.596956e+00 
3.614013e+00 3.830537e-05 2.582733e+00 
3.589335e+00 2.481125e-05 2.578086e+00 
3.610778e+00 3.771598e-05 2.525054e+00 
3.576663e+00 2.546933e-05 2.670218e+00 
3.606214e+00 2.606048e-05 2.661389e+00 
3.588577e+00 3.369937e-05 2.672120e+00 
3.603486e+00 2.390961e-05 2.649437e+00 
3.620504e+00 4.776012e-05 2.488436e+00 
3.594688e+00 2.985781e-05 2.609616e+00 
3.598203e+00 2.577757e-05 2.540167e+00 
3.599965e+00 3.188164e-05 2.745664e+00 
3.590522e+00 2.985604e-05 2.540947e+00 
3.592834e+00 2.894345e-05 2.535173e+00 
3.595138e+00 2.749194e-05 2.649414e+00 
3.593171e+00 2.475724e-05 2.563744e+00 
3.584446e+00 2.217953e-05 2.505642e+00 
3.583615e+00 1.999672e-05 2.609335e+00 
3.582445e+00 3.748864e-05 2.607930e+00 
3.598588e+00 4.950666e-05 2.687290e+00 
3.603635e+00 9.551699e-05 2.477967e+00 
3.588020e+00 3.002347e-05 2.542765e+00 
3.572762e+00 1.670757e-05 2.701618e+00 
3.573073e+00 1.969673e-05 2.525385e+00 
3.581084e+00 3.791285e-05 2.676594e+00 
3.592323e+00 2.566567e-05 2.561670e+00 
3.615572e+00 8.966191e-05 2.569104e+00 
3.601688e+00 2.997067e-05 2.525996e+00 
3.597027e+00 3.093910e-05 2.601161e+00 
3.586553e+00 2.383310e-05 2.643786e+00 
3.610974e+00 2.274228e-04 2.576681e+00 
3.573051e+00 2.365732e-05 2.670247e+00 
3.599450e+00 1.094426e-04 2.588191e+00 
3.580634e+00 3.142141e-05 2.627258e+00 
3.580881e+00 3.529408e-05 2.722558e+00 
3.578266e+00 2.295739e-05 2.777186e+00 
3.580682e+00 1.904795e-05 2.501506e+00 
3.589739e+00 3.020404e-05 2.581204e+00 
3.595803e+00 4.102190e-05 2.733280e+00 
3.594106e+00 5.555107e-05 2.673458e+00 
3.591743e+00 2.902731e-05 2.662993e+00 
3.578730e+00 1.127448e-04 2.700269e+00 
3.566244e+00 2.070481e-05 2.552620e+00 
3.592074e+00 3.286611e-05 2.748261e+00 
3.584632e+00 2.765877e-05 2.686160e+00 
3.582196e+00 2.574524e-05 2.413599e+00 
3.575392e+00 3.379252e-05 2.618583e+00 
3.586197e+00 5.462975e-05 2.491327e+00 
3.566735e+00 2.359996e-05 2.577208e+00 
3.560920e+00 2.006200e-05 2.660494e+00 
3.600476e+00 3.398702e-05 2.662708e+00 
3.566042e+00 1.778332e-05 2.519626e+00 
3.574050e+00 1.844802e-05 2.482275e+00 
3.586220e+00 3.622969e-05 2.624371e+00 
3.581637e+00 4.049023e-05 2.500621e+00 
3.558780e+00 2.619609e-05 2.639301e+00 
3.561094e+00 1.924817e-05 2.723933e+00 
3.562236e+00 1.924674e-05 2.569536e+00 
3.567443e+00 2.422021e-05 2.611955e+00 
3.558416e+00 2.658036e-05 2.541762e+00 
3.567127e+00 4.604969e-05 2.593099e+00 
3.587627e+00 3.447086e-05 2.715516e+00 
3.577441e+00 3.605995e-05 2.741353e+00 
3.568190e+00 2.186414e-05 2.677090e+00 
3.587041e+00 6.207680e-05 2.781075e+00 
3.558377e+00 2.058038e-05 2.599323e+00 
3.559331e+00 3.215029e-05 2.534411e+00 
3.559812e+00 1.992623e-05 2.678316e+00 
3.571923e+00 2.356070e-05 2.723972e+00 
3.555664e+00 2.601894e-05 2.764988e+00 
3.557524e+00 2.162142e-05 2.649305e+00 
3.558928e+00 1.878791e-05 2.611477e+00 
3.564244e+00 2.868773e-05 2.677482e+00 
3.557610e+00 3.210541e-05 2.793208e+00 
3.562471e+00 2.856177e-05 2.581377e+00 
3.584016e+00 3.416781e-05 2.649934e+00 
3.557312e+00 1.949323e-05 2.648613e+00 
3.542625e+00 1.918723e-05 2.634425e+00 
3.568817e+00 2.889492e-05 2.685308e+00 
3.556163e+00 2.054528e-05 2.650284e+00 
3.558238e+00 1.956107e-05 2.588457e+00 
3.551410e+00 3.570133e-05 2.589046e+00 
3.567129e+00 3.611870e-05 2.650838e+00 
3.564449e+00 2.445346e-05 2.694176e+00 
3.586872e+00 3.414752e-05 2.532031e+00 
3.561656e+00 2.100950e-05 2.654594e+00 
3.559357e+00 3.842474e-05 2.625421e+00 
3.564382e+00 3.107100e-05 2.618802e+00 
3.557168e+00 2.256050e-05 2.657951e+00 
3.577586e+00 2.712021e-05 2.680029e+00 
3.557667e+00 3.712699e-05 2.650491e+00 
3.544304e+00 1.607276e-05 2.645565e+00 
3.550342e+00 1.877468e-05 2.558583e+00 
3.556903e+00 4.458267e-05 2.624053e+00 
3.564747e+00 2.674354e-05 2.628962e+00 
3.562753e+00 4.420762e-05 2.542302e+00 
3.560747e+00 2.577991e-05 2.710804e+00 
3.537587e+00 1.872012e-05 2.477955e+00 
3.550496e+00 2.038721e-05 2.517031e+00 
3.558161e+00 2.659968e-05 2.480376e+00 
3.550396e+00 2.478864e-05 2.471073e+00 
3.558141e+00 6.211713e-05 2.520194e+00 
3.571327e+00 6.294951e-05 2.574955e+00 
3.549903e+00 2.494425e-05 2.508599e+00 
3.542187e+00 2.064345e-05 2.530165e+00 
3.555258e+00 3.165060e-05 2.600842e+00 
3.546898e+00 2.155509e-05 2.595782e+00 
3.534794e+00 1.928656e-05 2.576515e+00 
3.556804e+00 2.940326e-05 2.441463e+00 
3.556666e+00 2.777253e-05 2.652208e+00 
3.550321e+00 2.908795e-05 2.554306e+00 
3.524468e+00 1.866144e-05 2.626481e+00 
3.564041e+00 3.830363e-05 2.599147e+00 
3.523020e+00 4.392842e-05 2.487865e+00 
3.550758e+00 2.360901e-05 2.606818e+00 
3.548469e+00 2.462011e-05 2.636901e+00 
3.593775e+00 2.024593e-04 2.683008e+00 
3.542686e+00 2.530218e-05 2.750097e+00 
3.548103e+00 2.443175e-05 2.649543e+00 
3.568322e+00 6.771327e-05 2.613925e+00 
3.546895e+00 2.354407e-05 2.646967e+00 
3.532772e+00 1.925572e-05 2.549600e+00 
3.565654e+00 2.806434e-05 2.585794e+00 
3.541916e+00 2.012206e-05 2.653942e+00 
3.543918e+00 3.381951e-05 2.620547e+00 
3.522360e+00 2.609504e-05 2.523111e+00 
3.551306e+00 3.343428e-05 2.655814e+00 
3.537259e+00 7.173153e-05 2.670110e+00 
3.536047e+00 2.707419e-05 2.585615e+00 
3.552094e+00 2.321412e-05 2.564054e+00 
3.552995e+00 2.688759e-05 2.634512e+00 
3.545926e+00 2.283669e-05 2.623089e+00 
3.539586e+00 2.159961e-05 2.663778e+00 
3.546935e+00 3.958605e-05 2.545557e+00 
3.563144e+00 3.373160e-05 2.679620e+00 
3.547846e+00 3.714294e-05 2.751172e+00 
3.568773e+00 1.073663e-04 2.524460e+00 
3.557919e+00 4.427796e-05 2.524036e+00 
3.523857e+00 2.243389e-05 2.708970e+00 
3.522389e+00 2.184975e-05 2.756958e+00 
3.530463e+00 2.565854e-05 2.640460e+00 
3.543378e+00 3.031416e-05 2.741295e+00 
3.531139e+00 2.956767e-05 2.641420e+00 
3.541684e+00 2.789894e-05 2.657327e+00 
3.531308e+00 2.478098e-05 2.655462e+00 
3.562839e+00 4.156194e-05 2.750207e+00 
3.549270e+00 2.189962e-05 2.503734e+00 
3.541077e+00 3.500569e-05 2.506133e+00 
3.527340e+00 2.268680e-05 2.401504e+00 
3.497888e+00 2.033704e-05 2.487553e+00 
3.548718e+00 4.408526e-05 2.539974e+00 
3.534770e+00 8.777779e-05 2.454369e+00 
3.550113e+00 5.938065e-05 2.541236e+00 
3.534305e+00 2.514284e-05 2.443050e+00 
3.517826e+00 1.881640e-05 2.538125e+00 
3.518916e+00 3.762240e-05 2.474964e+00 
3.536878e+00 2.450276e-05 2.466928e+00 
3.517804e+00 3.495274e-05 2.563343e+00 
3.535461e+00 2.719951e-05 2.560843e+00 
3.512795e+00 1.960822e-05 2.501439e+00 
3.517709e+00 1.956500e-05 2.610116e+00 
3.523632e+00 5.406314e-05 2.568225e+00 
3.520442e+00 4.432570e-05 2.487566e+00 
3.521362e+00 2.281508e-05 2.374359e+00 
3.521865e+00 2.139363e-05 2.538782e+00 
3.542357e+00 7.949423e-05 2.630484e+00 
3.524942e+00 3.785492e-05 2.700443e+00 
3.505274e+00 2.206433e-05 2.607101e+00 
3.580316e+00 3.628591e-04 2.684520e+00 
3.529160e+00 2.721907e-05 2.629953e+00 
3.502270e+00 1.801919e-05 2.632107e+00 
3.514811e+00 5.269791e-05 2.578708e+00 
3.514006e+00 2.540664e-05 2.662193e+00 
3.515373e+00 4.518314e-05 2.530977e+00 
3.621818e+00 1.765309e-03 2.609165e+00 
3.545448e+00 1.321399e-04 2.582754e+00 
