# dim  N   mc   sigma  Gibbs 
# 1    1 600000 0.7
#
# Theoretical Energy = 5.000000e-01
# Energy     Variance     CPU time
5.298853e-01 3.270024e-08 4.015710e-01 
5.305851e-01 2.898291e-08 3.332820e-01 
5.308303e-01 2.560386e-08 3.276220e-01 
5.313398e-01 2.251219e-08 3.361070e-01 
5.311940e-01 1.984061e-08 3.279280e-01 
5.309384e-01 1.751441e-08 3.300210e-01 
5.305763e-01 1.538221e-08 3.411920e-01 
5.301908e-01 1.362130e-08 3.356610e-01 
5.296133e-01 1.199916e-08 3.576200e-01 
5.289699e-01 1.054503e-08 3.396990e-01 
5.281973e-01 9.303834e-09 3.491700e-01 
5.274975e-01 8.224018e-09 3.485130e-01 
5.266278e-01 7.276760e-09 3.795440e-01 
5.260616e-01 6.420087e-09 3.304540e-01 
5.251047e-01 5.676087e-09 3.226400e-01 
5.243882e-01 5.006573e-09 3.282430e-01 
5.236872e-01 4.405359e-09 3.316000e-01 
5.228884e-01 3.904946e-09 3.288910e-01 
5.220802e-01 3.469073e-09 3.336540e-01 
5.214804e-01 3.056494e-09 3.228790e-01 
5.206953e-01 2.701443e-09 3.329520e-01 
5.198986e-01 2.397784e-09 3.275800e-01 
5.192709e-01 2.119381e-09 3.289320e-01 
5.186355e-01 1.876119e-09 3.359890e-01 
5.179550e-01 1.667662e-09 3.317370e-01 
5.174200e-01 1.477926e-09 3.285220e-01 
5.167665e-01 1.315355e-09 3.315820e-01 
5.161801e-01 1.171054e-09 3.418090e-01 
5.157615e-01 1.039340e-09 3.258610e-01 
5.152013e-01 9.266770e-10 3.531050e-01 
5.147552e-01 8.264489e-10 4.088440e-01 
5.142451e-01 7.428901e-10 5.034460e-01 
5.137936e-01 6.696950e-10 4.632910e-01 
5.133700e-01 5.959067e-10 3.762910e-01 
5.129523e-01 5.389470e-10 3.652390e-01 
5.126024e-01 4.848871e-10 3.368740e-01 
5.122607e-01 4.345781e-10 3.266240e-01 
5.119214e-01 3.960434e-10 3.339370e-01 
5.115776e-01 3.599201e-10 3.369540e-01 
5.112696e-01 3.288855e-10 3.440010e-01 
5.110020e-01 3.002637e-10 3.822180e-01 
5.107297e-01 2.732902e-10 3.860130e-01 
5.104527e-01 2.536655e-10 3.398520e-01 
5.102430e-01 2.328822e-10 3.326510e-01 
5.100099e-01 2.162573e-10 3.304120e-01 
5.097949e-01 2.022929e-10 3.470200e-01 
5.095646e-01 1.898048e-10 3.682660e-01 
5.093763e-01 1.776073e-10 3.506940e-01 
5.091912e-01 1.678126e-10 3.460760e-01 
5.090072e-01 1.586529e-10 3.358480e-01 
5.088757e-01 1.496662e-10 3.305780e-01 
5.087403e-01 1.405891e-10 3.857710e-01 
5.085777e-01 1.367574e-10 3.349460e-01 
5.084420e-01 1.303541e-10 3.300470e-01 
5.083130e-01 1.258014e-10 3.745100e-01 
5.081859e-01 1.214965e-10 4.316600e-01 
5.081009e-01 1.167262e-10 4.893850e-01 
5.079674e-01 1.151591e-10 3.987090e-01 
5.078516e-01 1.123355e-10 4.112550e-01 
5.077815e-01 1.089750e-10 4.183680e-01 
5.076974e-01 1.062875e-10 4.022700e-01 
5.076053e-01 1.047151e-10 3.797480e-01 
5.075102e-01 1.036932e-10 4.017990e-01 
5.074355e-01 1.021358e-10 4.219500e-01 
5.073769e-01 1.006035e-10 3.801110e-01 
5.072955e-01 9.949477e-11 3.729620e-01 
5.072529e-01 9.747965e-11 3.962270e-01 
5.072087e-01 9.677398e-11 4.120430e-01 
5.071443e-01 9.552243e-11 3.707210e-01 
5.070913e-01 9.473049e-11 3.847290e-01 
5.070493e-01 9.506240e-11 3.722550e-01 
5.069909e-01 9.443260e-11 3.791480e-01 
5.069578e-01 9.293571e-11 3.751050e-01 
5.069005e-01 9.360131e-11 3.826720e-01 
5.068856e-01 9.233717e-11 3.978410e-01 
5.068581e-01 9.222633e-11 3.999100e-01 
5.068079e-01 9.216038e-11 3.644410e-01 
5.067949e-01 9.069764e-11 3.839940e-01 
5.067434e-01 9.179113e-11 3.779400e-01 
5.067312e-01 9.125382e-11 3.861040e-01 
5.067029e-01 9.069471e-11 3.653750e-01 
5.066899e-01 9.064673e-11 3.592890e-01 
5.066497e-01 9.173998e-11 4.016170e-01 
5.066206e-01 9.143501e-11 3.704440e-01 
5.066299e-01 8.975687e-11 3.665330e-01 
5.065979e-01 9.051258e-11 3.835610e-01 
5.065915e-01 9.048201e-11 3.839730e-01 
5.065684e-01 9.047066e-11 3.833080e-01 
5.065524e-01 9.008185e-11 3.765470e-01 
5.065284e-01 9.034404e-11 3.655480e-01 
5.065173e-01 8.969298e-11 4.010280e-01 
5.065227e-01 8.969660e-11 3.886870e-01 
5.064849e-01 9.043037e-11 3.847650e-01 
5.064884e-01 8.968156e-11 4.018410e-01 
5.064595e-01 9.020886e-11 3.714740e-01 
5.064551e-01 9.070534e-11 4.096580e-01 
5.064451e-01 8.990546e-11 3.848390e-01 
5.064445e-01 9.036977e-11 3.960950e-01 
5.064400e-01 8.974916e-11 4.890840e-01 
5.064435e-01 8.898196e-11 5.128680e-01 
5.064332e-01 8.967728e-11 5.127590e-01 
5.064204e-01 8.969592e-11 4.555310e-01 
5.063923e-01 8.982930e-11 3.684770e-01 
5.063979e-01 8.965127e-11 3.596500e-01 
5.064132e-01 8.959531e-11 3.716730e-01 
5.063886e-01 9.008413e-11 3.270170e-01 
5.063699e-01 9.070809e-11 3.331080e-01 
5.063858e-01 8.940014e-11 3.648450e-01 
5.063698e-01 9.002548e-11 3.294550e-01 
5.063683e-01 8.976997e-11 3.314320e-01 
5.063689e-01 9.031441e-11 4.693800e-01 
5.063613e-01 8.992728e-11 3.432880e-01 
5.063551e-01 9.002319e-11 3.306110e-01 
5.063553e-01 8.956691e-11 3.284540e-01 
5.063464e-01 8.975315e-11 3.266560e-01 
5.063470e-01 8.993730e-11 3.278190e-01 
5.063383e-01 8.980777e-11 3.261340e-01 
5.063470e-01 8.993711e-11 3.253010e-01 
5.063412e-01 8.964772e-11 3.264780e-01 
5.063218e-01 9.053468e-11 3.309870e-01 
5.063326e-01 9.017938e-11 3.256770e-01 
5.063288e-01 8.956207e-11 3.270620e-01 
5.063321e-01 8.982089e-11 3.323940e-01 
5.063292e-01 8.991615e-11 3.271940e-01 
5.063326e-01 8.970828e-11 3.361620e-01 
5.063102e-01 9.037735e-11 3.462810e-01 
5.063240e-01 8.974288e-11 3.328690e-01 
5.063440e-01 8.905954e-11 3.490610e-01 
5.063274e-01 8.970940e-11 3.470200e-01 
5.063246e-01 8.978137e-11 3.267080e-01 
5.063233e-01 8.959376e-11 3.262270e-01 
5.063143e-01 8.986024e-11 3.255380e-01 
5.063213e-01 8.940359e-11 3.269480e-01 
5.063053e-01 8.978593e-11 3.281200e-01 
5.062911e-01 9.036084e-11 3.520490e-01 
5.063144e-01 8.941578e-11 3.362640e-01 
5.063098e-01 9.076291e-11 3.318810e-01 
5.063220e-01 8.946127e-11 3.741340e-01 
5.063174e-01 8.974552e-11 3.471300e-01 
5.062978e-01 8.990757e-11 3.514050e-01 
5.063169e-01 8.962759e-11 3.250860e-01 
5.063112e-01 8.953609e-11 3.263340e-01 
5.062979e-01 9.049031e-11 3.314070e-01 
5.063106e-01 8.993224e-11 3.224200e-01 
5.063126e-01 9.007579e-11 3.229440e-01 
5.063125e-01 8.935825e-11 3.361030e-01 
5.063204e-01 8.957816e-11 3.238530e-01 
5.063097e-01 8.940018e-11 3.263740e-01 
5.063041e-01 8.977988e-11 3.291100e-01 
5.062985e-01 9.001941e-11 3.268180e-01 
5.063045e-01 9.037152e-11 3.214080e-01 
5.063001e-01 9.009303e-11 3.262020e-01 
5.063040e-01 9.015652e-11 3.236370e-01 
5.063115e-01 8.967468e-11 3.243990e-01 
5.063176e-01 9.020327e-11 4.496290e-01 
5.063252e-01 8.913621e-11 3.420430e-01 
5.063156e-01 8.924015e-11 3.261720e-01 
5.063119e-01 8.940815e-11 3.295960e-01 
5.063018e-01 8.994084e-11 3.352410e-01 
5.063111e-01 8.929402e-11 3.315670e-01 
5.062896e-01 9.004904e-11 3.324440e-01 
5.063101e-01 9.004467e-11 3.347140e-01 
5.063026e-01 8.927122e-11 3.233920e-01 
5.062990e-01 9.036706e-11 3.391540e-01 
5.063027e-01 8.957215e-11 3.358980e-01 
5.063149e-01 8.898463e-11 3.421740e-01 
5.063158e-01 8.908314e-11 3.725840e-01 
5.062858e-01 9.018144e-11 3.637330e-01 
5.063216e-01 8.927471e-11 3.392160e-01 
5.063074e-01 8.956042e-11 3.338600e-01 
5.062993e-01 9.033900e-11 3.305780e-01 
5.062956e-01 9.018392e-11 3.266520e-01 
5.063036e-01 8.951167e-11 3.397640e-01 
5.062940e-01 9.022798e-11 3.251600e-01 
5.062808e-01 9.069549e-11 3.486360e-01 
5.063001e-01 9.000800e-11 3.340660e-01 
5.063150e-01 8.956502e-11 3.236940e-01 
5.062946e-01 9.011446e-11 6.768380e-01 
5.063217e-01 8.931332e-11 6.974410e-01 
5.063099e-01 8.949965e-11 7.404830e-01 
5.063233e-01 8.911401e-11 7.173410e-01 
5.063071e-01 8.998796e-11 6.800570e-01 
5.062993e-01 9.023979e-11 6.905280e-01 
5.063094e-01 8.919481e-11 8.813060e-01 
5.062883e-01 9.056629e-11 8.031160e-01 
5.063134e-01 8.882292e-11 7.451490e-01 
5.063138e-01 8.936762e-11 9.546800e-01 
5.063044e-01 8.940494e-11 8.179620e-01 
5.063074e-01 8.973553e-11 3.601760e-01 
5.063123e-01 9.000853e-11 3.427730e-01 
5.063071e-01 9.005486e-11 3.411600e-01 
5.062956e-01 8.969027e-11 3.507880e-01 
5.062951e-01 9.003507e-11 3.312830e-01 
5.063140e-01 8.934723e-11 3.276760e-01 
5.063026e-01 9.026633e-11 3.320900e-01 
5.063016e-01 8.919536e-11 3.272020e-01 
5.062981e-01 8.978822e-11 3.314670e-01 
5.062788e-01 9.075510e-11 3.372400e-01 
5.063007e-01 8.939712e-11 3.292260e-01 
5.063209e-01 8.899555e-11 3.345220e-01 
5.063143e-01 8.950284e-11 3.497520e-01 
5.063143e-01 8.950893e-11 3.345200e-01 
5.063169e-01 8.937559e-11 3.848890e-01 
5.063186e-01 8.902844e-11 3.418510e-01 
5.063098e-01 8.934697e-11 3.251820e-01 
5.063117e-01 8.936019e-11 3.511990e-01 
5.062954e-01 9.045388e-11 3.302210e-01 
5.063059e-01 8.947927e-11 3.709010e-01 
5.063153e-01 8.918867e-11 3.314890e-01 
5.063167e-01 8.950191e-11 4.240310e-01 
5.063178e-01 8.999406e-11 3.394970e-01 
5.063095e-01 8.969869e-11 3.595240e-01 
5.063040e-01 8.979917e-11 3.389130e-01 
5.062956e-01 8.998483e-11 3.247120e-01 
5.063029e-01 9.017005e-11 3.263100e-01 
5.063132e-01 8.942802e-11 3.389110e-01 
5.062950e-01 8.962483e-11 3.263000e-01 
5.063067e-01 8.914236e-11 3.273060e-01 
5.063112e-01 8.979505e-11 3.322880e-01 
5.063085e-01 8.955151e-11 3.262620e-01 
5.062898e-01 9.031653e-11 3.654550e-01 
5.063092e-01 8.932394e-11 3.644600e-01 
5.063055e-01 9.020398e-11 3.331700e-01 
5.063177e-01 8.906422e-11 3.414150e-01 
5.063056e-01 8.974380e-11 3.733510e-01 
5.063168e-01 8.920523e-11 3.362170e-01 
5.063042e-01 8.992789e-11 3.846350e-01 
5.063030e-01 8.939814e-11 3.323150e-01 
5.063127e-01 8.940887e-11 3.216330e-01 
5.062969e-01 8.991211e-11 3.310840e-01 
5.063029e-01 8.990336e-11 3.260170e-01 
5.063112e-01 8.933324e-11 3.240740e-01 
5.063161e-01 8.949239e-11 3.299940e-01 
5.062941e-01 9.012272e-11 3.302300e-01 
5.063130e-01 8.884314e-11 3.236950e-01 
5.063020e-01 8.933478e-11 3.602990e-01 
5.062892e-01 9.062993e-11 3.335470e-01 
5.063013e-01 8.986825e-11 3.317150e-01 
5.063044e-01 8.987354e-11 3.298130e-01 
5.063185e-01 8.906699e-11 3.254630e-01 
5.062928e-01 9.014072e-11 3.260430e-01 
5.063177e-01 8.855883e-11 3.310220e-01 
5.063184e-01 8.968947e-11 3.333550e-01 
5.063015e-01 8.994712e-11 3.247810e-01 
5.063056e-01 8.978029e-11 3.350330e-01 
5.063099e-01 8.947082e-11 3.271950e-01 
5.062996e-01 8.973685e-11 3.246230e-01 
5.063078e-01 8.917430e-11 3.326310e-01 
5.063001e-01 8.983813e-11 3.304250e-01 
5.062984e-01 9.019807e-11 3.303380e-01 
5.063086e-01 8.996527e-11 4.036940e-01 
5.062832e-01 9.009665e-11 3.693270e-01 
5.062798e-01 9.055919e-11 4.409180e-01 
5.062806e-01 9.011482e-11 5.008930e-01 
5.062903e-01 9.030665e-11 4.980070e-01 
5.063171e-01 8.900144e-11 4.723100e-01 
5.063097e-01 8.943120e-11 4.205660e-01 
5.062978e-01 9.030615e-11 3.958220e-01 
5.062982e-01 9.004109e-11 3.909750e-01 
5.063079e-01 8.934293e-11 3.938280e-01 
5.062976e-01 9.024810e-11 3.819680e-01 
5.062832e-01 9.029485e-11 4.211870e-01 
5.063042e-01 9.050505e-11 3.873250e-01 
5.062955e-01 8.983576e-11 4.048210e-01 
5.062936e-01 9.033303e-11 3.862540e-01 
5.063142e-01 8.912198e-11 4.915920e-01 
5.062957e-01 9.027412e-11 5.538720e-01 
5.062956e-01 9.029215e-11 4.803180e-01 
5.063073e-01 9.012551e-11 3.810220e-01 
5.063020e-01 8.987872e-11 3.792490e-01 
5.062888e-01 8.957225e-11 4.922640e-01 
5.062933e-01 9.006415e-11 4.522850e-01 
5.063011e-01 8.971165e-11 3.831230e-01 
5.062942e-01 9.066221e-11 3.687370e-01 
5.063135e-01 8.935298e-11 3.622080e-01 
5.063033e-01 9.007083e-11 3.653570e-01 
5.063155e-01 8.981206e-11 3.925760e-01 
5.063089e-01 8.968196e-11 3.701370e-01 
5.063133e-01 8.953201e-11 3.727880e-01 
5.063102e-01 8.966098e-11 3.655370e-01 
5.063164e-01 8.970391e-11 3.777880e-01 
5.063024e-01 8.975131e-11 4.107600e-01 
5.063205e-01 8.877438e-11 3.902620e-01 
5.063100e-01 8.979389e-11 3.770500e-01 
5.063106e-01 8.995828e-11 3.678330e-01 
5.062988e-01 8.993696e-11 3.712720e-01 
5.063029e-01 8.993218e-11 3.897450e-01 
5.063024e-01 8.975605e-11 3.908860e-01 
5.063063e-01 9.029542e-11 4.073560e-01 
5.062868e-01 8.999373e-11 5.118890e-01 
5.062998e-01 9.031234e-11 5.116340e-01 
5.063173e-01 8.920200e-11 5.078860e-01 
5.062936e-01 9.001756e-11 3.869440e-01 
5.062923e-01 9.035163e-11 3.400630e-01 
5.063098e-01 8.925683e-11 3.732050e-01 
5.063220e-01 8.946585e-11 3.378580e-01 
5.063082e-01 8.957352e-11 3.299950e-01 
5.063223e-01 8.971896e-11 3.242830e-01 
5.062957e-01 9.017350e-11 3.281910e-01 
5.063100e-01 8.959404e-11 3.221390e-01 
5.063114e-01 8.898771e-11 3.446610e-01 
5.062983e-01 8.985474e-11 3.293970e-01 
5.062856e-01 9.045813e-11 3.521140e-01 
5.063031e-01 9.013320e-11 3.273280e-01 
5.062826e-01 9.035358e-11 3.282750e-01 
5.063051e-01 8.950700e-11 3.272630e-01 
5.062800e-01 9.028155e-11 3.247400e-01 
5.063162e-01 8.961310e-11 3.296250e-01 
5.062981e-01 8.991835e-11 3.257040e-01 
5.063050e-01 8.973958e-11 3.288740e-01 
5.062945e-01 9.013957e-11 3.230520e-01 
5.063087e-01 8.962105e-11 3.279050e-01 
5.062916e-01 8.996551e-11 3.229120e-01 
5.062963e-01 9.055304e-11 3.338810e-01 
5.062940e-01 9.046463e-11 3.375740e-01 
5.063023e-01 9.008075e-11 3.262860e-01 
5.063042e-01 8.964900e-11 3.308190e-01 
5.063077e-01 8.970384e-11 3.345980e-01 
5.063103e-01 8.954464e-11 3.290040e-01 
5.063193e-01 8.885733e-11 3.255610e-01 
5.062941e-01 9.055297e-11 3.399220e-01 
5.063197e-01 8.876733e-11 3.254830e-01 
5.062967e-01 9.043379e-11 3.277710e-01 
5.063081e-01 8.996363e-11 3.300100e-01 
5.063148e-01 8.921225e-11 3.284450e-01 
5.062967e-01 9.069179e-11 3.279180e-01 
5.062960e-01 9.026542e-11 3.271070e-01 
5.062962e-01 9.016458e-11 3.241990e-01 
5.062991e-01 9.016409e-11 3.283950e-01 
5.062869e-01 9.084990e-11 3.462960e-01 
5.062982e-01 9.003748e-11 3.251980e-01 
5.062969e-01 8.972980e-11 3.225680e-01 
5.063238e-01 8.931031e-11 3.302960e-01 
5.063165e-01 8.920267e-11 3.242090e-01 
5.063044e-01 9.015340e-11 3.251370e-01 
5.062934e-01 9.028853e-11 3.454860e-01 
5.063343e-01 8.887857e-11 3.249670e-01 
5.063057e-01 8.979729e-11 3.247510e-01 
5.062943e-01 8.999102e-11 3.298130e-01 
5.063042e-01 8.990849e-11 3.240060e-01 
5.063182e-01 8.927832e-11 3.255710e-01 
5.063037e-01 8.965289e-11 3.259780e-01 
5.063032e-01 8.923630e-11 3.229280e-01 
5.062941e-01 9.008645e-11 3.269770e-01 
5.063051e-01 8.985258e-11 3.391630e-01 
5.063021e-01 8.926082e-11 3.232500e-01 
5.063156e-01 8.961861e-11 3.256800e-01 
5.063002e-01 9.015172e-11 3.297680e-01 
5.063044e-01 8.999053e-11 3.253500e-01 
5.062986e-01 8.986201e-11 3.243190e-01 
5.063163e-01 8.899835e-11 3.417450e-01 
5.063015e-01 8.971429e-11 3.252180e-01 
5.062886e-01 9.031702e-11 3.258680e-01 
5.063011e-01 8.981777e-11 3.303470e-01 
5.063039e-01 8.993006e-11 3.232950e-01 
5.062945e-01 9.014696e-11 3.266690e-01 
5.062904e-01 9.035552e-11 3.422590e-01 
5.063095e-01 8.966774e-11 3.860300e-01 
5.063086e-01 8.951465e-11 3.926310e-01 
5.062962e-01 9.019463e-11 3.352900e-01 
5.063002e-01 9.010863e-11 3.474210e-01 
5.063103e-01 8.921458e-11 3.493770e-01 
5.062902e-01 9.080270e-11 3.254980e-01 
5.063164e-01 8.914797e-11 3.242780e-01 
5.063079e-01 8.987104e-11 3.255080e-01 
5.063086e-01 8.955138e-11 3.273240e-01 
5.063137e-01 8.979041e-11 3.241960e-01 
5.063201e-01 8.881764e-11 3.229400e-01 
5.062943e-01 9.017442e-11 3.312080e-01 
5.063055e-01 8.969720e-11 3.224920e-01 
5.063194e-01 8.916024e-11 3.218290e-01 
5.063123e-01 8.936461e-11 3.247250e-01 
5.062965e-01 9.040145e-11 3.259750e-01 
5.063212e-01 8.928536e-11 3.272580e-01 
5.062929e-01 9.018822e-11 3.235640e-01 
5.063149e-01 8.913374e-11 3.294170e-01 
5.062951e-01 9.003803e-11 3.269610e-01 
5.063086e-01 9.048823e-11 3.284030e-01 
5.062970e-01 8.982885e-11 3.292720e-01 
5.063205e-01 8.914727e-11 3.299170e-01 
5.063005e-01 9.025311e-11 3.312060e-01 
5.062946e-01 9.022563e-11 3.246690e-01 
5.062932e-01 8.992230e-11 3.331160e-01 
5.062968e-01 9.055807e-11 3.363970e-01 
5.062996e-01 9.014101e-11 3.256510e-01 
5.063043e-01 8.998789e-11 3.305310e-01 
5.063170e-01 8.866179e-11 3.326640e-01 
5.062935e-01 9.007242e-11 3.357730e-01 
5.063133e-01 8.895849e-11 3.278660e-01 
5.062979e-01 8.993859e-11 3.430740e-01 
5.063146e-01 8.950308e-11 3.437750e-01 
5.062891e-01 9.050025e-11 3.294230e-01 
5.063058e-01 8.992173e-11 3.356600e-01 
5.062968e-01 9.015307e-11 3.251210e-01 
5.062953e-01 9.009306e-11 3.275570e-01 
5.063004e-01 9.002454e-11 3.286810e-01 
5.063168e-01 8.897295e-11 3.238880e-01 
5.063058e-01 8.899891e-11 3.258030e-01 
5.062936e-01 9.004624e-11 3.302600e-01 
5.062960e-01 9.038536e-11 3.299160e-01 
5.063070e-01 8.951632e-11 3.253000e-01 
5.063116e-01 8.990899e-11 3.312150e-01 
5.063005e-01 9.025585e-11 3.261440e-01 
5.063170e-01 8.957993e-11 3.247860e-01 
5.063025e-01 9.000878e-11 3.312460e-01 
5.063057e-01 9.038173e-11 3.262910e-01 
5.062793e-01 9.100522e-11 3.316580e-01 
5.063082e-01 8.977232e-11 3.329290e-01 
5.062905e-01 9.021833e-11 3.472600e-01 
5.063284e-01 8.888965e-11 3.244840e-01 
5.063103e-01 8.982638e-11 3.339670e-01 
5.062959e-01 9.022740e-11 3.247770e-01 
5.063114e-01 8.936370e-11 3.243290e-01 
5.063138e-01 8.918666e-11 3.300510e-01 
5.063007e-01 8.936923e-11 3.220700e-01 
5.063145e-01 8.971040e-11 3.272320e-01 
5.063117e-01 8.992524e-11 3.259460e-01 
5.062925e-01 9.020833e-11 3.241940e-01 
5.063004e-01 9.029122e-11 3.233370e-01 
5.062960e-01 8.983885e-11 3.335820e-01 
5.062983e-01 8.980598e-11 3.272330e-01 
5.062976e-01 9.018523e-11 3.268070e-01 
5.062943e-01 8.997782e-11 3.394030e-01 
5.063081e-01 8.923244e-11 3.362480e-01 
5.062980e-01 8.943246e-11 3.395990e-01 
5.062986e-01 9.047753e-11 3.837400e-01 
5.063165e-01 8.965810e-11 3.486310e-01 
5.062903e-01 8.964114e-11 3.519060e-01 
5.063001e-01 8.993473e-11 4.497880e-01 
5.063116e-01 8.948242e-11 3.626790e-01 
5.062982e-01 9.001068e-11 4.440830e-01 
5.062938e-01 9.041427e-11 4.452630e-01 
5.063060e-01 8.966280e-11 4.538830e-01 
5.063007e-01 9.003174e-11 4.690570e-01 
5.063151e-01 8.897838e-11 4.589610e-01 
5.063023e-01 8.996327e-11 4.911240e-01 
5.062956e-01 8.970857e-11 4.933660e-01 
5.063005e-01 8.977646e-11 4.644490e-01 
5.063043e-01 8.996196e-11 4.396580e-01 
5.063091e-01 8.984817e-11 3.576790e-01 
5.062931e-01 9.020377e-11 3.730960e-01 
5.062981e-01 9.001392e-11 3.560370e-01 
5.063212e-01 8.960642e-11 3.419020e-01 
5.062988e-01 8.967285e-11 3.524640e-01 
5.063125e-01 8.962805e-11 4.408330e-01 
5.062957e-01 9.032411e-11 4.091350e-01 
5.063033e-01 8.962848e-11 3.553470e-01 
5.063045e-01 8.878011e-11 3.478080e-01 
5.063087e-01 8.948246e-11 3.493650e-01 
5.063121e-01 8.909566e-11 3.565710e-01 
5.063027e-01 9.016712e-11 3.464330e-01 
5.063106e-01 8.899024e-11 3.492310e-01 
5.063220e-01 8.899757e-11 3.546570e-01 
5.063178e-01 8.928349e-11 3.777900e-01 
5.062931e-01 9.030361e-11 3.705000e-01 
5.063004e-01 9.004843e-11 3.647550e-01 
5.063130e-01 8.892372e-11 3.448110e-01 
5.063201e-01 8.948929e-11 3.415800e-01 
5.063068e-01 8.963014e-11 3.405840e-01 
5.063102e-01 8.899011e-11 3.370640e-01 
5.062801e-01 9.104616e-11 3.675420e-01 
5.063090e-01 8.944435e-11 3.446720e-01 
5.063129e-01 8.973739e-11 3.430950e-01 
5.063150e-01 8.951972e-11 3.508820e-01 
5.063051e-01 8.951247e-11 3.562320e-01 
5.063082e-01 8.981042e-11 3.722840e-01 
5.063067e-01 8.977080e-11 3.491330e-01 
5.062926e-01 9.019774e-11 3.459890e-01 
5.063005e-01 9.002838e-11 3.554680e-01 
5.063107e-01 8.983143e-11 3.528310e-01 
5.063024e-01 9.016907e-11 3.476190e-01 
5.063043e-01 8.960886e-11 3.430700e-01 
5.063098e-01 8.978147e-11 3.495620e-01 
5.062911e-01 8.994266e-11 3.503330e-01 
5.063152e-01 8.921662e-11 3.509850e-01 
5.063031e-01 8.981998e-11 3.427540e-01 
5.062980e-01 9.041700e-11 3.690280e-01 
5.063015e-01 8.948450e-11 3.415240e-01 
5.063077e-01 8.972513e-11 3.451230e-01 
5.063101e-01 8.932313e-11 3.428240e-01 
5.062932e-01 9.021178e-11 3.564270e-01 
5.062990e-01 9.003299e-11 3.440230e-01 
5.062909e-01 9.010258e-11 3.528640e-01 
5.063050e-01 9.031724e-11 3.700830e-01 
5.063025e-01 9.010697e-11 3.432730e-01 
5.063113e-01 8.941967e-11 3.403340e-01 
5.063113e-01 8.920282e-11 3.496280e-01 
5.063045e-01 8.987212e-11 3.479810e-01 
5.063062e-01 8.968621e-11 3.454010e-01 
5.063195e-01 8.860184e-11 3.734440e-01 
5.063039e-01 9.001469e-11 3.774380e-01 
5.063187e-01 8.846229e-11 4.492490e-01 
5.063071e-01 8.911799e-11 4.055240e-01 
5.063162e-01 8.927426e-11 3.766770e-01 
5.063011e-01 8.946401e-11 4.075900e-01 
5.063158e-01 8.953155e-11 3.305810e-01 
5.062965e-01 8.958306e-11 3.284040e-01 
5.063027e-01 8.994044e-11 3.877900e-01 
5.062941e-01 8.985695e-11 3.390890e-01 
5.062911e-01 9.009568e-11 3.271260e-01 
5.063041e-01 8.985650e-11 3.263940e-01 
5.063126e-01 8.981288e-11 3.261840e-01 
5.062897e-01 9.025764e-11 3.287990e-01 
5.062919e-01 9.122930e-11 3.319420e-01 
5.062947e-01 9.046762e-11 3.252140e-01 
5.063022e-01 8.974076e-11 3.268310e-01 
5.063033e-01 8.950200e-11 3.447000e-01 
5.062977e-01 9.002815e-11 3.238300e-01 
5.063015e-01 8.969915e-11 3.787710e-01 
5.063044e-01 8.929971e-11 3.282250e-01 
5.063007e-01 9.039647e-11 3.577900e-01 
5.062854e-01 9.059330e-11 3.420340e-01 
5.063061e-01 8.926473e-11 3.274390e-01 
5.062995e-01 8.926246e-11 3.269050e-01 
5.063004e-01 9.022585e-11 3.298090e-01 
5.063250e-01 8.882859e-11 3.473420e-01 
5.063073e-01 8.975839e-11 3.258930e-01 
5.063024e-01 8.921061e-11 3.715180e-01 
5.062930e-01 9.002051e-11 4.592290e-01 
5.063086e-01 8.962426e-11 3.420740e-01 
5.062995e-01 8.956481e-11 3.408120e-01 
5.063098e-01 8.954046e-11 3.274920e-01 
5.063047e-01 8.969407e-11 3.285590e-01 
5.062802e-01 9.085185e-11 3.396320e-01 
5.063104e-01 8.979561e-11 3.262290e-01 
5.063088e-01 8.930732e-11 3.259540e-01 
5.063119e-01 8.969600e-11 3.662460e-01 
5.063024e-01 8.976580e-11 3.324560e-01 
5.063148e-01 8.908465e-11 3.374380e-01 
5.063020e-01 8.935411e-11 3.481000e-01 
5.063162e-01 8.883141e-11 3.547560e-01 
5.063055e-01 8.983464e-11 4.676140e-01 
5.063151e-01 8.995243e-11 3.452540e-01 
5.062959e-01 9.024778e-11 3.306850e-01 
5.062952e-01 8.988627e-11 3.310480e-01 
5.062905e-01 9.055581e-11 3.767890e-01 
5.062831e-01 8.990828e-11 3.594100e-01 
5.062904e-01 9.045448e-11 3.346800e-01 
5.062924e-01 9.000053e-11 3.287170e-01 
5.062956e-01 8.992284e-11 3.247080e-01 
5.063087e-01 8.960396e-11 3.377900e-01 
5.063100e-01 8.983400e-11 3.799260e-01 
5.062999e-01 8.983752e-11 3.279170e-01 
5.063071e-01 8.955559e-11 3.805610e-01 
5.063181e-01 8.933110e-11 3.261600e-01 
5.063140e-01 8.925415e-11 3.326160e-01 
5.062829e-01 9.049027e-11 3.325930e-01 
5.063134e-01 8.913849e-11 3.292040e-01 
5.063044e-01 8.941560e-11 3.286020e-01 
5.062949e-01 8.978040e-11 3.353620e-01 
5.062969e-01 9.017947e-11 3.250900e-01 
5.062958e-01 9.050491e-11 3.314270e-01 
5.063013e-01 8.989383e-11 3.329260e-01 
5.063113e-01 8.971146e-11 3.287810e-01 
5.063146e-01 8.959664e-11 3.343020e-01 
5.062946e-01 8.992194e-11 3.380890e-01 
5.063089e-01 8.927926e-11 3.267080e-01 
5.063087e-01 8.915691e-11 3.377020e-01 
5.063019e-01 8.956530e-11 3.304320e-01 
5.062989e-01 8.986054e-11 4.110850e-01 
5.062913e-01 8.988450e-11 3.726330e-01 
5.063041e-01 8.949711e-11 3.291020e-01 
5.063091e-01 8.972053e-11 3.275950e-01 
5.063124e-01 8.926807e-11 4.322760e-01 
5.063024e-01 8.967108e-11 3.271660e-01 
5.063102e-01 8.920301e-11 3.274730e-01 
5.063074e-01 8.949514e-11 3.364450e-01 
5.062892e-01 9.008069e-11 3.426960e-01 
5.062935e-01 9.029411e-11 4.763830e-01 
5.063105e-01 8.930623e-11 4.450700e-01 
5.063137e-01 8.974742e-11 4.173710e-01 
5.063183e-01 8.936152e-11 4.269740e-01 
5.062922e-01 8.984418e-11 3.611520e-01 
5.062964e-01 9.009130e-11 3.492410e-01 
5.063188e-01 8.883418e-11 3.363250e-01 
5.063129e-01 8.921303e-11 3.428110e-01 
5.063036e-01 8.962207e-11 3.685740e-01 
5.063028e-01 9.047515e-11 3.877200e-01 
5.063038e-01 8.921932e-11 5.161560e-01 
5.063088e-01 8.937878e-11 4.501350e-01 
5.063012e-01 9.023485e-11 4.994660e-01 
5.062997e-01 8.956992e-11 4.502410e-01 
5.063198e-01 8.859467e-11 3.424630e-01 
5.063142e-01 8.979095e-11 3.307630e-01 
5.063218e-01 8.947241e-11 3.363610e-01 
5.063087e-01 9.006934e-11 3.412840e-01 
5.062994e-01 9.009557e-11 3.315150e-01 
5.063103e-01 8.984536e-11 3.345230e-01 
5.063095e-01 8.948558e-11 3.356750e-01 
5.063065e-01 8.975476e-11 3.870550e-01 
5.063151e-01 8.967984e-11 4.072600e-01 
5.062988e-01 9.019160e-11 5.260310e-01 
5.063083e-01 8.962923e-11 3.885860e-01 
5.063239e-01 8.941118e-11 4.540350e-01 
5.062972e-01 9.012588e-11 3.641600e-01 
5.063082e-01 8.957597e-11 3.463070e-01 
5.062899e-01 9.028665e-11 3.497700e-01 
5.063133e-01 8.961640e-11 3.291010e-01 
5.063170e-01 8.929846e-11 3.411480e-01 
5.063134e-01 8.983339e-11 3.291590e-01 
5.063077e-01 8.980918e-11 3.320290e-01 
5.062921e-01 9.044108e-11 3.505200e-01 
5.063083e-01 8.986256e-11 3.261290e-01 
5.062936e-01 8.999713e-11 3.398000e-01 
5.063026e-01 8.978931e-11 3.359370e-01 
5.063181e-01 8.931580e-11 3.299720e-01 
5.062999e-01 8.976072e-11 3.389450e-01 
5.063044e-01 8.969550e-11 3.580650e-01 
5.062993e-01 8.969559e-11 3.328150e-01 
5.062848e-01 9.064672e-11 3.421890e-01 
5.063080e-01 8.953323e-11 3.375860e-01 
5.063036e-01 8.939636e-11 3.338100e-01 
5.062995e-01 8.960800e-11 3.521220e-01 
5.062967e-01 9.020369e-11 3.403900e-01 
5.062935e-01 8.967036e-11 4.334310e-01 
5.063010e-01 8.958709e-11 3.819820e-01 
5.063046e-01 8.991030e-11 5.120730e-01 
5.063116e-01 8.906735e-11 4.864570e-01 
5.063065e-01 8.941752e-11 4.368050e-01 
5.063109e-01 8.941436e-11 3.549000e-01 
5.062988e-01 8.997273e-11 3.617900e-01 
5.062986e-01 8.940762e-11 3.669800e-01 
5.063028e-01 8.922499e-11 4.124910e-01 
5.062962e-01 8.994920e-11 4.165830e-01 
5.063097e-01 8.938465e-11 4.852650e-01 
5.062848e-01 9.068368e-11 3.692870e-01 
5.063090e-01 8.974513e-11 4.981340e-01 
5.063116e-01 8.913505e-11 4.779120e-01 
5.062892e-01 9.035533e-11 3.619650e-01 
5.062881e-01 9.088497e-11 4.607650e-01 
5.062984e-01 8.987193e-11 4.076720e-01 
5.062954e-01 9.008984e-11 3.992950e-01 
5.063076e-01 8.969439e-11 3.331550e-01 
5.063019e-01 8.985376e-11 3.322240e-01 
5.063108e-01 8.943799e-11 4.172500e-01 
5.063046e-01 8.947154e-11 3.875690e-01 
5.063075e-01 8.992089e-11 4.382060e-01 
5.062946e-01 9.015931e-11 3.404970e-01 
5.063110e-01 8.970395e-11 3.540580e-01 
5.063019e-01 9.001589e-11 3.286450e-01 
5.062988e-01 8.962268e-11 3.353870e-01 
5.063075e-01 8.945332e-11 3.397010e-01 
5.063123e-01 8.972040e-11 3.288310e-01 
5.063088e-01 9.025726e-11 3.522560e-01 
5.062989e-01 8.966839e-11 3.438230e-01 
5.063027e-01 9.004337e-11 3.548880e-01 
5.063034e-01 8.987720e-11 3.778950e-01 
5.063039e-01 8.944476e-11 3.991020e-01 
5.063060e-01 8.983365e-11 3.399610e-01 
5.063034e-01 8.973056e-11 3.881340e-01 
5.062902e-01 9.001656e-11 3.985860e-01 
5.062830e-01 9.046336e-11 4.008510e-01 
5.063023e-01 8.968017e-11 4.283750e-01 
5.063084e-01 8.971197e-11 3.966630e-01 
5.063091e-01 8.930623e-11 3.789570e-01 
5.063015e-01 9.054907e-11 4.023000e-01 
5.062913e-01 8.994611e-11 3.891880e-01 
5.063059e-01 8.957549e-11 4.531740e-01 
5.062944e-01 8.979240e-11 3.861720e-01 
5.063052e-01 8.954129e-11 3.881620e-01 
5.062983e-01 8.992518e-11 3.908430e-01 
5.062750e-01 9.077646e-11 3.889060e-01 
5.063074e-01 8.971101e-11 3.887550e-01 
5.062799e-01 9.035398e-11 4.513040e-01 
5.063072e-01 8.961277e-11 3.861650e-01 
5.063052e-01 8.969454e-11 4.027420e-01 
5.063006e-01 9.032969e-11 4.374700e-01 
5.062921e-01 8.983413e-11 3.870580e-01 
5.062878e-01 9.063240e-11 4.951650e-01 
5.062908e-01 9.003891e-11 3.842430e-01 
5.063076e-01 8.935763e-11 4.184850e-01 
5.062999e-01 8.917428e-11 3.955230e-01 
5.063104e-01 8.891933e-11 3.983820e-01 
5.062864e-01 9.022433e-11 4.376230e-01 
5.062861e-01 9.038966e-11 4.568140e-01 
5.063142e-01 8.929629e-11 4.874880e-01 
5.062920e-01 9.049507e-11 5.083860e-01 
5.063258e-01 8.922551e-11 4.728250e-01 
5.063019e-01 8.975484e-11 5.115060e-01 
5.063095e-01 8.964181e-11 4.893870e-01 
5.062882e-01 9.058661e-11 3.823480e-01 
5.063062e-01 8.998326e-11 3.637440e-01 
5.062954e-01 8.951747e-11 3.692300e-01 
5.062987e-01 9.026295e-11 4.120320e-01 
5.063199e-01 8.905382e-11 3.847510e-01 
5.063116e-01 8.948182e-11 3.897050e-01 
5.063144e-01 8.908472e-11 3.993330e-01 
5.063170e-01 8.939691e-11 3.815260e-01 
5.063018e-01 8.928384e-11 5.239470e-01 
5.063094e-01 8.990604e-11 4.672250e-01 
5.063056e-01 8.947817e-11 3.914510e-01 
5.062961e-01 8.997169e-11 4.451020e-01 
5.063046e-01 8.977333e-11 4.104380e-01 
5.063072e-01 8.955700e-11 3.361070e-01 
5.063030e-01 8.981406e-11 3.356040e-01 
5.062976e-01 9.019823e-11 4.013040e-01 
5.062950e-01 8.994773e-11 3.955760e-01 
5.062907e-01 9.027705e-11 3.935280e-01 
5.063005e-01 8.995003e-11 3.967560e-01 
5.062868e-01 9.042896e-11 3.358010e-01 
5.063027e-01 8.931831e-11 3.465850e-01 
5.063147e-01 8.926171e-11 3.362790e-01 
5.063161e-01 8.903325e-11 3.338080e-01 
5.063074e-01 8.976559e-11 3.856910e-01 
5.062905e-01 8.986108e-11 3.352300e-01 
5.063151e-01 8.934096e-11 3.342960e-01 
5.063036e-01 8.998016e-11 3.437550e-01 
5.063113e-01 8.915922e-11 4.142200e-01 
5.062813e-01 9.081260e-11 3.747700e-01 
5.062786e-01 9.066700e-11 3.406080e-01 
5.063109e-01 8.981817e-11 3.320130e-01 
5.062970e-01 8.950458e-11 3.374480e-01 
5.062940e-01 8.992920e-11 3.408550e-01 
5.063144e-01 8.964982e-11 3.981130e-01 
5.063024e-01 8.961591e-11 3.355030e-01 
5.062856e-01 9.043001e-11 3.294770e-01 
5.063106e-01 8.979765e-11 3.291600e-01 
5.062955e-01 9.026434e-11 3.376360e-01 
5.063091e-01 8.971923e-11 3.300960e-01 
5.063096e-01 8.963171e-11 3.289870e-01 
5.062901e-01 8.973500e-11 3.369910e-01 
5.063219e-01 8.884758e-11 3.449090e-01 
5.062992e-01 8.931138e-11 3.272080e-01 
5.062964e-01 8.985751e-11 3.449320e-01 
5.062961e-01 9.056713e-11 3.300410e-01 
5.063010e-01 8.956959e-11 3.471880e-01 
5.062943e-01 8.993909e-11 4.600650e-01 
5.062922e-01 9.046028e-11 3.368170e-01 
5.062999e-01 9.030933e-11 3.322500e-01 
5.063116e-01 8.899752e-11 3.374600e-01 
5.063081e-01 8.934210e-11 3.318130e-01 
5.062896e-01 9.010349e-11 3.333490e-01 
5.063032e-01 8.977551e-11 3.601600e-01 
5.063204e-01 8.899309e-11 3.373620e-01 
5.062894e-01 8.995679e-11 3.410480e-01 
5.063151e-01 8.933388e-11 3.416420e-01 
5.062963e-01 9.020629e-11 3.327750e-01 
5.063026e-01 8.957569e-11 4.199510e-01 
5.063084e-01 8.976285e-11 4.066240e-01 
5.063007e-01 8.939716e-11 3.323000e-01 
5.062940e-01 9.039471e-11 3.455600e-01 
5.063076e-01 8.966187e-11 3.336080e-01 
5.063011e-01 8.982968e-11 3.315710e-01 
5.062961e-01 9.028498e-11 3.384520e-01 
5.063076e-01 8.994858e-11 4.248840e-01 
5.063123e-01 8.912397e-11 4.500990e-01 
5.063149e-01 8.918556e-11 3.399500e-01 
5.063054e-01 8.961953e-11 3.309470e-01 
5.062756e-01 9.051549e-11 3.365260e-01 
5.062966e-01 8.959538e-11 3.281670e-01 
5.062933e-01 8.976462e-11 3.347900e-01 
5.062815e-01 9.028859e-11 3.585240e-01 
5.063070e-01 8.967868e-11 3.316400e-01 
5.062983e-01 8.944274e-11 3.294580e-01 
5.063256e-01 8.868645e-11 3.412290e-01 
5.063019e-01 8.971979e-11 3.325800e-01 
5.063085e-01 8.954351e-11 4.279810e-01 
5.063068e-01 8.968552e-11 3.537890e-01 
5.063092e-01 8.975382e-11 3.338180e-01 
5.063096e-01 8.891907e-11 3.329330e-01 
5.062881e-01 8.999750e-11 3.374710e-01 
5.063032e-01 8.924388e-11 3.332930e-01 
5.063121e-01 8.974578e-11 3.584350e-01 
5.062879e-01 9.019464e-11 3.378570e-01 
5.062983e-01 8.951413e-11 3.417270e-01 
5.063051e-01 8.942784e-11 3.301990e-01 
5.062941e-01 8.968069e-11 3.393150e-01 
5.063012e-01 8.989507e-11 3.351240e-01 
5.063029e-01 8.987885e-11 3.356970e-01 
5.062874e-01 9.009048e-11 3.389770e-01 
5.063102e-01 8.885235e-11 3.325310e-01 
5.063002e-01 9.008139e-11 3.823060e-01 
5.062874e-01 9.101985e-11 3.813740e-01 
5.062971e-01 8.971719e-11 3.759380e-01 
5.063047e-01 8.959930e-11 4.514550e-01 
5.062970e-01 8.972263e-11 3.658970e-01 
5.063088e-01 8.946981e-11 3.324740e-01 
5.062794e-01 9.052145e-11 3.369840e-01 
5.063176e-01 8.907689e-11 3.321730e-01 
5.062921e-01 9.038173e-11 3.330610e-01 
5.063000e-01 8.939648e-11 3.456840e-01 
5.063150e-01 8.910194e-11 3.310420e-01 
5.063059e-01 8.918339e-11 3.323310e-01 
5.063088e-01 8.953242e-11 3.347440e-01 
5.063081e-01 8.961638e-11 3.286530e-01 
5.063184e-01 8.963789e-11 3.301660e-01 
5.063157e-01 8.961144e-11 3.625140e-01 
5.063045e-01 8.980164e-11 3.614670e-01 
5.062984e-01 8.982580e-11 3.552950e-01 
5.063103e-01 8.951361e-11 4.035610e-01 
5.063112e-01 8.928897e-11 3.880830e-01 
5.063128e-01 8.880950e-11 5.044430e-01 
5.063151e-01 8.934491e-11 5.227890e-01 
5.063056e-01 8.991307e-11 4.601770e-01 
5.062922e-01 9.027044e-11 3.471680e-01 
5.062979e-01 8.976194e-11 3.318350e-01 
5.063150e-01 8.928998e-11 3.673970e-01 
5.062913e-01 9.021695e-11 3.335580e-01 
5.063059e-01 9.006813e-11 3.448070e-01 
5.062860e-01 9.054617e-11 3.270090e-01 
5.063280e-01 8.905017e-11 3.357230e-01 
5.063074e-01 8.927936e-11 3.438610e-01 
5.062894e-01 8.964054e-11 3.314140e-01 
5.062933e-01 8.986410e-11 3.701920e-01 
5.062998e-01 8.978352e-11 4.265670e-01 
5.063003e-01 8.983673e-11 3.482900e-01 
5.063038e-01 8.979034e-11 3.597580e-01 
5.062994e-01 8.975874e-11 3.675520e-01 
5.063142e-01 8.946081e-11 3.988370e-01 
5.063210e-01 8.932547e-11 4.729770e-01 
5.062993e-01 8.977585e-11 5.037700e-01 
5.063116e-01 8.948041e-11 5.294690e-01 
5.062905e-01 9.036794e-11 5.033230e-01 
5.063141e-01 8.967291e-11 4.165900e-01 
5.062981e-01 9.004986e-11 3.304810e-01 
5.063038e-01 8.985404e-11 3.868150e-01 
5.062940e-01 9.002109e-11 3.306010e-01 
5.063008e-01 8.995073e-11 3.344480e-01 
5.062980e-01 8.967087e-11 3.605050e-01 
5.063116e-01 8.978731e-11 3.317070e-01 
5.062941e-01 9.002627e-11 3.326210e-01 
5.063223e-01 8.891466e-11 3.912000e-01 
5.063126e-01 8.925113e-11 3.357240e-01 
5.063044e-01 8.938068e-11 3.322570e-01 
5.062902e-01 9.047537e-11 3.625750e-01 
5.063101e-01 8.894579e-11 3.608250e-01 
5.063046e-01 8.986070e-11 4.012370e-01 
5.063038e-01 8.960169e-11 3.930140e-01 
5.062997e-01 8.933493e-11 3.340330e-01 
5.062969e-01 8.987672e-11 3.908030e-01 
5.062955e-01 9.040453e-11 3.860480e-01 
5.062945e-01 8.960468e-11 3.576190e-01 
5.062774e-01 9.079384e-11 3.351400e-01 
5.063035e-01 8.985186e-11 3.337450e-01 
5.062949e-01 8.993964e-11 3.353880e-01 
5.062827e-01 8.991283e-11 3.337090e-01 
5.063016e-01 8.955036e-11 3.302300e-01 
5.063113e-01 8.928182e-11 3.315600e-01 
5.062970e-01 8.989830e-11 3.357160e-01 
5.063114e-01 8.960128e-11 3.274310e-01 
5.062854e-01 8.986231e-11 3.286360e-01 
5.062949e-01 8.955932e-11 3.321110e-01 
5.062988e-01 8.974849e-11 3.269420e-01 
5.062907e-01 8.998773e-11 3.278590e-01 
5.063075e-01 8.955621e-11 3.310530e-01 
5.062992e-01 8.935567e-11 3.301390e-01 
5.062896e-01 8.978101e-11 3.838390e-01 
5.062992e-01 8.966440e-11 3.916810e-01 
5.062923e-01 9.029561e-11 3.394770e-01 
5.063058e-01 8.956472e-11 3.457120e-01 
5.063026e-01 8.957856e-11 3.502340e-01 
5.062974e-01 8.982439e-11 3.297810e-01 
5.062962e-01 8.996685e-11 3.536270e-01 
5.063035e-01 8.896872e-11 3.476900e-01 
5.062912e-01 8.994203e-11 3.443680e-01 
5.062977e-01 8.985369e-11 3.456770e-01 
5.063088e-01 8.942777e-11 3.762660e-01 
5.062947e-01 8.967575e-11 4.231850e-01 
5.062862e-01 8.959902e-11 3.840010e-01 
5.063048e-01 8.958806e-11 3.745080e-01 
5.063030e-01 8.958840e-11 4.369880e-01 
5.062897e-01 9.010600e-11 4.789950e-01 
5.063037e-01 8.949476e-11 4.778310e-01 
5.062976e-01 8.987564e-11 4.513690e-01 
5.063107e-01 8.929422e-11 4.298750e-01 
5.063026e-01 8.964793e-11 4.722470e-01 
5.063032e-01 9.005653e-11 4.025360e-01 
5.063008e-01 8.955983e-11 3.379550e-01 
5.062995e-01 8.981044e-11 3.300040e-01 
5.063021e-01 8.932755e-11 3.474410e-01 
5.063083e-01 8.920315e-11 3.277470e-01 
5.063033e-01 8.967264e-11 3.295260e-01 
5.063087e-01 8.891983e-11 3.563030e-01 
5.062985e-01 8.946611e-11 3.230750e-01 
5.063102e-01 8.936824e-11 3.263540e-01 
5.062961e-01 8.972339e-11 3.326510e-01 
5.062956e-01 9.007985e-11 3.258320e-01 
5.062970e-01 8.994939e-11 3.236320e-01 
5.063079e-01 8.911808e-11 3.950000e-01 
5.063057e-01 8.961996e-11 3.525330e-01 
5.063162e-01 8.953357e-11 3.330480e-01 
5.062809e-01 9.017611e-11 3.545430e-01 
5.062972e-01 9.025522e-11 3.432660e-01 
5.063204e-01 8.872613e-11 3.508790e-01 
5.062989e-01 8.995948e-11 3.550370e-01 
5.062949e-01 8.942626e-11 3.494360e-01 
5.062973e-01 8.983899e-11 3.286310e-01 
5.062936e-01 9.013477e-11 3.409410e-01 
5.063267e-01 8.866328e-11 3.262580e-01 
5.062976e-01 8.955597e-11 3.280750e-01 
5.062944e-01 9.039993e-11 3.303260e-01 
5.062950e-01 8.969597e-11 3.345230e-01 
5.062959e-01 8.981035e-11 3.268160e-01 
5.063073e-01 9.024005e-11 3.362130e-01 
5.062950e-01 9.075470e-11 3.347740e-01 
5.063148e-01 8.927306e-11 3.298480e-01 
5.063047e-01 8.987863e-11 3.304400e-01 
5.063059e-01 8.960796e-11 3.340010e-01 
5.062880e-01 9.031885e-11 3.622810e-01 
5.063093e-01 8.965579e-11 3.368650e-01 
5.063137e-01 8.909961e-11 3.512840e-01 
5.063084e-01 8.958668e-11 3.268750e-01 
5.062922e-01 9.011751e-11 3.389190e-01 
5.063060e-01 8.967025e-11 3.252170e-01 
5.063107e-01 8.940144e-11 3.250790e-01 
5.062902e-01 9.042744e-11 3.287240e-01 
5.062833e-01 9.058809e-11 3.256850e-01 
5.062983e-01 8.969718e-11 3.287190e-01 
5.063073e-01 8.924953e-11 3.332460e-01 
5.062990e-01 9.025223e-11 3.311180e-01 
5.063276e-01 8.906224e-11 3.363720e-01 
5.062992e-01 9.068337e-11 3.308770e-01 
5.063041e-01 8.982043e-11 3.389270e-01 
5.063116e-01 8.917228e-11 3.278060e-01 
5.062884e-01 8.967250e-11 3.293570e-01 
5.062987e-01 9.031522e-11 3.238480e-01 
5.063050e-01 8.930175e-11 3.254810e-01 
5.063034e-01 9.014037e-11 3.293150e-01 
5.063138e-01 8.898669e-11 3.246630e-01 
5.062953e-01 9.016418e-11 3.248550e-01 
5.063086e-01 8.890309e-11 3.317920e-01 
5.062927e-01 8.994048e-11 3.456500e-01 
5.063100e-01 9.002411e-11 3.472530e-01 
5.062849e-01 9.083644e-11 3.310450e-01 
5.063091e-01 9.012746e-11 3.239590e-01 
5.063167e-01 8.948748e-11 3.299770e-01 
5.062801e-01 9.087901e-11 3.344520e-01 
5.063019e-01 8.964093e-11 3.255370e-01 
5.063134e-01 8.959443e-11 3.299580e-01 
5.062967e-01 9.056264e-11 3.330500e-01 
5.063056e-01 8.956813e-11 3.249400e-01 
5.063138e-01 8.970648e-11 3.293080e-01 
5.063154e-01 8.926351e-11 3.346950e-01 
5.063102e-01 8.944522e-11 3.240810e-01 
5.062949e-01 9.028937e-11 3.280140e-01 
5.063001e-01 8.991140e-11 3.300320e-01 
5.063090e-01 8.963476e-11 3.332360e-01 
5.063216e-01 8.922248e-11 3.393490e-01 
5.063156e-01 8.904653e-11 4.485680e-01 
5.063121e-01 8.962073e-11 3.607100e-01 
5.063084e-01 8.978553e-11 4.059070e-01 
5.062915e-01 9.052717e-11 4.242040e-01 
5.062960e-01 8.986200e-11 3.867170e-01 
5.063099e-01 8.982271e-11 4.473420e-01 
5.063129e-01 8.953388e-11 3.340270e-01 
5.062958e-01 9.053782e-11 3.326520e-01 
5.062955e-01 8.980498e-11 3.270460e-01 
5.063035e-01 8.974470e-11 3.305530e-01 
5.062897e-01 9.034857e-11 3.304710e-01 
5.063063e-01 8.918513e-11 3.251890e-01 
5.062945e-01 9.021310e-11 3.313560e-01 
5.063197e-01 8.910094e-11 3.274280e-01 
5.062943e-01 8.982950e-11 3.532920e-01 
5.062928e-01 8.991247e-11 3.349060e-01 
5.063005e-01 8.981965e-11 3.301820e-01 
5.063022e-01 8.977784e-11 3.238790e-01 
5.062973e-01 8.961527e-11 3.481120e-01 
5.063134e-01 8.939869e-11 3.383220e-01 
5.062950e-01 9.048855e-11 3.517520e-01 
5.062919e-01 9.015304e-11 3.279740e-01 
5.063016e-01 8.990862e-11 3.247010e-01 
5.063035e-01 9.000567e-11 3.251410e-01 
5.062972e-01 9.009609e-11 3.288240e-01 
5.062871e-01 9.011426e-11 3.468060e-01 
5.062823e-01 9.124752e-11 3.273350e-01 
5.062919e-01 8.991462e-11 3.704580e-01 
5.062913e-01 9.048029e-11 3.775690e-01 
5.062894e-01 9.022524e-11 3.879210e-01 
5.063160e-01 8.921172e-11 3.496810e-01 
5.063113e-01 8.989264e-11 3.798590e-01 
5.062977e-01 8.942043e-11 3.587290e-01 
5.062966e-01 9.011120e-11 3.287070e-01 
5.062880e-01 9.033879e-11 3.253320e-01 
5.062873e-01 9.007653e-11 3.310170e-01 
5.062995e-01 9.004910e-11 3.256170e-01 
5.062973e-01 9.015055e-11 3.234060e-01 
5.063149e-01 8.950423e-11 3.271910e-01 
5.063061e-01 8.974834e-11 3.340520e-01 
5.063116e-01 8.882383e-11 3.271330e-01 
5.062995e-01 8.966095e-11 3.530150e-01 
5.063082e-01 8.957271e-11 3.451460e-01 
5.063135e-01 8.978245e-11 3.256520e-01 
5.063062e-01 8.958022e-11 3.269640e-01 
5.063184e-01 8.940199e-11 3.318750e-01 
5.063074e-01 8.989103e-11 3.244790e-01 
5.063073e-01 8.897577e-11 3.269050e-01 
5.062966e-01 9.040532e-11 3.331250e-01 
5.063053e-01 8.976537e-11 3.229870e-01 
5.062985e-01 8.973817e-11 3.437230e-01 
5.063134e-01 8.932835e-11 3.676410e-01 
5.063021e-01 9.011524e-11 3.243930e-01 
5.063067e-01 8.968198e-11 3.306190e-01 
5.063072e-01 8.933171e-11 3.591180e-01 
5.063106e-01 8.945351e-11 3.416100e-01 
5.062899e-01 9.027424e-11 3.259650e-01 
5.063093e-01 8.935098e-11 3.308440e-01 
5.063125e-01 8.930944e-11 3.266540e-01 
5.063136e-01 8.928064e-11 3.334930e-01 
5.063085e-01 8.957640e-11 3.372840e-01 
5.063016e-01 8.984947e-11 3.755350e-01 
5.063115e-01 8.917123e-11 3.333510e-01 
5.063040e-01 9.000715e-11 3.301900e-01 
5.063135e-01 8.975247e-11 3.250160e-01 
5.063111e-01 8.968993e-11 3.273450e-01 
5.063005e-01 9.009563e-11 3.347840e-01 
5.062993e-01 8.980910e-11 3.342410e-01 
5.062954e-01 9.017472e-11 3.264090e-01 
5.063056e-01 8.941403e-11 3.378530e-01 
5.063056e-01 8.956283e-11 3.363440e-01 
5.063148e-01 8.905715e-11 3.314840e-01 
5.062975e-01 8.989558e-11 3.316760e-01 
5.063201e-01 8.946617e-11 3.291370e-01 
5.062847e-01 9.042153e-11 3.488680e-01 
5.063095e-01 8.952788e-11 3.441130e-01 
5.063047e-01 8.956107e-11 3.258960e-01 
5.063053e-01 8.994099e-11 3.308030e-01 
5.062831e-01 9.051678e-11 3.330570e-01 
5.062938e-01 8.965413e-11 3.259700e-01 
5.063101e-01 8.955814e-11 3.270200e-01 
5.063027e-01 8.922329e-11 3.313810e-01 
5.063033e-01 8.948974e-11 3.261650e-01 
5.062966e-01 9.039956e-11 3.282840e-01 
5.062959e-01 8.993357e-11 3.336760e-01 
5.062995e-01 8.948955e-11 3.265590e-01 
5.062977e-01 8.950403e-11 3.524780e-01 
5.063034e-01 9.032754e-11 3.565260e-01 
5.063148e-01 8.876866e-11 3.262170e-01 
5.063171e-01 8.887903e-11 3.257710e-01 
5.062972e-01 8.957773e-11 3.315330e-01 
5.063000e-01 8.984925e-11 3.234970e-01 
5.063105e-01 8.949067e-11 3.236600e-01 
5.062963e-01 8.993307e-11 3.333740e-01 
5.063012e-01 8.983941e-11 3.320440e-01 
5.063167e-01 8.946330e-11 4.382560e-01 
5.063012e-01 8.974596e-11 3.951710e-01 
5.063106e-01 8.925327e-11 3.281510e-01 
5.063028e-01 8.980704e-11 3.292570e-01 
5.062988e-01 8.978236e-11 3.248570e-01 
5.063116e-01 8.946137e-11 3.268700e-01 
5.063163e-01 8.916009e-11 3.272190e-01 
5.063022e-01 8.980847e-11 3.262240e-01 
5.063236e-01 8.883987e-11 3.241060e-01 
5.062993e-01 8.988688e-11 3.248210e-01 
5.063043e-01 8.925047e-11 3.502680e-01 
5.063227e-01 8.878679e-11 3.239270e-01 
5.063046e-01 8.965976e-11 3.291170e-01 
5.063014e-01 8.993894e-11 3.289950e-01 
5.063124e-01 8.973499e-11 3.321570e-01 
5.062974e-01 8.966016e-11 3.294840e-01 
5.062968e-01 9.015826e-11 3.352350e-01 
5.063084e-01 8.944952e-11 3.317130e-01 
5.063029e-01 8.953794e-11 3.774680e-01 
5.063088e-01 9.018736e-11 3.646570e-01 
5.062989e-01 8.964364e-11 3.265730e-01 
5.063022e-01 8.908362e-11 3.364280e-01 
5.062987e-01 8.975815e-11 3.803110e-01 
5.062931e-01 9.000003e-11 3.619380e-01 
5.063068e-01 8.977768e-11 3.982330e-01 
5.062873e-01 9.017803e-11 3.321220e-01 
5.062875e-01 9.001247e-11 3.955650e-01 
5.062971e-01 8.929208e-11 3.420980e-01 
5.063159e-01 8.951898e-11 3.280340e-01 
5.062907e-01 9.043244e-11 3.266800e-01 
5.062920e-01 8.999353e-11 3.301110e-01 
5.063106e-01 8.929157e-11 3.221160e-01 
5.062920e-01 8.984216e-11 3.240950e-01 
5.062987e-01 8.945241e-11 3.335440e-01 
5.062806e-01 9.056977e-11 3.657920e-01 
5.062997e-01 9.029411e-11 3.225430e-01 
5.062926e-01 8.986605e-11 3.278570e-01 
5.063086e-01 8.936379e-11 3.237190e-01 
5.062893e-01 9.034369e-11 3.252320e-01 
5.063144e-01 8.936265e-11 3.513680e-01 
5.063099e-01 8.949973e-11 3.267510e-01 
5.063076e-01 8.983195e-11 3.242230e-01 
5.063072e-01 9.001223e-11 3.312660e-01 
5.063132e-01 8.916826e-11 3.249360e-01 
5.062980e-01 8.973582e-11 3.241310e-01 
5.063193e-01 8.914051e-11 3.410170e-01 
5.063155e-01 8.966830e-11 3.790150e-01 
5.063164e-01 8.965907e-11 3.883020e-01 
5.062923e-01 9.041972e-11 3.341200e-01 
5.063012e-01 8.928039e-11 3.502340e-01 
5.063056e-01 8.930503e-11 3.291360e-01 
5.063107e-01 9.015626e-11 3.243780e-01 
5.063122e-01 8.984059e-11 3.247440e-01 
5.062854e-01 9.041490e-11 3.401400e-01 
5.062983e-01 8.955550e-11 3.257880e-01 
5.063085e-01 8.937471e-11 3.253780e-01 
5.062937e-01 9.049039e-11 3.296530e-01 
5.062986e-01 8.996622e-11 3.264180e-01 
5.062930e-01 8.985855e-11 3.251680e-01 
5.063080e-01 8.961878e-11 3.280520e-01 
5.063124e-01 8.952617e-11 3.260400e-01 
5.063211e-01 8.894904e-11 3.269790e-01 
5.063005e-01 9.011589e-11 3.302880e-01 
5.062989e-01 9.010353e-11 3.306210e-01 
5.063112e-01 8.943400e-11 3.240520e-01 
5.063025e-01 8.975446e-11 3.265790e-01 
5.063233e-01 8.921937e-11 3.297930e-01 
5.062934e-01 9.047168e-11 3.255230e-01 
5.062882e-01 9.067565e-11 3.271560e-01 
5.063173e-01 8.966162e-11 3.659870e-01 
5.062998e-01 8.999358e-11 3.318960e-01 
5.063037e-01 8.981009e-11 3.307720e-01 
5.062977e-01 8.965014e-11 3.566530e-01 
5.063198e-01 8.934772e-11 3.350260e-01 
5.063044e-01 8.999688e-11 3.281310e-01 
5.063081e-01 8.944726e-11 3.260200e-01 
5.062981e-01 8.962259e-11 3.288730e-01 
5.063071e-01 8.989718e-11 3.428240e-01 
5.062939e-01 9.038159e-11 3.250410e-01 
5.063184e-01 8.911411e-11 3.246920e-01 
5.063121e-01 8.961513e-11 3.287460e-01 
5.063108e-01 8.922208e-11 3.244080e-01 
5.063048e-01 8.923342e-11 3.261210e-01 
5.063217e-01 8.937683e-11 3.260980e-01 
5.063094e-01 8.993375e-11 3.265470e-01 
5.063047e-01 8.969641e-11 3.326390e-01 
5.063082e-01 8.939788e-11 3.273610e-01 
5.063036e-01 8.984033e-11 3.283520e-01 
5.062889e-01 9.047978e-11 3.237310e-01 
5.063196e-01 8.883903e-11 3.414380e-01 
5.063062e-01 8.897142e-11 4.180680e-01 
5.063006e-01 8.986365e-11 4.382270e-01 
5.062957e-01 9.002423e-11 3.356600e-01 
5.063011e-01 8.931421e-11 3.251310e-01 
5.063033e-01 8.943008e-11 3.248560e-01 
5.063027e-01 8.996918e-11 3.406960e-01 
5.063037e-01 8.976868e-11 3.297100e-01 
5.063141e-01 8.936016e-11 3.245380e-01 
5.062930e-01 9.032791e-11 3.319110e-01 
5.062980e-01 9.018726e-11 3.252310e-01 
5.063020e-01 8.927449e-11 3.248940e-01 
5.063163e-01 8.882681e-11 3.318810e-01 
5.063116e-01 8.920286e-11 3.251940e-01 
5.062919e-01 8.952158e-11 3.260230e-01 
5.063161e-01 8.943964e-11 3.628620e-01 
5.063020e-01 8.961556e-11 3.283290e-01 
5.062922e-01 9.043446e-11 3.248210e-01 
5.063075e-01 8.998262e-11 3.555500e-01 
5.063037e-01 8.975412e-11 3.262890e-01 
5.063104e-01 8.950565e-11 3.247100e-01 
5.063149e-01 8.913646e-11 3.343050e-01 
5.063070e-01 8.982690e-11 3.229100e-01 
5.063172e-01 8.914662e-11 3.231710e-01 
5.063002e-01 8.986337e-11 3.256970e-01 
5.063068e-01 8.966292e-11 3.341370e-01 
5.062920e-01 8.991579e-11 3.259490e-01 
5.062984e-01 9.006225e-11 3.364770e-01 
5.063096e-01 8.921710e-11 3.255170e-01 
5.062985e-01 8.998303e-11 3.521970e-01 
5.063100e-01 8.977532e-11 3.679200e-01 
5.063038e-01 8.952352e-11 3.255800e-01 
5.062921e-01 8.932400e-11 3.253400e-01 
5.062875e-01 9.021040e-11 3.332840e-01 
5.062916e-01 8.946283e-11 3.248850e-01 
5.062691e-01 9.052659e-11 3.240360e-01 
5.062834e-01 8.984215e-11 3.347550e-01 
5.063028e-01 8.946303e-11 3.234810e-01 
5.063152e-01 8.882100e-11 3.239060e-01 
5.062934e-01 8.983238e-11 3.339690e-01 
5.063105e-01 8.896797e-11 3.253770e-01 
5.063009e-01 8.972525e-11 3.292340e-01 
5.062922e-01 9.022345e-11 4.131620e-01 
5.063126e-01 8.911916e-11 3.263950e-01 
5.062857e-01 9.018258e-11 3.238600e-01 
5.062975e-01 8.998205e-11 3.326920e-01 
5.062941e-01 9.031590e-11 3.245790e-01 
5.062813e-01 9.017497e-11 3.286200e-01 
5.062800e-01 9.072562e-11 3.346300e-01 
5.063027e-01 8.928483e-11 3.239570e-01 
5.062979e-01 8.986120e-11 3.248560e-01 
5.062928e-01 8.941352e-11 3.359860e-01 
5.063042e-01 8.954773e-11 3.240850e-01 
5.063007e-01 8.976186e-11 3.250460e-01 
5.062965e-01 8.938267e-11 3.291920e-01 
5.063142e-01 8.900526e-11 3.262380e-01 
5.063019e-01 8.968760e-11 3.248530e-01 
5.062872e-01 8.980062e-11 3.428120e-01 
5.063021e-01 8.938587e-11 3.242530e-01 
5.062991e-01 8.964491e-11 3.208220e-01 
5.062925e-01 9.021803e-11 3.305680e-01 
5.063145e-01 8.944991e-11 3.252620e-01 
5.062937e-01 8.997963e-11 3.243460e-01 
5.063018e-01 8.984650e-11 3.297920e-01 
5.062958e-01 8.954566e-11 3.253360e-01 
5.063052e-01 9.013207e-11 3.460970e-01 
5.062809e-01 9.069652e-11 3.459550e-01 
5.062905e-01 8.977450e-11 3.279800e-01 
5.062983e-01 9.016042e-11 3.264160e-01 
5.062886e-01 8.973378e-11 3.310940e-01 
5.062911e-01 8.976056e-11 3.247210e-01 
5.062965e-01 8.958126e-11 3.257880e-01 
5.063114e-01 8.935832e-11 3.752510e-01 
5.062978e-01 8.891113e-11 3.327490e-01 
5.062883e-01 9.013449e-11 3.361960e-01 
5.062984e-01 9.028668e-11 3.336940e-01 
5.062953e-01 8.962160e-11 3.305660e-01 
5.062899e-01 8.999182e-11 3.251990e-01 
5.063051e-01 8.848902e-11 3.295450e-01 
5.063043e-01 8.905669e-11 3.249110e-01 
5.062981e-01 8.952714e-11 3.234680e-01 
5.063043e-01 8.865743e-11 3.313620e-01 
5.062852e-01 9.070020e-11 3.247550e-01 
5.062944e-01 9.021949e-11 3.204180e-01 
5.062990e-01 8.969885e-11 3.303300e-01 
5.063031e-01 8.976251e-11 3.271220e-01 
5.062793e-01 9.087249e-11 3.263180e-01 
5.062962e-01 8.968455e-11 3.542870e-01 
5.063072e-01 8.942879e-11 3.314010e-01 
5.062998e-01 8.960507e-11 3.436690e-01 
5.063030e-01 8.956855e-11 3.429810e-01 
5.063105e-01 8.977767e-11 3.254640e-01 
5.063136e-01 8.956475e-11 3.286670e-01 
5.063320e-01 8.874336e-11 4.074470e-01 
5.063013e-01 9.004821e-11 4.341530e-01 
5.062999e-01 9.015781e-11 3.274930e-01 
5.063175e-01 8.872325e-11 3.332410e-01 
5.063045e-01 8.969841e-11 3.248950e-01 
5.063032e-01 9.012436e-11 3.243760e-01 
5.063008e-01 8.937509e-11 3.576400e-01 
5.062906e-01 8.987302e-11 3.252870e-01 
5.062919e-01 8.976582e-11 3.248680e-01 
5.062940e-01 8.953760e-11 3.336960e-01 
5.062939e-01 9.003635e-11 3.240910e-01 
5.062932e-01 8.990211e-11 3.252850e-01 
5.062977e-01 8.998502e-11 3.314180e-01 
5.062937e-01 8.997086e-11 3.246520e-01 
5.062944e-01 8.987775e-11 3.244440e-01 
5.062866e-01 9.055744e-11 3.290600e-01 
5.063058e-01 8.912480e-11 3.253010e-01 
5.063009e-01 8.969271e-11 3.241210e-01 
5.063100e-01 8.937675e-11 3.307810e-01 
5.063082e-01 8.991507e-11 3.265030e-01 
5.062947e-01 9.043340e-11 3.268090e-01 
5.063049e-01 8.937901e-11 3.337120e-01 
5.062998e-01 8.944952e-11 3.242550e-01 
5.062876e-01 9.048418e-11 3.444320e-01 
5.063004e-01 8.965284e-11 3.436590e-01 
5.063029e-01 8.962216e-11 3.330670e-01 
5.063036e-01 8.964897e-11 3.489190e-01 
5.062973e-01 8.974529e-11 3.415310e-01 
5.062831e-01 9.048183e-11 3.263900e-01 
5.062971e-01 8.981584e-11 3.268090e-01 
5.063005e-01 8.934872e-11 3.364060e-01 
5.063002e-01 8.994296e-11 3.277530e-01 
5.063071e-01 8.945905e-11 3.257640e-01 
5.062899e-01 8.998698e-11 3.382470e-01 
5.062937e-01 8.994951e-11 3.256360e-01 
5.063150e-01 8.955857e-11 3.278990e-01 
5.062740e-01 9.087120e-11 3.656250e-01 
5.062855e-01 9.009405e-11 3.453190e-01 
5.063158e-01 8.937393e-11 3.274350e-01 
5.063151e-01 8.960148e-11 3.402810e-01 
5.062937e-01 9.047733e-11 3.305530e-01 
5.063030e-01 8.975685e-11 3.252900e-01 
5.063041e-01 8.992313e-11 3.671640e-01 
5.063061e-01 8.979400e-11 3.275060e-01 
5.063124e-01 8.954947e-11 3.247760e-01 
5.063167e-01 8.946422e-11 3.303100e-01 
5.063089e-01 8.940177e-11 3.255580e-01 
5.062927e-01 8.994800e-11 3.280560e-01 
5.063098e-01 8.978149e-11 3.316600e-01 
5.063098e-01 8.937522e-11 3.414950e-01 
5.063132e-01 8.990875e-11 3.251820e-01 
5.063197e-01 8.936009e-11 3.371700e-01 
5.063040e-01 8.980661e-11 3.731090e-01 
5.063083e-01 8.961316e-11 3.275550e-01 
5.063087e-01 8.982408e-11 3.301020e-01 
5.062969e-01 9.001464e-11 3.242160e-01 
5.063099e-01 8.959681e-11 3.273480e-01 
5.063152e-01 8.908532e-11 3.302110e-01 
5.063086e-01 8.973133e-11 3.247780e-01 
5.063082e-01 8.992189e-11 3.243320e-01 
5.063189e-01 8.912701e-11 3.331950e-01 
5.063106e-01 8.934844e-11 3.244510e-01 
5.063054e-01 8.955466e-11 3.253710e-01 
5.062945e-01 9.005031e-11 3.344630e-01 
5.063053e-01 9.030691e-11 3.253690e-01 
5.062988e-01 9.020083e-11 3.260100e-01 
5.062940e-01 9.007797e-11 3.370980e-01 
5.063177e-01 8.907840e-11 3.364380e-01 
5.062924e-01 8.962759e-11 3.385430e-01 
5.062918e-01 9.016247e-11 3.530290e-01 
5.063002e-01 8.918836e-11 3.498540e-01 
5.062912e-01 9.028478e-11 3.343500e-01 
5.063078e-01 8.954737e-11 3.453870e-01 
5.063074e-01 8.870937e-11 3.471980e-01 
5.063192e-01 8.890214e-11 3.268640e-01 
5.062810e-01 9.061106e-11 3.410530e-01 
5.063140e-01 8.959664e-11 3.539300e-01 
5.062826e-01 8.996350e-11 3.327700e-01 
5.062861e-01 9.036060e-11 3.311180e-01 
5.062987e-01 8.939491e-11 3.233540e-01 
5.063150e-01 8.945607e-11 3.254470e-01 
5.063106e-01 8.947875e-11 3.315140e-01 
5.062965e-01 8.997477e-11 3.280970e-01 
5.063007e-01 9.020070e-11 3.268050e-01 
5.063099e-01 8.937884e-11 3.343060e-01 
5.063010e-01 8.951238e-11 3.249230e-01 
5.062956e-01 8.978963e-11 3.276870e-01 
5.062881e-01 9.018094e-11 3.438070e-01 
5.062980e-01 8.944730e-11 3.250060e-01 
5.063024e-01 8.943046e-11 3.249660e-01 
5.063061e-01 8.982003e-11 3.329650e-01 
5.062923e-01 9.004756e-11 3.338550e-01 
5.063049e-01 8.959672e-11 4.279090e-01 
5.062924e-01 8.993385e-11 3.474930e-01 
5.063105e-01 8.956896e-11 3.264900e-01 
5.063118e-01 8.918349e-11 3.311680e-01 
5.063142e-01 8.926076e-11 3.307060e-01 
5.063152e-01 8.978989e-11 3.263930e-01 
5.063041e-01 8.906926e-11 3.275900e-01 
5.062998e-01 9.011481e-11 3.275580e-01 
5.063044e-01 8.996208e-11 3.278620e-01 
5.062998e-01 8.967196e-11 3.331350e-01 
5.063129e-01 8.898463e-11 3.276860e-01 
5.063071e-01 8.922906e-11 3.250690e-01 
5.062933e-01 8.981401e-11 3.319430e-01 
5.062992e-01 8.913471e-11 3.308670e-01 
5.063039e-01 8.901201e-11 3.375090e-01 
5.062619e-01 9.102937e-11 3.549740e-01 
5.062823e-01 9.022901e-11 4.615990e-01 
5.063182e-01 8.929901e-11 4.286690e-01 
5.063199e-01 8.860048e-11 4.287480e-01 
5.063052e-01 8.931255e-11 3.454360e-01 
5.062868e-01 9.012985e-11 4.061720e-01 
5.062993e-01 8.937860e-11 3.647530e-01 
5.063132e-01 8.938887e-11 3.276790e-01 
5.062897e-01 8.996551e-11 3.397100e-01 
5.063008e-01 8.993596e-11 3.561440e-01 
5.063027e-01 8.969361e-11 3.329650e-01 
5.063028e-01 8.963380e-11 3.571890e-01 
5.063144e-01 8.920574e-11 3.437830e-01 
5.063007e-01 8.973464e-11 3.282700e-01 
5.062946e-01 8.990311e-11 3.329940e-01 
5.063062e-01 8.928837e-11 3.280980e-01 
5.063138e-01 8.903747e-11 3.253430e-01 
5.062947e-01 9.000624e-11 3.439180e-01 
5.063019e-01 8.955619e-11 3.249840e-01 
5.063044e-01 8.959394e-11 3.272190e-01 
5.062959e-01 8.987613e-11 3.316210e-01 
5.062994e-01 8.911947e-11 3.239140e-01 
5.062819e-01 9.032979e-11 3.269610e-01 
5.062970e-01 8.992351e-11 3.500290e-01 
5.062938e-01 8.962093e-11 3.245460e-01 
5.063097e-01 8.974254e-11 3.345880e-01 
5.062880e-01 9.042722e-11 3.341920e-01 
5.062877e-01 8.991920e-11 3.254570e-01 
5.062821e-01 9.031761e-11 3.281330e-01 
5.062941e-01 9.020599e-11 3.312890e-01 
5.062889e-01 9.002585e-11 3.290400e-01 
5.062987e-01 8.957791e-11 3.260960e-01 
5.062783e-01 9.039000e-11 3.449750e-01 
5.062859e-01 8.941941e-11 3.257610e-01 
5.062914e-01 9.011107e-11 3.239810e-01 
5.063059e-01 8.893002e-11 3.341570e-01 
5.063070e-01 8.979812e-11 3.224760e-01 
5.062997e-01 8.924491e-11 3.232970e-01 
5.063127e-01 8.856281e-11 3.316050e-01 
5.062983e-01 8.990289e-11 3.243000e-01 
5.063001e-01 9.002910e-11 3.249730e-01 
5.062945e-01 8.959770e-11 3.321410e-01 
5.063094e-01 8.962355e-11 3.468440e-01 
5.063140e-01 8.889247e-11 3.245290e-01 
5.063041e-01 8.982747e-11 3.301740e-01 
5.062990e-01 8.954616e-11 3.265320e-01 
5.062885e-01 9.022861e-11 3.262000e-01 
5.062825e-01 9.059951e-11 4.120650e-01 
5.062958e-01 9.011757e-11 3.431240e-01 
5.062928e-01 8.998996e-11 3.281040e-01 
5.062829e-01 9.045174e-11 3.403060e-01 
5.063030e-01 8.948600e-11 3.250200e-01 
5.062854e-01 9.009328e-11 3.296120e-01 
5.063070e-01 8.943136e-11 3.300710e-01 
5.063039e-01 8.921853e-11 3.246430e-01 
5.062945e-01 8.976699e-11 3.633480e-01 
5.062983e-01 9.001134e-11 3.448240e-01 
5.062945e-01 8.953815e-11 3.258340e-01 
5.062960e-01 8.954750e-11 3.275510e-01 
5.062866e-01 8.988302e-11 3.291620e-01 
5.063000e-01 9.040426e-11 3.232350e-01 
5.062904e-01 8.982506e-11 3.295670e-01 
5.062939e-01 8.993858e-11 3.308730e-01 
5.063016e-01 8.939786e-11 3.311040e-01 
5.062927e-01 8.995229e-11 3.287850e-01 
5.063054e-01 8.899305e-11 3.318340e-01 
5.063193e-01 8.869612e-11 3.239250e-01 
5.062885e-01 9.065679e-11 3.280490e-01 
5.063127e-01 8.971357e-11 3.277390e-01 
5.063167e-01 8.868926e-11 3.252770e-01 
5.062766e-01 9.023624e-11 3.258730e-01 
5.062894e-01 9.022507e-11 3.707860e-01 
5.062949e-01 8.952074e-11 3.780800e-01 
5.062982e-01 9.021097e-11 3.746990e-01 
5.062930e-01 9.038703e-11 4.541050e-01 
5.063078e-01 8.972409e-11 4.114460e-01 
5.062899e-01 9.042115e-11 3.518990e-01 
5.062931e-01 8.993298e-11 3.275700e-01 
5.062945e-01 8.999148e-11 3.301880e-01 
5.063035e-01 8.978115e-11 3.302790e-01 
5.063036e-01 8.986805e-11 3.312010e-01 
5.063222e-01 8.918514e-11 3.469790e-01 
5.063004e-01 8.933404e-11 3.400380e-01 
5.063080e-01 8.945372e-11 3.404460e-01 
5.062925e-01 8.982524e-11 3.401810e-01 
5.063052e-01 8.976958e-11 3.363040e-01 
5.063075e-01 8.902792e-11 3.249250e-01 
5.062877e-01 9.017471e-11 3.297090e-01 
5.063114e-01 8.919082e-11 3.247650e-01 
5.062903e-01 8.998131e-11 3.313830e-01 
5.062933e-01 8.978036e-11 3.277820e-01 
5.063111e-01 8.946241e-11 3.428640e-01 
5.062799e-01 8.999346e-11 3.295060e-01 
5.062889e-01 8.994055e-11 3.315120e-01 
5.063025e-01 8.910681e-11 3.549220e-01 
5.062994e-01 9.042531e-11 3.313990e-01 
5.063158e-01 8.930051e-11 3.655940e-01 
5.063056e-01 8.940680e-11 3.639000e-01 
5.062978e-01 8.989034e-11 3.566600e-01 
5.063184e-01 8.910880e-11 3.332710e-01 
5.062792e-01 9.053625e-11 3.451620e-01 
5.062785e-01 9.090435e-11 3.259560e-01 
5.063037e-01 8.980747e-11 3.356510e-01 
5.063080e-01 8.977391e-11 3.335570e-01 
5.063039e-01 9.013313e-11 3.353980e-01 
5.063128e-01 8.931922e-11 3.392530e-01 
5.063077e-01 9.005237e-11 3.291170e-01 
5.063105e-01 8.987350e-11 3.245400e-01 
5.063081e-01 8.999212e-11 3.292850e-01 
5.063237e-01 8.901302e-11 3.369950e-01 
5.063112e-01 8.921406e-11 3.244130e-01 
5.062983e-01 8.954656e-11 3.296220e-01 
5.062828e-01 9.044359e-11 3.291150e-01 
5.063042e-01 8.974254e-11 3.346630e-01 
5.063034e-01 8.951303e-11 3.468290e-01 
5.062955e-01 8.953451e-11 3.383060e-01 
5.063047e-01 8.978011e-11 3.264280e-01 
5.062965e-01 8.943873e-11 3.426090e-01 
5.062928e-01 9.025330e-11 3.405670e-01 
5.063043e-01 8.922867e-11 3.265590e-01 
5.062965e-01 8.999565e-11 3.367710e-01 
5.063077e-01 8.969141e-11 3.531300e-01 
5.062999e-01 8.968171e-11 3.530640e-01 
5.063107e-01 8.941125e-11 3.331750e-01 
5.063026e-01 8.967425e-11 3.251470e-01 
5.063008e-01 8.991928e-11 3.250530e-01 
5.062966e-01 8.962403e-11 3.345120e-01 
5.062951e-01 8.967061e-11 3.298970e-01 
5.062837e-01 9.027326e-11 3.254580e-01 
5.063248e-01 8.883221e-11 3.353720e-01 
5.062868e-01 8.961639e-11 3.276460e-01 
5.063202e-01 8.954699e-11 3.253080e-01 
5.063093e-01 8.986451e-11 3.318800e-01 
5.063010e-01 8.945455e-11 3.241160e-01 
5.063068e-01 8.953378e-11 3.236450e-01 
5.062855e-01 9.009643e-11 3.296830e-01 
5.062846e-01 9.023751e-11 3.361750e-01 
5.063044e-01 9.018361e-11 3.240220e-01 
5.063050e-01 8.995229e-11 3.347680e-01 
5.062959e-01 8.945800e-11 3.336340e-01 
5.063016e-01 8.936796e-11 3.260360e-01 
5.062981e-01 9.011688e-11 3.326300e-01 
5.063044e-01 8.922785e-11 3.341420e-01 
5.062939e-01 8.991861e-11 3.259790e-01 
5.063008e-01 8.974628e-11 3.305470e-01 
5.062961e-01 8.973192e-11 3.343110e-01 
5.062927e-01 9.025787e-11 3.274490e-01 
5.062837e-01 9.055715e-11 3.324990e-01 
5.063134e-01 8.955532e-11 3.314400e-01 
5.062963e-01 9.037096e-11 3.244810e-01 
5.063046e-01 8.955491e-11 3.311310e-01 
5.063014e-01 8.919889e-11 3.459390e-01 
5.062932e-01 9.046558e-11 3.268230e-01 
5.063055e-01 8.941600e-11 3.366020e-01 
5.062959e-01 9.011450e-11 3.363170e-01 
5.063013e-01 9.017062e-11 3.244710e-01 
5.062924e-01 8.947065e-11 3.343270e-01 
5.062922e-01 8.972951e-11 3.320260e-01 
5.062849e-01 8.960150e-11 3.298150e-01 
5.062960e-01 8.972245e-11 3.475170e-01 
5.062972e-01 8.977773e-11 3.263610e-01 
5.062995e-01 8.999050e-11 3.283240e-01 
5.063089e-01 8.932575e-11 3.890790e-01 
5.062864e-01 9.022198e-11 3.426040e-01 
5.062978e-01 8.968309e-11 4.168900e-01 
5.063113e-01 8.937076e-11 3.969130e-01 
5.063019e-01 8.983597e-11 3.303910e-01 
5.062891e-01 9.014250e-11 3.290880e-01 
5.063109e-01 8.909282e-11 3.262560e-01 
5.062942e-01 9.019233e-11 3.256190e-01 
5.063059e-01 8.947993e-11 3.274470e-01 
5.063085e-01 8.969006e-11 3.299710e-01 
5.063026e-01 8.938777e-11 3.225300e-01 
5.063074e-01 8.962434e-11 3.342530e-01 
5.063135e-01 8.940057e-11 3.315250e-01 
5.062981e-01 8.927966e-11 3.336230e-01 
5.063021e-01 8.916976e-11 3.304170e-01 
5.063017e-01 8.981842e-11 3.353810e-01 
5.062906e-01 9.062979e-11 3.261540e-01 
5.062917e-01 9.057174e-11 3.320380e-01 
5.063054e-01 8.941186e-11 3.337940e-01 
5.063151e-01 8.916437e-11 3.284750e-01 
5.062971e-01 9.004788e-11 3.298860e-01 
5.063007e-01 8.999153e-11 3.342500e-01 
5.062999e-01 9.006723e-11 3.244770e-01 
5.063005e-01 8.996647e-11 3.328520e-01 
5.063068e-01 8.892992e-11 3.259290e-01 
5.063041e-01 8.914759e-11 3.247410e-01 
5.062972e-01 8.951437e-11 3.294480e-01 
5.063064e-01 8.945162e-11 3.329110e-01 
5.063028e-01 8.978322e-11 3.307410e-01 
5.062859e-01 9.059231e-11 3.324350e-01 
5.062878e-01 9.014986e-11 3.389240e-01 
5.063016e-01 8.953054e-11 3.298980e-01 
5.063005e-01 8.919376e-11 3.309470e-01 
5.063143e-01 8.905627e-11 3.259450e-01 
5.063067e-01 8.931552e-11 3.266340e-01 
5.063023e-01 8.958460e-11 3.240650e-01 
5.062884e-01 9.029862e-11 3.397920e-01 
5.063110e-01 8.915260e-11 3.245300e-01 
5.063002e-01 9.002292e-11 3.276540e-01 
5.063123e-01 8.921927e-11 3.639730e-01 
5.063029e-01 8.922453e-11 3.261690e-01 
5.062931e-01 8.976668e-11 3.523560e-01 
5.063141e-01 8.884066e-11 3.320500e-01 
5.062846e-01 9.019100e-11 3.248350e-01 
5.062931e-01 8.971855e-11 3.301040e-01 
5.063028e-01 8.973509e-11 3.530680e-01 
5.062875e-01 9.042837e-11 3.255670e-01 
5.062884e-01 9.008402e-11 3.341240e-01 
5.062990e-01 8.918255e-11 3.304000e-01 
5.062982e-01 8.959898e-11 3.313430e-01 
5.063164e-01 8.901741e-11 3.362710e-01 
5.062980e-01 8.978768e-11 3.254280e-01 
5.063156e-01 8.899748e-11 3.304140e-01 
5.063120e-01 8.902594e-11 3.332320e-01 
5.062987e-01 8.982114e-11 3.415250e-01 
5.062816e-01 9.035257e-11 3.424550e-01 
5.063063e-01 9.011943e-11 3.376850e-01 
5.062994e-01 8.951336e-11 3.283040e-01 
5.063042e-01 8.946149e-11 3.254060e-01 
5.062975e-01 9.000352e-11 3.269490e-01 
5.063197e-01 8.873413e-11 3.246030e-01 
5.062954e-01 9.021321e-11 3.229330e-01 
5.062984e-01 8.983740e-11 3.300310e-01 
5.062817e-01 9.073244e-11 3.658800e-01 
5.063048e-01 8.995677e-11 3.690210e-01 
5.063049e-01 8.937761e-11 3.638410e-01 
5.063068e-01 8.909681e-11 3.382460e-01 
5.063121e-01 8.923185e-11 3.274670e-01 
5.062948e-01 8.970592e-11 3.295290e-01 
5.062795e-01 9.018026e-11 3.263490e-01 
5.063000e-01 8.937091e-11 3.276990e-01 
5.063118e-01 8.932397e-11 3.833370e-01 
5.063018e-01 9.008852e-11 3.370270e-01 
5.063093e-01 8.950538e-11 3.258230e-01 
5.062911e-01 9.012045e-11 3.304890e-01 
5.062950e-01 9.016282e-11 3.348970e-01 
5.063027e-01 8.988212e-11 3.246780e-01 
5.062942e-01 9.026192e-11 3.274820e-01 
5.062959e-01 8.947085e-11 3.280430e-01 
5.063039e-01 9.007985e-11 3.279880e-01 
5.062929e-01 8.956791e-11 3.374450e-01 
5.063051e-01 9.004215e-11 3.322160e-01 
5.063047e-01 8.927711e-11 3.265010e-01 
5.062959e-01 8.975913e-11 3.344390e-01 
5.062953e-01 9.044958e-11 3.435510e-01 
5.063089e-01 8.939038e-11 3.287690e-01 
5.062962e-01 9.012471e-11 3.317210e-01 
5.063042e-01 8.907821e-11 3.253270e-01 
5.062710e-01 9.069819e-11 3.320860e-01 
5.063026e-01 8.932962e-11 3.865370e-01 
5.062815e-01 9.018321e-11 3.447450e-01 
5.063089e-01 8.942876e-11 3.225970e-01 
5.062924e-01 8.973259e-11 3.317660e-01 
5.063103e-01 8.912594e-11 3.913840e-01 
5.063052e-01 8.938332e-11 4.156990e-01 
5.062988e-01 8.998085e-11 3.386280e-01 
5.062993e-01 8.888546e-11 3.300040e-01 
5.062831e-01 9.068964e-11 3.336730e-01 
5.062997e-01 8.962989e-11 3.412860e-01 
5.063008e-01 8.952411e-11 3.265270e-01 
5.063003e-01 8.962065e-11 3.297010e-01 
5.063090e-01 8.886967e-11 3.449520e-01 
5.062936e-01 8.979497e-11 3.328050e-01 
5.063045e-01 8.961522e-11 3.309520e-01 
5.062941e-01 9.040669e-11 3.305500e-01 
5.063001e-01 8.943166e-11 3.241230e-01 
5.063089e-01 8.941039e-11 3.315940e-01 
5.062863e-01 8.923964e-11 3.367980e-01 
5.062897e-01 9.014435e-11 3.435040e-01 
5.062814e-01 9.050672e-11 3.308050e-01 
5.062922e-01 9.028996e-11 3.351880e-01 
5.063027e-01 8.910791e-11 3.220620e-01 
5.062910e-01 9.002282e-11 3.640220e-01 
5.063059e-01 8.932057e-11 3.452360e-01 
5.062942e-01 9.008902e-11 3.264370e-01 
5.063035e-01 8.949550e-11 3.602170e-01 
5.063056e-01 8.956001e-11 3.525650e-01 
5.062930e-01 8.914435e-11 3.239460e-01 
5.063026e-01 8.952641e-11 3.453620e-01 
5.062902e-01 8.999984e-11 3.357820e-01 
5.062933e-01 8.959210e-11 3.324490e-01 
5.063122e-01 8.909499e-11 3.389640e-01 
5.062812e-01 8.995596e-11 3.260650e-01 
5.063013e-01 8.915950e-11 3.247460e-01 
5.063035e-01 8.907824e-11 3.319990e-01 
5.063165e-01 8.900720e-11 3.340050e-01 
5.062922e-01 9.001484e-11 3.280910e-01 
5.062994e-01 8.952342e-11 3.331190e-01 
5.062933e-01 9.036658e-11 3.331830e-01 
5.062837e-01 9.000243e-11 3.279070e-01 
5.062903e-01 8.968522e-11 3.535160e-01 
5.062997e-01 8.985205e-11 3.403710e-01 
5.063126e-01 8.931403e-11 3.341670e-01 
5.063056e-01 8.984826e-11 3.397710e-01 
5.063155e-01 8.952955e-11 3.374140e-01 
5.063244e-01 8.880424e-11 3.411460e-01 
5.062898e-01 9.002195e-11 3.312340e-01 
5.062988e-01 8.914451e-11 3.344150e-01 
5.063061e-01 8.944452e-11 3.250510e-01 
5.062890e-01 9.069405e-11 3.323970e-01 
5.062859e-01 9.024610e-11 3.278380e-01 
5.062928e-01 9.013862e-11 3.289090e-01 
5.062914e-01 9.015930e-11 3.326440e-01 
5.062988e-01 9.018132e-11 3.310180e-01 
5.062928e-01 8.989069e-11 3.237440e-01 
5.062884e-01 8.998584e-11 3.325460e-01 
5.063143e-01 8.898917e-11 3.287750e-01 
5.063195e-01 8.924539e-11 3.260860e-01 
5.063054e-01 8.958034e-11 3.367250e-01 
5.062961e-01 8.979929e-11 3.246480e-01 
5.062837e-01 9.064729e-11 3.238740e-01 
5.063079e-01 8.931920e-11 3.288080e-01 
5.062792e-01 9.032031e-11 3.373630e-01 
5.062988e-01 8.984232e-11 3.246020e-01 
5.062962e-01 8.937742e-11 3.284290e-01 
5.063020e-01 8.951608e-11 3.668570e-01 
5.062979e-01 8.980998e-11 3.290350e-01 
5.062856e-01 9.051135e-11 3.323140e-01 
5.062919e-01 8.982450e-11 3.320210e-01 
5.063191e-01 8.877768e-11 3.249730e-01 
5.062911e-01 9.039126e-11 3.287220e-01 
5.063042e-01 8.906076e-11 3.348370e-01 
5.063143e-01 8.952561e-11 3.243800e-01 
5.063177e-01 8.945123e-11 3.307190e-01 
5.063057e-01 8.888328e-11 3.324190e-01 
5.063136e-01 8.892702e-11 3.283290e-01 
5.062829e-01 9.043744e-11 3.358730e-01 
5.062859e-01 8.990306e-11 3.266510e-01 
5.062871e-01 8.980525e-11 3.254060e-01 
5.062924e-01 9.020806e-11 3.340960e-01 
5.062914e-01 8.984233e-11 3.316290e-01 
5.062879e-01 8.992049e-11 3.239240e-01 
5.062915e-01 9.001209e-11 3.301990e-01 
5.062979e-01 8.950378e-11 3.297440e-01 
5.062963e-01 8.957962e-11 3.267140e-01 
5.063056e-01 8.983283e-11 3.394780e-01 
5.063094e-01 8.972652e-11 4.149900e-01 
5.062994e-01 8.970822e-11 3.287550e-01 
5.062986e-01 8.955887e-11 3.346860e-01 
5.063013e-01 8.934993e-11 3.336750e-01 
5.063141e-01 8.911056e-11 3.284660e-01 
5.062935e-01 8.963383e-11 4.053490e-01 
5.062945e-01 8.969895e-11 3.412150e-01 
5.062877e-01 9.026981e-11 3.284220e-01 
5.062988e-01 8.983490e-11 4.062910e-01 
5.063035e-01 8.954635e-11 3.568710e-01 
5.063070e-01 8.913546e-11 4.136710e-01 
5.062907e-01 9.013466e-11 3.473950e-01 
5.063069e-01 8.960471e-11 3.242350e-01 
5.062861e-01 9.007613e-11 3.359470e-01 
5.063066e-01 8.963880e-11 3.446660e-01 
5.063033e-01 8.953594e-11 3.261110e-01 
5.062968e-01 8.977369e-11 3.797530e-01 
5.063147e-01 8.900285e-11 3.726480e-01 
5.062900e-01 8.993780e-11 5.152900e-01 
5.063133e-01 8.863354e-11 4.218270e-01 
5.063004e-01 8.969015e-11 3.775640e-01 
5.062845e-01 8.999138e-11 3.658470e-01 
5.062942e-01 9.007643e-11 3.555510e-01 
5.063069e-01 8.940692e-11 3.522700e-01 
5.063012e-01 8.979425e-11 3.339860e-01 
5.063211e-01 8.899629e-11 3.630190e-01 
5.063068e-01 8.921346e-11 3.574880e-01 
5.062989e-01 8.987029e-11 3.348990e-01 
5.062852e-01 8.963386e-11 3.359840e-01 
5.062995e-01 8.978756e-11 3.450810e-01 
5.063138e-01 8.874249e-11 3.326980e-01 
5.062854e-01 8.968570e-11 3.330040e-01 
5.063115e-01 8.919073e-11 3.358100e-01 
5.063065e-01 8.963300e-11 3.284610e-01 
5.063007e-01 8.953801e-11 3.518370e-01 
5.063052e-01 8.935322e-11 3.337150e-01 
5.062911e-01 8.995710e-11 3.265190e-01 
5.062996e-01 8.965713e-11 3.818010e-01 
5.062981e-01 8.951365e-11 4.958800e-01 
5.062941e-01 8.972072e-11 4.475200e-01 
5.062826e-01 9.018390e-11 3.447720e-01 
5.062892e-01 9.051935e-11 3.306160e-01 
5.062930e-01 8.941829e-11 3.833860e-01 
5.063064e-01 8.969552e-11 4.064970e-01 
5.062849e-01 9.065371e-11 4.514680e-01 
5.062946e-01 8.960881e-11 4.100260e-01 
5.063010e-01 8.974682e-11 3.722640e-01 
5.062894e-01 9.020928e-11 3.409850e-01 
5.062985e-01 9.005873e-11 3.292420e-01 
5.062966e-01 9.016074e-11 3.288970e-01 
5.062984e-01 9.000310e-11 3.271210e-01 
5.063127e-01 8.935840e-11 3.290150e-01 
5.062986e-01 9.004355e-11 3.271530e-01 
5.062921e-01 9.043493e-11 3.632350e-01 
5.062987e-01 8.900337e-11 4.372200e-01 
5.062884e-01 8.989969e-11 3.712610e-01 
5.062985e-01 8.993062e-11 4.690710e-01 
5.062872e-01 8.969340e-11 3.777570e-01 
5.062943e-01 8.949788e-11 3.345180e-01 
5.062923e-01 9.011517e-11 3.558510e-01 
5.063029e-01 8.943515e-11 3.254690e-01 
5.062853e-01 8.974071e-11 3.492470e-01 
5.063072e-01 8.998776e-11 3.336340e-01 
5.063058e-01 9.002535e-11 3.286410e-01 
5.062980e-01 8.974107e-11 3.302680e-01 
5.063148e-01 8.883037e-11 3.303050e-01 
5.063100e-01 8.952176e-11 3.267430e-01 
5.063028e-01 8.931615e-11 3.239960e-01 
5.063134e-01 8.930682e-11 3.365030e-01 
5.062808e-01 9.071262e-11 3.245620e-01 
5.062935e-01 8.979053e-11 3.257760e-01 
5.062903e-01 8.964492e-11 3.269880e-01 
5.062850e-01 9.028238e-11 3.264280e-01 
5.062919e-01 9.067330e-11 3.258980e-01 
5.063044e-01 8.951804e-11 3.312540e-01 
5.062952e-01 8.909649e-11 3.659140e-01 
5.063010e-01 8.978231e-11 3.426900e-01 
5.062890e-01 8.985714e-11 3.527860e-01 
5.063013e-01 8.989351e-11 3.381290e-01 
5.063173e-01 8.900381e-11 3.253570e-01 
5.062841e-01 9.007650e-11 3.522910e-01 
5.062919e-01 9.034036e-11 3.501360e-01 
5.062916e-01 8.973362e-11 3.426990e-01 
5.062794e-01 9.016548e-11 3.361730e-01 
5.063027e-01 8.908454e-11 3.452830e-01 
5.062950e-01 9.043895e-11 3.555410e-01 
5.062971e-01 8.930605e-11 3.430190e-01 
5.062999e-01 8.961170e-11 3.447470e-01 
5.062970e-01 8.937988e-11 3.312160e-01 
5.063102e-01 8.934937e-11 3.321440e-01 
5.063098e-01 8.913426e-11 3.419930e-01 
5.062942e-01 8.996535e-11 3.454810e-01 
5.062993e-01 8.958045e-11 3.507280e-01 
5.063020e-01 8.966555e-11 4.045840e-01 
5.063003e-01 8.941515e-11 3.916950e-01 
5.062898e-01 9.041583e-11 4.628900e-01 
5.063217e-01 8.889235e-11 4.495490e-01 
5.062944e-01 9.007101e-11 4.161640e-01 
5.063090e-01 8.942821e-11 3.562690e-01 
5.062938e-01 9.045369e-11 3.703770e-01 
5.062967e-01 9.003689e-11 4.366260e-01 
5.063110e-01 8.952989e-11 3.572760e-01 
5.063028e-01 8.966734e-11 4.098650e-01 
5.063001e-01 8.891987e-11 3.672440e-01 
5.062910e-01 9.028331e-11 3.727260e-01 
5.063038e-01 8.985824e-11 4.355110e-01 
5.063179e-01 8.876934e-11 3.842680e-01 
5.062815e-01 9.061371e-11 3.344240e-01 
5.062981e-01 8.992143e-11 3.324910e-01 
5.063068e-01 8.939895e-11 3.465040e-01 
5.062877e-01 8.962834e-11 4.244530e-01 
5.063061e-01 8.917531e-11 4.491590e-01 
5.062992e-01 8.980966e-11 3.353760e-01 
5.063093e-01 8.896784e-11 3.352010e-01 
5.062940e-01 8.997503e-11 3.418880e-01 
5.063043e-01 8.944869e-11 3.396120e-01 
5.062993e-01 8.991352e-11 3.369680e-01 
5.063159e-01 8.902697e-11 3.829640e-01 
5.063050e-01 8.948166e-11 3.877870e-01 
5.062945e-01 8.957419e-11 3.850670e-01 
5.062996e-01 8.907348e-11 3.458420e-01 
5.063014e-01 8.933199e-11 3.806740e-01 
5.062939e-01 8.987361e-11 3.345020e-01 
5.062996e-01 8.892142e-11 3.409950e-01 
5.062760e-01 9.049801e-11 3.357710e-01 
5.063042e-01 8.972790e-11 3.636780e-01 
5.062975e-01 8.960404e-11 4.085440e-01 
5.062889e-01 9.009300e-11 3.387070e-01 
5.063052e-01 8.948448e-11 3.374220e-01 
5.062867e-01 8.967050e-11 3.691160e-01 
5.062887e-01 9.014442e-11 3.808350e-01 
5.062810e-01 9.041080e-11 3.763240e-01 
5.062758e-01 9.079796e-11 3.905780e-01 
5.062796e-01 9.028319e-11 3.548850e-01 
5.063070e-01 8.963795e-11 3.479860e-01 
5.062966e-01 8.979408e-11 3.372920e-01 
5.062929e-01 8.994189e-11 3.358970e-01 
5.063036e-01 8.918436e-11 3.387210e-01 
5.063048e-01 8.981632e-11 3.528970e-01 
5.062850e-01 8.958543e-11 3.416910e-01 
5.062915e-01 8.972397e-11 3.301230e-01 
5.062915e-01 9.005947e-11 3.321880e-01 
5.062861e-01 8.948077e-11 3.323220e-01 
5.062986e-01 8.950596e-11 3.415660e-01 
5.062978e-01 8.982302e-11 3.317150e-01 
5.062987e-01 8.979284e-11 3.370620e-01 
5.063118e-01 8.852352e-11 3.269950e-01 
5.063104e-01 8.887773e-11 4.259880e-01 
5.062906e-01 8.937862e-11 3.665260e-01 
5.062980e-01 8.946420e-11 4.262190e-01 
5.063022e-01 8.945806e-11 3.358230e-01 
5.062974e-01 8.971562e-11 3.384240e-01 
5.063051e-01 8.965398e-11 3.307800e-01 
5.063056e-01 8.945538e-11 3.361450e-01 
5.062994e-01 8.944133e-11 3.345720e-01 
5.063004e-01 8.882367e-11 3.473780e-01 
5.062851e-01 9.037090e-11 3.420760e-01 
5.063011e-01 8.969182e-11 3.457730e-01 
5.063019e-01 8.936208e-11 3.338070e-01 
5.062836e-01 9.021000e-11 3.356320e-01 
5.062933e-01 9.017047e-11 3.349820e-01 
5.063202e-01 8.823390e-11 3.299290e-01 
5.062968e-01 9.006837e-11 3.295990e-01 
5.062988e-01 8.953445e-11 3.663680e-01 
5.063021e-01 8.998952e-11 4.094890e-01 
5.063098e-01 8.938268e-11 5.042090e-01 
5.063023e-01 8.905370e-11 3.848290e-01 
5.062947e-01 8.930015e-11 3.358510e-01 
5.062905e-01 9.029325e-11 3.527140e-01 
5.062957e-01 8.938838e-11 3.313210e-01 
5.063033e-01 8.933636e-11 3.666450e-01 
5.062902e-01 8.992362e-11 3.470230e-01 
5.062992e-01 8.999684e-11 3.358670e-01 
5.062910e-01 9.017473e-11 3.501750e-01 
5.062901e-01 8.993209e-11 3.406180e-01 
5.063174e-01 8.852117e-11 3.561120e-01 
5.063070e-01 8.962098e-11 4.498440e-01 
5.063100e-01 8.875683e-11 4.917920e-01 
5.063070e-01 8.978666e-11 3.789140e-01 
5.062998e-01 8.972985e-11 3.325650e-01 
5.063010e-01 8.991481e-11 3.360890e-01 
5.062898e-01 8.979400e-11 3.570300e-01 
5.062919e-01 8.953707e-11 3.371810e-01 
5.063020e-01 9.009950e-11 3.358820e-01 
5.062980e-01 8.989968e-11 4.153460e-01 
5.062976e-01 9.004709e-11 3.991420e-01 
5.063004e-01 8.954778e-11 3.414260e-01 
5.063093e-01 8.900053e-11 3.850560e-01 
5.063049e-01 8.953769e-11 4.180060e-01 
5.062990e-01 8.956031e-11 4.014100e-01 
5.062960e-01 9.056824e-11 4.321740e-01 
5.062971e-01 8.939203e-11 4.888800e-01 
5.063049e-01 8.930223e-11 3.700400e-01 
5.062911e-01 8.950009e-11 3.398820e-01 
5.062981e-01 8.984957e-11 3.542240e-01 
5.063027e-01 8.942390e-11 3.374520e-01 
5.063000e-01 8.982051e-11 3.314070e-01 
5.062836e-01 9.050476e-11 3.544310e-01 
5.063118e-01 8.961991e-11 3.381340e-01 
5.063045e-01 8.945733e-11 3.872220e-01 
5.062890e-01 9.013089e-11 4.159540e-01 
5.063026e-01 8.919388e-11 4.725760e-01 
5.062976e-01 8.960458e-11 3.485160e-01 
5.062968e-01 8.968584e-11 3.380510e-01 
5.063165e-01 8.842765e-11 3.414650e-01 
5.062969e-01 8.948620e-11 4.014930e-01 
5.062805e-01 8.996678e-11 3.930020e-01 
5.063003e-01 8.918737e-11 3.467570e-01 
5.062860e-01 9.024594e-11 3.339330e-01 
5.063080e-01 8.944212e-11 3.403320e-01 
5.063058e-01 8.948835e-11 3.643270e-01 
5.062792e-01 9.072620e-11 4.646730e-01 
5.063026e-01 8.935581e-11 4.031920e-01 
5.062929e-01 8.997413e-11 3.848510e-01 
5.063045e-01 8.931369e-11 3.900660e-01 
5.062768e-01 8.978428e-11 3.389170e-01 
5.063130e-01 8.907270e-11 3.323120e-01 
5.063034e-01 9.002327e-11 3.835610e-01 
5.062975e-01 8.972364e-11 4.104910e-01 
5.062965e-01 8.965255e-11 3.434550e-01 
5.063090e-01 8.935547e-11 3.414900e-01 
5.062841e-01 9.035575e-11 3.549360e-01 
5.062804e-01 9.052641e-11 3.542620e-01 
5.063024e-01 8.899596e-11 3.797410e-01 
5.062974e-01 8.980815e-11 3.931650e-01 
5.062982e-01 8.910615e-11 4.179000e-01 
5.063187e-01 8.918012e-11 3.732120e-01 
5.063048e-01 8.974055e-11 3.382420e-01 
5.062944e-01 8.961598e-11 3.453860e-01 
5.062980e-01 8.987933e-11 3.381910e-01 
5.062861e-01 9.005098e-11 3.401270e-01 
5.062784e-01 9.035785e-11 3.530990e-01 
5.062763e-01 9.048722e-11 3.520930e-01 
5.062866e-01 8.995243e-11 3.302520e-01 
5.062984e-01 8.974007e-11 3.888850e-01 
5.063072e-01 8.905744e-11 4.232170e-01 
5.062829e-01 8.999011e-11 3.957370e-01 
5.062924e-01 9.017715e-11 4.457800e-01 
5.063023e-01 8.952865e-11 3.966730e-01 
5.062952e-01 8.963721e-11 3.930220e-01 
5.063140e-01 8.900645e-11 3.796640e-01 
5.063009e-01 9.005645e-11 3.400150e-01 
5.063010e-01 8.978456e-11 3.548080e-01 
5.062910e-01 8.988163e-11 3.508310e-01 
5.062963e-01 8.990411e-11 4.084750e-01 
5.062872e-01 8.977164e-11 3.613180e-01 
5.062874e-01 8.968419e-11 3.306080e-01 
5.063117e-01 8.912346e-11 3.463240e-01 
5.063022e-01 8.978663e-11 3.324620e-01 
5.062991e-01 8.996060e-11 3.297390e-01 
5.063057e-01 8.912680e-11 3.659980e-01 
5.063069e-01 8.958674e-11 3.300190e-01 
5.062940e-01 8.958308e-11 3.367300e-01 
5.062997e-01 9.010761e-11 3.566900e-01 
5.062969e-01 8.999834e-11 3.401230e-01 
5.062931e-01 8.998511e-11 3.316730e-01 
5.062982e-01 8.978009e-11 3.417080e-01 
5.063171e-01 8.910392e-11 3.370320e-01 
5.063035e-01 8.937462e-11 3.747100e-01 
5.062901e-01 9.018803e-11 4.364420e-01 
5.062862e-01 9.030901e-11 3.389470e-01 
5.062899e-01 8.963620e-11 3.397690e-01 
5.063064e-01 8.943807e-11 3.330200e-01 
5.063007e-01 9.004133e-11 3.288580e-01 
5.063081e-01 8.883079e-11 3.485320e-01 
5.063042e-01 8.946910e-11 3.397310e-01 
5.062882e-01 9.009528e-11 3.499240e-01 
5.062923e-01 8.970478e-11 3.933070e-01 
5.062949e-01 8.944771e-11 3.495560e-01 
5.063073e-01 8.914888e-11 4.542580e-01 
5.062944e-01 9.033563e-11 3.339390e-01 
5.063038e-01 8.936790e-11 4.493930e-01 
5.062984e-01 9.034042e-11 3.541850e-01 
5.062953e-01 8.921416e-11 3.417580e-01 
5.062950e-01 8.964366e-11 4.183300e-01 
5.062780e-01 9.032790e-11 3.687830e-01 
5.062847e-01 8.996550e-11 4.242830e-01 
5.062984e-01 8.934572e-11 3.582350e-01 
5.062783e-01 9.035524e-11 3.326000e-01 
5.063005e-01 8.949213e-11 3.310370e-01 
5.063055e-01 8.949841e-11 3.361390e-01 
5.062991e-01 8.954528e-11 4.201100e-01 
5.062976e-01 8.967248e-11 3.941380e-01 
5.063075e-01 9.002821e-11 3.512460e-01 
5.062802e-01 8.956104e-11 3.881400e-01 
5.063009e-01 8.982008e-11 3.409190e-01 
5.062839e-01 9.066212e-11 3.310840e-01 
5.062899e-01 8.989666e-11 3.332710e-01 
5.062876e-01 9.003967e-11 3.351250e-01 
5.062915e-01 9.027607e-11 3.361050e-01 
5.062908e-01 8.975724e-11 3.321420e-01 
5.062922e-01 9.021029e-11 3.507510e-01 
5.062940e-01 9.017034e-11 3.420230e-01 
5.062973e-01 9.030394e-11 4.208920e-01 
5.063125e-01 8.908794e-11 3.515480e-01 
5.063130e-01 8.847947e-11 3.414790e-01 
5.062975e-01 8.951648e-11 3.771030e-01 
5.063044e-01 8.960080e-11 4.443140e-01 
5.062935e-01 9.003633e-11 3.391860e-01 
5.062970e-01 9.041239e-11 3.402640e-01 
5.062848e-01 9.003413e-11 3.503210e-01 
5.062890e-01 9.013921e-11 3.618580e-01 
5.062883e-01 9.051504e-11 3.932770e-01 
5.062920e-01 9.036052e-11 4.266780e-01 
5.063028e-01 8.907525e-11 5.104470e-01 
5.063119e-01 8.936996e-11 4.754850e-01 
5.063091e-01 8.898036e-11 4.326770e-01 
5.063009e-01 8.960171e-11 4.304800e-01 
5.063095e-01 8.870651e-11 4.343550e-01 
5.062986e-01 8.982603e-11 4.301780e-01 
5.062934e-01 8.949847e-11 3.744140e-01 
5.063076e-01 8.954793e-11 3.543180e-01 
5.062904e-01 8.967666e-11 3.425260e-01 
5.063116e-01 8.926335e-11 3.551120e-01 
5.063022e-01 9.009922e-11 3.742370e-01 
5.062933e-01 8.963174e-11 3.335400e-01 
5.062933e-01 9.012925e-11 3.361230e-01 
5.062929e-01 8.952425e-11 3.312000e-01 
5.063089e-01 8.893059e-11 3.307060e-01 
5.062904e-01 8.982300e-11 3.382480e-01 
5.063014e-01 8.936683e-11 3.410210e-01 
5.063023e-01 8.960527e-11 3.275150e-01 
5.063015e-01 8.951610e-11 3.331920e-01 
5.062815e-01 9.015064e-11 3.375720e-01 
5.062854e-01 8.970611e-11 3.292250e-01 
5.062967e-01 9.028129e-11 3.350740e-01 
5.062851e-01 9.058555e-11 3.351570e-01 
5.062724e-01 9.039466e-11 3.316690e-01 
5.062878e-01 8.995547e-11 3.337100e-01 
5.062766e-01 9.012042e-11 3.359020e-01 
5.063042e-01 8.931208e-11 3.311480e-01 
5.062955e-01 8.960038e-11 3.457480e-01 
5.063041e-01 8.957282e-11 3.377850e-01 
5.062857e-01 9.003903e-11 3.353990e-01 
5.062920e-01 9.031727e-11 3.737790e-01 
5.063099e-01 8.908304e-11 3.394050e-01 
5.063025e-01 8.912660e-11 3.334040e-01 
5.062918e-01 8.976200e-11 3.344250e-01 
5.063167e-01 8.899046e-11 3.302800e-01 
