# dim  N   mc   sigma  Gibbs 
# 1    1 600000 0.8
#
# Theoretical Energy = 5.000000e-01
# Energy     Variance     CPU time
4.629039e-01 3.677483e-08 3.412460e-01 
4.633894e-01 3.523349e-08 3.257880e-01 
4.634095e-01 3.375732e-08 3.269970e-01 
4.636636e-01 3.247368e-08 3.263180e-01 
4.634545e-01 3.085816e-08 3.254810e-01 
4.636404e-01 2.974532e-08 3.246690e-01 
4.637799e-01 2.866609e-08 3.460310e-01 
4.633339e-01 2.740427e-08 3.263460e-01 
4.635884e-01 2.635383e-08 3.251300e-01 
4.631069e-01 2.531745e-08 3.452750e-01 
4.626196e-01 2.426389e-08 3.330380e-01 
4.623847e-01 2.342127e-08 3.578570e-01 
4.622485e-01 2.271443e-08 3.300820e-01 
4.619974e-01 2.189704e-08 3.273690e-01 
4.612564e-01 2.117945e-08 3.330530e-01 
4.608133e-01 2.033137e-08 3.398260e-01 
4.605233e-01 1.976766e-08 3.554310e-01 
4.599371e-01 1.911657e-08 3.317240e-01 
4.595319e-01 1.852319e-08 3.265960e-01 
4.590192e-01 1.808999e-08 3.242070e-01 
4.584283e-01 1.738663e-08 3.224120e-01 
4.577651e-01 1.684706e-08 3.269610e-01 
4.572924e-01 1.634930e-08 3.245770e-01 
4.563055e-01 1.577208e-08 3.236900e-01 
4.559105e-01 1.543683e-08 3.424300e-01 
4.557032e-01 1.521647e-08 3.341640e-01 
4.549054e-01 1.470496e-08 4.509480e-01 
4.541384e-01 1.427062e-08 4.224470e-01 
4.535479e-01 1.389910e-08 3.318800e-01 
4.528445e-01 1.360549e-08 3.306090e-01 
4.524776e-01 1.336706e-08 3.303720e-01 
4.517673e-01 1.300956e-08 3.299950e-01 
4.512673e-01 1.285458e-08 3.650850e-01 
4.505439e-01 1.254080e-08 3.424530e-01 
4.499383e-01 1.224210e-08 3.276280e-01 
4.491514e-01 1.197367e-08 3.422430e-01 
4.489232e-01 1.193732e-08 3.434250e-01 
4.479886e-01 1.159231e-08 3.413390e-01 
4.474825e-01 1.138369e-08 3.319830e-01 
4.468255e-01 1.120179e-08 3.282930e-01 
4.462942e-01 1.102292e-08 3.252640e-01 
4.457332e-01 1.082235e-08 3.345100e-01 
4.453743e-01 1.078767e-08 3.236630e-01 
4.445889e-01 1.053410e-08 3.268900e-01 
4.443354e-01 1.051072e-08 3.292980e-01 
4.434319e-01 1.024302e-08 3.222220e-01 
4.431842e-01 1.021642e-08 3.239800e-01 
4.424604e-01 1.008732e-08 3.463900e-01 
4.418866e-01 9.908368e-09 3.419020e-01 
4.414978e-01 9.795050e-09 3.455560e-01 
4.410354e-01 9.758776e-09 3.338360e-01 
4.404354e-01 9.600041e-09 3.319040e-01 
4.398803e-01 9.469725e-09 3.245320e-01 
4.395848e-01 9.428081e-09 3.376190e-01 
4.391513e-01 9.423003e-09 3.276740e-01 
4.384992e-01 9.241224e-09 3.308090e-01 
4.381636e-01 9.250125e-09 3.262700e-01 
4.377053e-01 9.213545e-09 3.220560e-01 
4.372780e-01 9.076121e-09 3.248310e-01 
4.368552e-01 9.040686e-09 3.451560e-01 
4.364594e-01 8.972367e-09 3.340870e-01 
4.362776e-01 8.997611e-09 3.377770e-01 
4.358246e-01 8.915663e-09 3.428110e-01 
4.352458e-01 8.851517e-09 3.269410e-01 
4.352273e-01 8.935119e-09 3.254130e-01 
4.345282e-01 8.679901e-09 3.282360e-01 
4.341998e-01 8.666749e-09 3.256470e-01 
4.337725e-01 8.684762e-09 3.456420e-01 
4.335519e-01 8.629947e-09 3.360020e-01 
4.329731e-01 8.576363e-09 3.405920e-01 
4.328539e-01 8.608295e-09 3.421620e-01 
4.325691e-01 8.597947e-09 3.423210e-01 
4.322101e-01 8.508909e-09 3.348370e-01 
4.319190e-01 8.520018e-09 3.283300e-01 
4.316958e-01 8.486093e-09 3.298310e-01 
4.312482e-01 8.414518e-09 3.234530e-01 
4.309954e-01 8.398457e-09 3.474240e-01 
4.307954e-01 8.388694e-09 3.359870e-01 
4.305999e-01 8.442985e-09 3.353940e-01 
4.303149e-01 8.412166e-09 3.535080e-01 
4.299582e-01 8.363550e-09 3.427910e-01 
4.295256e-01 8.264514e-09 3.220750e-01 
4.292447e-01 8.289381e-09 3.358530e-01 
4.291783e-01 8.298526e-09 3.311770e-01 
4.289696e-01 8.265117e-09 3.669600e-01 
4.286249e-01 8.263927e-09 3.320730e-01 
4.285161e-01 8.263925e-09 3.301970e-01 
4.281767e-01 8.143949e-09 3.299370e-01 
4.280667e-01 8.243058e-09 3.252440e-01 
4.277722e-01 8.232956e-09 3.260010e-01 
4.274993e-01 8.165696e-09 3.247420e-01 
4.273800e-01 8.193146e-09 3.263590e-01 
4.273555e-01 8.250485e-09 3.426830e-01 
4.269038e-01 8.171082e-09 3.240960e-01 
4.269487e-01 8.222270e-09 3.262020e-01 
4.266355e-01 8.185699e-09 3.339830e-01 
4.263248e-01 8.145093e-09 3.240840e-01 
4.263155e-01 8.162899e-09 3.284650e-01 
4.260743e-01 8.126088e-09 3.284640e-01 
4.260178e-01 8.177659e-09 3.233250e-01 
4.257695e-01 8.069995e-09 3.411740e-01 
4.256627e-01 8.132283e-09 3.510020e-01 
4.254974e-01 8.146475e-09 3.555650e-01 
4.251734e-01 8.009413e-09 3.252660e-01 
4.250656e-01 8.078329e-09 3.309990e-01 
4.250545e-01 8.119610e-09 3.257310e-01 
4.249026e-01 8.151472e-09 3.233260e-01 
4.246654e-01 8.043366e-09 3.288570e-01 
4.245446e-01 8.041003e-09 3.253470e-01 
4.244366e-01 8.084407e-09 3.441040e-01 
4.242776e-01 8.022476e-09 3.427670e-01 
4.242413e-01 8.028241e-09 3.531860e-01 
4.241552e-01 8.094246e-09 3.238950e-01 
4.240277e-01 8.115115e-09 3.290570e-01 
4.237761e-01 8.032999e-09 3.240600e-01 
4.236094e-01 7.961203e-09 3.236890e-01 
4.235799e-01 8.059846e-09 3.304270e-01 
4.236093e-01 8.048614e-09 3.587430e-01 
4.233765e-01 7.996472e-09 4.194770e-01 
4.232208e-01 7.971530e-09 3.381930e-01 
4.230538e-01 7.969583e-09 3.249410e-01 
4.231552e-01 8.045046e-09 3.413140e-01 
4.231574e-01 8.078578e-09 3.519320e-01 
4.228655e-01 8.019393e-09 3.471150e-01 
4.228929e-01 8.061241e-09 3.231120e-01 
4.229419e-01 8.084588e-09 3.325930e-01 
4.227604e-01 8.033192e-09 3.373450e-01 
4.225162e-01 8.013569e-09 3.255360e-01 
4.224909e-01 7.966323e-09 3.313000e-01 
4.226054e-01 8.075420e-09 3.277100e-01 
4.226040e-01 8.112085e-09 3.262040e-01 
4.222921e-01 7.981914e-09 3.310200e-01 
4.222814e-01 8.035951e-09 3.234200e-01 
4.220468e-01 7.973103e-09 3.238120e-01 
4.222871e-01 8.066125e-09 3.298310e-01 
4.221157e-01 8.029039e-09 3.244730e-01 
4.219353e-01 7.951922e-09 3.242290e-01 
4.219037e-01 7.973450e-09 3.464200e-01 
4.218553e-01 7.973560e-09 3.306410e-01 
4.219512e-01 8.064283e-09 3.635630e-01 
4.217513e-01 7.978064e-09 3.428530e-01 
4.218040e-01 8.053352e-09 3.238090e-01 
4.215762e-01 7.975773e-09 3.231560e-01 
4.215893e-01 8.013387e-09 3.409490e-01 
4.216811e-01 8.026451e-09 3.442380e-01 
4.215571e-01 7.998128e-09 3.330740e-01 
4.215962e-01 8.032925e-09 3.838570e-01 
4.215176e-01 8.054469e-09 3.325370e-01 
4.214165e-01 7.988162e-09 3.309920e-01 
4.213837e-01 7.967814e-09 3.252060e-01 
4.214022e-01 8.020786e-09 3.236970e-01 
4.213571e-01 7.977570e-09 3.247130e-01 
4.212885e-01 8.025426e-09 3.262310e-01 
4.211812e-01 7.980645e-09 3.256380e-01 
4.212876e-01 8.067829e-09 3.245260e-01 
4.211723e-01 8.030493e-09 3.297490e-01 
4.212571e-01 8.064719e-09 3.232720e-01 
4.209248e-01 7.972945e-09 3.234970e-01 
4.209956e-01 8.010253e-09 3.308940e-01 
4.208545e-01 7.964911e-09 3.260590e-01 
4.209528e-01 7.973145e-09 3.238460e-01 
4.209022e-01 8.004221e-09 3.331400e-01 
4.209398e-01 8.018536e-09 3.437570e-01 
4.209405e-01 7.992548e-09 3.465390e-01 
4.207676e-01 7.998914e-09 3.319480e-01 
4.209320e-01 8.045411e-09 3.421110e-01 
4.209029e-01 8.061982e-09 3.289690e-01 
4.207890e-01 8.086405e-09 3.656390e-01 
4.207205e-01 7.964547e-09 3.292790e-01 
4.206882e-01 7.964809e-09 3.244920e-01 
4.207054e-01 8.012018e-09 3.293120e-01 
4.204938e-01 7.924497e-09 3.242600e-01 
4.206104e-01 7.962590e-09 3.292280e-01 
4.206208e-01 8.025791e-09 3.345120e-01 
4.207405e-01 8.057773e-09 3.268730e-01 
4.205671e-01 8.011982e-09 3.415490e-01 
4.206673e-01 8.003776e-09 3.540580e-01 
4.206415e-01 8.045789e-09 3.269340e-01 
4.204685e-01 7.968649e-09 3.259650e-01 
4.203087e-01 7.934954e-09 3.576980e-01 
4.204989e-01 8.036109e-09 3.221270e-01 
4.204791e-01 8.023055e-09 3.237260e-01 
4.203885e-01 7.959625e-09 3.315880e-01 
4.204879e-01 8.019066e-09 3.237550e-01 
4.206217e-01 8.078616e-09 3.282220e-01 
4.203756e-01 8.013339e-09 3.499960e-01 
4.204813e-01 8.013707e-09 4.862520e-01 
4.205580e-01 8.001067e-09 4.735930e-01 
4.203832e-01 8.005864e-09 4.414590e-01 
4.203472e-01 7.981667e-09 3.641670e-01 
4.204125e-01 8.028174e-09 3.443830e-01 
4.202475e-01 7.966590e-09 3.390340e-01 
4.202625e-01 7.993958e-09 3.337170e-01 
4.203988e-01 8.016076e-09 3.662400e-01 
4.203379e-01 8.012229e-09 3.308090e-01 
4.203887e-01 8.084885e-09 3.310000e-01 
4.203139e-01 8.000130e-09 3.289340e-01 
4.202466e-01 8.001526e-09 3.230990e-01 
4.203587e-01 8.031363e-09 3.248120e-01 
4.202463e-01 8.032964e-09 3.242350e-01 
4.201856e-01 7.972281e-09 3.242830e-01 
4.201301e-01 7.956993e-09 3.279430e-01 
4.203934e-01 8.075407e-09 3.415910e-01 
4.202192e-01 8.061257e-09 3.344600e-01 
4.200737e-01 7.923253e-09 3.689700e-01 
4.203317e-01 8.016439e-09 3.393600e-01 
4.201330e-01 7.973738e-09 3.387460e-01 
4.202017e-01 7.975653e-09 4.199430e-01 
4.201606e-01 8.008794e-09 3.721660e-01 
4.202378e-01 8.034474e-09 3.297060e-01 
4.200794e-01 8.006091e-09 3.281660e-01 
4.203096e-01 8.030412e-09 3.251520e-01 
4.200576e-01 8.001390e-09 3.341560e-01 
4.201846e-01 8.073987e-09 3.316320e-01 
4.200163e-01 7.963853e-09 3.291920e-01 
4.202007e-01 7.989013e-09 3.281960e-01 
4.199984e-01 7.981916e-09 3.248440e-01 
4.201616e-01 8.011404e-09 3.244450e-01 
4.199393e-01 7.974064e-09 3.238800e-01 
4.200532e-01 7.979489e-09 3.290080e-01 
4.201440e-01 8.025763e-09 3.259210e-01 
4.201012e-01 7.992501e-09 3.247650e-01 
4.200641e-01 8.022339e-09 3.255760e-01 
4.199904e-01 7.948171e-09 3.238950e-01 
4.200622e-01 8.016903e-09 3.257610e-01 
4.200234e-01 8.046856e-09 3.299030e-01 
4.200361e-01 8.049346e-09 3.254400e-01 
4.200008e-01 8.023644e-09 3.260290e-01 
4.201005e-01 7.976958e-09 3.308380e-01 
4.202014e-01 8.053677e-09 3.231860e-01 
4.199902e-01 7.960160e-09 3.252570e-01 
4.199923e-01 8.004674e-09 3.341010e-01 
4.201439e-01 8.085469e-09 3.268530e-01 
4.200317e-01 8.038113e-09 3.321940e-01 
4.200397e-01 7.974023e-09 3.348240e-01 
4.197851e-01 7.976426e-09 3.598390e-01 
4.200225e-01 7.990709e-09 3.333160e-01 
4.201413e-01 8.041882e-09 3.404500e-01 
4.200364e-01 8.053575e-09 3.318150e-01 
4.199431e-01 8.008306e-09 3.566310e-01 
4.199171e-01 7.961672e-09 3.470220e-01 
4.200639e-01 8.011632e-09 3.264090e-01 
4.199579e-01 7.972573e-09 3.262950e-01 
4.200719e-01 8.010603e-09 3.291540e-01 
4.199392e-01 8.025772e-09 3.245010e-01 
4.199047e-01 7.990009e-09 3.303810e-01 
4.200856e-01 8.035432e-09 3.356870e-01 
4.200185e-01 8.015622e-09 3.293290e-01 
4.199872e-01 8.033641e-09 3.663110e-01 
4.200001e-01 7.996300e-09 3.387870e-01 
4.199620e-01 7.995240e-09 3.258240e-01 
4.199638e-01 7.939410e-09 3.266210e-01 
4.199697e-01 7.988376e-09 3.517910e-01 
4.199977e-01 8.048329e-09 3.298280e-01 
4.197466e-01 7.944004e-09 3.405000e-01 
4.200703e-01 8.039581e-09 3.450050e-01 
4.201042e-01 8.032062e-09 3.240080e-01 
4.200417e-01 7.989778e-09 3.412760e-01 
4.200179e-01 8.004833e-09 3.402490e-01 
4.200358e-01 8.017915e-09 3.429730e-01 
4.198969e-01 7.960271e-09 3.309730e-01 
4.200187e-01 8.050486e-09 3.418270e-01 
4.199963e-01 8.082334e-09 3.274910e-01 
4.199709e-01 7.996918e-09 3.317500e-01 
4.199596e-01 8.006025e-09 3.227510e-01 
4.198475e-01 7.973731e-09 3.436770e-01 
4.199092e-01 7.998539e-09 3.332930e-01 
4.200765e-01 8.031108e-09 3.234200e-01 
4.199652e-01 8.010655e-09 3.248870e-01 
4.200017e-01 7.984762e-09 3.270260e-01 
4.200408e-01 8.079589e-09 3.324130e-01 
4.200196e-01 8.014981e-09 3.234700e-01 
4.200770e-01 8.009900e-09 3.232380e-01 
4.200227e-01 8.002637e-09 3.296930e-01 
4.198542e-01 7.920660e-09 3.241510e-01 
4.198579e-01 7.933012e-09 3.225060e-01 
4.197840e-01 7.965857e-09 3.554470e-01 
4.199359e-01 7.993372e-09 3.324740e-01 
4.198465e-01 8.018623e-09 3.515670e-01 
4.198447e-01 7.951147e-09 3.274280e-01 
4.200525e-01 8.073424e-09 3.266500e-01 
4.198631e-01 8.007188e-09 3.256780e-01 
4.199257e-01 7.956250e-09 3.279430e-01 
4.199712e-01 8.004686e-09 3.357850e-01 
4.200087e-01 8.016823e-09 3.242410e-01 
4.199715e-01 7.991379e-09 3.653650e-01 
4.198683e-01 7.965717e-09 3.256610e-01 
4.198911e-01 7.970202e-09 3.237090e-01 
4.200339e-01 8.052274e-09 3.291880e-01 
4.200190e-01 8.059484e-09 3.246740e-01 
4.198067e-01 7.954242e-09 3.269080e-01 
4.198714e-01 8.031891e-09 3.307380e-01 
4.198781e-01 7.995406e-09 3.221550e-01 
4.197872e-01 7.960927e-09 3.236590e-01 
4.198997e-01 8.024539e-09 3.298670e-01 
4.198612e-01 8.039975e-09 3.236940e-01 
4.199459e-01 8.043012e-09 3.231340e-01 
4.199160e-01 8.034953e-09 3.282950e-01 
4.199584e-01 8.059934e-09 3.390510e-01 
4.200017e-01 8.007133e-09 3.834970e-01 
4.198148e-01 7.929241e-09 4.124810e-01 
4.198815e-01 7.981764e-09 3.344520e-01 
4.199769e-01 7.997111e-09 3.491430e-01 
4.200739e-01 8.088248e-09 3.301550e-01 
4.198552e-01 8.015686e-09 3.634670e-01 
4.198782e-01 7.996026e-09 3.361040e-01 
4.200360e-01 8.016843e-09 3.264440e-01 
4.198807e-01 8.002388e-09 3.290040e-01 
4.198437e-01 8.010469e-09 3.384360e-01 
4.199945e-01 7.975379e-09 3.286790e-01 
4.199499e-01 7.943039e-09 3.311130e-01 
4.199175e-01 8.022577e-09 3.336830e-01 
4.198164e-01 7.992601e-09 3.374890e-01 
4.199108e-01 7.991381e-09 3.269440e-01 
4.198068e-01 7.930387e-09 3.330870e-01 
4.198776e-01 7.950409e-09 3.255520e-01 
4.198180e-01 7.935679e-09 3.243270e-01 
4.198036e-01 7.966893e-09 3.338750e-01 
4.198877e-01 8.047720e-09 3.249870e-01 
4.198206e-01 7.979828e-09 3.247020e-01 
4.199434e-01 8.024655e-09 3.886400e-01 
4.198444e-01 7.968891e-09 3.567310e-01 
4.199138e-01 8.021493e-09 4.983260e-01 
4.200261e-01 8.045477e-09 4.672080e-01 
4.198949e-01 7.998965e-09 4.578450e-01 
4.200266e-01 8.018813e-09 3.751650e-01 
4.198106e-01 8.026309e-09 4.069990e-01 
4.200239e-01 8.059737e-09 4.288690e-01 
4.199252e-01 8.020095e-09 4.459100e-01 
4.201168e-01 8.104613e-09 4.046100e-01 
4.198216e-01 7.970917e-09 4.850420e-01 
4.197071e-01 7.955047e-09 4.147560e-01 
4.199234e-01 8.030144e-09 4.614540e-01 
4.199670e-01 8.014078e-09 4.497060e-01 
4.198166e-01 7.988351e-09 4.397030e-01 
4.200755e-01 8.085618e-09 4.573440e-01 
4.199765e-01 7.990505e-09 4.307700e-01 
4.199815e-01 7.971135e-09 4.221490e-01 
4.200101e-01 8.041626e-09 4.274730e-01 
4.200726e-01 8.026025e-09 4.734660e-01 
4.198909e-01 7.951649e-09 4.603670e-01 
4.200066e-01 8.033898e-09 4.667610e-01 
4.200992e-01 8.032937e-09 4.722600e-01 
4.198519e-01 7.951150e-09 4.116990e-01 
4.199913e-01 7.994612e-09 4.068900e-01 
4.201650e-01 8.054394e-09 4.645770e-01 
4.200845e-01 8.071901e-09 4.046300e-01 
4.199471e-01 8.000287e-09 4.406060e-01 
4.199188e-01 7.945669e-09 3.949880e-01 
4.198778e-01 7.937759e-09 3.626570e-01 
4.198952e-01 8.049622e-09 3.756460e-01 
4.199184e-01 8.029820e-09 4.558530e-01 
4.200342e-01 8.007347e-09 4.416580e-01 
4.199131e-01 8.020312e-09 4.172250e-01 
4.199946e-01 8.008344e-09 4.130020e-01 
4.199757e-01 8.028161e-09 4.201990e-01 
4.198720e-01 7.973224e-09 4.229050e-01 
4.200260e-01 8.009144e-09 4.483260e-01 
4.198759e-01 7.955759e-09 4.157740e-01 
4.200040e-01 8.026244e-09 4.074110e-01 
4.199822e-01 8.010513e-09 4.153390e-01 
4.197365e-01 7.950289e-09 4.321400e-01 
4.199232e-01 7.999017e-09 4.269990e-01 
4.199710e-01 7.960497e-09 4.279000e-01 
4.200015e-01 7.969584e-09 4.224930e-01 
4.199530e-01 8.022333e-09 3.492560e-01 
4.201133e-01 8.067570e-09 5.139830e-01 
4.200354e-01 7.992261e-09 5.109230e-01 
4.198630e-01 7.999530e-09 5.056830e-01 
4.200419e-01 8.025778e-09 4.832330e-01 
4.200545e-01 8.035230e-09 5.108690e-01 
4.198262e-01 7.972027e-09 4.949760e-01 
4.198266e-01 7.936253e-09 5.372820e-01 
4.199412e-01 8.003454e-09 5.319400e-01 
4.199504e-01 7.987765e-09 5.225590e-01 
4.199775e-01 8.004972e-09 5.031670e-01 
4.199630e-01 7.979287e-09 4.625790e-01 
4.199186e-01 7.966411e-09 4.427630e-01 
4.200565e-01 7.989928e-09 3.906170e-01 
4.199234e-01 7.929719e-09 3.658080e-01 
4.200811e-01 8.014910e-09 3.690280e-01 
4.199659e-01 7.984009e-09 4.081550e-01 
4.198745e-01 7.992362e-09 4.553090e-01 
4.200096e-01 7.999604e-09 4.734420e-01 
4.199102e-01 7.965920e-09 4.021580e-01 
4.198748e-01 7.989711e-09 4.497580e-01 
4.200185e-01 8.012171e-09 4.545110e-01 
4.201317e-01 8.088878e-09 5.228440e-01 
4.199843e-01 8.006496e-09 5.105920e-01 
4.197563e-01 7.914525e-09 5.089150e-01 
4.199888e-01 8.010730e-09 5.017180e-01 
4.201869e-01 8.050038e-09 5.107590e-01 
4.200800e-01 8.019366e-09 5.041180e-01 
4.198749e-01 7.950779e-09 5.095170e-01 
4.198555e-01 7.940329e-09 5.287490e-01 
4.198836e-01 7.993210e-09 5.089370e-01 
4.200335e-01 8.014886e-09 5.227520e-01 
4.200757e-01 8.021086e-09 5.101290e-01 
4.200148e-01 8.034715e-09 4.994500e-01 
4.200905e-01 8.036788e-09 4.770610e-01 
4.199805e-01 8.002070e-09 4.617440e-01 
4.200749e-01 8.004064e-09 4.596620e-01 
4.199519e-01 7.970110e-09 4.190280e-01 
4.199184e-01 8.027684e-09 4.895060e-01 
4.199699e-01 7.987544e-09 5.399770e-01 
4.199569e-01 7.989698e-09 5.024060e-01 
4.200557e-01 8.065752e-09 5.090850e-01 
4.200317e-01 7.975533e-09 4.897950e-01 
4.199028e-01 7.970725e-09 4.815080e-01 
4.199975e-01 7.997753e-09 5.033790e-01 
4.199850e-01 8.011076e-09 4.978240e-01 
4.198664e-01 7.926661e-09 4.986160e-01 
4.200078e-01 7.980012e-09 5.100800e-01 
4.198794e-01 7.959410e-09 5.003270e-01 
4.201100e-01 8.026226e-09 5.221380e-01 
4.199107e-01 7.981134e-09 4.382290e-01 
4.199449e-01 7.990048e-09 3.493900e-01 
4.199830e-01 8.040333e-09 4.713230e-01 
4.200188e-01 8.003138e-09 3.563440e-01 
4.200151e-01 8.004618e-09 3.938000e-01 
4.199507e-01 7.994527e-09 4.038050e-01 
4.198898e-01 7.974290e-09 3.510800e-01 
4.200833e-01 8.061554e-09 3.558000e-01 
4.199505e-01 7.977290e-09 3.969340e-01 
4.200140e-01 8.017960e-09 3.592790e-01 
4.200533e-01 7.993524e-09 4.028190e-01 
4.198547e-01 7.916703e-09 4.222290e-01 
4.199882e-01 8.038276e-09 3.661230e-01 
4.198342e-01 7.989942e-09 3.822530e-01 
4.198992e-01 7.982763e-09 3.653770e-01 
4.199887e-01 7.997548e-09 4.085970e-01 
4.200935e-01 8.033407e-09 3.898860e-01 
4.199165e-01 7.958628e-09 4.898480e-01 
4.198981e-01 8.004879e-09 3.895860e-01 
4.200638e-01 8.020741e-09 4.216850e-01 
4.199887e-01 7.960514e-09 4.615250e-01 
4.199337e-01 7.985326e-09 5.244940e-01 
4.198820e-01 7.954974e-09 4.910500e-01 
4.200007e-01 7.990945e-09 4.998870e-01 
4.199895e-01 7.935424e-09 3.582920e-01 
4.200062e-01 7.985976e-09 3.779540e-01 
4.198889e-01 7.933328e-09 5.031890e-01 
4.200920e-01 8.030048e-09 5.178160e-01 
4.200598e-01 8.034766e-09 5.068150e-01 
4.199968e-01 7.978993e-09 4.516680e-01 
4.200793e-01 8.025477e-09 4.314350e-01 
4.198183e-01 7.873202e-09 4.799760e-01 
4.199038e-01 7.953024e-09 4.337560e-01 
4.200014e-01 8.004509e-09 4.289140e-01 
4.200501e-01 8.001772e-09 4.039620e-01 
4.199614e-01 7.941508e-09 3.358400e-01 
4.198400e-01 7.943261e-09 3.697500e-01 
4.200656e-01 8.006390e-09 3.394110e-01 
4.199267e-01 7.921377e-09 3.746220e-01 
4.201093e-01 8.013529e-09 3.682630e-01 
4.199754e-01 7.973545e-09 3.544140e-01 
4.199821e-01 7.986182e-09 3.410250e-01 
4.198367e-01 7.960786e-09 3.697630e-01 
4.198955e-01 7.937990e-09 4.025800e-01 
4.201294e-01 8.019051e-09 3.657150e-01 
4.201368e-01 8.034882e-09 3.344050e-01 
4.200141e-01 7.998594e-09 3.416400e-01 
4.198793e-01 7.964241e-09 3.335830e-01 
4.200332e-01 8.021164e-09 3.322310e-01 
4.199645e-01 8.013724e-09 3.671390e-01 
4.199976e-01 7.990313e-09 4.300230e-01 
4.200762e-01 8.008031e-09 3.447080e-01 
4.200832e-01 8.020508e-09 3.423890e-01 
4.201504e-01 8.049683e-09 4.028240e-01 
4.199511e-01 7.919955e-09 3.499850e-01 
4.199811e-01 8.031471e-09 3.962070e-01 
4.199620e-01 7.980140e-09 3.375560e-01 
4.200573e-01 8.029462e-09 3.547160e-01 
4.200785e-01 7.984866e-09 4.369850e-01 
4.199244e-01 7.911658e-09 3.821310e-01 
4.199414e-01 7.948423e-09 3.370200e-01 
4.200554e-01 8.017802e-09 3.862280e-01 
4.200879e-01 8.045131e-09 3.356530e-01 
4.198543e-01 7.969413e-09 4.013970e-01 
4.201030e-01 8.009694e-09 3.516940e-01 
4.201764e-01 8.050708e-09 3.357870e-01 
4.199837e-01 7.971086e-09 3.612540e-01 
4.201066e-01 8.049039e-09 3.442300e-01 
4.199195e-01 7.944644e-09 3.288180e-01 
4.200734e-01 8.043426e-09 3.462350e-01 
4.199581e-01 8.011255e-09 3.307060e-01 
4.199828e-01 7.948819e-09 3.282120e-01 
4.200572e-01 7.997943e-09 3.448210e-01 
4.200072e-01 8.027886e-09 3.275730e-01 
4.199080e-01 7.979374e-09 3.765010e-01 
4.199384e-01 7.966919e-09 3.481540e-01 
4.200340e-01 7.975353e-09 3.427160e-01 
4.199973e-01 7.991692e-09 3.462570e-01 
4.200717e-01 8.048587e-09 3.472650e-01 
4.200802e-01 8.041849e-09 3.680660e-01 
4.200504e-01 8.020209e-09 3.541940e-01 
4.199682e-01 8.030890e-09 3.610770e-01 
4.200777e-01 7.994721e-09 3.792980e-01 
4.200621e-01 7.993448e-09 3.571490e-01 
4.200362e-01 8.030710e-09 3.426250e-01 
4.198805e-01 7.938504e-09 3.314070e-01 
4.198015e-01 7.918724e-09 3.477890e-01 
4.198994e-01 7.929064e-09 3.346340e-01 
4.200684e-01 8.002178e-09 3.370320e-01 
4.199424e-01 7.982630e-09 3.846110e-01 
4.201288e-01 8.012512e-09 3.366290e-01 
4.199301e-01 7.996187e-09 3.364830e-01 
4.198935e-01 7.954535e-09 3.471750e-01 
4.200313e-01 8.019484e-09 3.270370e-01 
4.200888e-01 8.007715e-09 3.449460e-01 
4.200132e-01 7.991812e-09 3.353660e-01 
4.199823e-01 7.951643e-09 3.267390e-01 
4.200901e-01 8.043359e-09 3.308360e-01 
4.199819e-01 8.003220e-09 3.771460e-01 
4.199409e-01 7.986907e-09 3.628440e-01 
4.202050e-01 8.072776e-09 3.885670e-01 
4.200660e-01 8.077448e-09 3.654980e-01 
4.199852e-01 7.953908e-09 4.036880e-01 
4.200897e-01 7.978582e-09 4.799900e-01 
4.199481e-01 7.972607e-09 4.836550e-01 
4.200660e-01 8.034867e-09 4.540170e-01 
4.201201e-01 7.992486e-09 4.109470e-01 
4.200660e-01 7.992751e-09 3.812450e-01 
4.200529e-01 8.055810e-09 3.370370e-01 
4.201501e-01 7.973728e-09 3.287250e-01 
4.198075e-01 7.971268e-09 3.311150e-01 
4.201207e-01 8.049818e-09 3.587900e-01 
4.200358e-01 7.959240e-09 3.343800e-01 
4.199447e-01 7.928545e-09 3.329040e-01 
4.198990e-01 7.920664e-09 3.235660e-01 
4.199565e-01 8.002266e-09 3.313500e-01 
4.200719e-01 8.025278e-09 3.356050e-01 
4.199260e-01 7.928375e-09 3.300470e-01 
4.200733e-01 8.023631e-09 3.560980e-01 
4.200116e-01 7.988204e-09 3.598500e-01 
4.199332e-01 7.939421e-09 3.344140e-01 
4.198979e-01 7.943023e-09 3.379440e-01 
4.200503e-01 7.997146e-09 3.454310e-01 
4.199746e-01 7.972260e-09 3.279190e-01 
4.200036e-01 8.012621e-09 3.385000e-01 
4.199789e-01 7.937549e-09 3.843960e-01 
4.199141e-01 7.947620e-09 3.623670e-01 
4.200792e-01 8.016959e-09 3.575820e-01 
4.200418e-01 7.921629e-09 4.073090e-01 
4.198697e-01 7.916965e-09 3.972510e-01 
4.200362e-01 7.996081e-09 3.821320e-01 
4.199436e-01 7.949413e-09 4.430770e-01 
4.200315e-01 7.968359e-09 3.513220e-01 
4.200396e-01 7.974190e-09 4.598940e-01 
4.199952e-01 8.028163e-09 4.720360e-01 
4.202159e-01 8.078321e-09 3.799820e-01 
4.200511e-01 7.959354e-09 3.879220e-01 
4.200634e-01 8.041897e-09 3.724280e-01 
4.201019e-01 8.015858e-09 3.465680e-01 
4.199966e-01 7.996748e-09 3.306850e-01 
4.199084e-01 7.941165e-09 3.396470e-01 
4.200594e-01 8.008465e-09 3.949070e-01 
4.202476e-01 8.102811e-09 3.753760e-01 
4.199173e-01 7.943792e-09 3.830450e-01 
4.199160e-01 7.902464e-09 3.744870e-01 
4.200241e-01 7.984148e-09 3.520570e-01 
4.200848e-01 8.004043e-09 3.427280e-01 
4.200847e-01 8.031944e-09 3.277500e-01 
4.200732e-01 8.032965e-09 3.739070e-01 
4.200309e-01 7.988765e-09 3.760570e-01 
4.200502e-01 8.063564e-09 3.374150e-01 
4.201259e-01 8.015562e-09 3.334690e-01 
4.201935e-01 8.060442e-09 3.301970e-01 
4.198451e-01 7.920049e-09 3.332170e-01 
4.199689e-01 7.991236e-09 3.531750e-01 
4.199964e-01 7.937264e-09 3.277700e-01 
4.199904e-01 7.960843e-09 3.332960e-01 
4.200327e-01 7.973370e-09 3.411230e-01 
4.200643e-01 7.997652e-09 3.360800e-01 
4.200668e-01 7.952640e-09 3.996390e-01 
4.200873e-01 7.977136e-09 3.766010e-01 
4.199231e-01 7.977294e-09 3.723940e-01 
4.199812e-01 7.982308e-09 4.214890e-01 
4.198587e-01 7.968604e-09 4.166310e-01 
4.198689e-01 7.935529e-09 3.364210e-01 
4.197885e-01 7.901677e-09 3.659000e-01 
4.200165e-01 7.969673e-09 3.881020e-01 
4.198999e-01 7.957550e-09 3.899460e-01 
4.199393e-01 7.987848e-09 4.770810e-01 
4.200282e-01 7.975869e-09 5.023370e-01 
4.200058e-01 7.985927e-09 4.319560e-01 
4.199337e-01 7.959764e-09 3.697850e-01 
4.201335e-01 8.013173e-09 3.969910e-01 
4.201065e-01 8.004795e-09 3.836540e-01 
4.199579e-01 7.998877e-09 3.797620e-01 
4.200141e-01 8.001026e-09 3.840270e-01 
4.201453e-01 8.042137e-09 3.818910e-01 
4.200694e-01 8.006305e-09 3.853870e-01 
4.200639e-01 7.983645e-09 3.701910e-01 
4.199138e-01 7.924017e-09 3.814390e-01 
4.201046e-01 8.026949e-09 3.714900e-01 
4.200774e-01 7.985643e-09 3.792780e-01 
4.201374e-01 8.026276e-09 3.755370e-01 
4.201916e-01 8.082814e-09 4.440040e-01 
4.202959e-01 8.108755e-09 4.968130e-01 
4.202699e-01 8.083891e-09 3.967190e-01 
4.199728e-01 7.943142e-09 3.707330e-01 
4.200160e-01 7.982394e-09 3.804820e-01 
4.200876e-01 7.993617e-09 3.865480e-01 
4.201020e-01 8.033282e-09 3.777480e-01 
4.199781e-01 7.949599e-09 3.887270e-01 
4.201522e-01 7.978033e-09 3.866290e-01 
4.199907e-01 7.985479e-09 3.955960e-01 
4.200995e-01 7.998751e-09 4.127270e-01 
4.199437e-01 7.913542e-09 4.063850e-01 
4.201217e-01 8.031806e-09 3.960910e-01 
4.201109e-01 7.994415e-09 3.927650e-01 
4.201032e-01 7.988205e-09 3.878060e-01 
4.199682e-01 7.936552e-09 3.903350e-01 
4.201644e-01 8.051581e-09 3.990410e-01 
4.199596e-01 7.918529e-09 4.837430e-01 
4.201454e-01 7.986768e-09 4.666790e-01 
4.200253e-01 7.962847e-09 4.498520e-01 
4.200511e-01 7.981654e-09 3.296610e-01 
4.201465e-01 8.016006e-09 3.588790e-01 
4.199971e-01 7.971114e-09 3.557610e-01 
4.197615e-01 7.861318e-09 3.366200e-01 
4.200805e-01 7.962003e-09 3.346550e-01 
4.201189e-01 8.014870e-09 3.830470e-01 
4.199782e-01 7.930952e-09 3.653130e-01 
4.200946e-01 7.959981e-09 3.315150e-01 
4.199818e-01 7.979528e-09 3.556430e-01 
4.200705e-01 8.050573e-09 3.265840e-01 
4.199556e-01 7.980348e-09 3.320400e-01 
4.201009e-01 8.003452e-09 3.371180e-01 
4.200322e-01 7.952498e-09 4.466170e-01 
4.202331e-01 8.061930e-09 3.999880e-01 
4.201186e-01 8.005935e-09 3.456000e-01 
4.201793e-01 8.016112e-09 3.501680e-01 
4.200596e-01 8.027802e-09 3.562100e-01 
4.199339e-01 7.945330e-09 3.865090e-01 
4.200393e-01 7.994886e-09 3.631900e-01 
4.201470e-01 8.051692e-09 3.967800e-01 
4.200735e-01 8.055571e-09 3.469360e-01 
4.198905e-01 7.910765e-09 3.403200e-01 
4.200980e-01 8.006746e-09 3.446910e-01 
4.201919e-01 8.028058e-09 3.460500e-01 
4.200797e-01 8.015032e-09 4.331030e-01 
4.200038e-01 7.947303e-09 3.956360e-01 
4.199457e-01 7.892850e-09 3.794830e-01 
4.200606e-01 8.020559e-09 3.679970e-01 
4.199219e-01 7.908158e-09 3.830960e-01 
4.199367e-01 7.937417e-09 3.873430e-01 
4.201814e-01 7.999047e-09 3.701310e-01 
4.200419e-01 7.993065e-09 3.982040e-01 
4.200923e-01 7.990473e-09 3.785790e-01 
4.199244e-01 7.941228e-09 4.058620e-01 
4.198270e-01 7.899262e-09 3.875620e-01 
4.200024e-01 8.007765e-09 3.706410e-01 
4.199527e-01 7.947070e-09 3.599580e-01 
4.201439e-01 8.031895e-09 3.822120e-01 
4.200061e-01 7.917813e-09 3.617570e-01 
4.201183e-01 8.007874e-09 3.410250e-01 
4.201270e-01 8.004045e-09 3.377510e-01 
4.200456e-01 7.998808e-09 3.339480e-01 
4.200407e-01 7.976538e-09 3.351260e-01 
4.200850e-01 8.015203e-09 3.702310e-01 
4.200833e-01 7.948212e-09 4.047870e-01 
4.201580e-01 7.992969e-09 4.395240e-01 
4.200059e-01 7.966477e-09 3.613480e-01 
4.201239e-01 7.993619e-09 3.792180e-01 
4.200458e-01 8.011323e-09 3.783140e-01 
4.201133e-01 8.031154e-09 3.686250e-01 
4.200400e-01 8.019402e-09 4.408230e-01 
4.201223e-01 8.007709e-09 3.989000e-01 
4.201528e-01 8.081780e-09 3.908050e-01 
4.200391e-01 7.981611e-09 3.701480e-01 
4.200315e-01 7.923506e-09 3.585920e-01 
4.200816e-01 7.986777e-09 4.146400e-01 
4.200851e-01 7.982078e-09 3.705670e-01 
4.201630e-01 8.074228e-09 3.517210e-01 
4.199892e-01 7.947994e-09 3.387290e-01 
4.200676e-01 7.953529e-09 3.280330e-01 
4.199404e-01 7.948497e-09 3.496870e-01 
4.201555e-01 8.032586e-09 4.692830e-01 
4.200717e-01 7.982236e-09 4.515450e-01 
4.200483e-01 7.951335e-09 3.769580e-01 
4.199323e-01 7.979025e-09 3.641050e-01 
4.201272e-01 8.031095e-09 3.782080e-01 
4.200464e-01 7.948948e-09 3.765070e-01 
4.200585e-01 8.011656e-09 3.688140e-01 
4.200176e-01 7.928360e-09 4.063210e-01 
4.200532e-01 7.950981e-09 3.865740e-01 
4.199382e-01 7.956738e-09 4.084400e-01 
4.201310e-01 7.993265e-09 4.043370e-01 
4.199634e-01 8.019502e-09 3.682320e-01 
4.200022e-01 7.970119e-09 3.581940e-01 
4.200752e-01 7.986511e-09 3.657140e-01 
4.199192e-01 7.941624e-09 3.699640e-01 
4.200225e-01 7.956163e-09 3.404920e-01 
4.201937e-01 8.027470e-09 3.441470e-01 
4.202431e-01 8.026727e-09 3.531290e-01 
4.200913e-01 8.017753e-09 3.411190e-01 
4.200749e-01 8.035148e-09 3.715220e-01 
4.200088e-01 7.959452e-09 3.819870e-01 
4.201463e-01 8.037573e-09 3.804270e-01 
4.200034e-01 7.974018e-09 3.715550e-01 
4.200236e-01 7.994279e-09 3.763020e-01 
4.201153e-01 8.022518e-09 3.796010e-01 
4.201358e-01 7.969154e-09 3.628800e-01 
4.200004e-01 7.942756e-09 3.928450e-01 
4.201190e-01 7.995660e-09 3.992720e-01 
4.201039e-01 7.930420e-09 3.744440e-01 
4.200835e-01 7.996681e-09 3.508080e-01 
4.202122e-01 7.989759e-09 3.923500e-01 
4.200642e-01 7.997427e-09 3.716840e-01 
4.199876e-01 7.947697e-09 4.310960e-01 
4.199046e-01 7.949706e-09 3.320660e-01 
4.201029e-01 7.996201e-09 3.425210e-01 
4.200204e-01 7.931914e-09 4.240420e-01 
4.200394e-01 7.972192e-09 3.832960e-01 
4.198240e-01 7.877675e-09 3.451680e-01 
4.199100e-01 7.913959e-09 3.358160e-01 
4.201900e-01 7.987159e-09 3.861190e-01 
4.201668e-01 7.978547e-09 3.323900e-01 
4.201558e-01 7.990631e-09 3.537090e-01 
4.202355e-01 7.999410e-09 3.569770e-01 
4.198503e-01 7.868439e-09 3.370300e-01 
4.201216e-01 7.993920e-09 3.446630e-01 
4.201249e-01 8.001467e-09 3.407130e-01 
4.200571e-01 7.980140e-09 3.334560e-01 
4.201083e-01 8.012369e-09 3.243510e-01 
4.200847e-01 7.999591e-09 3.328150e-01 
4.199477e-01 7.950017e-09 3.290540e-01 
4.201722e-01 7.987819e-09 3.243890e-01 
4.200683e-01 8.018589e-09 3.361580e-01 
4.200451e-01 7.968631e-09 3.269430e-01 
4.200259e-01 7.928129e-09 3.269630e-01 
4.200146e-01 7.968679e-09 3.483290e-01 
4.200506e-01 7.972448e-09 3.289900e-01 
4.199900e-01 7.936750e-09 3.281680e-01 
4.200874e-01 8.011882e-09 3.561340e-01 
4.200711e-01 7.935939e-09 3.348490e-01 
4.200598e-01 7.973606e-09 3.267220e-01 
4.200749e-01 7.957147e-09 3.413590e-01 
4.201187e-01 8.019401e-09 3.284890e-01 
4.199829e-01 7.996388e-09 3.281780e-01 
4.200470e-01 7.986764e-09 3.414230e-01 
4.200905e-01 7.993568e-09 3.307210e-01 
4.201034e-01 7.973773e-09 3.271700e-01 
4.201260e-01 8.012256e-09 3.475610e-01 
4.203003e-01 8.069533e-09 3.276980e-01 
4.201029e-01 7.991525e-09 3.326420e-01 
4.201131e-01 7.989019e-09 3.424640e-01 
4.200733e-01 7.968091e-09 3.417490e-01 
4.201022e-01 7.991201e-09 3.301630e-01 
4.199861e-01 7.985786e-09 3.359180e-01 
4.200873e-01 7.971218e-09 3.564980e-01 
4.200142e-01 7.954151e-09 3.602350e-01 
4.201399e-01 8.016950e-09 4.060010e-01 
4.200706e-01 7.986595e-09 3.282310e-01 
4.200642e-01 7.959925e-09 3.757030e-01 
4.202541e-01 8.027860e-09 3.343690e-01 
4.198626e-01 7.905187e-09 3.304290e-01 
4.200616e-01 7.983693e-09 3.744720e-01 
4.199282e-01 7.935560e-09 3.323960e-01 
4.200103e-01 7.972808e-09 3.307600e-01 
4.200032e-01 7.922254e-09 3.422910e-01 
4.199945e-01 7.896683e-09 3.355100e-01 
4.201930e-01 8.036898e-09 3.350170e-01 
4.200994e-01 7.981118e-09 4.284340e-01 
4.199095e-01 7.908995e-09 4.005100e-01 
4.199444e-01 7.904929e-09 3.946630e-01 
4.200619e-01 7.985462e-09 3.496090e-01 
4.199937e-01 7.950028e-09 3.279500e-01 
4.201294e-01 7.996802e-09 3.408920e-01 
4.201397e-01 8.000245e-09 3.361250e-01 
4.201057e-01 7.975450e-09 3.270760e-01 
4.201521e-01 8.026179e-09 3.313890e-01 
4.201790e-01 7.960032e-09 3.358140e-01 
4.200657e-01 7.957849e-09 3.908550e-01 
4.202466e-01 8.034466e-09 3.823320e-01 
4.200605e-01 7.969149e-09 3.311610e-01 
4.201999e-01 8.005398e-09 3.356940e-01 
4.201815e-01 8.004061e-09 3.527250e-01 
4.200854e-01 7.981556e-09 3.321540e-01 
4.201235e-01 7.979175e-09 3.742190e-01 
4.201523e-01 8.035426e-09 3.737850e-01 
4.201626e-01 7.985724e-09 3.446730e-01 
4.199987e-01 7.975497e-09 3.328480e-01 
4.201671e-01 7.983376e-09 3.602320e-01 
4.200611e-01 7.958974e-09 3.418990e-01 
4.202562e-01 8.003665e-09 3.976310e-01 
4.201748e-01 8.023415e-09 3.703790e-01 
4.200970e-01 7.989725e-09 3.358710e-01 
4.201499e-01 7.965988e-09 3.793780e-01 
4.201007e-01 7.948958e-09 3.723870e-01 
4.202277e-01 7.999154e-09 3.803290e-01 
4.200905e-01 7.934005e-09 3.635140e-01 
4.199686e-01 7.886144e-09 3.376380e-01 
4.201980e-01 7.990246e-09 3.763100e-01 
4.200622e-01 7.956866e-09 4.567810e-01 
4.202898e-01 8.006770e-09 4.052200e-01 
4.201127e-01 7.933811e-09 4.309750e-01 
4.201221e-01 7.954999e-09 3.825080e-01 
4.200613e-01 7.956471e-09 3.458720e-01 
4.200578e-01 7.946326e-09 3.456510e-01 
4.200040e-01 7.931332e-09 3.325360e-01 
4.202086e-01 8.003770e-09 3.334920e-01 
4.200321e-01 7.997464e-09 3.276410e-01 
4.203026e-01 8.074408e-09 3.282230e-01 
4.199992e-01 7.898271e-09 3.341530e-01 
4.202519e-01 8.010203e-09 3.268730e-01 
4.201043e-01 8.018641e-09 3.321970e-01 
4.201081e-01 7.944906e-09 3.395640e-01 
4.200488e-01 7.922168e-09 3.285710e-01 
4.199175e-01 7.908878e-09 3.305940e-01 
4.201350e-01 7.981143e-09 3.369760e-01 
4.201283e-01 8.020507e-09 3.299980e-01 
4.201172e-01 7.978058e-09 3.247630e-01 
4.200866e-01 7.988777e-09 3.249540e-01 
4.200411e-01 7.972208e-09 3.318240e-01 
4.202163e-01 7.997415e-09 3.596730e-01 
4.202175e-01 8.019102e-09 3.351440e-01 
4.200294e-01 7.963099e-09 3.618420e-01 
4.200892e-01 7.962588e-09 3.947640e-01 
4.200866e-01 7.957008e-09 4.261530e-01 
4.200339e-01 7.947016e-09 3.724290e-01 
4.201229e-01 7.969765e-09 3.616240e-01 
4.201601e-01 8.060776e-09 3.630930e-01 
4.201230e-01 7.967980e-09 3.452860e-01 
4.201157e-01 8.005755e-09 3.520770e-01 
4.199872e-01 7.947098e-09 3.614470e-01 
4.201200e-01 7.968224e-09 3.863390e-01 
4.200747e-01 7.984435e-09 4.049230e-01 
4.200279e-01 7.954503e-09 3.729440e-01 
4.200437e-01 7.894734e-09 4.362240e-01 
4.201474e-01 7.968234e-09 3.826150e-01 
4.202805e-01 8.026757e-09 3.595960e-01 
4.201868e-01 7.988145e-09 4.257950e-01 
4.200480e-01 7.956164e-09 3.674090e-01 
4.201705e-01 8.030788e-09 3.624760e-01 
4.201764e-01 7.986788e-09 3.714090e-01 
4.200666e-01 7.961336e-09 3.712370e-01 
4.201355e-01 7.998942e-09 3.782350e-01 
4.202386e-01 8.023466e-09 3.659600e-01 
4.200946e-01 7.999854e-09 3.733040e-01 
4.200731e-01 7.975968e-09 3.910250e-01 
4.200184e-01 7.917402e-09 3.783810e-01 
4.202950e-01 8.043031e-09 3.812670e-01 
4.200569e-01 7.941612e-09 3.659060e-01 
4.199675e-01 7.924912e-09 3.691200e-01 
4.200862e-01 7.913844e-09 3.797940e-01 
4.200534e-01 7.955679e-09 3.487610e-01 
4.200598e-01 8.002070e-09 5.153760e-01 
4.200491e-01 7.977327e-09 4.247800e-01 
4.200388e-01 7.965897e-09 3.788870e-01 
4.201015e-01 8.029488e-09 4.364690e-01 
4.200295e-01 7.985288e-09 3.843740e-01 
4.201807e-01 8.028065e-09 4.012650e-01 
4.200353e-01 7.945726e-09 3.831400e-01 
4.201371e-01 7.949449e-09 3.775080e-01 
4.200014e-01 7.905174e-09 3.737480e-01 
4.200898e-01 7.978136e-09 3.664100e-01 
4.200512e-01 7.998387e-09 3.739710e-01 
4.199893e-01 7.911519e-09 3.740960e-01 
4.201310e-01 7.982769e-09 3.746150e-01 
4.200381e-01 7.950937e-09 3.755290e-01 
4.199993e-01 7.934783e-09 3.815130e-01 
4.200760e-01 7.972016e-09 3.632500e-01 
4.200715e-01 7.980985e-09 3.758510e-01 
4.200771e-01 7.984487e-09 3.573840e-01 
4.200766e-01 7.950112e-09 3.298470e-01 
4.200256e-01 7.935148e-09 3.358590e-01 
4.200297e-01 7.984533e-09 3.280160e-01 
4.201089e-01 7.977096e-09 3.645140e-01 
4.202191e-01 8.041085e-09 3.850790e-01 
4.199214e-01 7.859125e-09 3.773430e-01 
4.201153e-01 7.997689e-09 4.003830e-01 
4.200688e-01 8.015574e-09 3.890190e-01 
4.201539e-01 7.977137e-09 4.000190e-01 
4.201620e-01 7.987380e-09 3.919500e-01 
4.201181e-01 7.953149e-09 4.290100e-01 
4.200293e-01 7.964291e-09 4.288040e-01 
4.202330e-01 8.041372e-09 4.000650e-01 
4.200611e-01 7.996364e-09 4.056130e-01 
4.200370e-01 7.983910e-09 3.651710e-01 
4.202379e-01 7.983765e-09 3.672920e-01 
4.201852e-01 7.971484e-09 3.362030e-01 
4.201849e-01 7.970511e-09 3.367500e-01 
4.200128e-01 7.932478e-09 3.272300e-01 
4.201914e-01 8.029832e-09 3.311610e-01 
4.200151e-01 7.937700e-09 3.376370e-01 
4.201420e-01 7.973165e-09 3.435320e-01 
4.200673e-01 7.953259e-09 3.571180e-01 
4.200766e-01 7.956724e-09 3.411300e-01 
4.201061e-01 7.940848e-09 3.369870e-01 
4.200381e-01 7.950923e-09 3.457360e-01 
4.201632e-01 7.973620e-09 3.341810e-01 
4.200112e-01 7.960572e-09 3.745300e-01 
4.200902e-01 7.924833e-09 3.676760e-01 
4.200905e-01 7.985915e-09 3.975810e-01 
4.201989e-01 8.027450e-09 4.287790e-01 
4.199272e-01 7.875749e-09 3.617260e-01 
4.199768e-01 7.919529e-09 3.501710e-01 
4.199790e-01 7.944435e-09 3.815970e-01 
4.202526e-01 8.009904e-09 3.822610e-01 
4.200895e-01 7.921858e-09 3.732750e-01 
4.198813e-01 7.901053e-09 3.494920e-01 
4.201474e-01 7.963720e-09 4.089030e-01 
4.201806e-01 7.992133e-09 3.885660e-01 
4.201596e-01 7.993933e-09 3.465730e-01 
4.199743e-01 7.976097e-09 3.566780e-01 
4.199188e-01 7.907700e-09 3.648190e-01 
4.200930e-01 7.967760e-09 3.659810e-01 
4.202389e-01 8.010557e-09 4.704270e-01 
4.202227e-01 7.996318e-09 3.892910e-01 
4.201246e-01 7.954654e-09 3.789380e-01 
4.200793e-01 7.975196e-09 3.920820e-01 
4.199838e-01 7.975166e-09 3.340100e-01 
4.201157e-01 7.982102e-09 3.308650e-01 
4.200386e-01 8.005825e-09 3.386820e-01 
4.200281e-01 7.911645e-09 3.312010e-01 
4.201515e-01 8.038305e-09 3.352980e-01 
4.199613e-01 7.895169e-09 3.382170e-01 
4.200917e-01 7.979658e-09 3.416590e-01 
4.202382e-01 8.060483e-09 3.568030e-01 
4.200438e-01 7.976318e-09 3.995540e-01 
4.200661e-01 7.968355e-09 3.767350e-01 
4.199351e-01 7.915101e-09 3.328600e-01 
4.200339e-01 7.975428e-09 3.426750e-01 
4.201270e-01 8.007341e-09 3.302880e-01 
4.201060e-01 8.018089e-09 3.319890e-01 
4.199534e-01 7.961320e-09 3.370760e-01 
4.199714e-01 7.949320e-09 3.454840e-01 
4.200939e-01 7.942537e-09 3.454170e-01 
4.202324e-01 8.008427e-09 4.132840e-01 
4.199600e-01 7.944797e-09 4.666110e-01 
4.200796e-01 7.935193e-09 3.714480e-01 
4.201778e-01 7.977508e-09 3.484100e-01 
4.201984e-01 8.007568e-09 3.457360e-01 
4.201543e-01 7.984814e-09 3.323040e-01 
4.201309e-01 7.944654e-09 3.324170e-01 
4.201686e-01 7.980287e-09 3.349340e-01 
4.200196e-01 7.947628e-09 3.419900e-01 
4.200733e-01 7.978407e-09 3.341020e-01 
4.200704e-01 7.986535e-09 3.354020e-01 
4.202367e-01 7.957321e-09 3.373670e-01 
4.200734e-01 7.977634e-09 3.308990e-01 
4.200984e-01 7.926220e-09 3.352950e-01 
4.200843e-01 7.985676e-09 3.372390e-01 
4.201312e-01 7.951568e-09 3.304110e-01 
4.200812e-01 7.998456e-09 3.354000e-01 
4.201419e-01 7.992556e-09 3.357770e-01 
4.200821e-01 7.991536e-09 3.335930e-01 
4.201712e-01 7.998816e-09 3.289980e-01 
4.200734e-01 7.968896e-09 3.354320e-01 
4.201037e-01 7.938239e-09 3.513500e-01 
4.200680e-01 7.947099e-09 3.317450e-01 
4.201614e-01 7.977177e-09 3.314440e-01 
4.200966e-01 8.020300e-09 3.303820e-01 
4.202281e-01 8.031340e-09 3.456330e-01 
4.201523e-01 7.994388e-09 3.277390e-01 
4.200830e-01 7.881045e-09 3.456790e-01 
4.201465e-01 7.985695e-09 3.378990e-01 
4.201072e-01 7.978835e-09 3.416130e-01 
4.201895e-01 8.021034e-09 3.363410e-01 
4.200755e-01 7.936497e-09 3.343840e-01 
4.201577e-01 7.977578e-09 3.317810e-01 
4.200678e-01 7.939494e-09 3.356710e-01 
4.201127e-01 7.962668e-09 3.834800e-01 
4.202053e-01 8.002484e-09 3.781780e-01 
4.202604e-01 7.982207e-09 3.444430e-01 
4.202293e-01 8.043468e-09 3.523650e-01 
4.200262e-01 7.971179e-09 3.326930e-01 
4.202400e-01 7.999727e-09 3.328080e-01 
4.201665e-01 8.030603e-09 3.457610e-01 
4.200630e-01 7.912965e-09 3.497450e-01 
4.201435e-01 7.949194e-09 3.384050e-01 
4.198434e-01 7.905606e-09 3.801960e-01 
4.201128e-01 7.986486e-09 3.366400e-01 
4.201154e-01 7.982592e-09 3.348920e-01 
4.200750e-01 7.943877e-09 3.444770e-01 
4.200562e-01 7.943025e-09 3.307100e-01 
4.201424e-01 7.983398e-09 3.463640e-01 
4.202910e-01 8.050951e-09 3.383050e-01 
4.200293e-01 7.921423e-09 3.309100e-01 
4.200408e-01 7.956618e-09 3.357510e-01 
4.201190e-01 7.942656e-09 3.490470e-01 
4.201109e-01 7.972515e-09 3.301160e-01 
4.202496e-01 8.051064e-09 3.317910e-01 
4.199948e-01 7.925340e-09 3.799960e-01 
4.201938e-01 8.002398e-09 3.659210e-01 
4.200605e-01 7.950342e-09 3.694410e-01 
4.201539e-01 7.913342e-09 3.509000e-01 
4.200543e-01 7.894689e-09 3.654040e-01 
4.201643e-01 7.996841e-09 3.595620e-01 
4.200066e-01 7.886056e-09 3.467970e-01 
4.201180e-01 7.934414e-09 3.373070e-01 
4.201135e-01 7.965205e-09 3.448970e-01 
4.201754e-01 7.987502e-09 3.337950e-01 
4.201833e-01 7.951362e-09 3.319700e-01 
4.201292e-01 7.960447e-09 3.385100e-01 
4.202558e-01 8.023367e-09 3.304780e-01 
4.199630e-01 7.943014e-09 3.368170e-01 
4.200707e-01 7.910983e-09 3.449000e-01 
4.201487e-01 7.986546e-09 3.430100e-01 
4.201247e-01 7.987486e-09 3.342200e-01 
4.201833e-01 8.020943e-09 4.285620e-01 
4.201461e-01 7.969601e-09 3.681680e-01 
4.201489e-01 7.967937e-09 3.439030e-01 
4.199161e-01 7.912329e-09 3.431080e-01 
4.200521e-01 7.918338e-09 3.322460e-01 
4.202715e-01 8.043595e-09 3.416220e-01 
4.201059e-01 7.956445e-09 3.293170e-01 
4.199993e-01 7.944050e-09 3.421360e-01 
4.201199e-01 7.990733e-09 3.547320e-01 
4.200021e-01 7.921537e-09 3.327440e-01 
4.201331e-01 7.915245e-09 3.381180e-01 
4.202013e-01 7.964971e-09 3.429090e-01 
4.201292e-01 7.974483e-09 3.401620e-01 
4.199971e-01 7.945584e-09 3.338330e-01 
4.202346e-01 8.030369e-09 3.374700e-01 
4.201698e-01 7.980473e-09 3.713180e-01 
4.201222e-01 7.955567e-09 3.883280e-01 
4.200010e-01 7.905556e-09 4.682440e-01 
4.200760e-01 7.989139e-09 4.484180e-01 
4.200568e-01 7.943565e-09 3.428230e-01 
4.200777e-01 7.983126e-09 3.331130e-01 
4.201740e-01 7.969784e-09 3.288980e-01 
4.201961e-01 7.980839e-09 3.334490e-01 
4.202321e-01 8.004637e-09 3.408920e-01 
4.201159e-01 7.977446e-09 3.575620e-01 
4.200787e-01 7.929583e-09 3.940600e-01 
4.201111e-01 7.962302e-09 3.531270e-01 
4.200185e-01 7.926261e-09 3.413520e-01 
4.201615e-01 7.967047e-09 3.346910e-01 
4.200727e-01 7.926001e-09 3.264910e-01 
4.201696e-01 8.004458e-09 3.265140e-01 
4.201760e-01 8.016656e-09 3.386380e-01 
4.202415e-01 8.021978e-09 3.443420e-01 
4.201764e-01 8.013601e-09 3.304240e-01 
4.201478e-01 7.982555e-09 3.316190e-01 
4.202340e-01 7.969838e-09 3.282500e-01 
4.201168e-01 7.962806e-09 3.352420e-01 
4.201481e-01 7.973253e-09 3.284230e-01 
4.202194e-01 8.012227e-09 3.370990e-01 
4.201322e-01 7.988492e-09 3.380820e-01 
4.202492e-01 7.936189e-09 3.795570e-01 
4.200988e-01 7.938389e-09 3.392440e-01 
4.202219e-01 8.006948e-09 3.596600e-01 
4.200408e-01 7.914230e-09 4.182250e-01 
4.201946e-01 7.938797e-09 4.003200e-01 
4.200290e-01 7.969477e-09 3.520990e-01 
4.201965e-01 7.955392e-09 3.278580e-01 
4.200992e-01 7.965956e-09 3.357640e-01 
4.200034e-01 7.945692e-09 3.398650e-01 
4.200853e-01 7.938347e-09 3.411770e-01 
4.201255e-01 7.983998e-09 3.412290e-01 
4.201239e-01 7.956021e-09 3.348020e-01 
4.201229e-01 7.998817e-09 3.281260e-01 
4.201836e-01 8.019325e-09 3.267500e-01 
4.200839e-01 7.963261e-09 3.341600e-01 
4.201508e-01 8.005382e-09 3.341840e-01 
4.201271e-01 7.976439e-09 3.488990e-01 
4.201250e-01 7.971023e-09 3.329880e-01 
4.201828e-01 7.993132e-09 3.282990e-01 
4.200365e-01 7.948983e-09 3.288780e-01 
4.201949e-01 7.993621e-09 3.326230e-01 
4.201299e-01 7.985550e-09 3.836100e-01 
4.200553e-01 7.912472e-09 3.956070e-01 
4.199923e-01 7.915201e-09 3.319690e-01 
4.201110e-01 7.924260e-09 3.400700e-01 
4.200364e-01 7.952723e-09 3.402910e-01 
4.203084e-01 7.982562e-09 3.287120e-01 
4.200946e-01 7.974010e-09 3.369540e-01 
4.200825e-01 7.939312e-09 3.303880e-01 
4.200441e-01 7.921471e-09 3.284750e-01 
4.201092e-01 7.983823e-09 3.328600e-01 
4.201034e-01 7.995767e-09 3.993300e-01 
4.201423e-01 7.917312e-09 3.368360e-01 
4.201815e-01 8.009072e-09 3.264640e-01 
4.201129e-01 7.997403e-09 3.307470e-01 
4.202453e-01 7.995129e-09 3.316900e-01 
4.200038e-01 7.893211e-09 3.321730e-01 
4.202357e-01 8.006363e-09 3.393210e-01 
4.201596e-01 7.982637e-09 3.380000e-01 
4.200888e-01 7.916020e-09 3.320430e-01 
4.202946e-01 8.033215e-09 3.349670e-01 
4.199586e-01 7.947756e-09 3.277710e-01 
4.201700e-01 7.990280e-09 3.281280e-01 
4.201436e-01 7.957083e-09 3.386370e-01 
4.201050e-01 7.994043e-09 3.389740e-01 
4.199777e-01 7.894568e-09 3.270430e-01 
4.199974e-01 7.924767e-09 3.411940e-01 
4.202335e-01 8.006662e-09 3.500340e-01 
4.200141e-01 7.973998e-09 3.731480e-01 
4.202112e-01 7.961947e-09 3.427570e-01 
4.201303e-01 7.981516e-09 3.302250e-01 
4.200601e-01 7.931585e-09 3.324590e-01 
4.201838e-01 8.011332e-09 3.340620e-01 
4.201315e-01 7.989241e-09 3.412580e-01 
4.202734e-01 7.997914e-09 3.275640e-01 
4.200583e-01 7.949901e-09 3.491790e-01 
4.201623e-01 7.989069e-09 3.419980e-01 
4.202359e-01 8.012074e-09 3.423750e-01 
4.201295e-01 7.931245e-09 3.355250e-01 
4.201891e-01 7.986027e-09 3.286060e-01 
4.202051e-01 8.005716e-09 3.251060e-01 
4.201687e-01 7.953328e-09 3.894280e-01 
4.201598e-01 8.012100e-09 3.946980e-01 
4.201090e-01 7.879191e-09 3.913340e-01 
4.201254e-01 7.976667e-09 4.107300e-01 
4.202784e-01 8.032870e-09 5.319920e-01 
4.199920e-01 7.944796e-09 4.127240e-01 
4.201246e-01 7.951041e-09 4.122820e-01 
4.202708e-01 7.990731e-09 4.055180e-01 
4.201625e-01 7.995840e-09 4.109470e-01 
4.199713e-01 7.940687e-09 3.579940e-01 
4.201969e-01 7.952061e-09 3.316400e-01 
4.202541e-01 8.020474e-09 3.726320e-01 
4.201106e-01 7.992571e-09 4.841850e-01 
4.200898e-01 7.923815e-09 3.959020e-01 
4.201016e-01 7.986945e-09 3.611350e-01 
4.201512e-01 8.015520e-09 3.893770e-01 
4.201517e-01 7.972000e-09 4.701930e-01 
4.202058e-01 7.999683e-09 3.810350e-01 
4.202396e-01 8.007212e-09 3.935530e-01 
4.200283e-01 7.919543e-09 3.918810e-01 
4.201723e-01 7.979876e-09 3.518520e-01 
4.201592e-01 7.987531e-09 3.596740e-01 
4.201779e-01 7.982196e-09 3.283090e-01 
4.201429e-01 7.921757e-09 3.278320e-01 
4.200922e-01 7.966977e-09 3.319500e-01 
4.201556e-01 7.913469e-09 3.337970e-01 
4.200791e-01 7.959328e-09 3.356090e-01 
4.200295e-01 7.910144e-09 3.307360e-01 
4.200523e-01 7.935897e-09 3.734010e-01 
4.201914e-01 8.015235e-09 3.274090e-01 
4.200781e-01 7.973582e-09 3.318110e-01 
4.203238e-01 8.052175e-09 3.404710e-01 
4.200056e-01 7.888333e-09 3.298230e-01 
4.201186e-01 7.941936e-09 3.611290e-01 
4.202558e-01 7.959894e-09 3.731230e-01 
4.201100e-01 8.009265e-09 3.727920e-01 
4.200776e-01 7.943401e-09 4.044870e-01 
4.201118e-01 7.989417e-09 3.371700e-01 
4.200611e-01 7.938937e-09 3.324420e-01 
4.201941e-01 8.004680e-09 3.873870e-01 
4.200663e-01 7.921354e-09 3.545440e-01 
4.201121e-01 7.957137e-09 3.927580e-01 
4.200499e-01 7.962835e-09 4.261220e-01 
4.201558e-01 7.969876e-09 4.398010e-01 
4.201324e-01 7.987141e-09 4.356520e-01 
4.200556e-01 7.947627e-09 3.666730e-01 
4.202463e-01 8.001980e-09 3.405660e-01 
4.203444e-01 8.102215e-09 3.556360e-01 
4.200992e-01 7.968687e-09 3.313380e-01 
4.202740e-01 8.026669e-09 3.314860e-01 
4.200775e-01 7.952054e-09 3.298870e-01 
4.201593e-01 7.991602e-09 3.656860e-01 
4.203271e-01 8.068583e-09 3.442070e-01 
4.202193e-01 7.995110e-09 3.533690e-01 
4.202539e-01 7.982971e-09 3.501270e-01 
4.201783e-01 7.942295e-09 3.453870e-01 
4.202804e-01 7.957365e-09 3.827070e-01 
4.202206e-01 7.998687e-09 3.505980e-01 
4.202142e-01 7.983827e-09 3.431070e-01 
4.202418e-01 7.957728e-09 3.350750e-01 
4.203421e-01 7.998836e-09 3.347030e-01 
4.200583e-01 7.952378e-09 3.334010e-01 
4.203290e-01 8.028480e-09 3.317500e-01 
4.201905e-01 7.938845e-09 3.697090e-01 
4.201295e-01 8.006627e-09 3.365520e-01 
4.201158e-01 7.973595e-09 3.283500e-01 
4.202224e-01 7.939328e-09 3.516750e-01 
4.202395e-01 8.037517e-09 3.574070e-01 
4.201546e-01 7.951935e-09 3.330180e-01 
4.201337e-01 7.957257e-09 3.599640e-01 
4.201368e-01 7.966266e-09 3.425400e-01 
4.200612e-01 7.946166e-09 3.245840e-01 
4.200027e-01 7.917530e-09 3.378310e-01 
4.202550e-01 7.989522e-09 3.381100e-01 
4.202190e-01 8.000890e-09 3.258740e-01 
4.201423e-01 7.962289e-09 3.300840e-01 
4.201185e-01 7.950601e-09 3.303890e-01 
4.202720e-01 7.979845e-09 3.380310e-01 
4.202280e-01 8.011263e-09 3.275600e-01 
4.201650e-01 8.012170e-09 3.351710e-01 
4.202824e-01 7.999788e-09 3.797960e-01 
4.199868e-01 7.872926e-09 3.393280e-01 
4.202041e-01 8.051593e-09 3.566960e-01 
4.200690e-01 7.927059e-09 3.641650e-01 
4.201055e-01 7.956769e-09 3.398090e-01 
4.202432e-01 7.972806e-09 3.330440e-01 
4.202267e-01 7.992666e-09 3.298140e-01 
4.200609e-01 7.927210e-09 3.506910e-01 
4.200500e-01 7.940175e-09 3.671080e-01 
4.201994e-01 7.984384e-09 3.929510e-01 
4.203960e-01 8.034667e-09 4.151790e-01 
4.200904e-01 7.932112e-09 3.491310e-01 
4.201254e-01 7.978236e-09 3.756080e-01 
4.199826e-01 7.911217e-09 3.563310e-01 
4.200320e-01 7.907911e-09 3.448820e-01 
4.200376e-01 7.890395e-09 3.720000e-01 
4.202399e-01 7.975264e-09 3.482680e-01 
4.200336e-01 7.956808e-09 3.365280e-01 
4.202424e-01 7.978980e-09 3.424720e-01 
4.200346e-01 7.967617e-09 3.323650e-01 
4.199975e-01 7.941201e-09 3.271410e-01 
4.202782e-01 8.017486e-09 3.418970e-01 
4.200907e-01 7.936335e-09 3.331560e-01 
4.200967e-01 7.924968e-09 3.311040e-01 
4.203180e-01 7.990762e-09 3.506780e-01 
4.201894e-01 7.983486e-09 3.579330e-01 
4.202496e-01 7.995111e-09 3.729630e-01 
4.203431e-01 7.997116e-09 3.486860e-01 
4.202525e-01 7.981480e-09 3.670660e-01 
4.201219e-01 7.933807e-09 3.831340e-01 
4.201871e-01 8.005885e-09 3.378050e-01 
4.203019e-01 8.102848e-09 3.335870e-01 
4.202729e-01 8.034357e-09 3.429970e-01 
4.201728e-01 7.967198e-09 3.533770e-01 
4.200396e-01 7.903093e-09 3.427610e-01 
4.203025e-01 7.982724e-09 3.352970e-01 
4.201846e-01 7.967329e-09 3.750670e-01 
4.201400e-01 7.994317e-09 3.370890e-01 
4.201311e-01 7.968108e-09 3.527430e-01 
4.201854e-01 8.010449e-09 3.272180e-01 
4.201206e-01 7.911796e-09 3.338930e-01 
4.200872e-01 7.959562e-09 3.321120e-01 
4.200985e-01 7.970341e-09 3.295130e-01 
4.202153e-01 7.975032e-09 3.248040e-01 
4.203639e-01 8.067694e-09 3.431580e-01 
4.200546e-01 7.951404e-09 3.264490e-01 
4.200654e-01 7.955500e-09 3.288150e-01 
4.203928e-01 8.024226e-09 3.419450e-01 
4.201647e-01 7.950647e-09 3.340170e-01 
4.200935e-01 7.937801e-09 3.449700e-01 
4.201648e-01 7.936695e-09 3.548460e-01 
4.201799e-01 7.978068e-09 3.420230e-01 
4.202771e-01 8.015338e-09 3.374390e-01 
4.200366e-01 7.902531e-09 3.464620e-01 
4.200343e-01 7.895988e-09 3.416620e-01 
4.201641e-01 7.986785e-09 3.481920e-01 
4.200673e-01 7.938065e-09 3.371780e-01 
4.201279e-01 7.967147e-09 3.405510e-01 
4.201042e-01 7.940721e-09 3.575380e-01 
4.200561e-01 7.906232e-09 3.458330e-01 
4.201871e-01 8.028627e-09 3.308200e-01 
4.201670e-01 8.021193e-09 3.292010e-01 
4.201782e-01 7.974592e-09 3.337220e-01 
4.202478e-01 7.990675e-09 3.776230e-01 
4.201346e-01 7.943642e-09 4.032030e-01 
4.200497e-01 7.916806e-09 3.382570e-01 
4.203604e-01 8.020212e-09 3.409990e-01 
4.199338e-01 7.903192e-09 3.566270e-01 
4.200383e-01 7.936751e-09 3.464010e-01 
4.201440e-01 7.960610e-09 3.393570e-01 
4.201762e-01 7.992839e-09 3.316030e-01 
4.200824e-01 7.897868e-09 3.452600e-01 
4.202806e-01 7.997033e-09 3.487530e-01 
4.200613e-01 7.880992e-09 3.383900e-01 
4.201180e-01 7.958805e-09 3.543180e-01 
4.201413e-01 8.019819e-09 3.299210e-01 
4.201967e-01 7.949820e-09 3.386450e-01 
4.201768e-01 7.960210e-09 3.323240e-01 
4.201120e-01 7.969291e-09 3.414770e-01 
4.202732e-01 8.061644e-09 3.450150e-01 
4.200634e-01 7.979349e-09 3.353750e-01 
4.200539e-01 7.923159e-09 3.358970e-01 
4.201027e-01 7.956557e-09 3.506860e-01 
4.203108e-01 7.980971e-09 3.265780e-01 
4.201260e-01 7.955027e-09 3.310410e-01 
4.202640e-01 7.989524e-09 3.419300e-01 
4.199975e-01 7.902809e-09 3.318410e-01 
4.201359e-01 7.973224e-09 3.706100e-01 
4.200746e-01 7.943895e-09 3.490820e-01 
4.202465e-01 8.018627e-09 3.686370e-01 
4.202917e-01 8.039444e-09 3.328190e-01 
4.201474e-01 7.982222e-09 3.488920e-01 
4.199536e-01 7.878425e-09 3.422680e-01 
4.201796e-01 8.022553e-09 3.273110e-01 
4.201203e-01 7.948832e-09 3.469750e-01 
4.201300e-01 7.944202e-09 3.724550e-01 
4.202868e-01 8.001937e-09 3.376420e-01 
4.200977e-01 7.914241e-09 3.629050e-01 
4.201008e-01 7.901538e-09 4.293350e-01 
4.201504e-01 7.966535e-09 3.534800e-01 
4.201665e-01 7.960829e-09 3.352290e-01 
4.201090e-01 7.972961e-09 3.295640e-01 
4.201127e-01 7.965177e-09 3.377880e-01 
4.201122e-01 7.980615e-09 3.351390e-01 
4.203455e-01 8.039457e-09 3.406690e-01 
4.201462e-01 7.988961e-09 3.407950e-01 
4.201481e-01 7.975516e-09 3.877890e-01 
4.201444e-01 7.971556e-09 3.618310e-01 
4.201231e-01 7.984128e-09 3.319340e-01 
4.201946e-01 8.039489e-09 3.405740e-01 
4.202167e-01 7.990977e-09 3.453010e-01 
4.201801e-01 7.938074e-09 3.353500e-01 
4.201340e-01 7.935210e-09 3.395580e-01 
4.201247e-01 7.949863e-09 3.380270e-01 
4.201064e-01 7.946652e-09 3.334770e-01 
4.200752e-01 7.942548e-09 3.394100e-01 
4.200970e-01 7.953681e-09 3.338220e-01 
4.200720e-01 7.896314e-09 3.340740e-01 
4.202813e-01 7.996991e-09 3.266230e-01 
4.201503e-01 7.994322e-09 3.302220e-01 
4.202149e-01 7.971764e-09 3.364840e-01 
4.199831e-01 7.912185e-09 3.310240e-01 
4.202246e-01 7.989254e-09 4.357320e-01 
4.202279e-01 7.997497e-09 3.295190e-01 
4.201260e-01 8.011645e-09 3.368170e-01 
4.202704e-01 7.990421e-09 3.360820e-01 
4.201445e-01 7.891912e-09 3.450620e-01 
4.201064e-01 8.005887e-09 3.382120e-01 
4.199663e-01 7.907031e-09 3.339490e-01 
4.201123e-01 7.921491e-09 3.303260e-01 
4.201650e-01 8.028209e-09 3.268910e-01 
4.201906e-01 7.979051e-09 3.360790e-01 
4.201032e-01 7.953940e-09 3.679900e-01 
4.201159e-01 7.935133e-09 3.380940e-01 
4.201009e-01 7.940053e-09 3.384450e-01 
4.202676e-01 8.005266e-09 3.614060e-01 
4.202050e-01 7.970256e-09 3.511550e-01 
4.201832e-01 7.993878e-09 3.566690e-01 
4.202150e-01 7.966777e-09 3.290080e-01 
4.200631e-01 7.930053e-09 3.354530e-01 
4.201270e-01 7.948727e-09 3.423930e-01 
4.201487e-01 7.978367e-09 3.310900e-01 
4.200436e-01 7.951850e-09 3.277260e-01 
4.202143e-01 8.034623e-09 3.292620e-01 
4.201941e-01 7.980261e-09 3.706350e-01 
4.203820e-01 8.006639e-09 3.526390e-01 
4.201368e-01 7.957169e-09 3.353970e-01 
4.200895e-01 7.938532e-09 3.339810e-01 
4.201112e-01 8.028422e-09 3.307020e-01 
4.201324e-01 7.931564e-09 3.426160e-01 
4.202429e-01 7.978224e-09 3.650650e-01 
4.201696e-01 7.981996e-09 3.285140e-01 
4.200931e-01 7.972195e-09 3.413530e-01 
4.200555e-01 7.917594e-09 3.396830e-01 
4.200870e-01 7.924698e-09 3.454450e-01 
4.201642e-01 7.987645e-09 3.279680e-01 
4.201669e-01 8.008133e-09 3.344690e-01 
4.201600e-01 7.958264e-09 3.319570e-01 
4.199964e-01 7.906444e-09 3.581270e-01 
4.200880e-01 7.931678e-09 3.620680e-01 
4.201265e-01 7.955311e-09 3.450730e-01 
4.201720e-01 8.016808e-09 3.306940e-01 
4.203637e-01 8.006574e-09 3.313390e-01 
4.201844e-01 7.992094e-09 3.396600e-01 
4.202357e-01 8.000560e-09 3.272570e-01 
4.200448e-01 7.951426e-09 3.299090e-01 
4.202184e-01 7.988267e-09 3.390710e-01 
4.200614e-01 7.926432e-09 3.368650e-01 
4.199883e-01 7.861026e-09 3.285630e-01 
4.201704e-01 7.941868e-09 3.331140e-01 
4.201685e-01 7.961916e-09 3.412420e-01 
4.203063e-01 8.033102e-09 3.290000e-01 
4.200978e-01 7.956043e-09 3.350880e-01 
4.203151e-01 8.046279e-09 3.303130e-01 
4.202374e-01 7.983339e-09 3.762660e-01 
4.202824e-01 8.005860e-09 3.384440e-01 
4.201324e-01 7.967447e-09 3.621890e-01 
4.201971e-01 7.994114e-09 3.272530e-01 
4.201251e-01 7.940502e-09 3.677150e-01 
4.201436e-01 7.924582e-09 3.306590e-01 
4.201836e-01 7.939683e-09 3.268460e-01 
4.200796e-01 7.961830e-09 3.379700e-01 
4.201558e-01 7.935967e-09 3.271530e-01 
4.200409e-01 7.910015e-09 3.253810e-01 
4.200829e-01 7.916432e-09 3.396300e-01 
4.203775e-01 8.037038e-09 3.415170e-01 
4.201255e-01 7.914897e-09 3.638210e-01 
4.199543e-01 7.871936e-09 5.058870e-01 
4.201650e-01 8.006257e-09 4.306520e-01 
4.200791e-01 7.942920e-09 3.742650e-01 
4.202281e-01 8.000602e-09 3.467100e-01 
4.202272e-01 8.008198e-09 3.282630e-01 
4.203281e-01 8.044506e-09 3.348430e-01 
4.201448e-01 7.953989e-09 3.288000e-01 
4.201827e-01 7.943191e-09 3.292070e-01 
4.202689e-01 8.053194e-09 3.334860e-01 
4.201134e-01 7.977833e-09 3.386830e-01 
4.200777e-01 7.929265e-09 3.339110e-01 
4.202001e-01 7.976866e-09 3.808080e-01 
4.202537e-01 7.985035e-09 3.578010e-01 
4.201182e-01 7.924186e-09 3.319120e-01 
4.200509e-01 7.953023e-09 3.329810e-01 
4.200619e-01 7.940239e-09 3.257240e-01 
4.202566e-01 8.044048e-09 3.794920e-01 
4.201535e-01 7.966514e-09 3.284210e-01 
4.202361e-01 8.045238e-09 3.338040e-01 
4.200785e-01 7.963117e-09 3.342530e-01 
4.202592e-01 7.978764e-09 3.649450e-01 
4.202488e-01 7.943752e-09 3.750930e-01 
4.202273e-01 7.971741e-09 3.384470e-01 
4.201668e-01 8.026589e-09 3.904810e-01 
4.203118e-01 8.039040e-09 3.401110e-01 
4.202626e-01 8.020809e-09 3.376960e-01 
4.202441e-01 8.000069e-09 3.383840e-01 
4.202346e-01 7.982804e-09 3.267500e-01 
4.202571e-01 8.019853e-09 3.540840e-01 
4.201385e-01 7.947738e-09 3.282420e-01 
4.202350e-01 7.997679e-09 3.268620e-01 
4.202194e-01 7.962106e-09 3.353400e-01 
4.201469e-01 7.969641e-09 3.395540e-01 
4.201518e-01 7.905157e-09 3.339510e-01 
4.204120e-01 8.044968e-09 3.328560e-01 
4.200028e-01 7.921998e-09 3.350680e-01 
4.202169e-01 7.994553e-09 3.427780e-01 
4.201033e-01 7.928600e-09 3.713680e-01 
4.202214e-01 7.960475e-09 3.321670e-01 
4.202392e-01 8.006092e-09 3.272610e-01 
4.203107e-01 8.049362e-09 3.533270e-01 
4.202346e-01 7.977934e-09 3.260920e-01 
4.201171e-01 7.925626e-09 3.422570e-01 
4.201912e-01 7.982557e-09 3.294530e-01 
4.201484e-01 7.978489e-09 3.422810e-01 
4.202144e-01 7.978671e-09 3.409700e-01 
4.201946e-01 7.987537e-09 3.293270e-01 
4.202274e-01 8.008005e-09 3.376010e-01 
4.202480e-01 8.024274e-09 3.416250e-01 
4.201725e-01 7.954817e-09 3.291160e-01 
4.202297e-01 7.964457e-09 3.276280e-01 
4.202922e-01 7.961010e-09 3.321490e-01 
4.201635e-01 7.992591e-09 3.383450e-01 
4.201633e-01 7.960335e-09 3.539440e-01 
4.200776e-01 7.918322e-09 3.440440e-01 
4.200367e-01 7.877877e-09 3.258310e-01 
4.201626e-01 7.979222e-09 3.280070e-01 
4.201382e-01 7.958674e-09 3.325940e-01 
4.202270e-01 7.969642e-09 3.278710e-01 
4.201260e-01 7.941576e-09 3.301320e-01 
4.201941e-01 7.988486e-09 3.338970e-01 
4.203440e-01 7.986113e-09 3.964350e-01 
4.200235e-01 7.906082e-09 3.419760e-01 
4.200381e-01 7.951086e-09 3.415560e-01 
4.202670e-01 7.999218e-09 3.647000e-01 
4.202647e-01 7.957628e-09 3.301630e-01 
4.201197e-01 7.942949e-09 3.412820e-01 
4.202828e-01 7.961977e-09 3.354550e-01 
4.202531e-01 8.034036e-09 3.341960e-01 
4.202343e-01 7.971079e-09 3.390250e-01 
4.200546e-01 7.921324e-09 3.406410e-01 
4.201911e-01 7.969535e-09 3.476980e-01 
4.203318e-01 8.018093e-09 3.373650e-01 
4.200870e-01 7.939696e-09 3.301890e-01 
4.202486e-01 8.013158e-09 3.317560e-01 
4.200799e-01 8.000258e-09 3.521590e-01 
4.201161e-01 7.906822e-09 3.352710e-01 
4.201693e-01 8.027664e-09 3.347300e-01 
4.202469e-01 7.998256e-09 3.350270e-01 
4.201717e-01 7.948084e-09 3.276960e-01 
4.199963e-01 7.944323e-09 3.580170e-01 
4.200330e-01 7.930852e-09 3.335560e-01 
4.200300e-01 7.931948e-09 3.342300e-01 
4.200561e-01 7.882917e-09 3.408420e-01 
4.201776e-01 7.914630e-09 3.679760e-01 
4.202651e-01 7.985650e-09 3.539280e-01 
4.200384e-01 7.929001e-09 3.368570e-01 
4.202897e-01 8.012941e-09 3.891710e-01 
4.203518e-01 8.027821e-09 3.637200e-01 
4.201036e-01 7.911118e-09 4.399250e-01 
4.201849e-01 7.988661e-09 3.575220e-01 
4.201217e-01 7.985753e-09 3.407760e-01 
4.201566e-01 7.970490e-09 3.408120e-01 
4.200725e-01 7.874025e-09 3.253190e-01 
4.199160e-01 7.875628e-09 3.379950e-01 
4.201774e-01 7.930451e-09 3.372470e-01 
4.202580e-01 8.004760e-09 3.643660e-01 
4.201978e-01 7.961351e-09 3.284110e-01 
4.202037e-01 7.958937e-09 3.314880e-01 
4.202655e-01 7.981994e-09 3.333850e-01 
4.199659e-01 7.896986e-09 3.261030e-01 
4.202948e-01 8.003008e-09 3.332090e-01 
4.201712e-01 7.934801e-09 3.285510e-01 
4.202091e-01 7.958265e-09 3.281780e-01 
4.201425e-01 7.930776e-09 3.321230e-01 
4.201088e-01 7.950091e-09 3.335000e-01 
4.202554e-01 7.969802e-09 3.421700e-01 
4.203180e-01 7.956794e-09 3.322040e-01 
4.202726e-01 7.995268e-09 3.485030e-01 
4.200557e-01 7.914498e-09 3.361760e-01 
4.201901e-01 7.977136e-09 3.718850e-01 
4.201327e-01 7.970964e-09 3.343190e-01 
4.202068e-01 7.967850e-09 3.321430e-01 
4.201008e-01 7.900620e-09 3.517280e-01 
4.200496e-01 7.880415e-09 3.451570e-01 
4.202861e-01 7.992457e-09 3.574800e-01 
4.201867e-01 7.991035e-09 3.533780e-01 
4.202987e-01 7.993354e-09 3.639370e-01 
4.201438e-01 7.929282e-09 3.475770e-01 
4.202939e-01 7.999775e-09 3.400420e-01 
4.201699e-01 7.946595e-09 3.438710e-01 
4.202032e-01 7.961550e-09 3.494970e-01 
4.201797e-01 8.004923e-09 3.355840e-01 
4.200928e-01 7.901022e-09 3.482090e-01 
4.201169e-01 7.974569e-09 3.529170e-01 
4.201855e-01 7.992913e-09 3.834530e-01 
4.201549e-01 7.881889e-09 3.345680e-01 
4.202626e-01 8.011831e-09 3.584510e-01 
4.201324e-01 7.942074e-09 3.688680e-01 
4.202094e-01 8.010395e-09 3.363980e-01 
4.201784e-01 7.968711e-09 3.417640e-01 
4.201200e-01 7.958819e-09 3.318840e-01 
4.201429e-01 7.908500e-09 3.253670e-01 
4.201365e-01 7.980685e-09 3.375350e-01 
4.202757e-01 7.997072e-09 3.269320e-01 
4.202317e-01 8.034377e-09 3.262450e-01 
4.201922e-01 7.971083e-09 3.434920e-01 
4.202304e-01 7.983550e-09 3.826850e-01 
4.201555e-01 7.962141e-09 3.708260e-01 
4.200881e-01 7.951337e-09 3.257790e-01 
4.201445e-01 7.950798e-09 3.284720e-01 
4.202343e-01 7.938739e-09 4.071790e-01 
4.201200e-01 7.902549e-09 4.136610e-01 
4.201898e-01 7.955672e-09 3.839680e-01 
4.201521e-01 7.942683e-09 4.081860e-01 
4.202003e-01 7.981929e-09 3.370590e-01 
4.201902e-01 7.943356e-09 3.441540e-01 
4.200062e-01 7.946920e-09 3.421520e-01 
4.202020e-01 7.980256e-09 3.719920e-01 
4.201747e-01 7.939337e-09 3.487640e-01 
4.200909e-01 7.880173e-09 3.561020e-01 
4.201313e-01 7.919215e-09 3.596600e-01 
4.203065e-01 8.004810e-09 3.768450e-01 
4.202733e-01 7.933114e-09 3.781940e-01 
4.201012e-01 7.925227e-09 3.433510e-01 
4.202682e-01 8.018162e-09 3.759880e-01 
4.202524e-01 8.020327e-09 3.553240e-01 
4.202091e-01 7.997229e-09 3.513700e-01 
4.201139e-01 7.955546e-09 3.434530e-01 
4.201431e-01 7.948784e-09 3.538990e-01 
4.202140e-01 7.961487e-09 3.911110e-01 
4.199953e-01 7.874652e-09 3.510190e-01 
4.203991e-01 8.064300e-09 3.742290e-01 
4.201707e-01 7.991743e-09 3.817500e-01 
4.201690e-01 7.970474e-09 4.869410e-01 
4.202366e-01 7.989306e-09 4.975200e-01 
4.202167e-01 7.929397e-09 4.524040e-01 
4.201383e-01 7.914958e-09 4.115700e-01 
4.200762e-01 7.947591e-09 4.280870e-01 
4.200733e-01 7.942504e-09 4.214020e-01 
4.203291e-01 7.990960e-09 4.376810e-01 
4.200415e-01 7.946232e-09 4.165580e-01 
4.201087e-01 7.922161e-09 4.394090e-01 
4.201051e-01 7.877223e-09 4.543320e-01 
4.202451e-01 7.993345e-09 5.262690e-01 
4.201767e-01 7.972069e-09 4.418920e-01 
4.202371e-01 8.030105e-09 4.624960e-01 
4.200802e-01 7.962000e-09 4.229700e-01 
4.202370e-01 7.963051e-09 3.946690e-01 
4.203771e-01 8.026835e-09 3.989090e-01 
4.202293e-01 7.954855e-09 3.829410e-01 
4.202785e-01 7.976549e-09 3.794410e-01 
4.203148e-01 8.035657e-09 3.781050e-01 
4.201396e-01 7.962980e-09 4.518730e-01 
4.200771e-01 7.927827e-09 5.023490e-01 
4.200028e-01 7.898206e-09 5.167360e-01 
4.202215e-01 7.992485e-09 4.826670e-01 
4.203040e-01 7.999025e-09 5.004080e-01 
4.202657e-01 7.957244e-09 4.942490e-01 
4.202228e-01 7.996656e-09 5.162910e-01 
4.202174e-01 8.000936e-09 4.863740e-01 
4.201799e-01 7.955120e-09 5.076640e-01 
4.203265e-01 8.019345e-09 4.765810e-01 
4.200709e-01 7.968660e-09 4.919010e-01 
4.202179e-01 7.974668e-09 4.666080e-01 
4.200742e-01 7.905552e-09 4.645490e-01 
4.200822e-01 7.952401e-09 4.548120e-01 
4.202533e-01 7.989323e-09 4.285690e-01 
4.201493e-01 7.946985e-09 4.323660e-01 
4.201913e-01 8.016352e-09 4.461890e-01 
4.202365e-01 7.981030e-09 4.069200e-01 
4.202193e-01 7.980327e-09 4.084100e-01 
4.199419e-01 7.896736e-09 4.863160e-01 
4.201414e-01 7.958766e-09 4.178670e-01 
4.200164e-01 7.959624e-09 3.898830e-01 
4.199052e-01 7.877651e-09 4.765170e-01 
4.201118e-01 7.986589e-09 5.062340e-01 
4.200971e-01 7.968560e-09 4.191170e-01 
4.202489e-01 7.996126e-09 4.392090e-01 
4.203895e-01 8.046642e-09 4.261910e-01 
4.202087e-01 7.967851e-09 4.372010e-01 
4.200783e-01 7.916145e-09 4.756040e-01 
4.200505e-01 7.968857e-09 4.833380e-01 
4.201611e-01 7.935243e-09 4.892220e-01 
4.200827e-01 7.913748e-09 3.966030e-01 
4.201253e-01 7.971186e-09 4.486100e-01 
4.201549e-01 7.959988e-09 4.581230e-01 
4.201097e-01 7.975784e-09 4.643840e-01 
4.200707e-01 7.948790e-09 4.334570e-01 
4.200543e-01 7.953557e-09 4.905110e-01 
4.201380e-01 7.970737e-09 4.902020e-01 
4.201556e-01 7.952389e-09 4.618060e-01 
4.201396e-01 8.011953e-09 4.844230e-01 
4.202583e-01 7.972974e-09 4.711580e-01 
4.200941e-01 7.942821e-09 4.664820e-01 
4.200279e-01 7.930052e-09 4.618360e-01 
4.203223e-01 8.012189e-09 4.941580e-01 
4.200952e-01 7.951798e-09 4.851680e-01 
4.200066e-01 7.896833e-09 4.555660e-01 
4.201320e-01 7.954509e-09 5.015320e-01 
4.201865e-01 7.975350e-09 5.205300e-01 
4.201152e-01 7.944833e-09 4.415860e-01 
4.202165e-01 7.938976e-09 4.735850e-01 
4.200953e-01 7.982759e-09 4.615210e-01 
4.202208e-01 8.015133e-09 4.955920e-01 
4.201877e-01 7.978747e-09 4.607330e-01 
4.202377e-01 7.979075e-09 4.385240e-01 
4.202213e-01 7.968413e-09 4.497500e-01 
4.201065e-01 7.932697e-09 5.022410e-01 
4.203545e-01 8.023394e-09 4.179760e-01 
4.202899e-01 7.988345e-09 4.098680e-01 
4.202198e-01 7.979325e-09 4.335250e-01 
4.202607e-01 7.974631e-09 3.991970e-01 
4.201968e-01 7.982572e-09 4.252020e-01 
4.200716e-01 7.907400e-09 4.071150e-01 
4.202032e-01 7.992514e-09 4.107410e-01 
4.200878e-01 7.910954e-09 4.421520e-01 
4.203269e-01 7.990398e-09 4.560020e-01 
4.202543e-01 8.021414e-09 4.415440e-01 
4.202004e-01 7.999037e-09 4.600000e-01 
4.201701e-01 7.933755e-09 4.103180e-01 
4.201770e-01 7.957934e-09 4.052200e-01 
4.200800e-01 7.923964e-09 4.477700e-01 
4.201025e-01 7.968523e-09 3.694500e-01 
4.200169e-01 7.926775e-09 3.854600e-01 
4.201265e-01 7.950996e-09 3.861380e-01 
4.200521e-01 7.922542e-09 3.814030e-01 
4.200702e-01 7.934061e-09 4.320710e-01 
4.201484e-01 7.904999e-09 4.887650e-01 
4.202466e-01 8.062542e-09 4.214040e-01 
4.203668e-01 8.009094e-09 4.205930e-01 
4.201059e-01 7.933927e-09 4.954570e-01 
4.202093e-01 7.971548e-09 5.141170e-01 
4.201778e-01 7.922242e-09 4.763880e-01 
4.201528e-01 7.964280e-09 4.993520e-01 
4.202320e-01 7.975610e-09 4.796940e-01 
4.201416e-01 7.918726e-09 4.506790e-01 
4.200541e-01 7.913763e-09 4.625050e-01 
4.201567e-01 7.932201e-09 4.247400e-01 
4.202566e-01 7.960391e-09 3.984620e-01 
4.200758e-01 7.956376e-09 5.163790e-01 
4.201666e-01 7.969000e-09 4.405560e-01 
4.200560e-01 7.903628e-09 4.419810e-01 
4.202887e-01 8.006411e-09 4.123760e-01 
4.203239e-01 8.032859e-09 4.006300e-01 
4.202361e-01 7.998894e-09 4.155500e-01 
4.199854e-01 7.940226e-09 4.378900e-01 
4.203307e-01 7.993672e-09 4.260910e-01 
4.201168e-01 7.923302e-09 4.550880e-01 
4.203053e-01 8.018495e-09 4.292700e-01 
4.200483e-01 7.881121e-09 4.085690e-01 
4.202967e-01 7.961200e-09 4.333790e-01 
4.201841e-01 8.010969e-09 4.224040e-01 
4.202559e-01 8.009320e-09 3.759500e-01 
4.202160e-01 7.969079e-09 5.048590e-01 
4.202438e-01 7.962258e-09 4.677920e-01 
4.202761e-01 7.946577e-09 4.804360e-01 
4.200726e-01 7.969042e-09 5.040110e-01 
4.202137e-01 7.983893e-09 5.253560e-01 
4.199406e-01 7.875706e-09 5.085110e-01 
4.203072e-01 8.032053e-09 4.858850e-01 
4.201669e-01 7.914405e-09 4.791050e-01 
4.201560e-01 7.931192e-09 5.082330e-01 
4.202488e-01 7.976265e-09 4.803100e-01 
4.200862e-01 7.932552e-09 5.188210e-01 
4.201467e-01 7.922428e-09 5.059290e-01 
4.201282e-01 7.945390e-09 4.740180e-01 
4.201175e-01 7.977409e-09 4.548700e-01 
4.200957e-01 7.946509e-09 4.668150e-01 
4.201361e-01 7.955242e-09 4.125270e-01 
4.200526e-01 7.952840e-09 4.497580e-01 
4.201117e-01 7.934017e-09 4.803130e-01 
4.202159e-01 7.968140e-09 4.952070e-01 
4.200729e-01 7.903012e-09 4.930270e-01 
4.201864e-01 7.982493e-09 5.066850e-01 
4.201253e-01 7.907620e-09 5.294420e-01 
4.200781e-01 7.920442e-09 4.401300e-01 
4.201432e-01 7.932082e-09 4.659360e-01 
4.201733e-01 7.973108e-09 4.395880e-01 
4.202615e-01 7.985614e-09 4.300040e-01 
4.201240e-01 7.973551e-09 4.611920e-01 
4.202443e-01 7.971506e-09 4.260620e-01 
4.201110e-01 7.916651e-09 4.266310e-01 
4.202771e-01 8.047679e-09 4.059800e-01 
4.200548e-01 7.939256e-09 4.349360e-01 
4.200555e-01 7.947250e-09 3.977860e-01 
4.200616e-01 7.926325e-09 4.751900e-01 
4.202041e-01 7.971403e-09 3.914610e-01 
4.202424e-01 7.949749e-09 3.900980e-01 
4.201624e-01 7.934021e-09 4.000870e-01 
4.201696e-01 7.952870e-09 3.484420e-01 
4.201668e-01 7.933471e-09 3.788160e-01 
4.201422e-01 7.935348e-09 3.613350e-01 
4.200924e-01 7.925465e-09 3.985730e-01 
4.202388e-01 8.016662e-09 4.105740e-01 
4.200796e-01 7.913311e-09 3.926930e-01 
4.200035e-01 7.931711e-09 4.545500e-01 
4.202034e-01 8.003362e-09 4.597790e-01 
4.201745e-01 7.920711e-09 4.373970e-01 
4.200952e-01 7.932413e-09 4.645310e-01 
4.200947e-01 7.913235e-09 4.820750e-01 
4.202959e-01 7.962483e-09 4.692720e-01 
4.203712e-01 8.063516e-09 4.588780e-01 
4.200951e-01 7.916069e-09 4.417660e-01 
4.199934e-01 7.916525e-09 3.778460e-01 
4.201258e-01 7.949390e-09 3.539050e-01 
4.203265e-01 8.005601e-09 3.394030e-01 
4.202172e-01 7.926511e-09 3.277520e-01 
4.203590e-01 8.034971e-09 3.358280e-01 
4.200574e-01 7.881619e-09 3.296950e-01 
4.201755e-01 7.959847e-09 3.288780e-01 
4.201022e-01 7.914789e-09 3.308390e-01 
4.202114e-01 7.980273e-09 3.329220e-01 
4.201168e-01 7.970145e-09 3.278300e-01 
4.202618e-01 7.974646e-09 3.482210e-01 
4.200921e-01 7.936050e-09 3.345670e-01 
4.202753e-01 7.978141e-09 3.432210e-01 
4.199566e-01 7.865083e-09 3.642250e-01 
4.200981e-01 8.003983e-09 3.402340e-01 
4.201709e-01 7.953023e-09 3.905230e-01 
4.202436e-01 7.977802e-09 3.565780e-01 
4.200519e-01 7.923409e-09 3.416100e-01 
4.200614e-01 7.886869e-09 3.568160e-01 
4.202115e-01 7.977990e-09 3.634250e-01 
4.203851e-01 8.043876e-09 3.866050e-01 
4.203651e-01 8.017029e-09 3.596570e-01 
4.199432e-01 7.871912e-09 3.544720e-01 
4.199201e-01 7.883094e-09 3.599390e-01 
4.202187e-01 7.961976e-09 3.464210e-01 
4.203178e-01 8.006156e-09 3.306730e-01 
4.201751e-01 7.999638e-09 3.338990e-01 
4.202382e-01 7.991784e-09 3.505990e-01 
4.202591e-01 8.010141e-09 3.437820e-01 
4.203536e-01 8.026812e-09 3.348730e-01 
4.202465e-01 8.017889e-09 3.759630e-01 
4.201860e-01 7.929040e-09 3.880030e-01 
4.201452e-01 7.959417e-09 3.604750e-01 
4.201612e-01 7.929536e-09 4.364460e-01 
4.202614e-01 7.945554e-09 3.527260e-01 
4.202142e-01 7.941338e-09 3.419310e-01 
4.202291e-01 8.003085e-09 3.378040e-01 
4.202114e-01 7.994215e-09 3.587100e-01 
4.203008e-01 8.009604e-09 3.511780e-01 
4.203410e-01 8.047775e-09 3.381980e-01 
4.201845e-01 7.951232e-09 3.429400e-01 
4.201499e-01 7.923842e-09 3.333630e-01 
4.202068e-01 7.980555e-09 3.384130e-01 
4.202901e-01 7.998388e-09 3.286300e-01 
4.201246e-01 7.914485e-09 3.445830e-01 
4.202712e-01 7.989787e-09 3.400340e-01 
4.200847e-01 7.955001e-09 3.318870e-01 
4.203005e-01 7.958157e-09 3.321890e-01 
4.201737e-01 7.958303e-09 3.327170e-01 
4.202914e-01 7.987103e-09 3.305110e-01 
4.200796e-01 7.929940e-09 4.378630e-01 
4.201541e-01 7.965482e-09 3.968570e-01 
4.201153e-01 7.986987e-09 3.420490e-01 
4.201212e-01 7.973048e-09 3.365500e-01 
4.201248e-01 7.936382e-09 3.420210e-01 
4.201993e-01 7.949280e-09 3.350360e-01 
4.201420e-01 7.965532e-09 3.396910e-01 
4.201404e-01 7.975229e-09 3.677190e-01 
4.204285e-01 8.019505e-09 3.839510e-01 
4.202641e-01 7.935907e-09 3.383150e-01 
4.200674e-01 7.903195e-09 3.397070e-01 
4.200223e-01 7.908702e-09 3.765030e-01 
4.201970e-01 7.968299e-09 3.432550e-01 
4.201996e-01 7.952099e-09 3.323740e-01 
4.203630e-01 7.983225e-09 3.412030e-01 
4.200384e-01 7.892902e-09 3.359560e-01 
4.203434e-01 8.049372e-09 3.330560e-01 
4.203002e-01 8.012030e-09 3.471450e-01 
4.201437e-01 7.959932e-09 3.362660e-01 
4.200777e-01 7.896371e-09 3.391420e-01 
4.201424e-01 7.955392e-09 3.429260e-01 
4.202383e-01 7.988934e-09 3.429970e-01 
4.199772e-01 7.887966e-09 3.540500e-01 
4.202774e-01 8.003566e-09 3.372970e-01 
4.202972e-01 8.020590e-09 3.706690e-01 
4.201572e-01 7.953601e-09 4.486060e-01 
4.200828e-01 7.947896e-09 3.991600e-01 
4.201619e-01 7.961246e-09 4.322510e-01 
4.202654e-01 7.954836e-09 3.508900e-01 
4.201517e-01 7.943259e-09 3.496380e-01 
4.201399e-01 7.968640e-09 3.460560e-01 
4.200752e-01 7.944898e-09 3.546930e-01 
4.199100e-01 7.862757e-09 3.368450e-01 
4.201366e-01 7.995950e-09 3.837970e-01 
4.201277e-01 7.996094e-09 3.703950e-01 
4.200490e-01 7.900095e-09 3.600710e-01 
4.202579e-01 7.985225e-09 3.544560e-01 
4.200215e-01 7.945262e-09 3.516130e-01 
4.201197e-01 7.967168e-09 3.392650e-01 
4.200454e-01 7.937245e-09 3.297480e-01 
4.202651e-01 8.013142e-09 3.361790e-01 
4.200907e-01 7.918992e-09 3.340410e-01 
4.200236e-01 7.920461e-09 3.687180e-01 
4.200972e-01 7.974219e-09 3.391910e-01 
4.200452e-01 7.899824e-09 3.373710e-01 
4.201092e-01 7.944587e-09 3.300720e-01 
4.203391e-01 8.068899e-09 3.497100e-01 
4.202710e-01 7.993453e-09 3.404560e-01 
4.202269e-01 7.943495e-09 3.274970e-01 
4.200887e-01 7.936955e-09 3.295800e-01 
4.199895e-01 7.861291e-09 3.364790e-01 
4.200970e-01 7.913059e-09 3.329190e-01 
4.202007e-01 7.965224e-09 3.405110e-01 
4.202216e-01 7.968747e-09 3.295120e-01 
4.202011e-01 7.988895e-09 3.317150e-01 
4.202862e-01 8.007584e-09 3.320430e-01 
4.203100e-01 8.033387e-09 3.384370e-01 
4.202805e-01 8.022838e-09 3.564870e-01 
4.201877e-01 8.025715e-09 3.670030e-01 
4.200864e-01 7.944877e-09 3.308450e-01 
4.202051e-01 7.953151e-09 3.849620e-01 
4.199092e-01 7.910208e-09 3.687610e-01 
4.201983e-01 7.980752e-09 4.091710e-01 
4.201404e-01 7.973631e-09 3.477210e-01 
4.201810e-01 7.940541e-09 3.358820e-01 
4.201082e-01 7.955108e-09 3.340400e-01 
4.202973e-01 7.989092e-09 3.346210e-01 
4.201652e-01 7.949626e-09 3.349160e-01 
4.202536e-01 7.996505e-09 3.385470e-01 
4.200896e-01 7.954018e-09 3.314560e-01 
4.201031e-01 7.958258e-09 3.367890e-01 
4.202419e-01 8.012832e-09 3.475040e-01 
4.201625e-01 7.974854e-09 3.411180e-01 
4.199697e-01 7.874887e-09 3.352250e-01 
4.201856e-01 7.973490e-09 3.270160e-01 
4.200493e-01 7.915058e-09 3.266600e-01 
4.200882e-01 7.944605e-09 3.392760e-01 
4.202580e-01 8.031503e-09 3.285610e-01 
4.201901e-01 7.988470e-09 3.256100e-01 
4.200085e-01 7.911946e-09 3.394480e-01 
4.201340e-01 7.930128e-09 3.322330e-01 
4.202950e-01 8.064035e-09 3.248800e-01 
4.201585e-01 7.925332e-09 3.313400e-01 
4.200861e-01 7.921981e-09 3.262120e-01 
4.200179e-01 7.901218e-09 3.273130e-01 
4.200352e-01 7.922954e-09 3.331810e-01 
4.202079e-01 7.979032e-09 3.288820e-01 
4.202388e-01 7.993184e-09 3.465760e-01 
4.201812e-01 7.972133e-09 4.255110e-01 
4.200425e-01 7.948112e-09 3.608740e-01 
4.201645e-01 7.952636e-09 3.412390e-01 
4.201036e-01 7.943191e-09 3.303730e-01 
4.201080e-01 7.979102e-09 3.431540e-01 
4.202174e-01 8.016776e-09 3.241300e-01 
4.201334e-01 7.975685e-09 3.332310e-01 
4.201902e-01 7.971681e-09 3.352540e-01 
4.200661e-01 7.971028e-09 3.299910e-01 
4.203047e-01 7.991658e-09 3.706720e-01 
4.202402e-01 8.026529e-09 3.252810e-01 
4.202714e-01 7.963575e-09 3.424800e-01 
4.202268e-01 8.054154e-09 3.266360e-01 
4.201603e-01 7.977641e-09 3.243260e-01 
4.201383e-01 7.925192e-09 3.255840e-01 
4.200914e-01 7.930161e-09 3.331680e-01 
4.201445e-01 7.958598e-09 3.248480e-01 
4.202012e-01 7.973189e-09 3.355560e-01 
4.201921e-01 7.992999e-09 3.370030e-01 
4.201338e-01 7.939439e-09 3.376580e-01 
4.200998e-01 7.908193e-09 3.334900e-01 
4.201129e-01 7.931392e-09 3.370200e-01 
4.202472e-01 7.925417e-09 3.324790e-01 
4.202844e-01 7.972797e-09 3.263200e-01 
4.201332e-01 7.972391e-09 3.345000e-01 
4.204084e-01 8.034524e-09 3.308270e-01 
4.202083e-01 7.974828e-09 3.417040e-01 
4.202298e-01 7.993460e-09 3.431760e-01 
4.201577e-01 7.940077e-09 3.471380e-01 
4.201053e-01 7.955912e-09 3.271820e-01 
4.201716e-01 7.948479e-09 3.285400e-01 
4.200638e-01 7.909746e-09 3.288750e-01 
4.202161e-01 7.976997e-09 3.560320e-01 
4.201988e-01 7.953044e-09 3.359870e-01 
4.202437e-01 7.958475e-09 3.592540e-01 
4.203321e-01 8.061567e-09 3.282890e-01 
4.203047e-01 8.005215e-09 3.313100e-01 
4.202773e-01 7.989843e-09 3.632180e-01 
4.202824e-01 7.990763e-09 3.572840e-01 
4.201831e-01 7.938954e-09 3.259050e-01 
4.202218e-01 8.041605e-09 3.381750e-01 
4.201819e-01 7.961302e-09 3.521870e-01 
4.201429e-01 7.922853e-09 3.655170e-01 
4.201581e-01 7.991598e-09 3.305550e-01 
4.202953e-01 8.011788e-09 3.368650e-01 
4.201053e-01 7.892690e-09 3.373630e-01 
4.201495e-01 7.985676e-09 3.294430e-01 
4.201797e-01 7.949407e-09 3.552600e-01 
4.202235e-01 7.979758e-09 3.320510e-01 
4.199800e-01 7.935871e-09 3.366040e-01 
4.201099e-01 7.984406e-09 3.539670e-01 
4.202397e-01 7.999214e-09 3.389610e-01 
4.200848e-01 7.943853e-09 3.332920e-01 
4.201752e-01 7.967472e-09 3.558780e-01 
4.201952e-01 7.995033e-09 3.383250e-01 
4.201907e-01 7.965560e-09 3.359960e-01 
4.202228e-01 7.968750e-09 3.551540e-01 
4.202287e-01 7.971886e-09 3.262290e-01 
4.200373e-01 7.922610e-09 3.358860e-01 
4.200228e-01 7.917119e-09 3.325600e-01 
4.200497e-01 7.964536e-09 3.292970e-01 
4.202519e-01 8.029044e-09 3.323770e-01 
4.201904e-01 7.998660e-09 3.351660e-01 
4.202729e-01 8.047271e-09 3.245980e-01 
4.201452e-01 7.944464e-09 3.272080e-01 
4.200835e-01 7.964440e-09 3.325470e-01 
4.203124e-01 7.989707e-09 3.293210e-01 
4.201678e-01 7.927031e-09 3.289100e-01 
4.201180e-01 7.919260e-09 3.407930e-01 
4.202877e-01 8.044765e-09 3.328140e-01 
4.203281e-01 8.044624e-09 4.107650e-01 
4.200029e-01 7.925048e-09 3.385860e-01 
4.201752e-01 7.990109e-09 3.324810e-01 
4.201017e-01 7.940914e-09 3.333040e-01 
4.202176e-01 8.025188e-09 3.670960e-01 
4.201196e-01 7.933987e-09 3.408490e-01 
4.202810e-01 7.995298e-09 4.021230e-01 
4.201891e-01 7.985603e-09 3.570060e-01 
4.199767e-01 7.940101e-09 3.596460e-01 
4.202417e-01 7.952051e-09 3.828610e-01 
4.202191e-01 7.965968e-09 3.621890e-01 
4.200098e-01 7.866053e-09 3.727280e-01 
4.202980e-01 7.949151e-09 3.739060e-01 
4.201070e-01 7.875799e-09 3.381000e-01 
4.201648e-01 7.939676e-09 3.781810e-01 
4.202364e-01 7.992224e-09 3.300800e-01 
4.200542e-01 7.919864e-09 3.228440e-01 
4.202896e-01 8.001192e-09 3.420590e-01 
4.202599e-01 8.008909e-09 3.510880e-01 
4.203041e-01 7.971833e-09 4.390390e-01 
4.202609e-01 8.007460e-09 3.535870e-01 
4.203097e-01 7.990607e-09 3.325660e-01 
4.201757e-01 7.937010e-09 3.327600e-01 
4.199259e-01 7.910816e-09 3.329690e-01 
4.200295e-01 7.876796e-09 3.298270e-01 
4.201097e-01 7.939478e-09 3.342420e-01 
4.203584e-01 8.006271e-09 3.342630e-01 
4.201542e-01 7.975017e-09 3.247250e-01 
4.202354e-01 7.984405e-09 3.316910e-01 
4.201747e-01 7.969235e-09 3.305300e-01 
4.200025e-01 7.964481e-09 3.259360e-01 
4.202475e-01 7.992033e-09 3.251720e-01 
4.202196e-01 7.954338e-09 3.316280e-01 
4.201494e-01 7.923739e-09 3.342040e-01 
4.200816e-01 8.025913e-09 3.347820e-01 
4.199594e-01 7.896341e-09 3.438630e-01 
4.198971e-01 7.868445e-09 3.361780e-01 
4.201923e-01 7.974411e-09 3.235970e-01 
4.201344e-01 7.996891e-09 3.417070e-01 
4.201903e-01 7.900080e-09 3.592020e-01 
4.201360e-01 7.938079e-09 3.267750e-01 
4.203150e-01 8.026308e-09 3.362150e-01 
4.200777e-01 7.952371e-09 3.338530e-01 
4.202384e-01 7.981611e-09 3.265180e-01 
4.202608e-01 7.955519e-09 3.760160e-01 
4.202695e-01 7.992019e-09 3.308130e-01 
4.201248e-01 7.951697e-09 3.343220e-01 
4.200696e-01 7.909084e-09 3.445350e-01 
4.202683e-01 8.010516e-09 3.310260e-01 
4.201928e-01 7.968572e-09 3.283110e-01 
4.201680e-01 7.996635e-09 3.321370e-01 
4.198994e-01 7.872800e-09 3.259380e-01 
4.201155e-01 7.945038e-09 3.311850e-01 
4.201328e-01 7.945745e-09 3.400050e-01 
4.201669e-01 7.958972e-09 3.219990e-01 
4.201325e-01 8.022772e-09 3.366770e-01 
4.201152e-01 7.937237e-09 3.323730e-01 
4.202154e-01 7.934260e-09 3.258550e-01 
4.201430e-01 8.014632e-09 3.259760e-01 
4.201654e-01 7.905125e-09 3.337540e-01 
4.202562e-01 7.993581e-09 3.333880e-01 
4.204232e-01 8.028022e-09 3.330010e-01 
4.200376e-01 7.927552e-09 3.448470e-01 
4.202430e-01 7.939900e-09 3.261980e-01 
4.201550e-01 7.976957e-09 3.238290e-01 
4.200719e-01 7.912248e-09 3.307680e-01 
4.203193e-01 7.985693e-09 3.373680e-01 
4.201220e-01 7.969603e-09 3.425080e-01 
4.200254e-01 7.902111e-09 3.393370e-01 
4.201120e-01 7.915479e-09 3.352700e-01 
4.201192e-01 7.993862e-09 3.395330e-01 
4.200038e-01 7.899776e-09 3.358620e-01 
4.202710e-01 8.008820e-09 3.264870e-01 
4.200537e-01 7.937177e-09 3.327370e-01 
4.200988e-01 7.930415e-09 3.609710e-01 
4.201760e-01 7.942533e-09 3.315720e-01 
4.202402e-01 7.968590e-09 3.242030e-01 
4.201256e-01 7.913671e-09 3.461310e-01 
4.202910e-01 8.061210e-09 3.268050e-01 
4.200578e-01 7.932871e-09 3.275380e-01 
4.200918e-01 7.962321e-09 3.419850e-01 
4.200792e-01 7.904449e-09 3.340240e-01 
4.201045e-01 7.951276e-09 3.353950e-01 
4.202866e-01 8.005491e-09 3.396360e-01 
4.201377e-01 7.943923e-09 3.311700e-01 
4.203202e-01 8.038039e-09 3.342600e-01 
