# dim  N   mc   dt  Impsamp 
# 1    1 1049576 0.01
#
# Theoretical Energy = 5.000000e-01
# Energy     Variance     CPU time     Acceptance
5.308471e-01 7.393904e-09 7.732530e-01 9.972389e-01
5.268484e-01 7.002123e-09 7.274930e-01 9.972951e-01
5.298409e-01 7.211408e-09 7.280890e-01 9.972398e-01
5.276951e-01 7.001153e-09 6.705300e-01 9.972770e-01
5.291213e-01 6.978816e-09 7.330640e-01 9.973132e-01
5.283686e-01 6.811268e-09 9.690980e-01 9.973494e-01
5.264453e-01 6.740459e-09 9.182480e-01 9.973180e-01
5.270668e-01 6.696325e-09 7.545510e-01 9.973180e-01
5.286185e-01 6.502927e-09 7.498890e-01 9.972475e-01
5.263467e-01 6.415395e-09 7.976410e-01 9.974466e-01
5.250437e-01 6.458050e-09 7.901460e-01 9.973370e-01
5.260849e-01 6.041105e-09 7.540300e-01 9.973113e-01
5.250602e-01 6.287036e-09 7.650930e-01 9.974047e-01
5.257236e-01 6.125699e-09 7.187880e-01 9.973932e-01
5.243227e-01 6.211983e-09 7.333650e-01 9.972875e-01
5.242070e-01 5.995788e-09 7.146870e-01 9.973789e-01
5.242034e-01 5.791500e-09 7.320730e-01 9.973380e-01
5.235047e-01 5.640480e-09 7.273710e-01 9.973142e-01
5.235945e-01 5.734804e-09 7.560080e-01 9.972465e-01
5.235863e-01 5.628873e-09 7.167070e-01 9.973275e-01
5.187648e-01 5.633590e-09 7.060300e-01 9.973294e-01
5.223648e-01 5.448529e-09 7.412050e-01 9.973227e-01
5.229191e-01 5.250987e-09 7.607390e-01 9.972598e-01
5.212650e-01 5.301695e-09 9.326850e-01 9.973599e-01
5.230063e-01 5.304473e-09 9.270610e-01 9.971855e-01
5.215058e-01 5.217252e-09 9.494260e-01 9.973570e-01
5.206349e-01 5.121890e-09 9.487270e-01 9.973408e-01
5.215824e-01 5.072293e-09 8.009050e-01 9.973208e-01
5.202325e-01 4.918224e-09 7.888940e-01 9.974399e-01
5.222392e-01 4.973789e-09 7.694620e-01 9.973199e-01
5.215394e-01 4.843835e-09 7.373550e-01 9.973284e-01
5.202126e-01 4.819630e-09 7.333300e-01 9.973284e-01
5.193453e-01 4.731408e-09 7.812460e-01 9.973132e-01
5.191181e-01 4.660683e-09 7.903670e-01 9.973399e-01
5.177594e-01 4.616804e-09 7.756460e-01 9.972799e-01
5.183383e-01 4.457462e-09 7.896330e-01 9.973427e-01
5.204604e-01 4.452636e-09 7.810650e-01 9.972598e-01
5.189308e-01 4.457578e-09 7.765550e-01 9.973323e-01
5.182607e-01 4.342377e-09 7.396620e-01 9.972941e-01
5.171281e-01 4.227434e-09 6.928130e-01 9.972608e-01
5.171770e-01 4.252673e-09 7.708300e-01 9.973561e-01
5.157978e-01 4.153569e-09 7.154750e-01 9.972408e-01
5.177555e-01 4.081232e-09 7.136000e-01 9.973408e-01
5.164448e-01 4.004750e-09 6.840070e-01 9.972741e-01
5.151070e-01 3.996682e-09 7.073340e-01 9.972913e-01
5.160800e-01 3.950703e-09 7.931870e-01 9.973122e-01
5.150889e-01 3.867317e-09 7.383770e-01 9.973132e-01
5.160127e-01 3.843966e-09 7.075240e-01 9.972722e-01
5.155119e-01 3.773363e-09 7.096970e-01 9.972884e-01
5.152137e-01 3.684047e-09 6.930350e-01 9.973980e-01
5.148499e-01 3.696711e-09 6.933420e-01 9.973589e-01
5.154293e-01 3.566499e-09 6.832120e-01 9.973818e-01
5.146271e-01 3.657109e-09 6.987760e-01 9.972741e-01
5.152241e-01 3.520680e-09 7.149710e-01 9.973666e-01
5.128779e-01 3.595820e-09 7.411320e-01 9.972999e-01
5.131460e-01 3.413118e-09 7.503910e-01 9.973142e-01
5.149290e-01 3.396364e-09 7.452980e-01 9.972951e-01
5.128841e-01 3.300011e-09 7.262530e-01 9.972598e-01
5.141349e-01 3.244389e-09 8.014890e-01 9.973056e-01
5.138002e-01 3.262699e-09 7.833900e-01 9.973265e-01
5.133234e-01 3.225786e-09 8.937840e-01 9.972465e-01
5.131798e-01 3.176928e-09 9.738410e-01 9.973161e-01
5.120889e-01 3.093832e-09 8.117060e-01 9.973456e-01
5.120468e-01 3.118065e-09 7.606200e-01 9.974161e-01
5.125760e-01 3.087513e-09 7.701810e-01 9.972379e-01
5.115343e-01 2.893873e-09 7.733880e-01 9.973132e-01
5.112069e-01 2.924249e-09 7.422880e-01 9.973046e-01
5.116354e-01 2.909719e-09 7.808140e-01 9.973465e-01
5.124074e-01 2.828961e-09 7.604970e-01 9.973018e-01
5.114327e-01 2.838618e-09 7.628930e-01 9.973437e-01
5.110659e-01 2.854724e-09 7.469460e-01 9.973294e-01
5.115040e-01 2.766477e-09 8.081620e-01 9.972827e-01
5.106106e-01 2.676731e-09 7.418500e-01 9.974066e-01
5.104225e-01 2.701242e-09 7.508330e-01 9.973332e-01
5.102966e-01 2.566271e-09 7.437130e-01 9.973094e-01
5.101503e-01 2.630507e-09 7.905910e-01 9.973589e-01
5.100862e-01 2.649477e-09 8.266820e-01 9.972684e-01
5.108399e-01 2.526244e-09 7.371150e-01 9.972656e-01
5.104905e-01 2.538214e-09 7.464590e-01 9.972932e-01
5.102675e-01 2.475709e-09 6.948510e-01 9.971817e-01
5.092743e-01 2.443871e-09 7.852850e-01 9.973132e-01
5.094097e-01 2.455611e-09 6.908150e-01 9.973666e-01
5.092285e-01 2.412764e-09 6.836320e-01 9.972827e-01
5.104813e-01 2.357280e-09 7.273460e-01 9.972941e-01
5.075639e-01 2.370178e-09 7.148760e-01 9.973446e-01
5.082101e-01 2.300259e-09 9.083120e-01 9.973342e-01
5.081062e-01 2.219277e-09 9.678420e-01 9.972713e-01
5.087166e-01 2.216878e-09 8.429890e-01 9.973132e-01
5.077681e-01 2.220074e-09 7.586770e-01 9.972970e-01
5.075560e-01 2.139666e-09 7.685880e-01 9.973408e-01
5.083400e-01 2.146082e-09 7.641640e-01 9.972694e-01
5.067570e-01 2.037131e-09 7.528180e-01 9.972589e-01
5.083079e-01 2.062122e-09 7.559930e-01 9.973799e-01
5.081137e-01 2.053492e-09 7.538810e-01 9.973637e-01
5.079938e-01 2.012634e-09 7.766450e-01 9.973208e-01
5.069292e-01 1.994913e-09 7.600270e-01 9.972637e-01
5.070003e-01 2.004330e-09 7.566040e-01 9.973685e-01
5.066047e-01 1.923143e-09 7.683810e-01 9.972522e-01
5.048801e-01 1.936669e-09 7.795070e-01 9.972779e-01
5.056360e-01 1.876911e-09 7.638540e-01 9.972884e-01
5.061624e-01 1.894922e-09 7.910770e-01 9.973094e-01
5.057110e-01 1.798882e-09 7.919510e-01 9.972818e-01
5.063791e-01 1.826565e-09 7.466220e-01 9.973713e-01
5.060212e-01 1.775107e-09 7.877330e-01 9.973361e-01
5.057160e-01 1.746653e-09 7.355780e-01 9.972951e-01
5.051808e-01 1.744938e-09 7.784960e-01 9.973065e-01
5.054888e-01 1.742913e-09 7.583340e-01 9.972694e-01
5.052047e-01 1.685920e-09 7.424440e-01 9.973808e-01
5.057007e-01 1.668729e-09 7.640940e-01 9.972818e-01
5.059487e-01 1.617203e-09 8.055870e-01 9.971941e-01
5.061119e-01 1.613431e-09 7.964940e-01 9.973465e-01
5.051179e-01 1.627131e-09 7.934260e-01 9.972837e-01
5.051740e-01 1.554170e-09 7.729550e-01 9.972989e-01
5.054793e-01 1.539513e-09 7.490660e-01 9.972722e-01
5.050327e-01 1.536199e-09 7.375440e-01 9.972618e-01
5.047661e-01 1.514387e-09 6.943750e-01 9.972989e-01
5.045325e-01 1.504046e-09 7.705240e-01 9.973599e-01
5.043985e-01 1.482241e-09 7.266110e-01 9.973580e-01
5.039813e-01 1.444657e-09 7.591020e-01 9.974256e-01
5.044742e-01 1.445013e-09 7.548180e-01 9.973151e-01
5.044233e-01 1.408274e-09 7.122340e-01 9.973894e-01
5.048451e-01 1.399933e-09 7.084310e-01 9.974504e-01
5.047285e-01 1.382968e-09 7.429350e-01 9.972027e-01
5.035976e-01 1.369331e-09 7.279500e-01 9.973256e-01
5.041419e-01 1.334278e-09 7.676890e-01 9.972379e-01
5.038047e-01 1.322651e-09 7.545410e-01 9.973465e-01
5.039200e-01 1.329339e-09 7.198800e-01 9.973523e-01
5.038997e-01 1.268911e-09 7.277190e-01 9.972941e-01
5.039428e-01 1.290393e-09 7.525190e-01 9.973084e-01
5.028840e-01 1.235172e-09 7.135170e-01 9.972741e-01
5.035462e-01 1.247187e-09 7.449080e-01 9.973580e-01
5.028133e-01 1.235566e-09 6.859440e-01 9.973094e-01
5.029712e-01 1.197809e-09 6.946690e-01 9.973418e-01
5.034471e-01 1.184218e-09 7.919300e-01 9.972722e-01
5.028147e-01 1.174375e-09 7.223540e-01 9.972722e-01
5.022199e-01 1.131596e-09 7.472370e-01 9.973361e-01
5.025128e-01 1.169197e-09 7.400090e-01 9.972370e-01
5.021267e-01 1.144698e-09 7.040710e-01 9.973408e-01
5.025468e-01 1.104483e-09 7.415640e-01 9.973361e-01
5.019021e-01 1.119499e-09 7.391910e-01 9.973122e-01
5.018628e-01 1.089858e-09 7.453040e-01 9.972970e-01
5.023670e-01 1.078796e-09 7.408210e-01 9.973532e-01
5.027125e-01 1.021566e-09 7.730120e-01 9.973704e-01
5.027803e-01 1.037719e-09 7.624360e-01 9.973180e-01
5.019197e-01 1.022654e-09 7.920570e-01 9.972675e-01
5.024505e-01 1.010196e-09 7.269880e-01 9.973542e-01
5.021520e-01 9.865283e-10 7.245610e-01 9.973065e-01
5.015565e-01 9.746439e-10 7.279210e-01 9.973418e-01
5.011225e-01 9.565494e-10 7.231260e-01 9.973532e-01
5.016555e-01 9.633823e-10 6.622630e-01 9.973342e-01
5.024434e-01 9.506034e-10 7.108820e-01 9.973342e-01
5.013502e-01 9.531503e-10 7.115430e-01 9.973380e-01
5.020200e-01 9.008407e-10 7.242120e-01 9.973170e-01
5.007625e-01 9.034153e-10 7.069230e-01 9.973847e-01
5.017850e-01 8.862004e-10 7.136270e-01 9.973008e-01
5.013861e-01 8.720438e-10 7.179470e-01 9.972389e-01
5.004316e-01 8.520535e-10 6.869260e-01 9.973818e-01
5.011141e-01 8.569930e-10 8.097540e-01 9.973332e-01
5.012033e-01 8.534412e-10 7.396700e-01 9.973570e-01
5.007482e-01 8.130986e-10 7.321830e-01 9.973456e-01
5.006067e-01 8.183793e-10 7.757990e-01 9.973208e-01
5.009117e-01 8.100883e-10 7.429720e-01 9.973542e-01
5.003571e-01 8.077539e-10 7.849880e-01 9.973113e-01
5.010603e-01 7.874820e-10 6.957970e-01 9.973161e-01
5.005475e-01 7.868473e-10 6.618070e-01 9.973284e-01
4.998121e-01 7.577396e-10 7.628730e-01 9.972922e-01
5.005017e-01 7.565930e-10 7.669670e-01 9.973523e-01
5.012116e-01 7.420834e-10 8.079210e-01 9.972370e-01
5.005223e-01 7.394182e-10 8.016800e-01 9.972760e-01
5.005089e-01 7.210115e-10 7.679620e-01 9.973808e-01
5.007879e-01 7.038927e-10 7.837120e-01 9.973399e-01
5.004708e-01 7.032661e-10 7.856320e-01 9.974190e-01
5.007074e-01 7.074317e-10 8.718280e-01 9.973218e-01
4.996313e-01 7.016501e-10 8.060300e-01 9.973103e-01
4.992695e-01 6.775944e-10 8.290090e-01 9.973837e-01
4.994162e-01 6.565753e-10 7.950530e-01 9.973284e-01
5.002877e-01 6.593476e-10 8.059160e-01 9.972618e-01
5.006612e-01 6.537285e-10 7.635650e-01 9.972637e-01
5.000741e-01 6.501401e-10 8.121720e-01 9.972608e-01
4.995862e-01 6.423296e-10 7.734620e-01 9.972989e-01
5.003799e-01 6.353776e-10 7.931170e-01 9.972989e-01
4.996976e-01 6.045194e-10 7.351610e-01 9.973332e-01
4.997122e-01 6.153154e-10 7.337920e-01 9.972465e-01
4.997026e-01 5.949263e-10 7.740940e-01 9.973408e-01
4.992508e-01 5.789458e-10 7.638480e-01 9.973284e-01
4.995151e-01 5.896777e-10 6.764740e-01 9.973942e-01
4.991217e-01 5.628627e-10 8.020870e-01 9.973513e-01
4.997565e-01 5.509138e-10 8.461090e-01 9.972989e-01
4.997231e-01 5.672597e-10 7.816610e-01 9.973551e-01
4.992590e-01 5.562233e-10 8.000380e-01 9.973961e-01
4.996607e-01 5.435826e-10 7.547160e-01 9.973294e-01
4.990179e-01 5.364721e-10 7.471960e-01 9.973694e-01
4.997690e-01 5.408267e-10 7.251540e-01 9.973618e-01
4.991999e-01 5.255052e-10 7.349110e-01 9.973494e-01
4.985595e-01 5.121136e-10 7.681050e-01 9.973513e-01
4.983860e-01 5.023527e-10 7.451790e-01 9.974104e-01
4.987693e-01 4.876281e-10 7.619460e-01 9.973294e-01
4.986542e-01 4.978067e-10 7.763540e-01 9.974018e-01
4.987676e-01 4.909289e-10 7.872670e-01 9.973885e-01
4.989171e-01 4.888489e-10 8.175410e-01 9.973932e-01
4.991792e-01 4.859752e-10 7.508960e-01 9.973818e-01
4.984774e-01 4.660765e-10 7.632720e-01 9.973132e-01
4.983483e-01 4.596905e-10 7.636720e-01 9.973847e-01
4.982843e-01 4.523465e-10 7.824350e-01 9.972637e-01
4.987093e-01 4.402045e-10 7.782910e-01 9.973332e-01
4.984787e-01 4.410199e-10 7.517360e-01 9.973694e-01
4.988343e-01 4.427061e-10 7.418240e-01 9.973999e-01
4.987266e-01 4.340977e-10 7.319550e-01 9.973265e-01
4.982542e-01 4.303018e-10 7.238090e-01 9.973323e-01
4.977801e-01 4.235441e-10 7.288550e-01 9.973304e-01
4.982302e-01 4.071823e-10 7.356540e-01 9.973180e-01
4.984284e-01 4.116391e-10 7.280150e-01 9.973399e-01
4.984144e-01 4.032933e-10 7.638710e-01 9.973666e-01
4.977414e-01 3.934542e-10 7.313290e-01 9.973142e-01
4.978681e-01 3.841851e-10 7.123140e-01 9.973065e-01
4.981295e-01 3.813356e-10 7.118550e-01 9.973875e-01
4.985299e-01 3.833973e-10 7.142680e-01 9.973113e-01
4.983415e-01 3.789294e-10 7.759830e-01 9.973980e-01
4.979061e-01 3.744125e-10 7.192220e-01 9.973027e-01
4.980489e-01 3.751162e-10 7.282210e-01 9.973370e-01
4.977349e-01 3.585683e-10 7.346470e-01 9.973647e-01
4.976250e-01 3.555153e-10 7.688460e-01 9.973932e-01
4.979444e-01 3.454614e-10 7.338090e-01 9.973732e-01
4.978520e-01 3.488729e-10 7.313750e-01 9.973542e-01
4.978661e-01 3.466147e-10 7.293730e-01 9.974666e-01
4.974564e-01 3.346722e-10 7.475720e-01 9.972808e-01
4.974019e-01 3.314266e-10 7.482150e-01 9.973227e-01
4.976976e-01 3.234547e-10 7.492950e-01 9.974342e-01
4.983934e-01 3.244152e-10 7.659040e-01 9.973132e-01
4.973456e-01 3.169798e-10 6.951630e-01 9.973808e-01
4.975006e-01 3.221504e-10 7.673340e-01 9.973666e-01
4.970435e-01 3.076237e-10 6.845200e-01 9.973523e-01
4.971520e-01 3.032209e-10 6.943890e-01 9.973904e-01
4.972646e-01 2.967755e-10 7.303360e-01 9.973989e-01
4.971446e-01 2.938128e-10 7.181120e-01 9.973380e-01
4.970875e-01 2.917655e-10 7.472490e-01 9.973103e-01
4.971558e-01 2.819539e-10 7.278030e-01 9.973142e-01
4.965049e-01 2.791961e-10 7.128070e-01 9.973122e-01
4.973090e-01 2.823623e-10 7.727000e-01 9.973666e-01
4.974962e-01 2.753794e-10 7.523830e-01 9.972427e-01
4.976612e-01 2.758758e-10 7.209150e-01 9.972589e-01
4.971405e-01 2.712772e-10 7.621070e-01 9.972541e-01
4.969896e-01 2.624529e-10 6.976340e-01 9.973389e-01
4.973816e-01 2.644764e-10 6.988680e-01 9.973542e-01
4.970491e-01 2.672899e-10 7.330620e-01 9.973361e-01
4.973400e-01 2.552398e-10 7.234380e-01 9.972884e-01
4.968553e-01 2.523005e-10 7.380720e-01 9.973408e-01
4.969265e-01 2.506276e-10 7.710930e-01 9.973208e-01
4.967634e-01 2.478595e-10 7.570470e-01 9.973904e-01
4.966959e-01 2.378968e-10 7.107040e-01 9.973542e-01
4.967064e-01 2.388877e-10 7.230950e-01 9.973580e-01
4.964970e-01 2.282328e-10 7.365790e-01 9.972275e-01
4.967703e-01 2.350180e-10 7.729840e-01 9.973742e-01
4.966837e-01 2.285858e-10 7.195450e-01 9.973151e-01
4.969181e-01 2.229083e-10 7.349160e-01 9.974999e-01
4.963956e-01 2.234058e-10 7.399520e-01 9.973284e-01
4.966436e-01 2.156734e-10 7.181550e-01 9.973789e-01
4.970519e-01 2.214789e-10 7.166520e-01 9.973589e-01
4.964989e-01 2.133145e-10 7.163350e-01 9.973342e-01
4.966150e-01 2.128933e-10 7.276900e-01 9.974056e-01
4.963319e-01 2.070056e-10 7.349870e-01 9.974304e-01
4.966432e-01 2.075846e-10 6.982590e-01 9.973837e-01
4.961103e-01 1.977936e-10 7.666440e-01 9.973313e-01
4.962989e-01 2.000087e-10 7.486300e-01 9.972818e-01
4.964896e-01 1.988925e-10 7.081740e-01 9.973885e-01
4.967689e-01 1.975500e-10 7.623390e-01 9.973513e-01
4.961116e-01 1.885802e-10 8.679810e-01 9.973818e-01
4.962668e-01 1.884919e-10 7.702320e-01 9.972579e-01
4.961462e-01 1.843430e-10 8.961000e-01 9.972627e-01
4.964629e-01 1.889970e-10 6.781390e-01 9.974294e-01
4.965782e-01 1.827541e-10 6.689520e-01 9.973589e-01
4.963843e-01 1.822189e-10 7.608270e-01 9.973084e-01
4.964038e-01 1.801179e-10 7.464080e-01 9.973275e-01
4.962278e-01 1.719183e-10 7.267580e-01 9.973694e-01
4.961514e-01 1.719715e-10 7.252160e-01 9.973046e-01
4.959586e-01 1.672376e-10 7.098920e-01 9.972961e-01
4.963601e-01 1.681514e-10 7.062560e-01 9.973170e-01
4.960712e-01 1.629236e-10 7.055190e-01 9.973056e-01
4.961833e-01 1.624186e-10 7.290900e-01 9.974028e-01
4.961429e-01 1.599628e-10 7.210920e-01 9.973046e-01
4.960727e-01 1.578749e-10 7.018410e-01 9.973046e-01
4.960690e-01 1.584620e-10 7.025800e-01 9.973113e-01
4.961884e-01 1.535317e-10 7.206990e-01 9.973361e-01
4.957045e-01 1.504398e-10 7.132850e-01 9.974399e-01
4.960406e-01 1.525747e-10 7.154570e-01 9.973351e-01
4.959731e-01 1.475674e-10 7.122310e-01 9.973361e-01
4.961298e-01 1.489178e-10 7.055280e-01 9.973237e-01
4.960215e-01 1.425630e-10 7.345020e-01 9.973770e-01
4.959531e-01 1.457310e-10 7.078660e-01 9.973542e-01
4.960172e-01 1.428098e-10 7.250070e-01 9.972980e-01
4.959450e-01 1.396539e-10 6.999380e-01 9.973989e-01
4.957446e-01 1.373491e-10 7.287450e-01 9.974228e-01
4.957154e-01 1.351200e-10 7.263220e-01 9.973589e-01
4.958882e-01 1.322614e-10 7.343830e-01 9.973818e-01
4.958875e-01 1.314964e-10 7.321720e-01 9.973494e-01
4.957464e-01 1.306730e-10 7.451430e-01 9.972818e-01
4.957353e-01 1.281952e-10 7.707370e-01 9.973256e-01
4.959492e-01 1.288010e-10 7.152660e-01 9.973494e-01
4.956766e-01 1.267368e-10 7.572730e-01 9.973418e-01
4.956142e-01 1.220724e-10 7.244560e-01 9.973008e-01
4.956174e-01 1.211823e-10 7.359710e-01 9.973122e-01
4.956534e-01 1.192778e-10 7.030700e-01 9.973637e-01
4.957147e-01 1.210615e-10 6.787390e-01 9.973275e-01
4.958171e-01 1.172085e-10 7.520300e-01 9.973837e-01
4.955969e-01 1.166880e-10 6.553270e-01 9.974190e-01
4.954081e-01 1.108179e-10 6.945860e-01 9.972941e-01
4.956851e-01 1.135569e-10 7.570760e-01 9.972751e-01
4.956526e-01 1.130765e-10 7.124410e-01 9.973647e-01
4.956343e-01 1.114830e-10 7.062560e-01 9.973656e-01
4.955920e-01 1.109467e-10 7.063830e-01 9.973580e-01
4.956199e-01 1.101346e-10 7.186070e-01 9.973494e-01
4.955436e-01 1.042236e-10 7.051260e-01 9.973856e-01
4.954808e-01 1.046137e-10 7.196320e-01 9.973542e-01
4.956955e-01 1.064136e-10 7.324010e-01 9.973885e-01
4.954627e-01 1.021159e-10 7.079480e-01 9.973894e-01
4.953038e-01 9.843498e-11 7.231700e-01 9.973456e-01
4.954991e-01 9.858864e-11 7.085000e-01 9.973446e-01
4.951548e-01 9.539961e-11 7.176830e-01 9.973142e-01
4.953968e-01 9.559652e-11 7.450800e-01 9.973856e-01
4.955854e-01 9.519154e-11 7.333910e-01 9.974228e-01
4.952456e-01 9.402550e-11 6.994320e-01 9.973513e-01
4.953707e-01 9.400855e-11 7.626300e-01 9.973932e-01
4.954169e-01 9.189827e-11 6.819720e-01 9.972999e-01
4.952438e-01 8.852629e-11 7.400230e-01 9.973828e-01
4.953342e-01 8.877148e-11 6.991270e-01 9.973189e-01
4.951972e-01 8.850056e-11 7.415260e-01 9.972837e-01
4.953786e-01 8.879194e-11 7.246280e-01 9.973370e-01
4.953868e-01 8.887965e-11 6.908590e-01 9.974085e-01
4.952904e-01 8.588647e-11 7.309810e-01 9.972875e-01
4.952231e-01 8.351064e-11 7.054640e-01 9.973065e-01
4.951847e-01 8.219209e-11 7.464180e-01 9.973742e-01
4.950775e-01 8.259543e-11 7.325260e-01 9.974190e-01
4.950626e-01 7.790922e-11 7.709770e-01 9.973151e-01
4.950437e-01 7.855740e-11 1.106830e+00 9.973847e-01
4.949872e-01 7.601229e-11 8.259000e-01 9.972370e-01
4.952537e-01 7.870428e-11 7.816820e-01 9.973627e-01
4.950470e-01 7.446917e-11 7.505690e-01 9.973208e-01
4.950808e-01 7.362263e-11 7.271370e-01 9.973608e-01
4.951079e-01 7.780129e-11 7.218940e-01 9.973542e-01
4.950450e-01 7.320406e-11 7.329620e-01 9.972846e-01
4.952324e-01 7.484967e-11 7.394780e-01 9.975095e-01
4.951001e-01 7.418670e-11 6.580740e-01 9.974399e-01
4.948963e-01 6.944938e-11 6.824640e-01 9.974085e-01
4.950817e-01 7.184389e-11 7.375870e-01 9.973828e-01
4.950168e-01 6.869750e-11 7.213670e-01 9.973189e-01
4.950095e-01 6.796768e-11 7.155100e-01 9.974228e-01
4.949074e-01 6.655539e-11 7.377660e-01 9.973323e-01
4.951074e-01 6.802194e-11 7.720970e-01 9.974418e-01
4.949832e-01 6.605393e-11 7.346670e-01 9.974533e-01
4.948261e-01 6.527933e-11 7.543660e-01 9.973713e-01
4.949832e-01 6.324019e-11 6.767940e-01 9.973723e-01
4.948960e-01 6.309516e-11 7.028330e-01 9.972799e-01
4.948639e-01 6.138457e-11 6.919300e-01 9.974228e-01
4.949562e-01 6.454227e-11 7.146630e-01 9.973675e-01
4.947576e-01 5.838725e-11 6.942300e-01 9.973046e-01
4.947744e-01 6.011006e-11 7.496640e-01 9.973304e-01
4.949463e-01 5.890687e-11 7.337150e-01 9.972799e-01
4.948500e-01 5.762562e-11 8.666380e-01 9.973399e-01
4.948162e-01 5.911567e-11 7.391940e-01 9.973570e-01
4.946982e-01 5.714940e-11 7.597360e-01 9.973837e-01
4.947556e-01 5.780834e-11 7.468330e-01 9.973723e-01
4.948163e-01 5.516703e-11 7.146230e-01 9.973685e-01
4.948672e-01 5.576568e-11 7.225950e-01 9.973666e-01
4.946440e-01 5.360024e-11 7.315620e-01 9.973980e-01
4.947762e-01 5.546763e-11 7.571040e-01 9.974247e-01
4.947567e-01 5.300464e-11 7.165100e-01 9.973456e-01
4.946795e-01 5.105907e-11 7.348810e-01 9.973208e-01
4.945238e-01 5.072714e-11 6.873290e-01 9.973723e-01
4.945750e-01 4.924811e-11 7.178140e-01 9.973046e-01
4.947571e-01 5.026917e-11 7.387220e-01 9.973122e-01
4.947372e-01 5.098131e-11 7.366560e-01 9.973389e-01
4.947539e-01 5.127587e-11 6.664800e-01 9.973770e-01
4.945672e-01 4.953841e-11 7.344890e-01 9.973837e-01
4.946369e-01 4.787463e-11 7.062270e-01 9.973513e-01
4.946155e-01 4.559673e-11 7.129860e-01 9.973380e-01
4.946049e-01 4.705698e-11 7.398090e-01 9.973847e-01
4.946633e-01 4.783792e-11 7.624970e-01 9.973046e-01
4.944273e-01 4.422635e-11 7.301660e-01 9.973675e-01
4.946190e-01 4.486447e-11 6.584420e-01 9.973504e-01
4.945929e-01 4.463759e-11 6.474410e-01 9.974104e-01
4.945588e-01 4.407589e-11 6.776600e-01 9.972703e-01
4.946512e-01 4.446008e-11 7.121000e-01 9.973170e-01
4.945905e-01 4.420619e-11 6.892500e-01 9.973084e-01
4.946307e-01 4.353774e-11 7.250700e-01 9.973465e-01
4.944675e-01 4.125973e-11 7.127980e-01 9.973761e-01
4.945995e-01 4.175589e-11 7.409780e-01 9.974018e-01
4.945947e-01 4.282411e-11 7.171790e-01 9.973523e-01
4.946246e-01 4.158806e-11 7.249500e-01 9.974094e-01
4.945359e-01 4.020856e-11 7.387480e-01 9.973618e-01
4.944467e-01 3.939755e-11 7.298350e-01 9.973913e-01
4.943945e-01 3.952326e-11 7.272780e-01 9.973589e-01
4.945864e-01 4.060629e-11 6.749030e-01 9.973313e-01
4.944939e-01 3.948750e-11 7.033050e-01 9.972941e-01
4.946460e-01 3.973366e-11 7.226720e-01 9.973561e-01
4.946847e-01 3.962690e-11 7.413950e-01 9.973904e-01
4.945968e-01 3.882339e-11 7.811290e-01 9.973751e-01
4.944597e-01 3.863679e-11 7.831650e-01 9.973199e-01
4.945158e-01 3.752258e-11 7.211010e-01 9.974609e-01
4.943991e-01 3.666449e-11 7.057120e-01 9.973694e-01
4.945718e-01 3.752680e-11 7.163880e-01 9.973427e-01
4.944180e-01 3.631299e-11 7.118530e-01 9.973284e-01
4.945153e-01 3.608870e-11 7.371680e-01 9.973504e-01
4.945425e-01 3.707085e-11 7.432470e-01 9.972970e-01
4.943107e-01 3.489773e-11 7.363750e-01 9.974009e-01
4.944777e-01 3.502419e-11 7.888820e-01 9.973446e-01
4.945911e-01 3.583007e-11 8.853270e-01 9.972932e-01
4.943377e-01 3.325889e-11 9.423030e-01 9.974190e-01
4.943136e-01 3.256154e-11 8.482180e-01 9.974132e-01
4.943819e-01 3.288906e-11 7.608970e-01 9.973313e-01
4.944172e-01 3.161010e-11 6.948340e-01 9.973485e-01
4.942865e-01 3.193739e-11 7.003920e-01 9.973513e-01
4.945716e-01 3.494276e-11 7.416250e-01 9.973151e-01
4.943449e-01 3.137066e-11 7.268550e-01 9.973875e-01
4.945385e-01 3.255838e-11 7.729330e-01 9.973923e-01
4.943899e-01 3.117462e-11 7.682390e-01 9.973647e-01
4.943888e-01 3.188257e-11 7.160310e-01 9.973380e-01
4.943928e-01 3.084516e-11 7.119070e-01 9.974113e-01
4.942540e-01 2.908620e-11 7.085010e-01 9.973561e-01
4.942839e-01 2.906716e-11 7.129650e-01 9.973399e-01
4.943390e-01 2.954128e-11 6.971100e-01 9.973132e-01
4.942371e-01 2.902997e-11 6.900950e-01 9.973761e-01
4.942729e-01 2.747231e-11 7.072550e-01 9.973142e-01
4.942768e-01 2.852674e-11 7.533460e-01 9.973723e-01
4.941479e-01 2.721839e-11 7.228860e-01 9.973856e-01
4.943061e-01 2.857762e-11 7.469410e-01 9.972751e-01
4.943463e-01 2.912401e-11 7.555440e-01 9.974409e-01
4.942335e-01 2.702145e-11 7.125440e-01 9.973913e-01
4.943180e-01 2.730010e-11 1.092441e+00 9.973523e-01
4.943834e-01 2.759452e-11 8.345650e-01 9.974323e-01
4.943252e-01 2.736690e-11 8.498930e-01 9.973113e-01
4.942392e-01 2.612294e-11 8.271060e-01 9.973618e-01
4.942533e-01 2.638951e-11 8.407650e-01 9.973561e-01
4.943866e-01 2.759650e-11 7.629610e-01 9.973961e-01
4.942219e-01 2.639234e-11 7.614670e-01 9.974399e-01
4.942971e-01 2.614032e-11 7.449080e-01 9.973828e-01
4.941545e-01 2.510902e-11 7.322540e-01 9.974218e-01
4.942165e-01 2.446347e-11 7.486230e-01 9.973485e-01
4.942501e-01 2.597667e-11 7.419080e-01 9.972961e-01
4.941383e-01 2.397429e-11 7.417670e-01 9.973380e-01
4.940885e-01 2.337271e-11 7.055360e-01 9.972799e-01
4.941361e-01 2.364786e-11 6.849510e-01 9.973018e-01
4.941434e-01 2.383308e-11 6.975580e-01 9.972846e-01
4.941132e-01 2.330730e-11 6.912010e-01 9.973065e-01
4.941678e-01 2.348249e-11 6.748980e-01 9.974361e-01
4.940555e-01 2.234693e-11 6.829660e-01 9.973475e-01
4.941859e-01 2.331436e-11 6.679720e-01 9.973980e-01
4.942019e-01 2.342592e-11 7.134730e-01 9.972808e-01
4.941156e-01 2.221409e-11 9.157350e-01 9.973199e-01
4.940348e-01 2.094006e-11 9.366310e-01 9.973418e-01
4.941923e-01 2.273530e-11 7.473290e-01 9.973046e-01
4.941120e-01 2.220274e-11 8.336530e-01 9.972741e-01
4.941271e-01 2.194541e-11 7.608380e-01 9.972789e-01
4.941320e-01 2.168140e-11 7.873110e-01 9.973304e-01
4.940886e-01 2.106065e-11 7.351020e-01 9.974009e-01
4.940184e-01 2.088974e-11 7.833350e-01 9.972999e-01
4.941281e-01 2.196840e-11 7.467780e-01 9.973294e-01
4.940316e-01 2.040980e-11 7.849630e-01 9.972151e-01
4.941376e-01 2.107418e-11 7.582790e-01 9.973180e-01
4.940790e-01 2.091434e-11 8.020610e-01 9.973866e-01
4.940476e-01 2.025586e-11 8.184090e-01 9.973408e-01
4.940997e-01 2.077638e-11 7.625340e-01 9.973742e-01
4.940458e-01 1.984133e-11 7.224270e-01 9.973856e-01
4.941852e-01 2.074206e-11 7.459360e-01 9.973570e-01
4.940124e-01 1.902596e-11 7.651530e-01 9.973018e-01
4.941134e-01 2.020486e-11 7.361390e-01 9.972284e-01
4.939871e-01 1.930607e-11 7.084030e-01 9.973780e-01
4.940127e-01 1.879501e-11 8.854590e-01 9.973494e-01
4.940149e-01 1.897672e-11 9.519580e-01 9.973313e-01
4.941275e-01 1.952703e-11 8.271320e-01 9.974332e-01
4.940601e-01 1.957715e-11 7.439900e-01 9.974056e-01
4.940767e-01 1.970666e-11 8.880470e-01 9.973513e-01
4.941361e-01 2.023814e-11 7.670460e-01 9.973970e-01
4.940049e-01 1.852073e-11 7.362520e-01 9.974704e-01
4.939797e-01 1.843967e-11 7.831690e-01 9.972932e-01
4.940418e-01 1.881457e-11 7.994640e-01 9.973018e-01
4.939351e-01 1.739567e-11 7.673920e-01 9.973608e-01
4.939391e-01 1.758321e-11 7.702730e-01 9.974009e-01
4.939449e-01 1.751230e-11 7.479180e-01 9.973799e-01
4.939452e-01 1.700120e-11 7.043220e-01 9.973742e-01
4.939722e-01 1.655645e-11 6.747180e-01 9.973885e-01
4.940704e-01 1.877580e-11 6.747640e-01 9.974066e-01
4.940613e-01 1.864753e-11 6.942810e-01 9.974656e-01
4.939670e-01 1.764003e-11 7.504830e-01 9.973284e-01
4.939749e-01 1.735763e-11 6.993010e-01 9.973570e-01
4.939950e-01 1.692879e-11 7.163970e-01 9.974104e-01
4.939765e-01 1.774175e-11 7.485210e-01 9.973913e-01
4.939899e-01 1.709440e-11 7.693050e-01 9.973599e-01
4.940131e-01 1.716250e-11 6.817920e-01 9.973570e-01
4.939833e-01 1.649203e-11 7.151140e-01 9.973151e-01
4.939316e-01 1.632707e-11 7.275220e-01 9.973408e-01
4.939962e-01 1.690193e-11 7.791440e-01 9.973370e-01
4.939962e-01 1.719275e-11 7.424020e-01 9.974552e-01
4.939534e-01 1.647485e-11 7.547230e-01 9.973227e-01
4.938876e-01 1.571666e-11 6.697310e-01 9.973427e-01
4.939178e-01 1.596213e-11 7.084780e-01 9.973970e-01
4.939663e-01 1.644871e-11 7.916160e-01 9.973647e-01
4.939187e-01 1.607928e-11 7.235250e-01 9.973713e-01
4.939252e-01 1.646946e-11 7.464000e-01 9.973675e-01
4.939098e-01 1.560309e-11 7.382340e-01 9.973570e-01
4.938811e-01 1.509403e-11 7.486700e-01 9.974075e-01
4.939032e-01 1.580621e-11 7.233270e-01 9.973923e-01
4.939044e-01 1.526099e-11 7.030690e-01 9.973427e-01
4.939910e-01 1.681398e-11 6.862060e-01 9.973685e-01
4.938352e-01 1.520642e-11 7.137790e-01 9.973837e-01
4.938643e-01 1.526960e-11 6.822350e-01 9.974180e-01
4.937567e-01 1.384028e-11 7.397170e-01 9.973942e-01
4.938752e-01 1.486491e-11 7.445990e-01 9.973465e-01
4.938516e-01 1.491184e-11 7.567850e-01 9.974151e-01
4.939021e-01 1.498707e-11 7.816680e-01 9.973894e-01
4.938915e-01 1.503434e-11 7.011710e-01 9.973808e-01
4.938549e-01 1.466949e-11 7.140160e-01 9.973256e-01
4.939181e-01 1.500415e-11 6.998160e-01 9.973932e-01
4.939192e-01 1.519208e-11 7.138830e-01 9.972941e-01
4.938608e-01 1.468790e-11 6.978580e-01 9.973608e-01
4.938004e-01 1.363689e-11 7.470210e-01 9.973275e-01
4.938747e-01 1.452933e-11 6.933410e-01 9.973713e-01
4.939279e-01 1.456090e-11 6.565090e-01 9.972894e-01
4.938872e-01 1.441972e-11 7.020250e-01 9.973427e-01
4.938083e-01 1.400170e-11 7.814540e-01 9.973675e-01
4.938535e-01 1.401268e-11 7.255020e-01 9.972846e-01
4.938963e-01 1.445268e-11 7.249080e-01 9.974247e-01
4.937835e-01 1.303294e-11 7.236640e-01 9.973685e-01
4.938291e-01 1.383711e-11 6.590370e-01 9.973618e-01
4.938122e-01 1.348676e-11 7.057250e-01 9.973122e-01
4.938272e-01 1.338072e-11 7.675220e-01 9.974332e-01
4.938886e-01 1.412895e-11 6.887040e-01 9.973856e-01
4.937267e-01 1.267664e-11 6.534780e-01 9.972961e-01
4.938859e-01 1.430191e-11 7.599270e-01 9.974809e-01
4.938117e-01 1.347737e-11 7.207950e-01 9.973532e-01
4.938155e-01 1.354510e-11 7.654760e-01 9.973789e-01
4.938454e-01 1.384528e-11 8.891310e-01 9.973904e-01
4.938502e-01 1.356993e-11 9.522640e-01 9.974428e-01
4.937592e-01 1.293043e-11 8.297420e-01 9.973427e-01
4.938315e-01 1.300659e-11 7.305830e-01 9.973589e-01
4.938452e-01 1.366563e-11 7.135250e-01 9.972941e-01
4.938297e-01 1.348583e-11 7.614550e-01 9.973904e-01
4.937196e-01 1.265850e-11 8.107990e-01 9.973513e-01
4.937954e-01 1.338502e-11 7.309250e-01 9.974342e-01
4.937942e-01 1.302637e-11 7.605080e-01 9.973246e-01
4.937188e-01 1.205659e-11 7.378730e-01 9.974190e-01
4.937568e-01 1.232322e-11 7.493820e-01 9.973675e-01
4.938006e-01 1.248206e-11 7.656990e-01 9.974456e-01
4.937043e-01 1.201484e-11 6.839890e-01 9.973723e-01
4.938113e-01 1.349419e-11 7.941740e-01 9.973103e-01
4.938422e-01 1.289968e-11 7.238300e-01 9.972808e-01
4.937722e-01 1.239623e-11 7.580500e-01 9.973170e-01
4.937618e-01 1.223756e-11 7.259130e-01 9.973599e-01
4.937794e-01 1.289605e-11 7.658200e-01 9.974361e-01
4.937592e-01 1.232155e-11 7.780770e-01 9.973265e-01
4.937620e-01 1.240337e-11 7.769270e-01 9.973399e-01
4.937771e-01 1.248766e-11 7.827890e-01 9.974275e-01
4.937134e-01 1.205177e-11 7.596580e-01 9.973275e-01
4.936900e-01 1.200138e-11 7.166190e-01 9.974161e-01
4.937848e-01 1.229389e-11 6.804410e-01 9.973399e-01
4.936777e-01 1.153542e-11 6.713080e-01 9.973599e-01
4.937385e-01 1.213658e-11 6.618390e-01 9.973666e-01
4.936852e-01 1.225597e-11 6.580170e-01 9.973380e-01
4.937798e-01 1.267618e-11 6.765770e-01 9.973456e-01
4.937898e-01 1.217259e-11 6.628450e-01 9.974752e-01
4.937141e-01 1.137833e-11 6.584220e-01 9.973465e-01
4.937576e-01 1.270805e-11 6.621510e-01 9.973608e-01
4.937209e-01 1.184237e-11 6.695330e-01 9.973770e-01
4.937003e-01 1.172463e-11 6.776070e-01 9.974428e-01
4.936885e-01 1.166071e-11 6.687730e-01 9.973675e-01
4.936968e-01 1.168532e-11 6.567850e-01 9.972179e-01
4.937222e-01 1.171919e-11 6.544630e-01 9.973427e-01
4.936281e-01 1.062599e-11 6.880470e-01 9.973199e-01
4.937371e-01 1.173645e-11 7.338200e-01 9.973275e-01
4.936589e-01 1.093333e-11 7.690730e-01 9.972980e-01
4.937546e-01 1.169712e-11 7.647150e-01 9.973523e-01
4.937036e-01 1.143670e-11 7.478060e-01 9.973389e-01
4.937035e-01 1.123379e-11 7.955080e-01 9.973980e-01
4.936647e-01 1.120365e-11 7.961320e-01 9.973389e-01
4.937309e-01 1.187954e-11 7.665870e-01 9.973275e-01
4.937536e-01 1.175493e-11 7.277200e-01 9.973313e-01
4.937205e-01 1.181540e-11 7.093500e-01 9.974113e-01
4.936907e-01 1.159968e-11 7.239690e-01 9.973113e-01
4.937520e-01 1.169463e-11 7.435020e-01 9.973551e-01
4.936551e-01 1.127263e-11 7.060880e-01 9.973323e-01
4.937416e-01 1.197320e-11 6.950220e-01 9.973370e-01
4.936736e-01 1.127498e-11 7.918220e-01 9.974266e-01
4.936426e-01 1.104921e-11 7.782680e-01 9.973113e-01
4.936691e-01 1.120523e-11 6.931680e-01 9.973485e-01
4.936855e-01 1.107385e-11 6.538530e-01 9.974142e-01
4.936607e-01 1.084900e-11 6.560670e-01 9.973018e-01
4.936673e-01 1.106629e-11 6.699910e-01 9.973837e-01
4.936354e-01 1.049768e-11 6.761930e-01 9.974704e-01
4.936974e-01 1.111684e-11 6.979610e-01 9.973284e-01
4.937045e-01 1.149092e-11 7.115530e-01 9.973856e-01
4.936824e-01 1.114394e-11 7.525450e-01 9.974066e-01
4.937057e-01 1.104974e-11 7.475250e-01 9.973751e-01
4.937032e-01 1.157979e-11 6.545800e-01 9.973618e-01
4.936348e-01 1.083896e-11 7.253350e-01 9.973618e-01
4.936500e-01 1.049659e-11 9.362290e-01 9.974313e-01
4.936357e-01 1.049244e-11 9.685040e-01 9.974075e-01
4.936553e-01 1.094099e-11 7.891560e-01 9.973847e-01
4.937394e-01 1.188520e-11 8.052060e-01 9.973961e-01
4.936345e-01 1.084245e-11 7.253980e-01 9.973075e-01
4.936337e-01 1.104436e-11 7.513080e-01 9.974628e-01
4.936829e-01 1.122655e-11 7.406540e-01 9.973970e-01
4.936489e-01 1.096309e-11 7.644860e-01 9.974618e-01
4.936524e-01 1.067920e-11 7.677040e-01 9.973847e-01
4.936561e-01 1.087806e-11 7.305190e-01 9.973961e-01
4.936569e-01 1.083255e-11 6.930230e-01 9.973894e-01
4.937145e-01 1.143111e-11 7.283950e-01 9.973056e-01
4.936436e-01 1.052884e-11 7.669580e-01 9.974256e-01
4.936161e-01 1.025776e-11 7.575130e-01 9.973208e-01
4.936388e-01 1.115446e-11 7.480810e-01 9.974104e-01
4.936758e-01 1.113126e-11 7.399600e-01 9.973304e-01
4.936046e-01 1.017166e-11 7.335830e-01 9.973504e-01
4.936778e-01 1.096412e-11 7.533740e-01 9.974847e-01
4.935893e-01 9.943810e-12 7.593340e-01 9.973208e-01
4.936474e-01 1.089395e-11 7.747390e-01 9.973418e-01
4.936430e-01 1.097186e-11 7.961710e-01 9.973713e-01
4.936001e-01 1.069809e-11 7.384320e-01 9.973980e-01
4.936144e-01 1.031974e-11 7.522940e-01 9.973103e-01
4.935846e-01 1.003359e-11 7.060750e-01 9.973323e-01
4.936484e-01 1.080100e-11 7.414510e-01 9.972799e-01
4.936136e-01 1.039434e-11 7.339270e-01 9.973885e-01
4.936293e-01 1.073044e-11 6.671510e-01 9.973399e-01
4.936321e-01 1.087743e-11 6.725500e-01 9.974942e-01
4.936094e-01 1.012633e-11 7.306770e-01 9.974466e-01
4.936603e-01 1.034224e-11 8.618830e-01 9.972255e-01
4.935823e-01 9.991793e-12 7.523690e-01 9.973313e-01
4.936235e-01 1.041191e-11 7.499950e-01 9.973723e-01
4.936024e-01 1.035087e-11 7.012340e-01 9.973284e-01
4.936361e-01 1.055530e-11 8.086600e-01 9.974847e-01
4.936342e-01 1.091774e-11 7.584810e-01 9.973856e-01
4.935665e-01 9.750608e-12 8.855820e-01 9.974199e-01
4.935930e-01 1.045913e-11 7.942880e-01 9.973675e-01
4.936401e-01 1.096835e-11 7.647470e-01 9.973561e-01
4.936360e-01 1.073071e-11 7.312910e-01 9.973551e-01
4.935685e-01 1.005595e-11 7.509330e-01 9.973951e-01
4.935930e-01 1.020585e-11 7.412950e-01 9.973875e-01
4.935915e-01 1.024703e-11 7.431360e-01 9.973122e-01
4.935536e-01 9.927172e-12 7.374760e-01 9.974933e-01
4.935776e-01 9.943455e-12 7.054410e-01 9.973408e-01
4.935872e-01 1.014294e-11 7.261180e-01 9.973866e-01
4.936306e-01 1.036556e-11 6.806600e-01 9.974047e-01
4.936184e-01 1.049532e-11 7.522750e-01 9.973513e-01
4.935944e-01 1.036600e-11 9.545640e-01 9.973018e-01
4.935944e-01 1.007801e-11 9.480220e-01 9.972980e-01
4.936247e-01 1.042680e-11 9.194490e-01 9.973618e-01
4.935722e-01 9.725228e-12 9.879020e-01 9.973637e-01
4.936035e-01 1.032575e-11 9.351920e-01 9.974237e-01
4.935928e-01 1.026053e-11 7.405910e-01 9.972894e-01
4.936241e-01 1.071524e-11 7.350570e-01 9.973570e-01
4.936179e-01 1.045161e-11 7.643900e-01 9.972837e-01
4.935526e-01 1.006718e-11 7.492780e-01 9.973389e-01
4.935747e-01 9.748606e-12 7.280750e-01 9.973161e-01
4.935404e-01 9.972989e-12 7.380360e-01 9.973342e-01
4.936327e-01 1.054160e-11 7.351080e-01 9.973313e-01
4.936303e-01 1.055598e-11 7.610550e-01 9.973456e-01
4.935410e-01 9.590682e-12 7.316470e-01 9.973637e-01
4.935965e-01 1.027203e-11 7.159880e-01 9.974332e-01
4.935516e-01 9.529308e-12 7.438200e-01 9.973304e-01
4.936531e-01 1.054832e-11 7.341980e-01 9.973589e-01
4.936012e-01 1.051520e-11 7.345450e-01 9.973094e-01
4.935622e-01 9.789550e-12 7.436740e-01 9.972884e-01
4.936064e-01 1.012289e-11 8.077230e-01 9.974151e-01
4.935409e-01 9.615857e-12 2.290734e+00 9.974409e-01
4.936341e-01 1.089046e-11 2.403481e+00 9.973103e-01
4.935961e-01 1.025819e-11 9.216890e-01 9.974342e-01
4.936407e-01 1.050612e-11 7.751700e-01 9.973380e-01
4.935780e-01 1.010825e-11 9.359370e-01 9.974218e-01
4.935685e-01 9.856691e-12 1.646402e+00 9.973656e-01
4.935565e-01 1.006379e-11 1.656466e+00 9.973513e-01
4.935498e-01 9.922332e-12 1.637155e+00 9.973542e-01
4.935485e-01 9.977778e-12 1.591195e+00 9.973161e-01
4.935975e-01 1.024368e-11 7.644860e-01 9.973332e-01
4.935815e-01 1.003969e-11 7.398430e-01 9.973866e-01
4.935512e-01 9.696539e-12 8.014820e-01 9.973904e-01
4.935422e-01 9.814719e-12 7.428190e-01 9.973580e-01
4.935746e-01 1.021030e-11 7.382750e-01 9.972722e-01
4.935675e-01 9.973558e-12 1.641442e+00 9.973704e-01
4.935970e-01 1.007531e-11 1.628475e+00 9.972846e-01
4.935975e-01 1.062891e-11 1.480676e+00 9.973904e-01
4.935579e-01 1.012557e-11 1.563355e+00 9.973666e-01
4.935230e-01 9.752702e-12 1.624296e+00 9.972789e-01
4.935607e-01 1.010711e-11 1.485641e+00 9.973342e-01
4.935247e-01 9.717248e-12 1.550180e+00 9.973770e-01
4.935305e-01 9.811771e-12 6.954580e-01 9.973589e-01
4.935728e-01 1.030976e-11 1.337639e+00 9.973465e-01
4.935595e-01 9.888934e-12 1.546974e+00 9.973789e-01
4.935291e-01 9.791704e-12 1.948188e+00 9.973789e-01
4.935431e-01 9.979860e-12 2.042120e+00 9.973313e-01
4.935696e-01 1.019297e-11 1.655216e+00 9.973370e-01
4.935677e-01 9.926555e-12 1.541986e+00 9.974028e-01
4.935352e-01 9.705113e-12 1.649573e+00 9.974151e-01
4.935941e-01 1.036021e-11 1.697048e+00 9.972951e-01
4.935326e-01 9.575661e-12 1.672154e+00 9.973866e-01
4.935607e-01 1.002146e-11 1.708106e+00 9.973218e-01
4.935406e-01 9.751609e-12 1.848391e+00 9.974037e-01
4.935522e-01 9.824595e-12 1.646968e+00 9.974475e-01
4.934920e-01 9.519210e-12 1.524871e+00 9.973723e-01
4.935135e-01 9.852081e-12 1.590692e+00 9.972494e-01
4.935490e-01 1.000613e-11 1.869353e+00 9.973418e-01
4.935689e-01 1.010225e-11 1.634320e+00 9.973856e-01
4.936000e-01 1.013715e-11 1.549024e+00 9.973875e-01
4.935335e-01 9.916809e-12 1.873015e+00 9.974113e-01
4.935532e-01 9.767197e-12 2.020016e+00 9.973694e-01
4.934857e-01 9.366089e-12 1.633661e+00 9.974304e-01
4.935189e-01 9.842311e-12 1.529505e+00 9.973485e-01
4.936196e-01 1.061358e-11 1.665017e+00 9.973580e-01
4.935369e-01 9.741158e-12 1.620486e+00 9.972903e-01
4.935446e-01 1.013397e-11 1.468269e+00 9.973742e-01
4.935204e-01 9.705080e-12 1.479269e+00 9.973856e-01
4.935436e-01 1.004579e-11 1.652690e+00 9.973256e-01
4.934986e-01 9.540167e-12 1.579797e+00 9.973666e-01
4.935398e-01 9.971553e-12 1.436208e+00 9.973970e-01
4.935414e-01 9.779866e-12 1.553637e+00 9.973408e-01
4.934905e-01 9.326007e-12 1.418315e+00 9.973237e-01
4.934704e-01 9.417505e-12 1.432534e+00 9.973732e-01
4.935498e-01 1.019283e-11 1.411154e+00 9.973923e-01
4.935261e-01 1.010495e-11 1.564459e+00 9.973075e-01
4.935427e-01 1.014819e-11 1.427454e+00 9.973770e-01
4.935567e-01 1.006123e-11 1.786534e+00 9.973818e-01
4.935509e-01 1.017625e-11 2.025229e+00 9.974771e-01
4.935197e-01 9.605972e-12 1.667805e+00 9.973237e-01
4.935801e-01 9.819859e-12 1.535268e+00 9.973942e-01
4.935879e-01 1.064496e-11 1.689269e+00 9.973427e-01
4.936081e-01 1.060484e-11 1.668503e+00 9.972846e-01
4.935852e-01 1.048911e-11 1.508499e+00 9.973408e-01
4.935551e-01 1.032370e-11 1.924591e+00 9.973989e-01
4.934475e-01 9.101849e-12 1.975744e+00 9.972903e-01
4.935196e-01 9.663431e-12 1.727043e+00 9.972837e-01
4.935336e-01 9.610286e-12 1.618997e+00 9.974342e-01
4.934841e-01 9.707095e-12 1.755678e+00 9.974094e-01
4.935281e-01 1.003709e-11 1.558929e+00 9.972722e-01
4.935263e-01 9.932424e-12 1.479704e+00 9.973075e-01
4.935272e-01 9.910468e-12 1.494850e+00 9.974771e-01
4.935534e-01 9.974895e-12 1.496479e+00 9.973475e-01
4.935226e-01 1.032777e-11 1.482146e+00 9.973542e-01
4.935224e-01 9.747798e-12 1.627299e+00 9.973932e-01
4.934859e-01 9.541242e-12 1.657194e+00 9.973351e-01
4.935332e-01 9.611179e-12 1.702331e+00 9.974247e-01
4.935058e-01 9.847260e-12 1.650565e+00 9.973256e-01
4.934842e-01 9.280909e-12 1.592446e+00 9.973056e-01
4.935228e-01 9.609816e-12 1.692127e+00 9.973418e-01
4.935365e-01 9.930829e-12 2.042507e+00 9.973751e-01
4.935246e-01 1.010580e-11 1.944509e+00 9.974218e-01
4.934979e-01 9.293034e-12 1.599219e+00 9.973332e-01
4.935584e-01 1.021757e-11 1.782019e+00 9.974380e-01
4.934873e-01 9.695263e-12 1.763155e+00 9.973789e-01
4.935672e-01 1.028415e-11 1.653769e+00 9.973856e-01
4.935720e-01 1.017715e-11 1.645958e+00 9.974161e-01
4.935153e-01 9.780973e-12 1.649146e+00 9.973046e-01
4.935154e-01 9.866381e-12 1.576871e+00 9.973761e-01
4.935116e-01 9.878661e-12 1.593895e+00 9.973561e-01
4.935067e-01 9.553807e-12 1.556712e+00 9.973294e-01
4.935381e-01 9.778248e-12 1.937616e+00 9.974018e-01
4.934847e-01 9.780827e-12 2.047090e+00 9.973713e-01
4.935898e-01 1.068416e-11 1.757270e+00 9.973627e-01
4.934360e-01 8.967392e-12 1.741740e+00 9.972999e-01
4.935369e-01 1.015402e-11 1.689221e+00 9.974085e-01
4.935292e-01 9.980356e-12 1.607964e+00 9.973532e-01
4.935359e-01 9.713341e-12 1.750172e+00 9.973989e-01
4.934951e-01 9.593831e-12 1.689436e+00 9.974771e-01
4.934848e-01 9.615048e-12 1.634459e+00 9.973970e-01
4.935213e-01 9.805325e-12 1.689828e+00 9.973685e-01
4.934901e-01 9.921149e-12 1.705807e+00 9.972093e-01
4.934873e-01 9.645534e-12 1.525551e+00 9.973532e-01
4.935391e-01 9.884803e-12 1.629723e+00 9.973608e-01
4.934713e-01 9.403199e-12 1.702085e+00 9.973075e-01
4.935217e-01 1.005228e-11 1.530289e+00 9.973304e-01
4.934928e-01 9.938435e-12 1.765584e+00 9.973389e-01
4.935234e-01 9.952592e-12 1.684659e+00 9.973732e-01
4.935004e-01 9.557033e-12 1.992577e+00 9.973808e-01
4.934563e-01 9.463658e-12 1.839831e+00 9.974285e-01
4.935256e-01 9.876732e-12 1.640954e+00 9.972627e-01
4.935398e-01 1.016885e-11 1.576533e+00 9.973113e-01
4.935080e-01 1.020184e-11 1.587819e+00 9.973961e-01
4.934864e-01 9.736509e-12 1.733898e+00 9.973847e-01
4.934720e-01 9.628751e-12 1.521649e+00 9.972932e-01
4.934673e-01 9.550543e-12 1.514764e+00 9.973075e-01
4.935206e-01 9.970843e-12 1.419781e+00 9.973399e-01
4.934726e-01 9.478863e-12 1.523445e+00 9.973342e-01
4.935184e-01 9.728844e-12 1.603181e+00 9.974113e-01
4.935068e-01 9.750649e-12 1.507214e+00 9.972875e-01
4.934753e-01 9.370884e-12 1.431715e+00 9.973408e-01
4.934803e-01 9.645355e-12 1.423369e+00 9.973923e-01
4.934872e-01 9.665125e-12 1.439285e+00 9.973513e-01
4.934814e-01 9.671945e-12 1.503908e+00 9.974056e-01
4.935079e-01 9.483998e-12 1.446987e+00 9.973523e-01
4.935141e-01 1.004386e-11 1.568395e+00 9.973704e-01
4.935215e-01 1.003976e-11 1.494884e+00 9.973637e-01
4.934814e-01 9.409468e-12 1.532911e+00 9.973923e-01
4.934960e-01 9.688007e-12 1.435176e+00 9.974285e-01
4.935197e-01 9.798109e-12 1.427899e+00 9.973780e-01
4.935409e-01 9.820038e-12 1.572577e+00 9.973427e-01
4.935057e-01 9.938674e-12 1.670335e+00 9.973265e-01
4.935283e-01 9.935693e-12 1.537481e+00 9.973923e-01
4.934668e-01 9.597423e-12 1.440243e+00 9.974113e-01
4.934816e-01 9.343051e-12 1.517700e+00 9.973589e-01
4.935549e-01 1.000718e-11 1.525084e+00 9.972732e-01
4.934553e-01 9.283569e-12 1.438630e+00 9.972932e-01
4.935265e-01 9.721539e-12 1.438718e+00 9.973332e-01
4.935149e-01 1.021758e-11 1.602371e+00 9.973323e-01
4.934947e-01 9.988736e-12 1.668732e+00 9.973408e-01
4.934585e-01 9.414174e-12 1.587785e+00 9.973513e-01
4.935143e-01 9.574740e-12 1.529237e+00 9.973437e-01
4.935216e-01 9.971902e-12 1.620536e+00 9.973780e-01
4.934709e-01 9.219425e-12 1.463257e+00 9.974828e-01
4.934788e-01 9.609247e-12 1.417001e+00 9.974228e-01
4.935281e-01 9.695004e-12 1.413874e+00 9.973828e-01
4.934934e-01 9.861618e-12 1.423793e+00 9.973608e-01
4.934472e-01 9.341066e-12 1.410990e+00 9.973580e-01
4.934794e-01 9.756949e-12 1.420998e+00 9.974104e-01
4.934334e-01 9.673472e-12 1.416824e+00 9.973999e-01
4.934280e-01 9.188972e-12 1.752981e+00 9.973504e-01
4.934973e-01 9.791495e-12 1.432762e+00 9.973199e-01
4.934449e-01 9.078514e-12 1.507983e+00 9.973770e-01
4.935072e-01 1.005472e-11 1.873637e+00 9.974552e-01
4.935070e-01 1.005276e-11 1.639308e+00 9.972941e-01
4.934561e-01 9.261222e-12 1.579688e+00 9.973256e-01
4.934905e-01 9.802174e-12 1.494141e+00 9.974018e-01
4.934501e-01 9.800920e-12 1.472739e+00 9.974304e-01
4.934953e-01 9.636187e-12 1.415456e+00 9.974028e-01
4.934836e-01 9.604412e-12 1.424369e+00 9.973208e-01
4.934922e-01 9.602684e-12 1.419235e+00 9.973647e-01
4.934763e-01 9.662555e-12 1.423453e+00 9.973627e-01
4.935404e-01 1.016634e-11 1.414603e+00 9.973408e-01
4.935033e-01 9.610956e-12 1.413306e+00 9.973656e-01
4.934948e-01 1.001629e-11 1.415364e+00 9.973475e-01
4.934632e-01 9.441099e-12 1.418497e+00 9.973551e-01
4.934703e-01 9.554111e-12 1.412574e+00 9.973427e-01
4.935476e-01 1.047601e-11 1.445645e+00 9.973237e-01
4.934763e-01 9.486937e-12 1.426824e+00 9.972961e-01
4.934454e-01 9.638460e-12 1.417319e+00 9.973647e-01
4.935083e-01 9.667315e-12 8.796040e-01 9.973561e-01
4.934682e-01 9.871837e-12 7.269630e-01 9.973704e-01
4.934729e-01 9.724130e-12 8.913690e-01 9.973485e-01
4.935343e-01 1.014303e-11 8.876740e-01 9.973999e-01
4.934759e-01 9.646006e-12 8.418610e-01 9.974456e-01
4.934725e-01 9.796409e-12 7.342530e-01 9.973999e-01
4.935084e-01 9.945439e-12 8.012770e-01 9.974094e-01
4.934695e-01 9.320303e-12 7.073530e-01 9.973485e-01
4.934604e-01 9.420440e-12 7.166190e-01 9.973789e-01
4.935155e-01 9.955471e-12 6.855550e-01 9.973713e-01
4.934911e-01 9.645203e-12 6.829610e-01 9.974028e-01
4.934829e-01 9.707120e-12 6.811430e-01 9.973789e-01
4.934727e-01 9.696980e-12 6.812920e-01 9.973951e-01
4.934568e-01 9.559309e-12 6.811660e-01 9.974580e-01
4.934855e-01 9.512441e-12 6.824280e-01 9.973323e-01
4.934594e-01 9.621265e-12 6.893190e-01 9.972808e-01
4.934638e-01 9.686896e-12 6.836500e-01 9.973256e-01
4.934885e-01 9.865889e-12 6.851380e-01 9.973866e-01
4.934584e-01 9.720878e-12 6.796060e-01 9.973637e-01
4.934165e-01 9.094787e-12 6.831270e-01 9.974304e-01
4.935153e-01 9.726729e-12 6.862180e-01 9.973399e-01
4.934485e-01 9.288034e-12 6.882350e-01 9.973103e-01
4.934827e-01 9.894446e-12 6.804180e-01 9.973989e-01
4.934762e-01 9.711628e-12 7.036850e-01 9.972837e-01
4.935235e-01 1.009022e-11 7.014110e-01 9.972894e-01
4.934815e-01 9.669635e-12 6.835660e-01 9.973837e-01
4.934740e-01 9.764516e-12 6.800440e-01 9.974313e-01
4.935090e-01 1.024845e-11 6.835580e-01 9.973704e-01
4.934809e-01 9.701722e-12 6.807140e-01 9.973284e-01
4.935150e-01 9.978566e-12 6.818350e-01 9.973427e-01
4.935120e-01 1.028002e-11 6.788440e-01 9.973875e-01
4.934764e-01 9.986073e-12 6.847580e-01 9.973437e-01
4.934490e-01 9.357229e-12 6.829140e-01 9.973170e-01
4.935345e-01 1.011349e-11 6.820600e-01 9.973570e-01
4.935203e-01 9.804923e-12 6.819940e-01 9.972255e-01
4.935049e-01 1.014510e-11 6.829130e-01 9.973132e-01
4.933981e-01 8.974629e-12 6.786280e-01 9.973694e-01
4.934454e-01 9.469008e-12 6.805200e-01 9.974971e-01
4.934771e-01 9.701692e-12 6.894500e-01 9.973656e-01
4.934253e-01 9.494227e-12 6.812860e-01 9.974085e-01
4.934294e-01 9.079171e-12 6.874530e-01 9.973980e-01
4.934946e-01 1.036100e-11 6.806460e-01 9.973294e-01
4.934891e-01 9.809907e-12 6.831430e-01 9.973389e-01
4.934826e-01 9.627478e-12 6.808530e-01 9.973475e-01
4.934448e-01 9.302539e-12 6.822770e-01 9.973294e-01
4.934836e-01 9.779672e-12 6.774950e-01 9.973951e-01
4.935052e-01 9.963415e-12 6.776200e-01 9.974132e-01
4.934673e-01 9.973037e-12 6.772680e-01 9.973961e-01
4.935039e-01 1.000980e-11 6.761020e-01 9.973532e-01
4.934750e-01 9.760446e-12 6.757280e-01 9.973780e-01
4.935197e-01 1.036074e-11 6.742210e-01 9.973361e-01
4.934466e-01 9.474276e-12 6.745240e-01 9.974418e-01
4.934687e-01 9.742553e-12 6.788920e-01 9.974409e-01
4.934690e-01 9.711952e-12 6.810390e-01 9.973856e-01
4.935082e-01 1.023498e-11 6.749000e-01 9.973170e-01
4.934699e-01 9.419847e-12 6.779800e-01 9.973504e-01
4.935018e-01 9.965270e-12 6.982680e-01 9.974418e-01
4.934550e-01 9.553242e-12 6.783220e-01 9.974028e-01
4.934292e-01 9.814931e-12 6.705380e-01 9.973523e-01
4.934993e-01 9.807844e-12 6.681440e-01 9.974552e-01
4.934434e-01 9.788326e-12 6.710110e-01 9.973561e-01
4.934240e-01 9.392468e-12 6.710440e-01 9.973132e-01
4.934418e-01 9.461101e-12 6.724590e-01 9.973627e-01
4.934294e-01 9.537498e-12 6.974330e-01 9.973885e-01
4.934619e-01 9.842125e-12 6.693430e-01 9.973065e-01
4.935540e-01 1.044608e-11 6.678080e-01 9.974904e-01
4.934905e-01 9.870411e-12 6.751090e-01 9.972989e-01
4.935631e-01 1.044321e-11 6.771060e-01 9.973828e-01
4.934948e-01 9.958658e-12 6.676380e-01 9.973723e-01
4.935412e-01 1.038299e-11 6.794940e-01 9.973418e-01
4.934460e-01 9.543730e-12 6.849100e-01 9.973570e-01
4.934240e-01 9.367561e-12 6.896980e-01 9.972665e-01
4.934144e-01 9.212487e-12 6.819360e-01 9.973313e-01
4.934772e-01 9.786737e-12 6.634870e-01 9.973780e-01
4.934253e-01 9.200749e-12 6.731460e-01 9.972932e-01
4.934133e-01 9.393814e-12 6.660570e-01 9.974761e-01
4.934471e-01 9.572492e-12 6.681160e-01 9.973323e-01
4.934779e-01 9.766248e-12 6.648030e-01 9.973389e-01
4.934468e-01 9.823803e-12 6.680020e-01 9.973847e-01
4.935020e-01 1.003694e-11 6.714850e-01 9.973227e-01
4.935175e-01 1.058276e-11 6.626930e-01 9.974056e-01
4.934618e-01 9.822507e-12 6.688250e-01 9.973894e-01
4.934819e-01 1.039601e-11 6.643300e-01 9.973142e-01
4.935144e-01 1.011648e-11 6.722770e-01 9.973408e-01
4.935017e-01 1.019026e-11 6.638670e-01 9.973818e-01
4.934590e-01 9.839083e-12 6.737370e-01 9.974752e-01
4.935045e-01 1.033907e-11 6.858420e-01 9.974504e-01
4.934474e-01 9.327821e-12 6.849730e-01 9.973351e-01
4.934044e-01 8.903139e-12 6.696260e-01 9.974304e-01
4.934476e-01 9.756539e-12 6.839520e-01 9.974390e-01
4.934253e-01 9.107687e-12 6.635260e-01 9.973418e-01
4.934114e-01 9.466038e-12 6.616020e-01 9.974294e-01
4.934780e-01 9.785935e-12 6.631410e-01 9.974047e-01
4.934448e-01 9.313571e-12 6.713550e-01 9.974066e-01
4.934305e-01 9.493487e-12 6.709960e-01 9.973351e-01
4.934707e-01 9.928564e-12 6.774160e-01 9.972875e-01
4.934152e-01 9.358511e-12 6.735270e-01 9.973122e-01
4.934498e-01 9.591574e-12 6.912870e-01 9.974009e-01
4.934839e-01 1.014842e-11 6.606740e-01 9.973751e-01
4.934198e-01 9.340250e-12 6.676090e-01 9.973989e-01
4.934761e-01 9.961152e-12 6.664050e-01 9.973237e-01
4.934661e-01 9.606225e-12 6.768830e-01 9.972627e-01
4.934437e-01 9.767664e-12 6.605700e-01 9.975018e-01
4.934803e-01 9.834402e-12 6.751630e-01 9.973656e-01
4.934730e-01 9.783804e-12 6.682000e-01 9.974752e-01
4.934652e-01 9.776825e-12 6.692090e-01 9.974180e-01
4.934549e-01 9.701181e-12 6.627790e-01 9.972922e-01
4.934933e-01 9.950626e-12 6.748540e-01 9.974571e-01
4.934148e-01 9.441850e-12 6.627330e-01 9.973180e-01
4.934967e-01 9.898555e-12 6.666000e-01 9.974028e-01
4.934834e-01 9.905748e-12 6.578420e-01 9.973885e-01
4.934415e-01 9.548939e-12 6.750310e-01 9.973380e-01
4.934102e-01 9.408746e-12 6.600720e-01 9.973780e-01
4.934704e-01 9.979772e-12 6.713230e-01 9.973018e-01
4.934784e-01 9.856760e-12 6.834320e-01 9.973132e-01
4.934377e-01 9.432103e-12 6.566920e-01 9.973332e-01
4.934537e-01 9.810157e-12 6.728700e-01 9.973132e-01
4.934586e-01 9.802070e-12 6.500090e-01 9.973685e-01
4.934613e-01 9.807029e-12 6.610950e-01 9.972999e-01
4.934879e-01 1.011803e-11 6.552950e-01 9.973380e-01
4.935324e-01 1.031568e-11 6.551770e-01 9.973713e-01
4.934673e-01 9.664250e-12 6.547550e-01 9.973951e-01
4.934508e-01 9.967955e-12 6.667130e-01 9.973446e-01
4.934454e-01 9.378035e-12 6.755460e-01 9.973475e-01
4.934609e-01 9.574874e-12 6.632270e-01 9.974533e-01
4.934421e-01 9.563143e-12 6.627190e-01 9.974028e-01
4.934615e-01 9.704867e-12 6.612650e-01 9.974180e-01
4.934453e-01 9.237909e-12 6.534500e-01 9.973380e-01
4.934388e-01 9.731709e-12 6.683590e-01 9.974275e-01
4.934606e-01 1.002221e-11 6.607800e-01 9.973999e-01
4.934291e-01 9.617452e-12 6.467280e-01 9.973808e-01
4.934534e-01 9.789658e-12 6.604530e-01 9.973732e-01
4.934179e-01 9.728401e-12 6.724100e-01 9.973075e-01
4.934314e-01 9.315134e-12 6.590310e-01 9.973913e-01
4.934006e-01 9.261736e-12 6.545820e-01 9.973189e-01
4.934357e-01 9.399788e-12 6.662930e-01 9.974275e-01
4.934817e-01 9.993662e-12 6.656410e-01 9.973142e-01
4.934170e-01 9.248693e-12 6.658510e-01 9.972694e-01
4.934466e-01 9.814110e-12 6.621630e-01 9.973304e-01
4.934826e-01 9.974614e-12 6.673350e-01 9.973399e-01
4.934714e-01 9.754787e-12 6.553180e-01 9.974228e-01
4.934875e-01 9.855078e-12 6.827240e-01 9.973875e-01
4.934956e-01 1.012463e-11 6.486220e-01 9.974294e-01
4.934391e-01 9.566726e-12 6.625290e-01 9.973256e-01
4.934278e-01 9.725565e-12 6.535370e-01 9.974009e-01
4.934955e-01 1.034541e-11 6.565480e-01 9.974075e-01
4.934805e-01 1.002121e-11 6.691310e-01 9.974485e-01
4.934418e-01 9.674872e-12 6.556840e-01 9.973132e-01
4.934857e-01 1.006659e-11 6.542420e-01 9.974475e-01
4.934892e-01 1.018909e-11 6.462980e-01 9.973885e-01
4.934887e-01 9.746681e-12 6.554690e-01 9.973608e-01
4.934503e-01 9.568701e-12 6.539130e-01 9.973351e-01
4.934836e-01 1.014418e-11 6.930700e-01 9.972913e-01
4.934046e-01 9.287168e-12 6.657740e-01 9.973761e-01
4.934718e-01 9.588086e-12 6.616060e-01 9.973075e-01
4.934137e-01 9.180093e-12 6.695290e-01 9.972875e-01
4.935049e-01 1.023814e-11 6.665600e-01 9.972570e-01
4.934105e-01 9.367943e-12 6.543850e-01 9.974418e-01
4.934266e-01 9.459250e-12 6.749990e-01 9.973103e-01
4.934746e-01 9.569560e-12 6.604600e-01 9.973837e-01
4.934508e-01 9.706946e-12 6.590950e-01 9.973246e-01
4.934352e-01 9.385789e-12 6.981360e-01 9.973475e-01
4.934288e-01 9.504561e-12 7.010180e-01 9.973246e-01
4.934454e-01 9.629855e-12 6.630760e-01 9.973237e-01
4.934514e-01 9.757514e-12 6.526860e-01 9.973666e-01
4.934313e-01 9.343210e-12 6.530910e-01 9.973446e-01
4.934458e-01 9.831499e-12 6.598380e-01 9.972989e-01
4.934698e-01 1.003689e-11 6.638340e-01 9.973304e-01
4.934120e-01 9.078951e-12 6.473100e-01 9.973627e-01
4.934160e-01 9.157319e-12 6.572700e-01 9.974313e-01
