# dim  N   mc   dt  Impsamp 
# 1    1 1049576 0.01
#
# Theoretical Energy = 5.000000e-01
# Energy     Variance     CPU time     Acceptance
4.691698e-01 6.882658e-10 8.347010e-01 9.975962e-01
4.691280e-01 6.758415e-10 7.655960e-01 9.975847e-01
4.692894e-01 6.801065e-10 7.479470e-01 9.975352e-01
4.692986e-01 6.232801e-10 7.231490e-01 9.975504e-01
4.691142e-01 6.264134e-10 7.188480e-01 9.976305e-01
4.695386e-01 6.273464e-10 7.484450e-01 9.975657e-01
4.694797e-01 6.002794e-10 7.184450e-01 9.975695e-01
4.692092e-01 5.839748e-10 7.965060e-01 9.975733e-01
4.691465e-01 5.546103e-10 7.927900e-01 9.975257e-01
4.698409e-01 5.639748e-10 7.708990e-01 9.975457e-01
4.695188e-01 5.545426e-10 7.403920e-01 9.974514e-01
4.695608e-01 5.362401e-10 7.222510e-01 9.974199e-01
4.689797e-01 5.027126e-10 8.255170e-01 9.974542e-01
4.696436e-01 4.993356e-10 7.766400e-01 9.975304e-01
4.692828e-01 4.838332e-10 8.072730e-01 9.975762e-01
4.703277e-01 5.357585e-10 9.253130e-01 9.974733e-01
4.698441e-01 4.825271e-10 8.581630e-01 9.976257e-01
4.699776e-01 4.901432e-10 7.633080e-01 9.975695e-01
4.698881e-01 4.675472e-10 7.827700e-01 9.975266e-01
4.700219e-01 4.537781e-10 8.084430e-01 9.974675e-01
4.699983e-01 4.477403e-10 7.495880e-01 9.975771e-01
4.698312e-01 4.403007e-10 7.543150e-01 9.975409e-01
4.696172e-01 4.203688e-10 7.700120e-01 9.976028e-01
4.699502e-01 4.320299e-10 9.610770e-01 9.975171e-01
4.704470e-01 4.328169e-10 9.604280e-01 9.975714e-01
4.701740e-01 4.065414e-10 7.596600e-01 9.976657e-01
4.698462e-01 3.889129e-10 7.336440e-01 9.975295e-01
4.706524e-01 4.062219e-10 7.287520e-01 9.975647e-01
4.705231e-01 3.998947e-10 7.709170e-01 9.976028e-01
4.703774e-01 3.886331e-10 8.388710e-01 9.975361e-01
4.702939e-01 3.770358e-10 7.867010e-01 9.975085e-01
4.703890e-01 3.795586e-10 8.091270e-01 9.975476e-01
4.707507e-01 3.816944e-10 7.704020e-01 9.975638e-01
4.705505e-01 3.662795e-10 8.591870e-01 9.975114e-01
4.705731e-01 3.473652e-10 8.500210e-01 9.975733e-01
4.707278e-01 3.639784e-10 9.035470e-01 9.975714e-01
4.706731e-01 3.479293e-10 7.730390e-01 9.975552e-01
4.709368e-01 3.514835e-10 7.782180e-01 9.976009e-01
4.710196e-01 3.511117e-10 6.836460e-01 9.975428e-01
4.707615e-01 3.322342e-10 7.327160e-01 9.975009e-01
4.707395e-01 3.278316e-10 7.346790e-01 9.975771e-01
4.707641e-01 3.103334e-10 7.243260e-01 9.975628e-01
4.707939e-01 3.167738e-10 7.148270e-01 9.975180e-01
4.709713e-01 3.179466e-10 7.872020e-01 9.974361e-01
4.708862e-01 3.083205e-10 7.896280e-01 9.975114e-01
4.712117e-01 3.133761e-10 7.274550e-01 9.975409e-01
4.712991e-01 3.167869e-10 8.091420e-01 9.974961e-01
4.710609e-01 2.856609e-10 7.308780e-01 9.975361e-01
4.711689e-01 2.924040e-10 8.487030e-01 9.975438e-01
4.710302e-01 2.817774e-10 7.868300e-01 9.975285e-01
4.716846e-01 3.055237e-10 7.663460e-01 9.975790e-01
4.714349e-01 3.041737e-10 7.238100e-01 9.975285e-01
4.716830e-01 2.949045e-10 7.448750e-01 9.975266e-01
4.716071e-01 2.890194e-10 7.454720e-01 9.974933e-01
4.710263e-01 2.609857e-10 8.145630e-01 9.975257e-01
4.716724e-01 2.858465e-10 7.940480e-01 9.975895e-01
4.714775e-01 2.729177e-10 8.270280e-01 9.975076e-01
4.713972e-01 2.652935e-10 7.288440e-01 9.974828e-01
4.717820e-01 2.800877e-10 8.306140e-01 9.975438e-01
4.716293e-01 2.664965e-10 7.553870e-01 9.974876e-01
4.713756e-01 2.549278e-10 7.697820e-01 9.975552e-01
4.714597e-01 2.528356e-10 7.646420e-01 9.975161e-01
4.715762e-01 2.630737e-10 8.026960e-01 9.975152e-01
4.717972e-01 2.590858e-10 8.071850e-01 9.975314e-01
4.719586e-01 2.629655e-10 7.812200e-01 9.975476e-01
4.719502e-01 2.634436e-10 7.888640e-01 9.974475e-01
4.721721e-01 2.641365e-10 8.029920e-01 9.976009e-01
4.721194e-01 2.594578e-10 7.788700e-01 9.976038e-01
4.719990e-01 2.506605e-10 7.729150e-01 9.975447e-01
4.718562e-01 2.393594e-10 7.723850e-01 9.975543e-01
4.721672e-01 2.460048e-10 7.702980e-01 9.976009e-01
4.718053e-01 2.363429e-10 7.480330e-01 9.975676e-01
4.719443e-01 2.296387e-10 7.554380e-01 9.974914e-01
4.720886e-01 2.419205e-10 8.572880e-01 9.975323e-01
4.717384e-01 2.198352e-10 8.314860e-01 9.976067e-01
4.720789e-01 2.309741e-10 9.091150e-01 9.974666e-01
4.721283e-01 2.287582e-10 9.247920e-01 9.974818e-01
4.721595e-01 2.307765e-10 7.750490e-01 9.975847e-01
4.722914e-01 2.381150e-10 7.522590e-01 9.974990e-01
4.721359e-01 2.284482e-10 7.326550e-01 9.976086e-01
4.724015e-01 2.321700e-10 7.299420e-01 9.975342e-01
4.720749e-01 2.167968e-10 7.465320e-01 9.975771e-01
4.722626e-01 2.259824e-10 7.925830e-01 9.975247e-01
4.720157e-01 2.074993e-10 1.005593e+00 9.975323e-01
4.720387e-01 2.049515e-10 9.217730e-01 9.975028e-01
4.722644e-01 2.170258e-10 7.538650e-01 9.975724e-01
4.724434e-01 2.192202e-10 7.731290e-01 9.974933e-01
4.723499e-01 2.110129e-10 8.330340e-01 9.974971e-01
4.723803e-01 2.176742e-10 7.762980e-01 9.974104e-01
4.725242e-01 2.160571e-10 7.950150e-01 9.976295e-01
4.727720e-01 2.244652e-10 8.260920e-01 9.975390e-01
4.724835e-01 2.080594e-10 7.898640e-01 9.976162e-01
4.726864e-01 2.145095e-10 8.754480e-01 9.974999e-01
4.723687e-01 2.089968e-10 7.616960e-01 9.975943e-01
4.728189e-01 2.158542e-10 7.395450e-01 9.974609e-01
4.726809e-01 2.171358e-10 7.861200e-01 9.975018e-01
4.725220e-01 1.995676e-10 7.420540e-01 9.975295e-01
4.727129e-01 2.134012e-10 7.833460e-01 9.977124e-01
4.726236e-01 2.046626e-10 7.589860e-01 9.974494e-01
4.726654e-01 2.029402e-10 7.372410e-01 9.975466e-01
4.725971e-01 1.999594e-10 7.408380e-01 9.975209e-01
4.728372e-01 2.055541e-10 8.016870e-01 9.974056e-01
4.729144e-01 2.109821e-10 7.562040e-01 9.975704e-01
4.728372e-01 2.025746e-10 8.407440e-01 9.974876e-01
4.727440e-01 2.020487e-10 8.737810e-01 9.975895e-01
4.727460e-01 2.012965e-10 8.103020e-01 9.974675e-01
4.726700e-01 1.921100e-10 7.544450e-01 9.975133e-01
4.729546e-01 2.008847e-10 7.553990e-01 9.974895e-01
4.728913e-01 2.014798e-10 7.299670e-01 9.975990e-01
4.725804e-01 1.798857e-10 7.485290e-01 9.975638e-01
4.727601e-01 1.935708e-10 7.655550e-01 9.974742e-01
4.729207e-01 1.934968e-10 7.420670e-01 9.974999e-01
4.727971e-01 1.901623e-10 7.736790e-01 9.975209e-01
4.727908e-01 1.880322e-10 7.194880e-01 9.974304e-01
4.730391e-01 1.977444e-10 7.573240e-01 9.975533e-01
4.730240e-01 1.935069e-10 7.401060e-01 9.975781e-01
4.729818e-01 1.949171e-10 7.246800e-01 9.974704e-01
4.730315e-01 1.913370e-10 7.075610e-01 9.974628e-01
4.729202e-01 1.847779e-10 7.366700e-01 9.975743e-01
4.729781e-01 1.868274e-10 7.209560e-01 9.975447e-01
4.729479e-01 1.860410e-10 7.248150e-01 9.975295e-01
4.730530e-01 1.868220e-10 7.388790e-01 9.975133e-01
4.729118e-01 1.910574e-10 7.428620e-01 9.975781e-01
4.734486e-01 2.045864e-10 7.852980e-01 9.975857e-01
4.730144e-01 1.863904e-10 9.007600e-01 9.974933e-01
4.732628e-01 1.913965e-10 8.776110e-01 9.975257e-01
4.731996e-01 1.877988e-10 9.290390e-01 9.975714e-01
4.731955e-01 1.860672e-10 8.848740e-01 9.975514e-01
4.729988e-01 1.807232e-10 8.274770e-01 9.975219e-01
4.730368e-01 1.791691e-10 7.938510e-01 9.976067e-01
4.732604e-01 1.855988e-10 7.606590e-01 9.974275e-01
4.732793e-01 1.884335e-10 7.644520e-01 9.975552e-01
4.732664e-01 1.933888e-10 8.144410e-01 9.974733e-01
4.733670e-01 1.884344e-10 8.709690e-01 9.975562e-01
4.732160e-01 1.836597e-10 8.521840e-01 9.974590e-01
4.730761e-01 1.798052e-10 8.002020e-01 9.975438e-01
4.733445e-01 1.946097e-10 7.749850e-01 9.974456e-01
4.733148e-01 1.834184e-10 8.484810e-01 9.975361e-01
4.732670e-01 1.813035e-10 7.849640e-01 9.975743e-01
4.735390e-01 1.913029e-10 8.744490e-01 9.974952e-01
4.733318e-01 1.809373e-10 8.357310e-01 9.973951e-01
4.730625e-01 1.724531e-10 8.564470e-01 9.975552e-01
4.731686e-01 1.733851e-10 8.118930e-01 9.975047e-01
4.732922e-01 1.849968e-10 8.834630e-01 9.975647e-01
4.732875e-01 1.735818e-10 7.970510e-01 9.976152e-01
4.735758e-01 1.864684e-10 7.654370e-01 9.974323e-01
4.738564e-01 1.919649e-10 7.754760e-01 9.975361e-01
4.733134e-01 1.812194e-10 7.792360e-01 9.975724e-01
4.735777e-01 1.801195e-10 7.761680e-01 9.974475e-01
4.734501e-01 1.808926e-10 7.770400e-01 9.974456e-01
4.733651e-01 1.755131e-10 7.732430e-01 9.975133e-01
4.734352e-01 1.815513e-10 7.722610e-01 9.975676e-01
4.734215e-01 1.848659e-10 7.512800e-01 9.974542e-01
4.735754e-01 1.837241e-10 7.589210e-01 9.975523e-01
4.736650e-01 1.852730e-10 7.613570e-01 9.974104e-01
4.733975e-01 1.750737e-10 7.733130e-01 9.974837e-01
4.736651e-01 1.836252e-10 7.473320e-01 9.974761e-01
4.737069e-01 1.817490e-10 7.398690e-01 9.974618e-01
4.732703e-01 1.660320e-10 7.653790e-01 9.975981e-01
4.736985e-01 1.862487e-10 7.651380e-01 9.974304e-01
4.736613e-01 1.855245e-10 7.635030e-01 9.975428e-01
4.736209e-01 1.765259e-10 7.398170e-01 9.975943e-01
4.735107e-01 1.709368e-10 7.858670e-01 9.975476e-01
4.736514e-01 1.783753e-10 7.759270e-01 9.975476e-01
4.739999e-01 1.966955e-10 7.537530e-01 9.974904e-01
4.738395e-01 1.867231e-10 7.704780e-01 9.974313e-01
4.736238e-01 1.798426e-10 7.334930e-01 9.975504e-01
4.734918e-01 1.744398e-10 7.372930e-01 9.974704e-01
4.737543e-01 1.801074e-10 7.508350e-01 9.974590e-01
4.737490e-01 1.818864e-10 7.617910e-01 9.975714e-01
4.736023e-01 1.745965e-10 7.534320e-01 9.974895e-01
4.735249e-01 1.682192e-10 7.355810e-01 9.975285e-01
4.735505e-01 1.673917e-10 7.537530e-01 9.975200e-01
4.738045e-01 1.775043e-10 7.336900e-01 9.975523e-01
4.738415e-01 1.799961e-10 7.297940e-01 9.975924e-01
4.737143e-01 1.768729e-10 7.216250e-01 9.974123e-01
4.736815e-01 1.738107e-10 7.598830e-01 9.975200e-01
4.737265e-01 1.772587e-10 7.660830e-01 9.975438e-01
4.736408e-01 1.753199e-10 7.487200e-01 9.975352e-01
4.736917e-01 1.709620e-10 7.947310e-01 9.975743e-01
4.740617e-01 1.818821e-10 7.750990e-01 9.975504e-01
4.738305e-01 1.768311e-10 7.649440e-01 9.974914e-01
4.736831e-01 1.708549e-10 7.801490e-01 9.975371e-01
4.737412e-01 1.726336e-10 7.472110e-01 9.975085e-01
4.739825e-01 1.846220e-10 7.554790e-01 9.974790e-01
4.736934e-01 1.662126e-10 7.402270e-01 9.975047e-01
4.736409e-01 1.672839e-10 7.669270e-01 9.975600e-01
4.738321e-01 1.711355e-10 7.555260e-01 9.974542e-01
4.739178e-01 1.739837e-10 7.512330e-01 9.974637e-01
4.738019e-01 1.694654e-10 7.586460e-01 9.974352e-01
4.740243e-01 1.825960e-10 7.250180e-01 9.975533e-01
4.739538e-01 1.774303e-10 7.789730e-01 9.975209e-01
4.738467e-01 1.751334e-10 7.666670e-01 9.975190e-01
4.741134e-01 1.796915e-10 7.752060e-01 9.974704e-01
4.740033e-01 1.821382e-10 7.903530e-01 9.975523e-01
4.737259e-01 1.718617e-10 7.615400e-01 9.975361e-01
4.736614e-01 1.610127e-10 8.062890e-01 9.974342e-01
4.742192e-01 1.855494e-10 7.449880e-01 9.975428e-01
4.736892e-01 1.633878e-10 7.899820e-01 9.974514e-01
4.739317e-01 1.727503e-10 7.477390e-01 9.975142e-01
4.738437e-01 1.746243e-10 7.907830e-01 9.974571e-01
4.738176e-01 1.660362e-10 7.626120e-01 9.975266e-01
4.739220e-01 1.710386e-10 7.450290e-01 9.974742e-01
4.740770e-01 1.804348e-10 8.003050e-01 9.975171e-01
4.740454e-01 1.712451e-10 7.510780e-01 9.974933e-01
4.739654e-01 1.688276e-10 7.731330e-01 9.975009e-01
4.739155e-01 1.648204e-10 7.417660e-01 9.975276e-01
4.741104e-01 1.779535e-10 7.447900e-01 9.974609e-01
4.741320e-01 1.720480e-10 7.821180e-01 9.974113e-01
4.741454e-01 1.723857e-10 7.754290e-01 9.973951e-01
4.741070e-01 1.828415e-10 7.739380e-01 9.976086e-01
4.738054e-01 1.622580e-10 7.877380e-01 9.975466e-01
4.740941e-01 1.743683e-10 7.386490e-01 9.974647e-01
4.740132e-01 1.640230e-10 7.630420e-01 9.975752e-01
4.740571e-01 1.746232e-10 7.275450e-01 9.974542e-01
4.737998e-01 1.624444e-10 7.913090e-01 9.975514e-01
4.741745e-01 1.761023e-10 7.245040e-01 9.976000e-01
4.738723e-01 1.708236e-10 7.258360e-01 9.976124e-01
4.742393e-01 1.768787e-10 7.836300e-01 9.975361e-01
4.740835e-01 1.691135e-10 7.787900e-01 9.974332e-01
4.739245e-01 1.675488e-10 7.714070e-01 9.975609e-01
4.737180e-01 1.579501e-10 7.578050e-01 9.975447e-01
4.740433e-01 1.712339e-10 7.445790e-01 9.975543e-01
4.738788e-01 1.670968e-10 7.504220e-01 9.975190e-01
4.742510e-01 1.789353e-10 7.473560e-01 9.975009e-01
4.739038e-01 1.643406e-10 7.437790e-01 9.974857e-01
4.739660e-01 1.653102e-10 7.703940e-01 9.975971e-01
4.740284e-01 1.715457e-10 7.708520e-01 9.974961e-01
4.740900e-01 1.695031e-10 7.512120e-01 9.974952e-01
4.740529e-01 1.652899e-10 7.664000e-01 9.975533e-01
4.743263e-01 1.778572e-10 7.600040e-01 9.974485e-01
4.741353e-01 1.721013e-10 7.461100e-01 9.975781e-01
4.740032e-01 1.694324e-10 7.401930e-01 9.974904e-01
4.740860e-01 1.693914e-10 7.793890e-01 9.975219e-01
4.739130e-01 1.610812e-10 7.705650e-01 9.974761e-01
4.739228e-01 1.646489e-10 7.473400e-01 9.974266e-01
4.740212e-01 1.663033e-10 7.629310e-01 9.975628e-01
4.743179e-01 1.756873e-10 7.712320e-01 9.975295e-01
4.741173e-01 1.663509e-10 7.801850e-01 9.975400e-01
4.739755e-01 1.649249e-10 7.815850e-01 9.975676e-01
4.741524e-01 1.725171e-10 7.733780e-01 9.975771e-01
4.742606e-01 1.773862e-10 7.519200e-01 9.975228e-01
4.741272e-01 1.672258e-10 7.462230e-01 9.975666e-01
4.742736e-01 1.719417e-10 7.853660e-01 9.974857e-01
4.740530e-01 1.639711e-10 7.690530e-01 9.974675e-01
4.741879e-01 1.672709e-10 7.487980e-01 9.975095e-01
4.743771e-01 1.748548e-10 7.477600e-01 9.976028e-01
4.741496e-01 1.691934e-10 7.567570e-01 9.975514e-01
4.738493e-01 1.564533e-10 7.235260e-01 9.975114e-01
4.739399e-01 1.652138e-10 7.341900e-01 9.975504e-01
4.741442e-01 1.667301e-10 7.670660e-01 9.975228e-01
4.742429e-01 1.727316e-10 7.663750e-01 9.975095e-01
4.742655e-01 1.710250e-10 7.343720e-01 9.975447e-01
4.740100e-01 1.683783e-10 7.485560e-01 9.975323e-01
4.740434e-01 1.641585e-10 7.599200e-01 9.975190e-01
4.739822e-01 1.612772e-10 7.621540e-01 9.975647e-01
4.743177e-01 1.780109e-10 7.441340e-01 9.974952e-01
4.743129e-01 1.726138e-10 7.876580e-01 9.974876e-01
4.741488e-01 1.652748e-10 7.676330e-01 9.975200e-01
4.741336e-01 1.662202e-10 7.367750e-01 9.974876e-01
4.740675e-01 1.613889e-10 7.402920e-01 9.974895e-01
4.741989e-01 1.661402e-10 7.288890e-01 9.975714e-01
4.745242e-01 1.812575e-10 7.585350e-01 9.974275e-01
4.742259e-01 1.679274e-10 7.667660e-01 9.974818e-01
4.743681e-01 1.743899e-10 7.699000e-01 9.974552e-01
4.742701e-01 1.670875e-10 7.701850e-01 9.975514e-01
4.742520e-01 1.669505e-10 7.644620e-01 9.974961e-01
4.742851e-01 1.672603e-10 7.364440e-01 9.975238e-01
4.743948e-01 1.765764e-10 7.465540e-01 9.975361e-01
4.744159e-01 1.761782e-10 7.555720e-01 9.975028e-01
4.744255e-01 1.790222e-10 7.476800e-01 9.975266e-01
4.742271e-01 1.709669e-10 7.440470e-01 9.974971e-01
4.741485e-01 1.628613e-10 7.496230e-01 9.974542e-01
4.740850e-01 1.553423e-10 7.606250e-01 9.975495e-01
4.744187e-01 1.767226e-10 7.299390e-01 9.974742e-01
4.741319e-01 1.577294e-10 7.535410e-01 9.974971e-01
4.742108e-01 1.609650e-10 7.782350e-01 9.974323e-01
4.742917e-01 1.687611e-10 7.321920e-01 9.974799e-01
4.744398e-01 1.710860e-10 7.631930e-01 9.975409e-01
4.739869e-01 1.548189e-10 7.133470e-01 9.975352e-01
4.745231e-01 1.753648e-10 7.539370e-01 9.975161e-01
4.742940e-01 1.675821e-10 7.375730e-01 9.974990e-01
4.742361e-01 1.643268e-10 7.729440e-01 9.974637e-01
4.744245e-01 1.746388e-10 7.712510e-01 9.974094e-01
4.743112e-01 1.686521e-10 7.587940e-01 9.974876e-01
4.745158e-01 1.748505e-10 7.489890e-01 9.975028e-01
4.745040e-01 1.728768e-10 7.766110e-01 9.974409e-01
4.742589e-01 1.640585e-10 7.771020e-01 9.975047e-01
4.744398e-01 1.734744e-10 7.563170e-01 9.974885e-01
4.742202e-01 1.663544e-10 7.638180e-01 9.974799e-01
4.741653e-01 1.617322e-10 7.491260e-01 9.974666e-01
4.743389e-01 1.660390e-10 7.277390e-01 9.974104e-01
4.740408e-01 1.599386e-10 7.739190e-01 9.975257e-01
4.745676e-01 1.771253e-10 7.741800e-01 9.975371e-01
4.744208e-01 1.707060e-10 7.202970e-01 9.975180e-01
4.742410e-01 1.650765e-10 7.402710e-01 9.975409e-01
4.743399e-01 1.665187e-10 7.555800e-01 9.974723e-01
4.742960e-01 1.613420e-10 7.529950e-01 9.975304e-01
4.746218e-01 1.761152e-10 7.502400e-01 9.974761e-01
4.743899e-01 1.673298e-10 7.797080e-01 9.974961e-01
4.743318e-01 1.662144e-10 7.402590e-01 9.974971e-01
4.743036e-01 1.666051e-10 7.587020e-01 9.975695e-01
4.743575e-01 1.717215e-10 7.812420e-01 9.975238e-01
4.743085e-01 1.645957e-10 7.447370e-01 9.975133e-01
4.744400e-01 1.695797e-10 7.202940e-01 9.974990e-01
4.743454e-01 1.663834e-10 7.748030e-01 9.975171e-01
4.742983e-01 1.636004e-10 7.436300e-01 9.975400e-01
4.745357e-01 1.688000e-10 7.166190e-01 9.974142e-01
4.744050e-01 1.727282e-10 8.026930e-01 9.975352e-01
4.742901e-01 1.567617e-10 7.608820e-01 9.975076e-01
4.743589e-01 1.749101e-10 7.448120e-01 9.975333e-01
4.743584e-01 1.684863e-10 7.822530e-01 9.974390e-01
4.742288e-01 1.627931e-10 7.724710e-01 9.975685e-01
4.742763e-01 1.647150e-10 7.568190e-01 9.974761e-01
4.745831e-01 1.690733e-10 7.210400e-01 9.974437e-01
4.744106e-01 1.650933e-10 7.801800e-01 9.975323e-01
4.744286e-01 1.653966e-10 7.417100e-01 9.975352e-01
4.745189e-01 1.716316e-10 7.514140e-01 9.975333e-01
4.744061e-01 1.688136e-10 7.395460e-01 9.975476e-01
4.743094e-01 1.615992e-10 7.664520e-01 9.974342e-01
4.742819e-01 1.633979e-10 7.585160e-01 9.976067e-01
4.742837e-01 1.562989e-10 7.612670e-01 9.975142e-01
4.742716e-01 1.594345e-10 7.429790e-01 9.975104e-01
4.744419e-01 1.651786e-10 7.338590e-01 9.975028e-01
4.745404e-01 1.732446e-10 7.212080e-01 9.974485e-01
4.742894e-01 1.681352e-10 7.168320e-01 9.974752e-01
4.744329e-01 1.635923e-10 7.749190e-01 9.975047e-01
4.742523e-01 1.567160e-10 7.158230e-01 9.975600e-01
4.745338e-01 1.700199e-10 7.514000e-01 9.974475e-01
4.743176e-01 1.624026e-10 7.530590e-01 9.974685e-01
4.742540e-01 1.609219e-10 7.195640e-01 9.974456e-01
4.744014e-01 1.639743e-10 7.176840e-01 9.975704e-01
4.746450e-01 1.749336e-10 7.452840e-01 9.974656e-01
4.744267e-01 1.669364e-10 7.806810e-01 9.975228e-01
4.742964e-01 1.605268e-10 7.507760e-01 9.974437e-01
4.743209e-01 1.612564e-10 7.592610e-01 9.974933e-01
4.744455e-01 1.665174e-10 7.449760e-01 9.974866e-01
4.744691e-01 1.694648e-10 7.732630e-01 9.974294e-01
4.744412e-01 1.666277e-10 7.644790e-01 9.974733e-01
4.742673e-01 1.629135e-10 7.506810e-01 9.974675e-01
4.743457e-01 1.610713e-10 7.775590e-01 9.974742e-01
4.742930e-01 1.660072e-10 7.502360e-01 9.974866e-01
4.744519e-01 1.632919e-10 7.435200e-01 9.974961e-01
4.742078e-01 1.558278e-10 7.914040e-01 9.975571e-01
4.744495e-01 1.666185e-10 7.532620e-01 9.975257e-01
4.743888e-01 1.661664e-10 7.570170e-01 9.974075e-01
4.745791e-01 1.697679e-10 7.458020e-01 9.974485e-01
4.743671e-01 1.628956e-10 7.433490e-01 9.975447e-01
4.745466e-01 1.661341e-10 7.574610e-01 9.975133e-01
4.743782e-01 1.632139e-10 7.498850e-01 9.975704e-01
4.744600e-01 1.663502e-10 7.321610e-01 9.974609e-01
4.742213e-01 1.558363e-10 7.328780e-01 9.974695e-01
4.745036e-01 1.633042e-10 7.425870e-01 9.975600e-01
4.742671e-01 1.556479e-10 7.732940e-01 9.974971e-01
4.743804e-01 1.617047e-10 7.393120e-01 9.974790e-01
4.745503e-01 1.654218e-10 7.671470e-01 9.974637e-01
4.741461e-01 1.578074e-10 7.558440e-01 9.975095e-01
4.743611e-01 1.652735e-10 7.669060e-01 9.975333e-01
4.744415e-01 1.636095e-10 7.618650e-01 9.975495e-01
4.744111e-01 1.707757e-10 7.274840e-01 9.974552e-01
4.745203e-01 1.637167e-10 7.865860e-01 9.974618e-01
4.743538e-01 1.574229e-10 7.308060e-01 9.974980e-01
4.744272e-01 1.617625e-10 7.426430e-01 9.975209e-01
4.747153e-01 1.707867e-10 7.095810e-01 9.974371e-01
4.745333e-01 1.642881e-10 7.369580e-01 9.974837e-01
4.746696e-01 1.716447e-10 7.464030e-01 9.974923e-01
4.745610e-01 1.676690e-10 7.797900e-01 9.974999e-01
4.744332e-01 1.636898e-10 7.318900e-01 9.975933e-01
4.743936e-01 1.566250e-10 7.614150e-01 9.975400e-01
4.745773e-01 1.670349e-10 7.577350e-01 9.974571e-01
4.743772e-01 1.589503e-10 7.417560e-01 9.974618e-01
4.743770e-01 1.577775e-10 7.815020e-01 9.974980e-01
4.745674e-01 1.638955e-10 7.392600e-01 9.975590e-01
4.744963e-01 1.585128e-10 7.097100e-01 9.974085e-01
4.745516e-01 1.647051e-10 7.256010e-01 9.974799e-01
4.745420e-01 1.641101e-10 7.354930e-01 9.974599e-01
4.744139e-01 1.583358e-10 7.811070e-01 9.974761e-01
4.747242e-01 1.694748e-10 7.494530e-01 9.975342e-01
4.742044e-01 1.527887e-10 7.421040e-01 9.974714e-01
4.745562e-01 1.633069e-10 7.463670e-01 9.975200e-01
4.744471e-01 1.600521e-10 7.497290e-01 9.975257e-01
4.746142e-01 1.661239e-10 7.452990e-01 9.974914e-01
4.746113e-01 1.605965e-10 7.279360e-01 9.974818e-01
4.746080e-01 1.701833e-10 7.417140e-01 9.974352e-01
4.744771e-01 1.617251e-10 7.296920e-01 9.974704e-01
4.748275e-01 1.716524e-10 7.720630e-01 9.975095e-01
4.746110e-01 1.679408e-10 7.642730e-01 9.974542e-01
4.747311e-01 1.689091e-10 7.681580e-01 9.975438e-01
4.744098e-01 1.559414e-10 7.679780e-01 9.974914e-01
4.744508e-01 1.574206e-10 7.496200e-01 9.975152e-01
4.745592e-01 1.625770e-10 7.364260e-01 9.975028e-01
4.745201e-01 1.660208e-10 7.328810e-01 9.974456e-01
4.748380e-01 1.733818e-10 7.299180e-01 9.975457e-01
4.746542e-01 1.697838e-10 7.667330e-01 9.974466e-01
4.747291e-01 1.710699e-10 7.554460e-01 9.975142e-01
4.745303e-01 1.654678e-10 7.751500e-01 9.973970e-01
4.744981e-01 1.684590e-10 7.695100e-01 9.974828e-01
4.745198e-01 1.582582e-10 7.555190e-01 9.974409e-01
4.746755e-01 1.718357e-10 7.838700e-01 9.975552e-01
4.742978e-01 1.556105e-10 7.739700e-01 9.975657e-01
4.746439e-01 1.659398e-10 7.562120e-01 9.974828e-01
4.744754e-01 1.608206e-10 7.601690e-01 9.975028e-01
4.743320e-01 1.556664e-10 7.734730e-01 9.975085e-01
4.744630e-01 1.584124e-10 7.446670e-01 9.975095e-01
4.746511e-01 1.604727e-10 7.545670e-01 9.974380e-01
4.745533e-01 1.609105e-10 7.747740e-01 9.974304e-01
4.746041e-01 1.635178e-10 7.449620e-01 9.974771e-01
4.745435e-01 1.645344e-10 7.423990e-01 9.975085e-01
4.745055e-01 1.564572e-10 7.669280e-01 9.974066e-01
4.747551e-01 1.733093e-10 7.424080e-01 9.974790e-01
4.745524e-01 1.648314e-10 7.497340e-01 9.974723e-01
4.747247e-01 1.691725e-10 7.647930e-01 9.975371e-01
4.746231e-01 1.627784e-10 7.315390e-01 9.975038e-01
4.746654e-01 1.633393e-10 7.601170e-01 9.974485e-01
4.745336e-01 1.619743e-10 7.445520e-01 9.975419e-01
4.746951e-01 1.689870e-10 7.712980e-01 9.974552e-01
4.746245e-01 1.667101e-10 7.593230e-01 9.974514e-01
4.746531e-01 1.637046e-10 7.250530e-01 9.974809e-01
4.746629e-01 1.693960e-10 7.528290e-01 9.974723e-01
4.745819e-01 1.632262e-10 7.405050e-01 9.975104e-01
4.747316e-01 1.639520e-10 7.458370e-01 9.975219e-01
4.746800e-01 1.635482e-10 7.400910e-01 9.975419e-01
4.745741e-01 1.643836e-10 7.802130e-01 9.974933e-01
4.745961e-01 1.654623e-10 7.513110e-01 9.975590e-01
4.748416e-01 1.719036e-10 7.535750e-01 9.974609e-01
4.748611e-01 1.708149e-10 7.397180e-01 9.974695e-01
4.746562e-01 1.647433e-10 7.412670e-01 9.975009e-01
4.748807e-01 1.721963e-10 7.208470e-01 9.975161e-01
4.746414e-01 1.640163e-10 7.348290e-01 9.974285e-01
4.744984e-01 1.586006e-10 7.184620e-01 9.975762e-01
4.746693e-01 1.598553e-10 7.423770e-01 9.974885e-01
4.743609e-01 1.544239e-10 7.766830e-01 9.975009e-01
4.744201e-01 1.562224e-10 7.579330e-01 9.975762e-01
4.748028e-01 1.674257e-10 7.652110e-01 9.974142e-01
4.746784e-01 1.644710e-10 7.900270e-01 9.974437e-01
4.748262e-01 1.726449e-10 7.628360e-01 9.975609e-01
4.746364e-01 1.630473e-10 7.260280e-01 9.975219e-01
4.743770e-01 1.539056e-10 7.306210e-01 9.975514e-01
4.746668e-01 1.656445e-10 7.549360e-01 9.974704e-01
4.746994e-01 1.621308e-10 7.284430e-01 9.975419e-01
4.748206e-01 1.708147e-10 7.441150e-01 9.974637e-01
4.744853e-01 1.583894e-10 7.440260e-01 9.974933e-01
4.747615e-01 1.640904e-10 7.496370e-01 9.975142e-01
4.743677e-01 1.543040e-10 7.662540e-01 9.974790e-01
4.747364e-01 1.647017e-10 7.364610e-01 9.975466e-01
4.749346e-01 1.743100e-10 8.566980e-01 9.974685e-01
4.745645e-01 1.593559e-10 8.705990e-01 9.975638e-01
4.745157e-01 1.563903e-10 8.470520e-01 9.976162e-01
4.746772e-01 1.651765e-10 7.543650e-01 9.974780e-01
4.746671e-01 1.613148e-10 7.445770e-01 9.975752e-01
4.746866e-01 1.640388e-10 7.649030e-01 9.974990e-01
4.750979e-01 1.783030e-10 7.639860e-01 9.974866e-01
4.748060e-01 1.745404e-10 7.538860e-01 9.974799e-01
4.745978e-01 1.629608e-10 7.507650e-01 9.975057e-01
4.745517e-01 1.543354e-10 7.302140e-01 9.975200e-01
4.745403e-01 1.611088e-10 7.496990e-01 9.974799e-01
4.747112e-01 1.637717e-10 7.215970e-01 9.975047e-01
4.747559e-01 1.712040e-10 7.376860e-01 9.974780e-01
4.748838e-01 1.665961e-10 7.630180e-01 9.975361e-01
4.745033e-01 1.551120e-10 7.450660e-01 9.975514e-01
4.749099e-01 1.711153e-10 7.630940e-01 9.975247e-01
4.742564e-01 1.479319e-10 7.480110e-01 9.975028e-01
4.748232e-01 1.662076e-10 7.592760e-01 9.974294e-01
4.744510e-01 1.518399e-10 7.588930e-01 9.975514e-01
4.747159e-01 1.620090e-10 7.476950e-01 9.974990e-01
4.745197e-01 1.549132e-10 7.389690e-01 9.975295e-01
4.746468e-01 1.615705e-10 7.970340e-01 9.974790e-01
4.747648e-01 1.673698e-10 7.846500e-01 9.975476e-01
4.746883e-01 1.568218e-10 7.641930e-01 9.974275e-01
4.748028e-01 1.653875e-10 7.519050e-01 9.974961e-01
4.747597e-01 1.649917e-10 7.788820e-01 9.974675e-01
4.747172e-01 1.590390e-10 7.928630e-01 9.974790e-01
4.747724e-01 1.634832e-10 7.711920e-01 9.975552e-01
4.745191e-01 1.549104e-10 7.389980e-01 9.974980e-01
4.746869e-01 1.597837e-10 7.649410e-01 9.974085e-01
4.749169e-01 1.649856e-10 7.344170e-01 9.974304e-01
4.748698e-01 1.685861e-10 7.626570e-01 9.974914e-01
4.747050e-01 1.639780e-10 7.220530e-01 9.975104e-01
4.748861e-01 1.638873e-10 7.322130e-01 9.974685e-01
4.749057e-01 1.684492e-10 7.384770e-01 9.975361e-01
4.746774e-01 1.585303e-10 7.474420e-01 9.974790e-01
4.748273e-01 1.653521e-10 7.570360e-01 9.975562e-01
4.746710e-01 1.615134e-10 7.788930e-01 9.974218e-01
4.747289e-01 1.606527e-10 7.544270e-01 9.974837e-01
4.748393e-01 1.651939e-10 7.560020e-01 9.975047e-01
4.746181e-01 1.551712e-10 7.626520e-01 9.975352e-01
4.745545e-01 1.576465e-10 7.238970e-01 9.975104e-01
4.748870e-01 1.658738e-10 7.404790e-01 9.974866e-01
4.746799e-01 1.623291e-10 7.321850e-01 9.975752e-01
4.746929e-01 1.646704e-10 7.493050e-01 9.975495e-01
4.746124e-01 1.541083e-10 7.380890e-01 9.975257e-01
4.747570e-01 1.640404e-10 7.415070e-01 9.975142e-01
4.747109e-01 1.589211e-10 7.560980e-01 9.974199e-01
4.748086e-01 1.669988e-10 7.646030e-01 9.975238e-01
4.745910e-01 1.549775e-10 7.683460e-01 9.975190e-01
4.746891e-01 1.565874e-10 7.469250e-01 9.975190e-01
4.750869e-01 1.677368e-10 7.657760e-01 9.974313e-01
4.749717e-01 1.778626e-10 7.552370e-01 9.975590e-01
4.748926e-01 1.625208e-10 7.762350e-01 9.974123e-01
4.747018e-01 1.592566e-10 7.275650e-01 9.975076e-01
4.747257e-01 1.581081e-10 7.256770e-01 9.974990e-01
4.746351e-01 1.584615e-10 7.672870e-01 9.974637e-01
4.746194e-01 1.536692e-10 7.624380e-01 9.975676e-01
4.745188e-01 1.539046e-10 7.431300e-01 9.975333e-01
4.750064e-01 1.706027e-10 7.526400e-01 9.975190e-01
4.746355e-01 1.542457e-10 7.524200e-01 9.975676e-01
4.747641e-01 1.550735e-10 7.826710e-01 9.975371e-01
4.747364e-01 1.609463e-10 7.263730e-01 9.974723e-01
4.749070e-01 1.662661e-10 7.413890e-01 9.974590e-01
4.747078e-01 1.585042e-10 7.742030e-01 9.974704e-01
4.747253e-01 1.598909e-10 7.819050e-01 9.975562e-01
4.747826e-01 1.601364e-10 7.837840e-01 9.975600e-01
4.746835e-01 1.524582e-10 7.581210e-01 9.974742e-01
4.746998e-01 1.578182e-10 7.472040e-01 9.974628e-01
4.748174e-01 1.604386e-10 7.760090e-01 9.973751e-01
4.747862e-01 1.595984e-10 7.400200e-01 9.975095e-01
4.746832e-01 1.583117e-10 7.635900e-01 9.975333e-01
4.750414e-01 1.680329e-10 7.447200e-01 9.974828e-01
4.748635e-01 1.630189e-10 7.394940e-01 9.974933e-01
4.746141e-01 1.537069e-10 7.226240e-01 9.975600e-01
4.750136e-01 1.694113e-10 7.728840e-01 9.974885e-01
4.747903e-01 1.621937e-10 7.259150e-01 9.974837e-01
4.746236e-01 1.591652e-10 7.291160e-01 9.974971e-01
4.750516e-01 1.675195e-10 7.574690e-01 9.974533e-01
4.747722e-01 1.545394e-10 7.527910e-01 9.974857e-01
4.747613e-01 1.552949e-10 7.136420e-01 9.974304e-01
4.748419e-01 1.646260e-10 7.511430e-01 9.975295e-01
4.745992e-01 1.554240e-10 7.434910e-01 9.974752e-01
4.747536e-01 1.563537e-10 7.647090e-01 9.974313e-01
4.749390e-01 1.627455e-10 7.426810e-01 9.975161e-01
4.745398e-01 1.557590e-10 7.384260e-01 9.975257e-01
4.748311e-01 1.609252e-10 7.528620e-01 9.975009e-01
4.749756e-01 1.626595e-10 7.504670e-01 9.974037e-01
4.749378e-01 1.660647e-10 7.559980e-01 9.975504e-01
4.748629e-01 1.638795e-10 7.584470e-01 9.975771e-01
4.748499e-01 1.619242e-10 7.420840e-01 9.974666e-01
4.748760e-01 1.583790e-10 7.592190e-01 9.974752e-01
4.748238e-01 1.625412e-10 7.369670e-01 9.975543e-01
4.747980e-01 1.583724e-10 7.398160e-01 9.974332e-01
4.748702e-01 1.690002e-10 7.359820e-01 9.974609e-01
4.751698e-01 1.724877e-10 7.725560e-01 9.975333e-01
4.750061e-01 1.656622e-10 7.429790e-01 9.974399e-01
4.748304e-01 1.593575e-10 7.295500e-01 9.974704e-01
4.748412e-01 1.637954e-10 7.280240e-01 9.974447e-01
4.748470e-01 1.595929e-10 7.896120e-01 9.975038e-01
4.749833e-01 1.659075e-10 7.447420e-01 9.974485e-01
4.747911e-01 1.589961e-10 7.785780e-01 9.975543e-01
4.747548e-01 1.551685e-10 7.504450e-01 9.975009e-01
4.748724e-01 1.551160e-10 7.726710e-01 9.975676e-01
4.750958e-01 1.746189e-10 7.667830e-01 9.974647e-01
4.747604e-01 1.573195e-10 7.579470e-01 9.974771e-01
4.747606e-01 1.578689e-10 7.383140e-01 9.973980e-01
4.748545e-01 1.577860e-10 7.561130e-01 9.974695e-01
4.749085e-01 1.668182e-10 7.332380e-01 9.975381e-01
4.750981e-01 1.676343e-10 7.866790e-01 9.975209e-01
4.747050e-01 1.568021e-10 7.579520e-01 9.975600e-01
4.749488e-01 1.669757e-10 7.668490e-01 9.975571e-01
4.746970e-01 1.548536e-10 7.810060e-01 9.975314e-01
4.750708e-01 1.672670e-10 7.101610e-01 9.974618e-01
4.750043e-01 1.645757e-10 8.142260e-01 9.975180e-01
4.746595e-01 1.510524e-10 7.618940e-01 9.974132e-01
4.748864e-01 1.597321e-10 7.610330e-01 9.974313e-01
4.750034e-01 1.708625e-10 7.320960e-01 9.975009e-01
4.748231e-01 1.564717e-10 7.672560e-01 9.975866e-01
4.750644e-01 1.671642e-10 7.646240e-01 9.974933e-01
4.748846e-01 1.622320e-10 7.632230e-01 9.974695e-01
4.748649e-01 1.635951e-10 7.653250e-01 9.975314e-01
4.746628e-01 1.492505e-10 8.040330e-01 9.974047e-01
4.748093e-01 1.599618e-10 8.132480e-01 9.974904e-01
4.749164e-01 1.664800e-10 7.711990e-01 9.975171e-01
4.750128e-01 1.666176e-10 8.551030e-01 9.974857e-01
4.748757e-01 1.626653e-10 8.532970e-01 9.975219e-01
4.749852e-01 1.673011e-10 8.383980e-01 9.975123e-01
4.747830e-01 1.534377e-10 7.588150e-01 9.974647e-01
4.749091e-01 1.607588e-10 7.553690e-01 9.975028e-01
4.751359e-01 1.663059e-10 7.714360e-01 9.974847e-01
4.748422e-01 1.605701e-10 7.454110e-01 9.975466e-01
4.749612e-01 1.581836e-10 7.429730e-01 9.974733e-01
4.752611e-01 1.742398e-10 7.404210e-01 9.975704e-01
4.750003e-01 1.620489e-10 7.583940e-01 9.974876e-01
4.750967e-01 1.662084e-10 7.521150e-01 9.976019e-01
4.748805e-01 1.609224e-10 7.407890e-01 9.974571e-01
4.749934e-01 1.651141e-10 7.255930e-01 9.974761e-01
4.747802e-01 1.618637e-10 7.120750e-01 9.974618e-01
4.749114e-01 1.568313e-10 6.908240e-01 9.975447e-01
4.746968e-01 1.564629e-10 7.609210e-01 9.973885e-01
4.747482e-01 1.553201e-10 7.845730e-01 9.975209e-01
4.749399e-01 1.603748e-10 8.193940e-01 9.974857e-01
4.748359e-01 1.574256e-10 8.321330e-01 9.974780e-01
4.751003e-01 1.711240e-10 7.730960e-01 9.974514e-01
4.747477e-01 1.580820e-10 7.949760e-01 9.975200e-01
4.750319e-01 1.665038e-10 8.918890e-01 9.974761e-01
4.750133e-01 1.625504e-10 7.814780e-01 9.974571e-01
4.748241e-01 1.515802e-10 8.534120e-01 9.974628e-01
4.746620e-01 1.522956e-10 8.318280e-01 9.975104e-01
4.750415e-01 1.614116e-10 8.793380e-01 9.975876e-01
4.749546e-01 1.585721e-10 8.832180e-01 9.975809e-01
4.751193e-01 1.696078e-10 8.924600e-01 9.974809e-01
4.749661e-01 1.641590e-10 8.770800e-01 9.975619e-01
4.750025e-01 1.650230e-10 8.255130e-01 9.974904e-01
4.747963e-01 1.576438e-10 9.197820e-01 9.975933e-01
4.750314e-01 1.657766e-10 8.462500e-01 9.974428e-01
4.748447e-01 1.554206e-10 7.855980e-01 9.974514e-01
4.747888e-01 1.552001e-10 8.686380e-01 9.974199e-01
4.749950e-01 1.564425e-10 9.078260e-01 9.974675e-01
4.749324e-01 1.582280e-10 7.897540e-01 9.975314e-01
4.748177e-01 1.604578e-10 8.917180e-01 9.975285e-01
4.748328e-01 1.614683e-10 8.859530e-01 9.974714e-01
4.748147e-01 1.563136e-10 8.656720e-01 9.975733e-01
4.749308e-01 1.602824e-10 8.790100e-01 9.974761e-01
4.747553e-01 1.522603e-10 8.092400e-01 9.974647e-01
4.749208e-01 1.589024e-10 7.745420e-01 9.975514e-01
4.749179e-01 1.563700e-10 7.949790e-01 9.975704e-01
4.749996e-01 1.621551e-10 7.954480e-01 9.974590e-01
4.752201e-01 1.669049e-10 7.658680e-01 9.974847e-01
4.750931e-01 1.612610e-10 7.827750e-01 9.975571e-01
4.749157e-01 1.567841e-10 7.981620e-01 9.973542e-01
4.747967e-01 1.527011e-10 7.516980e-01 9.974752e-01
4.752043e-01 1.695621e-10 7.576970e-01 9.975152e-01
4.749398e-01 1.639854e-10 7.755230e-01 9.975133e-01
4.752375e-01 1.749085e-10 8.091860e-01 9.974847e-01
4.748844e-01 1.571179e-10 8.055270e-01 9.974847e-01
4.749273e-01 1.545119e-10 8.556840e-01 9.974790e-01
4.748609e-01 1.562964e-10 8.110030e-01 9.975200e-01
4.749026e-01 1.575774e-10 8.129100e-01 9.973742e-01
4.750386e-01 1.582334e-10 7.911960e-01 9.974151e-01
4.748527e-01 1.576213e-10 7.596110e-01 9.973847e-01
4.749035e-01 1.562369e-10 7.913720e-01 9.974180e-01
4.750139e-01 1.621537e-10 7.708530e-01 9.974085e-01
4.750801e-01 1.660229e-10 7.427070e-01 9.974885e-01
4.750986e-01 1.681065e-10 7.308620e-01 9.975428e-01
4.750420e-01 1.631345e-10 7.960210e-01 9.974571e-01
4.752651e-01 1.686121e-10 7.831170e-01 9.974971e-01
4.748981e-01 1.604097e-10 7.519290e-01 9.975266e-01
4.749278e-01 1.620195e-10 7.717910e-01 9.975295e-01
4.750005e-01 1.582227e-10 7.618660e-01 9.975409e-01
4.750177e-01 1.560997e-10 7.616780e-01 9.974533e-01
4.749402e-01 1.551902e-10 7.848750e-01 9.975485e-01
4.750406e-01 1.656349e-10 7.246260e-01 9.975066e-01
4.750552e-01 1.605681e-10 7.481820e-01 9.975704e-01
4.749906e-01 1.583602e-10 7.226290e-01 9.975304e-01
4.750751e-01 1.559046e-10 7.589700e-01 9.975828e-01
4.747504e-01 1.519730e-10 7.611020e-01 9.975371e-01
4.749794e-01 1.606341e-10 7.888790e-01 9.974561e-01
4.750363e-01 1.594710e-10 7.697130e-01 9.974923e-01
4.749452e-01 1.617038e-10 7.568280e-01 9.974485e-01
4.751442e-01 1.680404e-10 7.843730e-01 9.973885e-01
4.748007e-01 1.462003e-10 7.850280e-01 9.975905e-01
4.750732e-01 1.629400e-10 7.627460e-01 9.974504e-01
4.749742e-01 1.572215e-10 7.498620e-01 9.974009e-01
4.750761e-01 1.628201e-10 7.049810e-01 9.975209e-01
4.749560e-01 1.559033e-10 7.733880e-01 9.974037e-01
4.746485e-01 1.458667e-10 7.829560e-01 9.975866e-01
4.750612e-01 1.597928e-10 7.557890e-01 9.974780e-01
4.749736e-01 1.565631e-10 7.863170e-01 9.975447e-01
4.750171e-01 1.615502e-10 7.286650e-01 9.974961e-01
4.750518e-01 1.625835e-10 7.317630e-01 9.974780e-01
4.749536e-01 1.574950e-10 7.560560e-01 9.975523e-01
4.749827e-01 1.593806e-10 7.732240e-01 9.975180e-01
4.749242e-01 1.556049e-10 7.245060e-01 9.974714e-01
4.749086e-01 1.562813e-10 7.615100e-01 9.974933e-01
4.749731e-01 1.577946e-10 7.491020e-01 9.975552e-01
4.749787e-01 1.540279e-10 7.102780e-01 9.974923e-01
4.750573e-01 1.566576e-10 8.826650e-01 9.974237e-01
4.750490e-01 1.641233e-10 7.850480e-01 9.974285e-01
4.751569e-01 1.647364e-10 7.876120e-01 9.974828e-01
4.751104e-01 1.600769e-10 7.732610e-01 9.975628e-01
4.750043e-01 1.555921e-10 7.794140e-01 9.975342e-01
4.750030e-01 1.563140e-10 7.607790e-01 9.975428e-01
4.753465e-01 1.697212e-10 7.587720e-01 9.975123e-01
4.747835e-01 1.481754e-10 7.854440e-01 9.974561e-01
4.750405e-01 1.593937e-10 7.309940e-01 9.974628e-01
4.750159e-01 1.611389e-10 8.182700e-01 9.974714e-01
4.750030e-01 1.544246e-10 8.004410e-01 9.975724e-01
4.752407e-01 1.614774e-10 7.466860e-01 9.974456e-01
4.749611e-01 1.567276e-10 7.745720e-01 9.975085e-01
4.751574e-01 1.644773e-10 7.717840e-01 9.974428e-01
4.750983e-01 1.657371e-10 7.424370e-01 9.974885e-01
4.750838e-01 1.626457e-10 7.511000e-01 9.974990e-01
4.750388e-01 1.570322e-10 7.327530e-01 9.975819e-01
4.749814e-01 1.582589e-10 7.676370e-01 9.975295e-01
4.748024e-01 1.468957e-10 7.702990e-01 9.974456e-01
4.750256e-01 1.561557e-10 7.731850e-01 9.975523e-01
4.750273e-01 1.559343e-10 7.347580e-01 9.974942e-01
4.750137e-01 1.592087e-10 7.383950e-01 9.974666e-01
4.751715e-01 1.608778e-10 7.765430e-01 9.975790e-01
4.752240e-01 1.682762e-10 7.567450e-01 9.975247e-01
4.749649e-01 1.524309e-10 7.470470e-01 9.975847e-01
4.748301e-01 1.483378e-10 7.277360e-01 9.975161e-01
4.749676e-01 1.555944e-10 7.402840e-01 9.975314e-01
4.750261e-01 1.606761e-10 7.472920e-01 9.975676e-01
4.749544e-01 1.528913e-10 7.001250e-01 9.975457e-01
4.751069e-01 1.609268e-10 7.053000e-01 9.974313e-01
4.751406e-01 1.605685e-10 7.646770e-01 9.974914e-01
4.750124e-01 1.559154e-10 7.605690e-01 9.974647e-01
4.749948e-01 1.546960e-10 7.547810e-01 9.974771e-01
4.751983e-01 1.621448e-10 7.600170e-01 9.975438e-01
4.750495e-01 1.616272e-10 7.194990e-01 9.974857e-01
4.748587e-01 1.503466e-10 7.581160e-01 9.975009e-01
4.751609e-01 1.604614e-10 7.765380e-01 9.975228e-01
4.750493e-01 1.573621e-10 7.487820e-01 9.974952e-01
4.750708e-01 1.547991e-10 7.757220e-01 9.975190e-01
4.750846e-01 1.583823e-10 7.601840e-01 9.975104e-01
4.748414e-01 1.546926e-10 7.477170e-01 9.975142e-01
4.750001e-01 1.522891e-10 7.367320e-01 9.975085e-01
4.750197e-01 1.568169e-10 7.459620e-01 9.974818e-01
4.749319e-01 1.547473e-10 7.729780e-01 9.975123e-01
4.746933e-01 1.447733e-10 7.541440e-01 9.975647e-01
4.751649e-01 1.634111e-10 7.415340e-01 9.975219e-01
4.749625e-01 1.494813e-10 7.369000e-01 9.975447e-01
4.750353e-01 1.569895e-10 7.347470e-01 9.975200e-01
4.750324e-01 1.520762e-10 7.442430e-01 9.975809e-01
4.750449e-01 1.576885e-10 7.707220e-01 9.975342e-01
4.751455e-01 1.586622e-10 7.422090e-01 9.974637e-01
4.750269e-01 1.563709e-10 7.464360e-01 9.974504e-01
4.751666e-01 1.605536e-10 7.539990e-01 9.975485e-01
4.752144e-01 1.622408e-10 7.640960e-01 9.975304e-01
4.752192e-01 1.622374e-10 7.210960e-01 9.975914e-01
4.750361e-01 1.552122e-10 7.177700e-01 9.974771e-01
4.752232e-01 1.577153e-10 7.831750e-01 9.974885e-01
4.751232e-01 1.598522e-10 7.602930e-01 9.974409e-01
4.753083e-01 1.618083e-10 7.238750e-01 9.975057e-01
4.748414e-01 1.513506e-10 7.682660e-01 9.974123e-01
4.750958e-01 1.577224e-10 7.690990e-01 9.975247e-01
4.751630e-01 1.604394e-10 7.460480e-01 9.974599e-01
4.749532e-01 1.516716e-10 7.472940e-01 9.975428e-01
4.752254e-01 1.588739e-10 7.437520e-01 9.974580e-01
4.750584e-01 1.532981e-10 7.329820e-01 9.974952e-01
4.754261e-01 1.655953e-10 7.429570e-01 9.974056e-01
4.752098e-01 1.639744e-10 7.674650e-01 9.974428e-01
4.751957e-01 1.587542e-10 7.423210e-01 9.974533e-01
4.751435e-01 1.570749e-10 7.515510e-01 9.975190e-01
4.750792e-01 1.538767e-10 7.527820e-01 9.974904e-01
4.749838e-01 1.510058e-10 7.937980e-01 9.975790e-01
4.750578e-01 1.567661e-10 8.186300e-01 9.974952e-01
4.749319e-01 1.505130e-10 7.585470e-01 9.974256e-01
4.751747e-01 1.642406e-10 7.754110e-01 9.974771e-01
4.751674e-01 1.608128e-10 7.528350e-01 9.974352e-01
4.751007e-01 1.545579e-10 7.938420e-01 9.975428e-01
4.751328e-01 1.617851e-10 7.308900e-01 9.975533e-01
4.752106e-01 1.551051e-10 7.335560e-01 9.975161e-01
4.749335e-01 1.496949e-10 6.951300e-01 9.974818e-01
4.752178e-01 1.602951e-10 7.243510e-01 9.975200e-01
4.751118e-01 1.499485e-10 7.180510e-01 9.975828e-01
4.748376e-01 1.462319e-10 7.131280e-01 9.975314e-01
4.754230e-01 1.735241e-10 7.497500e-01 9.974666e-01
4.749385e-01 1.519032e-10 7.342440e-01 9.973808e-01
4.751912e-01 1.555858e-10 7.647390e-01 9.974771e-01
4.751427e-01 1.533376e-10 7.563340e-01 9.975047e-01
4.751746e-01 1.582846e-10 7.259080e-01 9.974552e-01
4.752624e-01 1.627313e-10 7.033160e-01 9.974447e-01
4.752044e-01 1.631029e-10 7.290810e-01 9.974723e-01
4.750965e-01 1.500465e-10 7.603460e-01 9.974599e-01
4.748417e-01 1.421572e-10 7.682630e-01 9.974723e-01
4.752125e-01 1.602964e-10 7.643740e-01 9.974971e-01
4.750530e-01 1.511352e-10 7.562440e-01 9.974980e-01
4.751085e-01 1.528843e-10 7.241750e-01 9.974990e-01
4.750953e-01 1.558437e-10 7.302980e-01 9.974980e-01
4.753361e-01 1.657823e-10 7.755080e-01 9.974590e-01
4.750329e-01 1.506067e-10 7.144560e-01 9.974799e-01
4.749887e-01 1.472016e-10 7.470210e-01 9.975200e-01
4.751101e-01 1.589095e-10 7.664160e-01 9.975171e-01
4.750242e-01 1.479680e-10 7.731150e-01 9.974447e-01
4.750930e-01 1.550495e-10 7.954300e-01 9.974533e-01
4.752712e-01 1.659646e-10 7.284350e-01 9.975714e-01
4.750123e-01 1.521416e-10 7.237780e-01 9.975085e-01
4.749897e-01 1.467501e-10 7.305520e-01 9.975028e-01
4.751298e-01 1.557687e-10 7.616380e-01 9.975809e-01
4.752054e-01 1.577103e-10 7.299780e-01 9.974142e-01
4.751853e-01 1.574341e-10 7.410070e-01 9.975285e-01
4.752982e-01 1.607893e-10 7.275680e-01 9.975123e-01
4.750675e-01 1.510267e-10 7.333350e-01 9.974752e-01
4.752476e-01 1.600314e-10 7.158770e-01 9.975028e-01
4.751335e-01 1.516594e-10 7.112040e-01 9.974933e-01
4.753333e-01 1.622200e-10 7.293850e-01 9.974647e-01
4.753042e-01 1.609579e-10 8.364230e-01 9.974237e-01
4.751736e-01 1.546866e-10 8.110420e-01 9.974809e-01
4.753277e-01 1.602892e-10 8.063690e-01 9.975219e-01
4.754433e-01 1.639328e-10 8.038090e-01 9.975895e-01
4.751297e-01 1.596622e-10 7.832460e-01 9.974847e-01
4.753324e-01 1.605235e-10 7.833040e-01 9.974266e-01
4.751560e-01 1.565310e-10 7.587060e-01 9.975161e-01
4.751700e-01 1.577360e-10 7.499900e-01 9.975076e-01
4.751647e-01 1.524291e-10 7.644600e-01 9.974542e-01
4.751656e-01 1.523063e-10 7.465770e-01 9.974942e-01
4.752963e-01 1.534142e-10 7.378250e-01 9.975152e-01
4.751322e-01 1.550104e-10 7.334590e-01 9.974752e-01
4.750250e-01 1.541737e-10 7.372300e-01 9.974952e-01
4.752689e-01 1.621481e-10 7.491410e-01 9.975743e-01
4.750940e-01 1.493789e-10 7.856130e-01 9.974742e-01
4.751484e-01 1.535039e-10 7.594220e-01 9.974504e-01
4.751746e-01 1.538198e-10 7.203360e-01 9.974980e-01
4.752621e-01 1.586064e-10 7.439800e-01 9.975533e-01
4.750504e-01 1.506728e-10 8.036260e-01 9.974761e-01
4.752229e-01 1.487974e-10 7.599840e-01 9.975714e-01
4.752470e-01 1.532258e-10 7.529980e-01 9.975028e-01
4.749775e-01 1.498308e-10 7.422030e-01 9.975400e-01
4.752492e-01 1.594530e-10 7.714450e-01 9.975390e-01
4.752924e-01 1.570647e-10 7.504410e-01 9.975057e-01
4.755044e-01 1.669140e-10 7.442030e-01 9.975219e-01
4.753691e-01 1.581890e-10 7.032440e-01 9.976019e-01
4.752837e-01 1.595514e-10 7.650720e-01 9.974799e-01
4.752893e-01 1.583201e-10 7.599010e-01 9.974561e-01
4.752343e-01 1.583715e-10 7.187520e-01 9.974552e-01
4.753892e-01 1.614326e-10 7.839780e-01 9.976028e-01
4.752285e-01 1.513741e-10 7.278280e-01 9.974647e-01
4.752887e-01 1.560502e-10 7.666930e-01 9.975543e-01
4.751674e-01 1.540099e-10 7.641980e-01 9.975285e-01
4.752924e-01 1.556536e-10 7.420520e-01 9.974971e-01
4.751631e-01 1.519212e-10 7.497540e-01 9.974809e-01
4.751029e-01 1.516433e-10 7.582580e-01 9.974561e-01
4.752338e-01 1.560061e-10 7.548020e-01 9.975485e-01
4.753083e-01 1.581243e-10 7.742930e-01 9.974437e-01
4.753601e-01 1.569595e-10 7.156680e-01 9.974618e-01
4.752094e-01 1.500330e-10 7.568140e-01 9.974628e-01
4.755131e-01 1.669710e-10 7.418540e-01 9.974618e-01
4.750766e-01 1.444585e-10 7.516310e-01 9.974847e-01
4.751191e-01 1.533358e-10 7.457690e-01 9.974895e-01
4.753976e-01 1.546368e-10 7.496990e-01 9.975609e-01
4.752832e-01 1.558913e-10 7.068010e-01 9.974752e-01
4.754365e-01 1.587568e-10 7.732760e-01 9.975066e-01
4.749967e-01 1.452753e-10 7.639580e-01 9.974685e-01
4.750595e-01 1.474941e-10 7.282910e-01 9.974971e-01
4.752170e-01 1.569976e-10 7.515950e-01 9.974799e-01
4.750736e-01 1.502492e-10 7.324390e-01 9.975095e-01
4.752753e-01 1.569937e-10 7.678490e-01 9.975219e-01
4.751153e-01 1.534839e-10 7.386320e-01 9.975209e-01
4.753580e-01 1.592208e-10 7.523020e-01 9.975219e-01
4.750421e-01 1.448025e-10 7.283150e-01 9.975562e-01
4.750222e-01 1.463423e-10 7.633610e-01 9.975190e-01
4.753743e-01 1.568414e-10 7.398070e-01 9.975047e-01
4.751975e-01 1.509401e-10 7.314150e-01 9.974552e-01
4.752739e-01 1.548169e-10 7.630960e-01 9.975095e-01
4.753505e-01 1.612534e-10 7.572150e-01 9.974380e-01
4.753992e-01 1.611509e-10 7.319720e-01 9.975886e-01
4.752048e-01 1.501836e-10 7.774040e-01 9.975276e-01
4.754420e-01 1.605272e-10 7.527390e-01 9.973761e-01
4.754876e-01 1.644902e-10 7.395410e-01 9.974618e-01
4.752254e-01 1.528438e-10 7.387830e-01 9.974799e-01
4.754103e-01 1.586142e-10 7.533760e-01 9.975924e-01
4.754295e-01 1.611281e-10 7.718920e-01 9.974428e-01
4.751614e-01 1.491246e-10 7.605460e-01 9.973942e-01
4.751394e-01 1.478568e-10 7.566630e-01 9.975733e-01
4.753395e-01 1.527822e-10 7.322770e-01 9.975142e-01
4.753139e-01 1.545600e-10 7.414330e-01 9.974942e-01
4.756112e-01 1.661668e-10 7.533790e-01 9.975285e-01
4.754851e-01 1.615022e-10 7.389710e-01 9.974733e-01
4.750428e-01 1.436629e-10 7.306770e-01 9.974752e-01
4.754275e-01 1.633328e-10 7.917860e-01 9.974780e-01
4.753728e-01 1.545700e-10 7.846830e-01 9.975314e-01
4.752307e-01 1.478761e-10 7.350020e-01 9.974123e-01
4.754951e-01 1.626187e-10 7.333720e-01 9.975009e-01
4.753219e-01 1.568667e-10 7.667750e-01 9.974685e-01
4.751194e-01 1.487898e-10 7.595150e-01 9.975647e-01
4.753605e-01 1.555506e-10 7.344880e-01 9.974714e-01
4.751503e-01 1.506627e-10 7.397610e-01 9.974352e-01
4.754170e-01 1.542581e-10 7.262000e-01 9.975504e-01
4.754434e-01 1.610986e-10 7.347360e-01 9.975018e-01
4.753356e-01 1.554354e-10 7.388240e-01 9.974571e-01
4.753435e-01 1.562005e-10 7.413080e-01 9.974704e-01
4.752473e-01 1.500385e-10 7.286890e-01 9.975238e-01
4.751787e-01 1.494904e-10 7.494840e-01 9.974104e-01
4.752937e-01 1.550820e-10 7.560820e-01 9.974628e-01
4.752697e-01 1.537554e-10 7.634990e-01 9.974961e-01
4.754154e-01 1.546730e-10 7.622190e-01 9.974352e-01
4.751844e-01 1.455685e-10 7.609020e-01 9.975276e-01
4.753956e-01 1.560879e-10 7.522030e-01 9.975114e-01
4.755715e-01 1.603238e-10 7.400010e-01 9.975266e-01
4.751822e-01 1.496770e-10 7.603080e-01 9.974447e-01
4.754599e-01 1.560384e-10 7.553930e-01 9.974847e-01
4.751982e-01 1.507855e-10 7.268170e-01 9.974980e-01
4.751238e-01 1.483559e-10 7.295560e-01 9.974085e-01
4.753427e-01 1.529165e-10 7.866950e-01 9.974132e-01
4.751077e-01 1.486951e-10 7.585460e-01 9.975371e-01
4.752173e-01 1.519210e-10 7.466440e-01 9.974733e-01
4.752805e-01 1.477960e-10 7.536560e-01 9.975114e-01
4.753484e-01 1.541351e-10 7.729040e-01 9.974466e-01
4.753900e-01 1.560074e-10 7.368450e-01 9.976133e-01
4.753410e-01 1.564095e-10 7.246180e-01 9.974942e-01
4.751996e-01 1.477803e-10 7.556810e-01 9.974904e-01
4.753424e-01 1.547802e-10 7.562280e-01 9.974761e-01
4.754233e-01 1.603062e-10 7.460190e-01 9.974866e-01
4.751085e-01 1.485736e-10 7.400900e-01 9.974942e-01
4.752130e-01 1.525987e-10 8.059380e-01 9.974742e-01
4.753069e-01 1.526587e-10 7.455550e-01 9.975038e-01
4.754026e-01 1.573405e-10 7.325420e-01 9.974056e-01
4.754499e-01 1.570336e-10 7.307400e-01 9.974409e-01
4.753435e-01 1.545487e-10 7.560330e-01 9.974923e-01
4.755879e-01 1.645292e-10 7.320310e-01 9.974618e-01
4.753487e-01 1.526013e-10 7.577330e-01 9.974837e-01
4.754748e-01 1.603528e-10 7.600430e-01 9.974980e-01
4.754525e-01 1.568818e-10 7.339800e-01 9.974961e-01
4.755133e-01 1.602273e-10 7.744500e-01 9.974990e-01
4.754317e-01 1.555296e-10 7.303750e-01 9.975428e-01
4.750344e-01 1.410206e-10 7.202160e-01 9.975304e-01
4.753550e-01 1.559865e-10 7.497660e-01 9.975133e-01
4.751874e-01 1.484440e-10 7.331100e-01 9.974628e-01
4.752433e-01 1.467217e-10 7.715390e-01 9.975057e-01
4.755319e-01 1.579159e-10 7.526290e-01 9.976114e-01
4.752674e-01 1.492732e-10 7.584470e-01 9.974628e-01
4.754386e-01 1.575538e-10 7.472490e-01 9.974447e-01
4.753752e-01 1.543929e-10 7.837820e-01 9.974590e-01
4.755181e-01 1.612395e-10 7.813730e-01 9.975628e-01
4.752564e-01 1.492360e-10 7.694780e-01 9.974304e-01
4.752889e-01 1.471046e-10 7.621140e-01 9.974790e-01
4.755835e-01 1.584172e-10 7.707890e-01 9.975533e-01
4.752604e-01 1.500005e-10 7.546930e-01 9.975152e-01
4.754571e-01 1.555677e-10 7.594790e-01 9.974123e-01
4.753930e-01 1.549171e-10 7.344860e-01 9.974618e-01
4.754888e-01 1.568832e-10 7.339460e-01 9.975609e-01
4.756451e-01 1.627837e-10 7.482450e-01 9.974552e-01
4.754688e-01 1.572204e-10 7.631500e-01 9.975219e-01
4.752624e-01 1.502189e-10 7.559040e-01 9.974742e-01
4.753069e-01 1.475510e-10 7.277280e-01 9.975476e-01
4.752189e-01 1.500913e-10 7.536530e-01 9.975238e-01
4.751437e-01 1.449300e-10 7.679440e-01 9.974018e-01
4.754360e-01 1.566336e-10 7.666840e-01 9.975581e-01
4.754431e-01 1.557807e-10 7.553290e-01 9.973913e-01
4.754885e-01 1.540562e-10 7.298440e-01 9.975323e-01
4.752714e-01 1.463695e-10 7.713240e-01 9.974685e-01
4.754406e-01 1.497363e-10 7.619330e-01 9.974085e-01
4.753817e-01 1.533885e-10 7.483820e-01 9.974980e-01
4.753825e-01 1.526183e-10 7.483630e-01 9.974923e-01
4.754270e-01 1.548240e-10 7.258510e-01 9.974837e-01
4.757484e-01 1.664729e-10 7.607030e-01 9.975285e-01
4.753543e-01 1.550183e-10 7.526760e-01 9.975314e-01
4.754949e-01 1.584623e-10 7.272180e-01 9.975057e-01
4.751394e-01 1.464708e-10 7.526120e-01 9.974933e-01
4.754082e-01 1.532083e-10 7.451930e-01 9.975085e-01
4.753750e-01 1.505351e-10 7.856940e-01 9.974647e-01
4.752983e-01 1.499763e-10 7.602070e-01 9.974428e-01
4.751529e-01 1.459383e-10 7.483100e-01 9.975228e-01
4.752903e-01 1.489689e-10 7.350950e-01 9.974685e-01
4.754581e-01 1.572432e-10 7.712190e-01 9.974466e-01
4.753733e-01 1.465976e-10 7.614900e-01 9.975276e-01
4.753049e-01 1.492704e-10 7.264330e-01 9.974028e-01
4.754800e-01 1.504866e-10 7.719350e-01 9.975190e-01
4.754235e-01 1.475108e-10 7.756950e-01 9.975295e-01
4.753115e-01 1.455262e-10 7.076510e-01 9.975295e-01
4.753391e-01 1.463543e-10 7.429930e-01 9.974990e-01
4.754558e-01 1.522236e-10 7.718710e-01 9.974923e-01
4.753239e-01 1.473233e-10 7.586950e-01 9.974723e-01
4.756381e-01 1.602801e-10 7.695940e-01 9.975523e-01
4.751606e-01 1.400151e-10 7.623290e-01 9.974990e-01
4.751232e-01 1.418585e-10 7.917590e-01 9.976457e-01
4.754512e-01 1.503671e-10 7.724880e-01 9.974685e-01
4.750432e-01 1.378736e-10 7.512810e-01 9.975657e-01
4.754241e-01 1.476038e-10 7.512100e-01 9.974685e-01
4.752026e-01 1.443610e-10 7.664090e-01 9.974971e-01
4.753447e-01 1.529436e-10 7.584910e-01 9.975838e-01
4.753735e-01 1.496878e-10 7.871000e-01 9.974809e-01
4.753980e-01 1.500091e-10 7.431150e-01 9.974895e-01
4.755153e-01 1.563173e-10 7.457020e-01 9.974933e-01
4.754519e-01 1.525499e-10 7.423120e-01 9.974466e-01
4.755799e-01 1.540954e-10 7.497960e-01 9.974790e-01
4.753949e-01 1.486134e-10 7.504920e-01 9.974704e-01
4.754099e-01 1.526700e-10 7.845030e-01 9.975457e-01
4.754887e-01 1.452963e-10 7.603060e-01 9.974961e-01
4.753899e-01 1.536178e-10 7.591670e-01 9.975142e-01
4.754309e-01 1.478897e-10 7.375080e-01 9.974999e-01
4.753855e-01 1.530555e-10 7.670040e-01 9.974799e-01
4.752610e-01 1.482951e-10 7.449850e-01 9.974437e-01
4.754463e-01 1.531073e-10 7.871660e-01 9.975381e-01
4.757145e-01 1.620831e-10 7.776210e-01 9.974799e-01
4.753994e-01 1.505874e-10 7.556700e-01 9.975009e-01
4.753541e-01 1.478627e-10 7.574920e-01 9.974504e-01
4.753864e-01 1.496783e-10 7.461610e-01 9.974466e-01
4.756239e-01 1.587094e-10 7.524680e-01 9.974380e-01
4.755128e-01 1.512850e-10 7.802750e-01 9.974304e-01
4.753002e-01 1.466443e-10 7.613260e-01 9.974523e-01
4.754726e-01 1.518060e-10 7.356730e-01 9.975962e-01
4.754287e-01 1.463094e-10 7.483800e-01 9.975342e-01
4.755972e-01 1.582134e-10 7.378510e-01 9.975724e-01
4.756469e-01 1.598889e-10 7.633770e-01 9.974923e-01
4.755826e-01 1.579838e-10 7.108180e-01 9.976143e-01
4.752954e-01 1.452968e-10 7.307440e-01 9.975028e-01
4.754803e-01 1.507404e-10 7.631820e-01 9.974866e-01
4.754020e-01 1.480393e-10 7.531700e-01 9.975400e-01
4.754933e-01 1.494474e-10 7.509570e-01 9.974256e-01
4.753252e-01 1.474591e-10 7.082850e-01 9.974876e-01
4.755216e-01 1.495831e-10 7.384600e-01 9.975161e-01
4.752643e-01 1.466260e-10 7.543530e-01 9.974923e-01
4.755888e-01 1.526827e-10 7.611970e-01 9.974514e-01
4.753581e-01 1.504386e-10 7.511900e-01 9.974847e-01
4.755980e-01 1.580088e-10 7.709010e-01 9.974837e-01
4.757108e-01 1.607810e-10 7.366880e-01 9.975647e-01
4.753678e-01 1.445365e-10 7.420500e-01 9.974094e-01
4.753420e-01 1.477265e-10 7.562700e-01 9.975133e-01
4.756580e-01 1.549462e-10 7.632600e-01 9.974809e-01
4.753447e-01 1.474731e-10 7.263750e-01 9.975400e-01
4.755817e-01 1.562843e-10 7.405870e-01 9.975781e-01
4.756258e-01 1.532520e-10 6.955820e-01 9.975152e-01
4.754364e-01 1.491385e-10 7.875540e-01 9.975381e-01
4.750889e-01 1.324303e-10 7.138140e-01 9.974542e-01
4.755260e-01 1.526440e-10 7.628620e-01 9.975133e-01
4.755238e-01 1.504220e-10 7.498290e-01 9.974599e-01
4.754693e-01 1.464849e-10 7.640080e-01 9.974361e-01
4.755717e-01 1.466879e-10 7.471680e-01 9.975466e-01
4.755093e-01 1.492482e-10 7.761090e-01 9.974190e-01
