# dim  N   mc   dt  Impsamp 
# 1    1 1049576 0.01
#
# Theoretical Energy = 5.000000e-01
# Energy     Variance     CPU time     Acceptance
7.501810e-01 6.626715e-08 7.874090e-01 9.973732e-01
7.375069e-01 6.594469e-08 9.169960e-01 9.973999e-01
7.422730e-01 6.599753e-08 9.699840e-01 9.974828e-01
7.358539e-01 6.407496e-08 8.131620e-01 9.973465e-01
7.393786e-01 6.665583e-08 7.841770e-01 9.974561e-01
7.362958e-01 6.444721e-08 9.429170e-01 9.974752e-01
7.371845e-01 6.534527e-08 8.000560e-01 9.974332e-01
7.300990e-01 6.363657e-08 7.983290e-01 9.974637e-01
7.316384e-01 6.270803e-08 8.661780e-01 9.973799e-01
7.386546e-01 6.355282e-08 7.866670e-01 9.973856e-01
7.334024e-01 6.305019e-08 7.709610e-01 9.975114e-01
7.294498e-01 6.226539e-08 7.163920e-01 9.974361e-01
7.286277e-01 6.236785e-08 6.885950e-01 9.974247e-01
7.248208e-01 6.173792e-08 7.264300e-01 9.974971e-01
7.258032e-01 6.194906e-08 7.625310e-01 9.974523e-01
7.225451e-01 6.215102e-08 6.766370e-01 9.974847e-01
7.288926e-01 6.115381e-08 6.542610e-01 9.974580e-01
7.209746e-01 6.210145e-08 6.404770e-01 9.974009e-01
7.285793e-01 6.177173e-08 6.478590e-01 9.973875e-01
7.156082e-01 5.996293e-08 6.939030e-01 9.974847e-01
7.215282e-01 6.077078e-08 7.378000e-01 9.974466e-01
7.264954e-01 6.314030e-08 7.234910e-01 9.973761e-01
7.234189e-01 6.006220e-08 7.488020e-01 9.974561e-01
7.171875e-01 6.092107e-08 7.118230e-01 9.974342e-01
7.208086e-01 6.016068e-08 7.225030e-01 9.974123e-01
7.113889e-01 5.865845e-08 7.305020e-01 9.974132e-01
7.144159e-01 5.930212e-08 7.029960e-01 9.974714e-01
7.169944e-01 5.992766e-08 6.889960e-01 9.974132e-01
7.122258e-01 5.816726e-08 7.154710e-01 9.974933e-01
7.079250e-01 5.833362e-08 7.112230e-01 9.974647e-01
7.139092e-01 5.824271e-08 7.332240e-01 9.974961e-01
7.093246e-01 5.830595e-08 7.283860e-01 9.974675e-01
7.123406e-01 5.698600e-08 7.094600e-01 9.974533e-01
7.124301e-01 5.774662e-08 6.951700e-01 9.973875e-01
7.077272e-01 5.587434e-08 7.373650e-01 9.973694e-01
7.022085e-01 5.782341e-08 7.110240e-01 9.974618e-01
7.074612e-01 5.722608e-08 7.397520e-01 9.973856e-01
7.110972e-01 5.641669e-08 7.106340e-01 9.974952e-01
7.089220e-01 5.705576e-08 6.473200e-01 9.975076e-01
7.115564e-01 5.617829e-08 6.536660e-01 9.974371e-01
6.986791e-01 5.486669e-08 6.886470e-01 9.974456e-01
7.022196e-01 5.595230e-08 7.139250e-01 9.973913e-01
6.982824e-01 5.408605e-08 7.068380e-01 9.973951e-01
6.957263e-01 5.571802e-08 7.359120e-01 9.974352e-01
7.030980e-01 5.421490e-08 7.107270e-01 9.974628e-01
6.992485e-01 5.513276e-08 7.081820e-01 9.974380e-01
6.966716e-01 5.444619e-08 7.687840e-01 9.974123e-01
6.966943e-01 5.467192e-08 7.032070e-01 9.975095e-01
6.928935e-01 5.507433e-08 7.022870e-01 9.974561e-01
6.968841e-01 5.400545e-08 7.396570e-01 9.974742e-01
6.985245e-01 5.320719e-08 6.923530e-01 9.974151e-01
6.905797e-01 5.287452e-08 7.459930e-01 9.974037e-01
6.920548e-01 5.269633e-08 7.263270e-01 9.973904e-01
6.934968e-01 5.317936e-08 7.794910e-01 9.973837e-01
6.879031e-01 5.239527e-08 7.105720e-01 9.974761e-01
6.919231e-01 5.333855e-08 7.348820e-01 9.973932e-01
6.829679e-01 5.144831e-08 7.035840e-01 9.974723e-01
6.878242e-01 5.152521e-08 7.244410e-01 9.974047e-01
6.827229e-01 5.257428e-08 7.169890e-01 9.974199e-01
6.911466e-01 5.079100e-08 7.292650e-01 9.974256e-01
6.854144e-01 5.214511e-08 7.108590e-01 9.974190e-01
6.838891e-01 5.152857e-08 6.971760e-01 9.974714e-01
6.882109e-01 5.113593e-08 6.771160e-01 9.974475e-01
6.799341e-01 5.019473e-08 7.071050e-01 9.975076e-01
6.846741e-01 5.038386e-08 7.617690e-01 9.974952e-01
6.807018e-01 5.052271e-08 7.459410e-01 9.973761e-01
6.802729e-01 5.057646e-08 7.403900e-01 9.974771e-01
6.805975e-01 5.135303e-08 7.267560e-01 9.974009e-01
6.775975e-01 4.950370e-08 7.120670e-01 9.973866e-01
6.839120e-01 4.870190e-08 8.086370e-01 9.973666e-01
6.758827e-01 4.881424e-08 8.993200e-01 9.974256e-01
6.795505e-01 4.927876e-08 7.361320e-01 9.975038e-01
6.762532e-01 4.995023e-08 7.111410e-01 9.974952e-01
6.689195e-01 4.879807e-08 7.465710e-01 9.973732e-01
6.711615e-01 4.816773e-08 7.300930e-01 9.974371e-01
6.752352e-01 4.826200e-08 7.137110e-01 9.974561e-01
6.725334e-01 4.843296e-08 7.437030e-01 9.975114e-01
6.741736e-01 4.885388e-08 7.348600e-01 9.973399e-01
6.722065e-01 4.797047e-08 7.204030e-01 9.974818e-01
6.727000e-01 4.721350e-08 6.746960e-01 9.974437e-01
6.714532e-01 4.685826e-08 7.391850e-01 9.973808e-01
6.699543e-01 4.673679e-08 7.211870e-01 9.974999e-01
6.688863e-01 4.869557e-08 7.102910e-01 9.974332e-01
6.706196e-01 4.793002e-08 7.353880e-01 9.974666e-01
6.730846e-01 4.596107e-08 7.168310e-01 9.974542e-01
6.704359e-01 4.620706e-08 7.148030e-01 9.974409e-01
6.665443e-01 4.591100e-08 7.294810e-01 9.974075e-01
6.632916e-01 4.716019e-08 7.083270e-01 9.973608e-01
6.681353e-01 4.605259e-08 7.058800e-01 9.974085e-01
6.696616e-01 4.525774e-08 7.180870e-01 9.974742e-01
6.642769e-01 4.554855e-08 7.448070e-01 9.974580e-01
6.622155e-01 4.573626e-08 7.024970e-01 9.973808e-01
6.640544e-01 4.458199e-08 7.615760e-01 9.975085e-01
6.621888e-01 4.540036e-08 7.409710e-01 9.974342e-01
6.569460e-01 4.496870e-08 6.935030e-01 9.973875e-01
6.601510e-01 4.556862e-08 7.092900e-01 9.974637e-01
6.575053e-01 4.458989e-08 7.122820e-01 9.975266e-01
6.564636e-01 4.380690e-08 7.080350e-01 9.975238e-01
6.575661e-01 4.368284e-08 6.988550e-01 9.974828e-01
6.570905e-01 4.380982e-08 7.111980e-01 9.973561e-01
6.559776e-01 4.438404e-08 7.125920e-01 9.973770e-01
6.543204e-01 4.455569e-08 7.120680e-01 9.974714e-01
6.542124e-01 4.374804e-08 7.255030e-01 9.974561e-01
6.592276e-01 4.383861e-08 7.310200e-01 9.974142e-01
6.491641e-01 4.408993e-08 7.446580e-01 9.974847e-01
6.477318e-01 4.205964e-08 7.339180e-01 9.974409e-01
6.486754e-01 4.305191e-08 7.504400e-01 9.974047e-01
6.513475e-01 4.302945e-08 7.101560e-01 9.973542e-01
6.536154e-01 4.230896e-08 7.088360e-01 9.974485e-01
6.488193e-01 4.296844e-08 7.068930e-01 9.974332e-01
6.502413e-01 4.137254e-08 7.131750e-01 9.975323e-01
6.459803e-01 4.196290e-08 7.018700e-01 9.974228e-01
6.500703e-01 4.187791e-08 7.312480e-01 9.974028e-01
6.487552e-01 4.107686e-08 6.936520e-01 9.974742e-01
6.485338e-01 4.160071e-08 7.163580e-01 9.973751e-01
6.501559e-01 4.115473e-08 7.284640e-01 9.974418e-01
6.461276e-01 4.063119e-08 7.091850e-01 9.974228e-01
6.467672e-01 4.112901e-08 7.049390e-01 9.973818e-01
6.458875e-01 4.142303e-08 7.164980e-01 9.973951e-01
6.502295e-01 4.090392e-08 7.006950e-01 9.975028e-01
6.458460e-01 4.078274e-08 7.022990e-01 9.974533e-01
6.434094e-01 4.060848e-08 7.132750e-01 9.974123e-01
6.401040e-01 4.047182e-08 7.324510e-01 9.974113e-01
6.411418e-01 4.041175e-08 7.390500e-01 9.973961e-01
6.412630e-01 4.042369e-08 7.203560e-01 9.974171e-01
6.396150e-01 3.927984e-08 6.942580e-01 9.974475e-01
6.401451e-01 3.959653e-08 7.091300e-01 9.973951e-01
6.397183e-01 3.925544e-08 7.612430e-01 9.974428e-01
6.424154e-01 3.938787e-08 7.037210e-01 9.974323e-01
6.393444e-01 3.921777e-08 7.026020e-01 9.974857e-01
6.376153e-01 3.933642e-08 7.066500e-01 9.974075e-01
6.415919e-01 3.782881e-08 7.492600e-01 9.974647e-01
6.360612e-01 3.984957e-08 7.827240e-01 9.974037e-01
6.367940e-01 3.819568e-08 7.273650e-01 9.974780e-01
6.422655e-01 3.948675e-08 7.168740e-01 9.973751e-01
6.364562e-01 3.819198e-08 7.394120e-01 9.973647e-01
6.333522e-01 3.779424e-08 6.889360e-01 9.974294e-01
6.319050e-01 3.759613e-08 7.190190e-01 9.975095e-01
6.353778e-01 3.826587e-08 7.298700e-01 9.974809e-01
6.351208e-01 3.852056e-08 7.133530e-01 9.974961e-01
6.343900e-01 3.708791e-08 7.518920e-01 9.974695e-01
6.323168e-01 3.838831e-08 7.402630e-01 9.974504e-01
6.277836e-01 3.748817e-08 6.806160e-01 9.975333e-01
6.327405e-01 3.681827e-08 6.908990e-01 9.973856e-01
6.313612e-01 3.711127e-08 6.583330e-01 9.974494e-01
6.300371e-01 3.747600e-08 6.411690e-01 9.974475e-01
6.294051e-01 3.579180e-08 6.442110e-01 9.974028e-01
6.282744e-01 3.637070e-08 6.646360e-01 9.974371e-01
6.266704e-01 3.716814e-08 6.489590e-01 9.974228e-01
6.309870e-01 3.684882e-08 6.690250e-01 9.974256e-01
6.259481e-01 3.632843e-08 7.262930e-01 9.974485e-01
6.233668e-01 3.586961e-08 7.011720e-01 9.974294e-01
6.289924e-01 3.531111e-08 7.131380e-01 9.974123e-01
6.190588e-01 3.582737e-08 7.694100e-01 9.974094e-01
6.265600e-01 3.576537e-08 7.510340e-01 9.974742e-01
6.251097e-01 3.510868e-08 7.000350e-01 9.974361e-01
6.212639e-01 3.535894e-08 7.599630e-01 9.974666e-01
6.230091e-01 3.552495e-08 7.160370e-01 9.973847e-01
6.215685e-01 3.518270e-08 7.090000e-01 9.974428e-01
6.227694e-01 3.543985e-08 7.092920e-01 9.974456e-01
6.193079e-01 3.527967e-08 6.701380e-01 9.974332e-01
6.186713e-01 3.454620e-08 6.709250e-01 9.975104e-01
6.229824e-01 3.490513e-08 7.206150e-01 9.974847e-01
6.222173e-01 3.485363e-08 7.550350e-01 9.974228e-01
6.217328e-01 3.411370e-08 8.481340e-01 9.974790e-01
6.187157e-01 3.466529e-08 9.165320e-01 9.974409e-01
6.205396e-01 3.436028e-08 9.556570e-01 9.974247e-01
6.172672e-01 3.412374e-08 8.151460e-01 9.974618e-01
6.199500e-01 3.371771e-08 7.538880e-01 9.975371e-01
6.183859e-01 3.400476e-08 7.221560e-01 9.974009e-01
6.245689e-01 3.409838e-08 7.577710e-01 9.974390e-01
6.119475e-01 3.359783e-08 7.328840e-01 9.974266e-01
6.130432e-01 3.311800e-08 6.797720e-01 9.973694e-01
6.156415e-01 3.297329e-08 7.223030e-01 9.974809e-01
6.080170e-01 3.279471e-08 7.069330e-01 9.974447e-01
6.150951e-01 3.261429e-08 7.882020e-01 9.975209e-01
6.114899e-01 3.242090e-08 7.507720e-01 9.974666e-01
6.141589e-01 3.232822e-08 7.468870e-01 9.974695e-01
6.114630e-01 3.312354e-08 7.027100e-01 9.975038e-01
6.123716e-01 3.242375e-08 6.500110e-01 9.974380e-01
6.133902e-01 3.189538e-08 7.236620e-01 9.973780e-01
6.123318e-01 3.246934e-08 6.986950e-01 9.974352e-01
6.075937e-01 3.268298e-08 7.044860e-01 9.974094e-01
6.094647e-01 3.160540e-08 7.476880e-01 9.974332e-01
6.090983e-01 3.250091e-08 7.269140e-01 9.974914e-01
6.070852e-01 3.176937e-08 7.119660e-01 9.973856e-01
6.128111e-01 3.221286e-08 6.630160e-01 9.974228e-01
6.087532e-01 3.123504e-08 6.474850e-01 9.974837e-01
6.110446e-01 3.115283e-08 6.638840e-01 9.974514e-01
6.057339e-01 3.083833e-08 6.428110e-01 9.973847e-01
6.069754e-01 3.140697e-08 9.835310e-01 9.974857e-01
6.063396e-01 3.088910e-08 1.015249e+00 9.974685e-01
6.071282e-01 3.065037e-08 8.991660e-01 9.974304e-01
6.087561e-01 3.147763e-08 7.126650e-01 9.974780e-01
6.028667e-01 3.157184e-08 7.209570e-01 9.973923e-01
6.057305e-01 3.033608e-08 7.212490e-01 9.974695e-01
6.031768e-01 3.027755e-08 6.948640e-01 9.975009e-01
5.976198e-01 2.922763e-08 7.430580e-01 9.973694e-01
5.968771e-01 3.020245e-08 7.033940e-01 9.975152e-01
6.012345e-01 3.046136e-08 7.564330e-01 9.974485e-01
5.994601e-01 3.042322e-08 7.146460e-01 9.974733e-01
5.964967e-01 2.962722e-08 7.262310e-01 9.973475e-01
6.020980e-01 2.993518e-08 7.155390e-01 9.973980e-01
6.016798e-01 3.010968e-08 7.218790e-01 9.974542e-01
5.948535e-01 2.949031e-08 7.065360e-01 9.974771e-01
5.945721e-01 2.968255e-08 7.250980e-01 9.974561e-01
5.972193e-01 3.011186e-08 7.142510e-01 9.975400e-01
6.000280e-01 2.931064e-08 7.050430e-01 9.974742e-01
5.981646e-01 3.050690e-08 6.597640e-01 9.974876e-01
5.979819e-01 2.823323e-08 7.015320e-01 9.974428e-01
5.952321e-01 2.850203e-08 7.159450e-01 9.975247e-01
5.922152e-01 2.854963e-08 7.247020e-01 9.974123e-01
5.997331e-01 2.892137e-08 6.855530e-01 9.973770e-01
5.958874e-01 2.875412e-08 7.073920e-01 9.974218e-01
5.939606e-01 2.856107e-08 7.232660e-01 9.974514e-01
5.987785e-01 2.866019e-08 7.079230e-01 9.973828e-01
5.897959e-01 2.889571e-08 6.957170e-01 9.973742e-01
5.969269e-01 2.839429e-08 6.896330e-01 9.974504e-01
5.962149e-01 2.854615e-08 7.543550e-01 9.974066e-01
5.889978e-01 2.882536e-08 7.010280e-01 9.974580e-01
5.924017e-01 2.850150e-08 7.302270e-01 9.974142e-01
5.927606e-01 2.788190e-08 8.813690e-01 9.974590e-01
5.899092e-01 2.762876e-08 9.679790e-01 9.973685e-01
5.893864e-01 2.822699e-08 8.463180e-01 9.974514e-01
5.937697e-01 2.828431e-08 8.455920e-01 9.974533e-01
5.906905e-01 2.758756e-08 7.252620e-01 9.973951e-01
5.886396e-01 2.746521e-08 7.255830e-01 9.975295e-01
5.913301e-01 2.757484e-08 7.436570e-01 9.974571e-01
5.866119e-01 2.830862e-08 7.309580e-01 9.974523e-01
5.880277e-01 2.740737e-08 6.997270e-01 9.975114e-01
5.907322e-01 2.717987e-08 7.167570e-01 9.973913e-01
5.903972e-01 2.682282e-08 8.866210e-01 9.973913e-01
5.827438e-01 2.660949e-08 9.301980e-01 9.974761e-01
5.884646e-01 2.648882e-08 8.741320e-01 9.974104e-01
5.872419e-01 2.711018e-08 7.000080e-01 9.975038e-01
5.822849e-01 2.654416e-08 6.988970e-01 9.975161e-01
5.871603e-01 2.728901e-08 7.016970e-01 9.974866e-01
5.848804e-01 2.643563e-08 7.386590e-01 9.973589e-01
5.884636e-01 2.669053e-08 6.932220e-01 9.975495e-01
5.838927e-01 2.628424e-08 7.070290e-01 9.974209e-01
5.856037e-01 2.607416e-08 6.998920e-01 9.974342e-01
5.826075e-01 2.693874e-08 7.214410e-01 9.974123e-01
5.866865e-01 2.711674e-08 7.229250e-01 9.974647e-01
5.801234e-01 2.573301e-08 8.210060e-01 9.975200e-01
5.823345e-01 2.573426e-08 7.501960e-01 9.974809e-01
5.831244e-01 2.539159e-08 7.155510e-01 9.974047e-01
5.824706e-01 2.574736e-08 7.530980e-01 9.974123e-01
5.833147e-01 2.539632e-08 7.646190e-01 9.974523e-01
5.825566e-01 2.616814e-08 7.253150e-01 9.973494e-01
5.803540e-01 2.527329e-08 7.224860e-01 9.973465e-01
5.765206e-01 2.448804e-08 7.146090e-01 9.973589e-01
5.806987e-01 2.535195e-08 7.079120e-01 9.975771e-01
5.795183e-01 2.560054e-08 7.346250e-01 9.975371e-01
5.792020e-01 2.560236e-08 7.068250e-01 9.975333e-01
5.744003e-01 2.496891e-08 7.688930e-01 9.974561e-01
5.777453e-01 2.435101e-08 7.398860e-01 9.974885e-01
5.743539e-01 2.476809e-08 7.727810e-01 9.974066e-01
5.773577e-01 2.486961e-08 7.195780e-01 9.975457e-01
5.751066e-01 2.458571e-08 7.232440e-01 9.974151e-01
5.741846e-01 2.481561e-08 7.058390e-01 9.974409e-01
5.737461e-01 2.491505e-08 7.205550e-01 9.974714e-01
5.786300e-01 2.417428e-08 7.359640e-01 9.974237e-01
5.747114e-01 2.403433e-08 7.033110e-01 9.974180e-01
5.749316e-01 2.414638e-08 6.911980e-01 9.974009e-01
5.758509e-01 2.449235e-08 7.111310e-01 9.975438e-01
5.741906e-01 2.379899e-08 7.128680e-01 9.975257e-01
5.741039e-01 2.421581e-08 6.802240e-01 9.974275e-01
5.730653e-01 2.340232e-08 7.465920e-01 9.974571e-01
5.711980e-01 2.347694e-08 7.283120e-01 9.975600e-01
5.722782e-01 2.341207e-08 7.082710e-01 9.974237e-01
5.712624e-01 2.393785e-08 7.394320e-01 9.974866e-01
5.707793e-01 2.350387e-08 6.812820e-01 9.974895e-01
5.730874e-01 2.297247e-08 7.320140e-01 9.975228e-01
5.733326e-01 2.394268e-08 7.307670e-01 9.974552e-01
5.731120e-01 2.352375e-08 6.966920e-01 9.974618e-01
5.720908e-01 2.326676e-08 7.162870e-01 9.974542e-01
5.702527e-01 2.334092e-08 7.145450e-01 9.975047e-01
5.681784e-01 2.211566e-08 7.293510e-01 9.974056e-01
5.722067e-01 2.364321e-08 6.910480e-01 9.974456e-01
5.682175e-01 2.281227e-08 7.023530e-01 9.973856e-01
5.657804e-01 2.239273e-08 7.403980e-01 9.975133e-01
5.737306e-01 2.336720e-08 7.089270e-01 9.975038e-01
5.676105e-01 2.269706e-08 7.298550e-01 9.975590e-01
5.671763e-01 2.221086e-08 7.264440e-01 9.975609e-01
5.637196e-01 2.241331e-08 7.293030e-01 9.974609e-01
5.710668e-01 2.310599e-08 7.589140e-01 9.974866e-01
5.686851e-01 2.273339e-08 7.285670e-01 9.974542e-01
5.653739e-01 2.256236e-08 6.631080e-01 9.975609e-01
5.616385e-01 2.206645e-08 7.558710e-01 9.974437e-01
5.642763e-01 2.209369e-08 6.944060e-01 9.974180e-01
5.656295e-01 2.220752e-08 7.243830e-01 9.974799e-01
5.658249e-01 2.278893e-08 7.239180e-01 9.974380e-01
5.649374e-01 2.169069e-08 7.202690e-01 9.974485e-01
5.635089e-01 2.221543e-08 7.057690e-01 9.974742e-01
5.607442e-01 2.128380e-08 6.950950e-01 9.974714e-01
5.659712e-01 2.178611e-08 7.046890e-01 9.975009e-01
5.635661e-01 2.183011e-08 7.133930e-01 9.974637e-01
5.637464e-01 2.128053e-08 7.036800e-01 9.974590e-01
5.642900e-01 2.169675e-08 7.062320e-01 9.974466e-01
5.628676e-01 2.107161e-08 7.361940e-01 9.975133e-01
5.615405e-01 2.066266e-08 7.234460e-01 9.974933e-01
5.604308e-01 2.107905e-08 6.979040e-01 9.974637e-01
5.603262e-01 2.079855e-08 7.134670e-01 9.975009e-01
5.586911e-01 2.158602e-08 6.983400e-01 9.975838e-01
5.608985e-01 2.095876e-08 7.182520e-01 9.974209e-01
5.611141e-01 2.124930e-08 6.998720e-01 9.974714e-01
5.615823e-01 2.059276e-08 7.139290e-01 9.974866e-01
5.634146e-01 2.098958e-08 7.219560e-01 9.974437e-01
5.595007e-01 2.038955e-08 7.036470e-01 9.975562e-01
5.577818e-01 2.049411e-08 6.872020e-01 9.974761e-01
5.594819e-01 2.059772e-08 7.081220e-01 9.975085e-01
5.599604e-01 2.069179e-08 7.161870e-01 9.974656e-01
5.574616e-01 1.956392e-08 7.131650e-01 9.974580e-01
5.600316e-01 2.046697e-08 7.291830e-01 9.974590e-01
5.560569e-01 2.025252e-08 7.181420e-01 9.974399e-01
5.597971e-01 2.006093e-08 7.352610e-01 9.973475e-01
5.629910e-01 2.114638e-08 7.286240e-01 9.974285e-01
5.542431e-01 1.979050e-08 6.959360e-01 9.974714e-01
5.541685e-01 1.984773e-08 7.080370e-01 9.976562e-01
5.564839e-01 1.990005e-08 7.131430e-01 9.974504e-01
5.521072e-01 1.952118e-08 7.228700e-01 9.975466e-01
5.547293e-01 1.945366e-08 7.243900e-01 9.974323e-01
5.526600e-01 1.943100e-08 7.243160e-01 9.975533e-01
5.551313e-01 1.945725e-08 7.157180e-01 9.974332e-01
5.548441e-01 1.946185e-08 7.072090e-01 9.974847e-01
5.542545e-01 1.950814e-08 7.275210e-01 9.974428e-01
5.562253e-01 1.939840e-08 7.318790e-01 9.975209e-01
5.517414e-01 1.892907e-08 6.829640e-01 9.973932e-01
5.530185e-01 1.892633e-08 7.008370e-01 9.975057e-01
5.529316e-01 1.925803e-08 6.985720e-01 9.975457e-01
5.504328e-01 1.917252e-08 7.080700e-01 9.975266e-01
5.527324e-01 1.893323e-08 7.073680e-01 9.974666e-01
5.479128e-01 1.862735e-08 7.242090e-01 9.974437e-01
5.523238e-01 1.872033e-08 6.993300e-01 9.974666e-01
5.505181e-01 1.889266e-08 7.066480e-01 9.974380e-01
5.489793e-01 1.914532e-08 7.267990e-01 9.975276e-01
5.540346e-01 1.907031e-08 7.004780e-01 9.974971e-01
5.527678e-01 1.888580e-08 7.034040e-01 9.975238e-01
5.512253e-01 1.856690e-08 7.234920e-01 9.974666e-01
5.507636e-01 1.857816e-08 6.970990e-01 9.974209e-01
5.541845e-01 1.817602e-08 7.355480e-01 9.975152e-01
5.497245e-01 1.825969e-08 8.088730e-01 9.974475e-01
5.496556e-01 1.867881e-08 1.058290e+00 9.975171e-01
5.486953e-01 1.822140e-08 1.009613e+00 9.974113e-01
5.510146e-01 1.819344e-08 8.355030e-01 9.974494e-01
5.469297e-01 1.801700e-08 7.712920e-01 9.974609e-01
5.494295e-01 1.838775e-08 7.642630e-01 9.975190e-01
5.474771e-01 1.813551e-08 7.843670e-01 9.975180e-01
5.470595e-01 1.803378e-08 6.979040e-01 9.974904e-01
5.433236e-01 1.786003e-08 7.071870e-01 9.975095e-01
5.464775e-01 1.766756e-08 7.462600e-01 9.974790e-01
5.483595e-01 1.752195e-08 7.381800e-01 9.974714e-01
5.452838e-01 1.796170e-08 6.984590e-01 9.975171e-01
5.461583e-01 1.728344e-08 7.539140e-01 9.975009e-01
5.439739e-01 1.757450e-08 7.250600e-01 9.975200e-01
5.442629e-01 1.734817e-08 7.557690e-01 9.974971e-01
5.449786e-01 1.730666e-08 7.536440e-01 9.974294e-01
5.402719e-01 1.713175e-08 6.908890e-01 9.974313e-01
5.437353e-01 1.767375e-08 7.831970e-01 9.974466e-01
5.442766e-01 1.754023e-08 7.024020e-01 9.974866e-01
5.417120e-01 1.729692e-08 7.615880e-01 9.975552e-01
5.445071e-01 1.703113e-08 6.906240e-01 9.974999e-01
5.401918e-01 1.668861e-08 7.556260e-01 9.974542e-01
5.436508e-01 1.722243e-08 7.131840e-01 9.974714e-01
5.422337e-01 1.654933e-08 6.998540e-01 9.975076e-01
5.440735e-01 1.690478e-08 7.344960e-01 9.974599e-01
5.396403e-01 1.684131e-08 7.418470e-01 9.974771e-01
5.408430e-01 1.691014e-08 7.262730e-01 9.974504e-01
5.420957e-01 1.637520e-08 7.635060e-01 9.975295e-01
5.424655e-01 1.702128e-08 7.562700e-01 9.974475e-01
5.395415e-01 1.652705e-08 7.721040e-01 9.975057e-01
5.394093e-01 1.665054e-08 7.130380e-01 9.974514e-01
5.394839e-01 1.677910e-08 7.152060e-01 9.974952e-01
5.435741e-01 1.633823e-08 6.887830e-01 9.975295e-01
5.396743e-01 1.662586e-08 7.010480e-01 9.975085e-01
5.390825e-01 1.533287e-08 7.000310e-01 9.975095e-01
5.371314e-01 1.618797e-08 7.355760e-01 9.974790e-01
5.378522e-01 1.641803e-08 7.615790e-01 9.975095e-01
5.388605e-01 1.650641e-08 7.283940e-01 9.974304e-01
5.364771e-01 1.606556e-08 7.120300e-01 9.974904e-01
5.390320e-01 1.624129e-08 7.230210e-01 9.974990e-01
5.366824e-01 1.686894e-08 7.324920e-01 9.975152e-01
5.392986e-01 1.623343e-08 7.046370e-01 9.974571e-01
5.388844e-01 1.607159e-08 7.695050e-01 9.974857e-01
5.378421e-01 1.585869e-08 8.201680e-01 9.974914e-01
5.407960e-01 1.606230e-08 8.153530e-01 9.974771e-01
5.356613e-01 1.590094e-08 7.820340e-01 9.975304e-01
5.355117e-01 1.577566e-08 7.815260e-01 9.974818e-01
5.382399e-01 1.570793e-08 7.932710e-01 9.975323e-01
5.352835e-01 1.527786e-08 7.240310e-01 9.975180e-01
5.349990e-01 1.566472e-08 7.175870e-01 9.975809e-01
5.342087e-01 1.532312e-08 7.080980e-01 9.975009e-01
5.356285e-01 1.533628e-08 8.197740e-01 9.973608e-01
5.334169e-01 1.521619e-08 7.079580e-01 9.974666e-01
5.359342e-01 1.513629e-08 8.165930e-01 9.976152e-01
5.362322e-01 1.503936e-08 8.011120e-01 9.975190e-01
5.334757e-01 1.524084e-08 7.652460e-01 9.974857e-01
5.341702e-01 1.500230e-08 8.263870e-01 9.974590e-01
5.347551e-01 1.534552e-08 8.585990e-01 9.974704e-01
5.333257e-01 1.466819e-08 6.720470e-01 9.974866e-01
5.349068e-01 1.534812e-08 7.150600e-01 9.975285e-01
5.291278e-01 1.457278e-08 7.970350e-01 9.975028e-01
5.333081e-01 1.457685e-08 7.525920e-01 9.975190e-01
5.324068e-01 1.466725e-08 7.985640e-01 9.974637e-01
5.308589e-01 1.458635e-08 7.909830e-01 9.975190e-01
5.335426e-01 1.493878e-08 6.682800e-01 9.975609e-01
5.309695e-01 1.446305e-08 7.603930e-01 9.975990e-01
5.304479e-01 1.461156e-08 7.503840e-01 9.975238e-01
5.315912e-01 1.479000e-08 7.507910e-01 9.975361e-01
5.331706e-01 1.442226e-08 7.673410e-01 9.975095e-01
5.302389e-01 1.466515e-08 6.749800e-01 9.975295e-01
5.320201e-01 1.437682e-08 6.600820e-01 9.974714e-01
5.292480e-01 1.449630e-08 8.078280e-01 9.975009e-01
5.298333e-01 1.452116e-08 7.764550e-01 9.975733e-01
5.288714e-01 1.409719e-08 7.724020e-01 9.975095e-01
5.298841e-01 1.420140e-08 7.299700e-01 9.974599e-01
5.308718e-01 1.453810e-08 7.725420e-01 9.974171e-01
5.293130e-01 1.398245e-08 7.468340e-01 9.975104e-01
5.292729e-01 1.355147e-08 7.917550e-01 9.974533e-01
5.266045e-01 1.409890e-08 7.374730e-01 9.974923e-01
5.266855e-01 1.381414e-08 7.406000e-01 9.974475e-01
5.291635e-01 1.453700e-08 8.132890e-01 9.975342e-01
5.255873e-01 1.353446e-08 7.782280e-01 9.975095e-01
5.245527e-01 1.381210e-08 7.648360e-01 9.974618e-01
5.293787e-01 1.388854e-08 7.941500e-01 9.975924e-01
5.295952e-01 1.377999e-08 8.018270e-01 9.975800e-01
5.258898e-01 1.344773e-08 7.015250e-01 9.974466e-01
5.293699e-01 1.371763e-08 8.515530e-01 9.975543e-01
5.257555e-01 1.360341e-08 7.881770e-01 9.975628e-01
5.277866e-01 1.331157e-08 7.630690e-01 9.975466e-01
5.244968e-01 1.330838e-08 7.860220e-01 9.974742e-01
5.255485e-01 1.340700e-08 7.794730e-01 9.975990e-01
5.243796e-01 1.366687e-08 7.645020e-01 9.975504e-01
5.268683e-01 1.358122e-08 7.365540e-01 9.975685e-01
5.244069e-01 1.343819e-08 7.743380e-01 9.974723e-01
5.276297e-01 1.334396e-08 7.133800e-01 9.974695e-01
5.282929e-01 1.355460e-08 7.003980e-01 9.975590e-01
5.245213e-01 1.322339e-08 6.934520e-01 9.975038e-01
5.221469e-01 1.321745e-08 7.282500e-01 9.975743e-01
5.228312e-01 1.304588e-08 7.424460e-01 9.974590e-01
5.248738e-01 1.285279e-08 7.200510e-01 9.975133e-01
5.209899e-01 1.273562e-08 7.160430e-01 9.975828e-01
5.232184e-01 1.319801e-08 7.759770e-01 9.975057e-01
5.255661e-01 1.293175e-08 7.557550e-01 9.974399e-01
5.227857e-01 1.287089e-08 6.949520e-01 9.974647e-01
5.237013e-01 1.271353e-08 6.881900e-01 9.975076e-01
5.240578e-01 1.248535e-08 7.477220e-01 9.974628e-01
5.208915e-01 1.252398e-08 7.402390e-01 9.974952e-01
5.202157e-01 1.243683e-08 7.507000e-01 9.975323e-01
5.248392e-01 1.291578e-08 7.467890e-01 9.974799e-01
5.196898e-01 1.243681e-08 7.943710e-01 9.974647e-01
5.203233e-01 1.255536e-08 7.693100e-01 9.976209e-01
5.227860e-01 1.271706e-08 7.920270e-01 9.975943e-01
5.236437e-01 1.291163e-08 7.697140e-01 9.974980e-01
5.203556e-01 1.254566e-08 7.378730e-01 9.974094e-01
5.181908e-01 1.208208e-08 7.120560e-01 9.975219e-01
5.188822e-01 1.238490e-08 7.264440e-01 9.975704e-01
5.203240e-01 1.223525e-08 7.218080e-01 9.974809e-01
5.196616e-01 1.198172e-08 7.428430e-01 9.974466e-01
5.167151e-01 1.229793e-08 7.268290e-01 9.975276e-01
5.180822e-01 1.224456e-08 7.072590e-01 9.974876e-01
5.216441e-01 1.213185e-08 7.305680e-01 9.975523e-01
5.199980e-01 1.198085e-08 7.852880e-01 9.975038e-01
5.185951e-01 1.199618e-08 7.508380e-01 9.974857e-01
5.188514e-01 1.219151e-08 7.861340e-01 9.976238e-01
5.197852e-01 1.189425e-08 7.465030e-01 9.975562e-01
5.183823e-01 1.181442e-08 7.652770e-01 9.975895e-01
5.156568e-01 1.156513e-08 7.515730e-01 9.975657e-01
5.161676e-01 1.204225e-08 7.838550e-01 9.975714e-01
5.176599e-01 1.162571e-08 7.753310e-01 9.974723e-01
5.186276e-01 1.169722e-08 7.492340e-01 9.975714e-01
5.158935e-01 1.164057e-08 7.633790e-01 9.974961e-01
5.176685e-01 1.183432e-08 7.185710e-01 9.975314e-01
5.152108e-01 1.160922e-08 7.675330e-01 9.975114e-01
5.158235e-01 1.150438e-08 7.199660e-01 9.975295e-01
5.173255e-01 1.159005e-08 7.562010e-01 9.975352e-01
5.192989e-01 1.151723e-08 7.022930e-01 9.974961e-01
5.162490e-01 1.167980e-08 6.899080e-01 9.976219e-01
5.163933e-01 1.131460e-08 6.587860e-01 9.974628e-01
5.150371e-01 1.125003e-08 6.745440e-01 9.974504e-01
5.125309e-01 1.113034e-08 6.545350e-01 9.974256e-01
5.121420e-01 1.096192e-08 7.641180e-01 9.974857e-01
5.173691e-01 1.119262e-08 6.851440e-01 9.976238e-01
5.154878e-01 1.104324e-08 6.949840e-01 9.974780e-01
5.134739e-01 1.135070e-08 7.773380e-01 9.974361e-01
5.144245e-01 1.120419e-08 6.891020e-01 9.974637e-01
5.129310e-01 1.136065e-08 6.975310e-01 9.977257e-01
5.154258e-01 1.109544e-08 7.823450e-01 9.975257e-01
5.140098e-01 1.092155e-08 7.650000e-01 9.975238e-01
5.100029e-01 1.081558e-08 7.557950e-01 9.975647e-01
5.131346e-01 1.095860e-08 6.980160e-01 9.975762e-01
5.139287e-01 1.096137e-08 6.910500e-01 9.975228e-01
5.114525e-01 1.075615e-08 7.260600e-01 9.975180e-01
5.140772e-01 1.071082e-08 7.197470e-01 9.975266e-01
5.127166e-01 1.081872e-08 7.135110e-01 9.974695e-01
5.141953e-01 1.082029e-08 7.104010e-01 9.975333e-01
5.106558e-01 1.058238e-08 7.332420e-01 9.975028e-01
5.122027e-01 1.054788e-08 7.601520e-01 9.974590e-01
5.097418e-01 1.083841e-08 7.706440e-01 9.975333e-01
5.096346e-01 1.043913e-08 7.432180e-01 9.975676e-01
5.118401e-01 1.052896e-08 7.537170e-01 9.974628e-01
5.105051e-01 1.045871e-08 7.501850e-01 9.975266e-01
5.142863e-01 1.055055e-08 7.638340e-01 9.975333e-01
5.110695e-01 1.020105e-08 7.509070e-01 9.974866e-01
5.088984e-01 9.978200e-09 7.759040e-01 9.976400e-01
5.090002e-01 1.022707e-08 7.220350e-01 9.976390e-01
5.095440e-01 1.036101e-08 7.357380e-01 9.975762e-01
5.087639e-01 1.002261e-08 7.290310e-01 9.975323e-01
5.105392e-01 9.960593e-09 7.067550e-01 9.974113e-01
5.121707e-01 1.035342e-08 7.214470e-01 9.975619e-01
5.106273e-01 1.021936e-08 7.403660e-01 9.975990e-01
5.098469e-01 9.824330e-09 8.240430e-01 9.975142e-01
5.087990e-01 9.798842e-09 8.230350e-01 9.975409e-01
5.070706e-01 9.854881e-09 7.969830e-01 9.975485e-01
5.105478e-01 1.022950e-08 8.024030e-01 9.974866e-01
5.080837e-01 1.008105e-08 7.515540e-01 9.975676e-01
5.094728e-01 1.008820e-08 6.905830e-01 9.975476e-01
5.076722e-01 9.669756e-09 6.790070e-01 9.975704e-01
5.079652e-01 9.830661e-09 6.977080e-01 9.975476e-01
5.086271e-01 9.950639e-09 6.626890e-01 9.975943e-01
5.069072e-01 9.652887e-09 6.661330e-01 9.975133e-01
5.064034e-01 9.697995e-09 7.158100e-01 9.974533e-01
5.053986e-01 9.533021e-09 7.573140e-01 9.975886e-01
5.083129e-01 9.761687e-09 8.275090e-01 9.975095e-01
5.093132e-01 9.736880e-09 8.482940e-01 9.974552e-01
5.056745e-01 9.222161e-09 9.363820e-01 9.974533e-01
5.068863e-01 9.212853e-09 9.832750e-01 9.975342e-01
5.050775e-01 9.437014e-09 7.661390e-01 9.974780e-01
5.065863e-01 9.520113e-09 7.165890e-01 9.975285e-01
5.052545e-01 9.532478e-09 7.296390e-01 9.975457e-01
5.057783e-01 9.382890e-09 7.153770e-01 9.975466e-01
5.051547e-01 9.552683e-09 6.980810e-01 9.974876e-01
5.057792e-01 9.439563e-09 7.127850e-01 9.974961e-01
5.028008e-01 9.336606e-09 7.227640e-01 9.974666e-01
5.053035e-01 9.606825e-09 6.955630e-01 9.975809e-01
5.062230e-01 9.267288e-09 6.885210e-01 9.975962e-01
5.049042e-01 9.396127e-09 6.530890e-01 9.974695e-01
5.055832e-01 9.431599e-09 6.677270e-01 9.975828e-01
5.058314e-01 9.263279e-09 6.743990e-01 9.974780e-01
5.026683e-01 9.143591e-09 6.620430e-01 9.974552e-01
5.043037e-01 8.959977e-09 7.580690e-01 9.975333e-01
5.030759e-01 9.257142e-09 7.986330e-01 9.975657e-01
5.014617e-01 8.772862e-09 7.377600e-01 9.976381e-01
5.019857e-01 9.039176e-09 7.711190e-01 9.975638e-01
5.041788e-01 9.039428e-09 7.409820e-01 9.975295e-01
5.043295e-01 8.968243e-09 7.598870e-01 9.975523e-01
5.019359e-01 8.633690e-09 7.513720e-01 9.975171e-01
5.019186e-01 8.923304e-09 7.562600e-01 9.975085e-01
5.038380e-01 8.988768e-09 7.601450e-01 9.975276e-01
5.045916e-01 9.202380e-09 7.742210e-01 9.975562e-01
5.043381e-01 8.792568e-09 8.134090e-01 9.975247e-01
4.999797e-01 8.634739e-09 7.376670e-01 9.975676e-01
5.002930e-01 8.582708e-09 7.334910e-01 9.974695e-01
4.992669e-01 8.736005e-09 7.547350e-01 9.974876e-01
5.024774e-01 8.778845e-09 8.263170e-01 9.974571e-01
5.023593e-01 8.490850e-09 7.878470e-01 9.975762e-01
5.015803e-01 8.552528e-09 7.491490e-01 9.975704e-01
5.015254e-01 8.651826e-09 8.637210e-01 9.974266e-01
5.002255e-01 8.271780e-09 8.843440e-01 9.975790e-01
5.006242e-01 8.504498e-09 8.230880e-01 9.975085e-01
5.014135e-01 8.453756e-09 7.126770e-01 9.975466e-01
5.016743e-01 8.621334e-09 7.431850e-01 9.974876e-01
4.998895e-01 8.275863e-09 8.577460e-01 9.976619e-01
5.028114e-01 8.440974e-09 7.654240e-01 9.975047e-01
5.002244e-01 8.151558e-09 7.411210e-01 9.975085e-01
5.010987e-01 8.468477e-09 6.840680e-01 9.975571e-01
4.999092e-01 8.146100e-09 8.247660e-01 9.975114e-01
4.982574e-01 8.423455e-09 7.791850e-01 9.976400e-01
4.982930e-01 7.972071e-09 7.724120e-01 9.975724e-01
4.982113e-01 7.912603e-09 7.414560e-01 9.975762e-01
4.984614e-01 8.221474e-09 7.733150e-01 9.975695e-01
4.993128e-01 8.124215e-09 7.442190e-01 9.974857e-01
4.995286e-01 8.225263e-09 7.904680e-01 9.974418e-01
4.989750e-01 8.180578e-09 7.610130e-01 9.975943e-01
5.002491e-01 8.169789e-09 7.366170e-01 9.974742e-01
4.950875e-01 7.722968e-09 7.077840e-01 9.975762e-01
4.986899e-01 8.040965e-09 6.989560e-01 9.975781e-01
4.989750e-01 8.100813e-09 7.389550e-01 9.975400e-01
4.989385e-01 7.911725e-09 7.216480e-01 9.975142e-01
4.978480e-01 7.921446e-09 7.396180e-01 9.975828e-01
4.996909e-01 8.041295e-09 7.279060e-01 9.976200e-01
4.984079e-01 7.972715e-09 7.006200e-01 9.976753e-01
4.977379e-01 7.782488e-09 7.489460e-01 9.975905e-01
4.996528e-01 7.994898e-09 7.178120e-01 9.975180e-01
4.957973e-01 7.588376e-09 7.075020e-01 9.976571e-01
4.986148e-01 7.921294e-09 7.703510e-01 9.975342e-01
4.977104e-01 7.841054e-09 7.809330e-01 9.975990e-01
4.980623e-01 7.662199e-09 7.191080e-01 9.975952e-01
4.976394e-01 7.740250e-09 6.816940e-01 9.975028e-01
4.974226e-01 7.772483e-09 7.294970e-01 9.975276e-01
4.958072e-01 7.589648e-09 6.847230e-01 9.975333e-01
4.964489e-01 7.446891e-09 7.209800e-01 9.974961e-01
4.980477e-01 7.859821e-09 7.101330e-01 9.975095e-01
4.950404e-01 7.662002e-09 7.290640e-01 9.975257e-01
4.952004e-01 7.518351e-09 7.049190e-01 9.976162e-01
4.972269e-01 7.567660e-09 7.262740e-01 9.975666e-01
4.928749e-01 7.089072e-09 7.123150e-01 9.975866e-01
4.951607e-01 7.558968e-09 7.150290e-01 9.975609e-01
4.953752e-01 7.327838e-09 7.056880e-01 9.975847e-01
4.939872e-01 7.409533e-09 7.226680e-01 9.975123e-01
4.948425e-01 7.478469e-09 7.281040e-01 9.975009e-01
4.937811e-01 7.271870e-09 7.023810e-01 9.974895e-01
4.960601e-01 7.394899e-09 7.340310e-01 9.976610e-01
4.961833e-01 7.174965e-09 7.275810e-01 9.975066e-01
4.925773e-01 7.124027e-09 7.067030e-01 9.975647e-01
4.945114e-01 7.241193e-09 7.199810e-01 9.974485e-01
4.927190e-01 7.092747e-09 7.392530e-01 9.975657e-01
4.952856e-01 7.107990e-09 7.224330e-01 9.975095e-01
4.927874e-01 7.185433e-09 7.108160e-01 9.975819e-01
4.939077e-01 7.175931e-09 7.155680e-01 9.975466e-01
4.935856e-01 7.165578e-09 6.942120e-01 9.975438e-01
4.932459e-01 7.056853e-09 7.217810e-01 9.975523e-01
4.903881e-01 6.833734e-09 7.359370e-01 9.975905e-01
4.930261e-01 6.931144e-09 7.323940e-01 9.975409e-01
4.935363e-01 7.112728e-09 7.167890e-01 9.975295e-01
4.927250e-01 6.746208e-09 7.022400e-01 9.975676e-01
4.950853e-01 7.025689e-09 6.771690e-01 9.975295e-01
4.915440e-01 6.905675e-09 7.555610e-01 9.975295e-01
4.914515e-01 6.861298e-09 7.601350e-01 9.975438e-01
4.886416e-01 6.588075e-09 6.915550e-01 9.976600e-01
4.919430e-01 6.754721e-09 6.962290e-01 9.975962e-01
4.916584e-01 6.814642e-09 7.145460e-01 9.974571e-01
4.906353e-01 6.736875e-09 6.975100e-01 9.975180e-01
4.908541e-01 6.672626e-09 6.966060e-01 9.976124e-01
4.913564e-01 6.632731e-09 7.271720e-01 9.976143e-01
4.904413e-01 6.538756e-09 7.276810e-01 9.975676e-01
4.918973e-01 6.809250e-09 6.829100e-01 9.975371e-01
4.917540e-01 6.619978e-09 7.010640e-01 9.975219e-01
4.924061e-01 6.773470e-09 7.161690e-01 9.975600e-01
4.918148e-01 6.563387e-09 7.105880e-01 9.975114e-01
4.912569e-01 6.627901e-09 7.281740e-01 9.975695e-01
4.916769e-01 6.585684e-09 7.143640e-01 9.976228e-01
4.895031e-01 6.583169e-09 7.248010e-01 9.975333e-01
4.894904e-01 6.585718e-09 6.947190e-01 9.975895e-01
4.914533e-01 6.545107e-09 6.992670e-01 9.975514e-01
4.913780e-01 6.370824e-09 7.061310e-01 9.974828e-01
4.917292e-01 6.546365e-09 7.100170e-01 9.975685e-01
4.883379e-01 6.314103e-09 6.606460e-01 9.976924e-01
4.905785e-01 6.363996e-09 6.889620e-01 9.975771e-01
4.886600e-01 6.343284e-09 6.440430e-01 9.975533e-01
4.876580e-01 6.407330e-09 7.278380e-01 9.974885e-01
4.900955e-01 6.309157e-09 6.832800e-01 9.974961e-01
4.899448e-01 6.431974e-09 7.388040e-01 9.975724e-01
4.899858e-01 6.410628e-09 7.311090e-01 9.974837e-01
4.883698e-01 6.366433e-09 7.367450e-01 9.975666e-01
4.895879e-01 6.297026e-09 6.676050e-01 9.975238e-01
4.888744e-01 6.312372e-09 7.378110e-01 9.975085e-01
4.894129e-01 6.172996e-09 7.381060e-01 9.975428e-01
4.903585e-01 6.174065e-09 7.240560e-01 9.975866e-01
4.886435e-01 6.259869e-09 6.619810e-01 9.976343e-01
4.871250e-01 6.135339e-09 6.793480e-01 9.975971e-01
4.890621e-01 6.298159e-09 6.731090e-01 9.974961e-01
4.888244e-01 6.162243e-09 7.344850e-01 9.975905e-01
4.871752e-01 5.913658e-09 6.976390e-01 9.975838e-01
4.896697e-01 6.001154e-09 7.436970e-01 9.975638e-01
4.862430e-01 6.054635e-09 6.643180e-01 9.974809e-01
4.882000e-01 6.088984e-09 7.459400e-01 9.975914e-01
4.886002e-01 6.132668e-09 7.110330e-01 9.976114e-01
4.865299e-01 5.920725e-09 7.221810e-01 9.975200e-01
4.866971e-01 5.802528e-09 6.950600e-01 9.976362e-01
4.877806e-01 6.025444e-09 7.999410e-01 9.974961e-01
4.866723e-01 6.014538e-09 7.182460e-01 9.976619e-01
4.869224e-01 5.909562e-09 6.463090e-01 9.975647e-01
4.865951e-01 5.783465e-09 6.796290e-01 9.976105e-01
4.869755e-01 5.857225e-09 7.633490e-01 9.975657e-01
4.878931e-01 5.892623e-09 6.870090e-01 9.975504e-01
4.883412e-01 6.065759e-09 6.851380e-01 9.975676e-01
4.874299e-01 5.928382e-09 7.166200e-01 9.976676e-01
4.867291e-01 5.845072e-09 8.543820e-01 9.974923e-01
4.869715e-01 5.820076e-09 9.032280e-01 9.975495e-01
4.862629e-01 5.689923e-09 9.547080e-01 9.975647e-01
4.851034e-01 5.688863e-09 8.852620e-01 9.975142e-01
4.862340e-01 5.657388e-09 7.573500e-01 9.975800e-01
4.846775e-01 5.585238e-09 7.705960e-01 9.976267e-01
4.862557e-01 5.713465e-09 7.905160e-01 9.975895e-01
4.834026e-01 5.550945e-09 7.412210e-01 9.975866e-01
4.860672e-01 5.531051e-09 7.600260e-01 9.975857e-01
4.844843e-01 5.605205e-09 7.575310e-01 9.976248e-01
4.847635e-01 5.445331e-09 7.381390e-01 9.976028e-01
4.840656e-01 5.536880e-09 7.053990e-01 9.976352e-01
4.852214e-01 5.390494e-09 7.466190e-01 9.975990e-01
4.837131e-01 5.467821e-09 9.513920e-01 9.975724e-01
4.836678e-01 5.269451e-09 9.087230e-01 9.976524e-01
4.846874e-01 5.355386e-09 7.385810e-01 9.975781e-01
4.840318e-01 5.331166e-09 7.634900e-01 9.975552e-01
4.842708e-01 5.381157e-09 8.127850e-01 9.976867e-01
4.856082e-01 5.531456e-09 7.566530e-01 9.975104e-01
4.821156e-01 5.267093e-09 7.513020e-01 9.975838e-01
4.843590e-01 5.336226e-09 7.110100e-01 9.975619e-01
4.845635e-01 5.452939e-09 6.938260e-01 9.975123e-01
4.858899e-01 5.530616e-09 6.914600e-01 9.975447e-01
4.842446e-01 5.404291e-09 6.978790e-01 9.975361e-01
4.857996e-01 5.375102e-09 7.108310e-01 9.975257e-01
4.848591e-01 5.464190e-09 6.780960e-01 9.975838e-01
4.820314e-01 5.197859e-09 6.796840e-01 9.976219e-01
4.842943e-01 5.238529e-09 6.974930e-01 9.975857e-01
4.846571e-01 5.302757e-09 7.030130e-01 9.976009e-01
4.837893e-01 5.182867e-09 6.981500e-01 9.975905e-01
4.810576e-01 5.129517e-09 7.096400e-01 9.975285e-01
4.839409e-01 5.236615e-09 7.146450e-01 9.975447e-01
4.840201e-01 5.077966e-09 7.045890e-01 9.975247e-01
4.818867e-01 4.999566e-09 6.934790e-01 9.976181e-01
4.813410e-01 4.957760e-09 7.445320e-01 9.975676e-01
4.824050e-01 4.952407e-09 7.411830e-01 9.976438e-01
4.834626e-01 5.038418e-09 7.238750e-01 9.975771e-01
4.832049e-01 5.051698e-09 7.511640e-01 9.975914e-01
4.818473e-01 5.055713e-09 7.608710e-01 9.975600e-01
4.822626e-01 5.253619e-09 7.065790e-01 9.976086e-01
4.802840e-01 4.763128e-09 7.378940e-01 9.976533e-01
4.814961e-01 4.928013e-09 7.370520e-01 9.976267e-01
4.825828e-01 4.946434e-09 6.928960e-01 9.975361e-01
4.818601e-01 4.973062e-09 7.390620e-01 9.975685e-01
4.813354e-01 4.785307e-09 7.070050e-01 9.975133e-01
4.821444e-01 4.921963e-09 7.103070e-01 9.975771e-01
4.812295e-01 4.876889e-09 7.814640e-01 9.975733e-01
4.813473e-01 4.832822e-09 7.213430e-01 9.975828e-01
4.799112e-01 4.824330e-09 7.183380e-01 9.975562e-01
4.831915e-01 4.851294e-09 6.990780e-01 9.975838e-01
4.802428e-01 4.721713e-09 7.250560e-01 9.976495e-01
4.809157e-01 4.779401e-09 7.560160e-01 9.975933e-01
4.814150e-01 4.885015e-09 7.620990e-01 9.975571e-01
4.798421e-01 4.699395e-09 7.762840e-01 9.976028e-01
4.791124e-01 4.631764e-09 7.434820e-01 9.975543e-01
4.820558e-01 4.892157e-09 7.417190e-01 9.975752e-01
4.789394e-01 4.744776e-09 7.459020e-01 9.975390e-01
4.798657e-01 4.690827e-09 7.581530e-01 9.976105e-01
4.805776e-01 4.770067e-09 7.814300e-01 9.976524e-01
4.801694e-01 4.695451e-09 7.400070e-01 9.975695e-01
4.785237e-01 4.432617e-09 7.525980e-01 9.976067e-01
4.802250e-01 4.770683e-09 7.640680e-01 9.975647e-01
4.781054e-01 4.394110e-09 6.671120e-01 9.976552e-01
4.804487e-01 4.630864e-09 7.035360e-01 9.975628e-01
4.782335e-01 4.763126e-09 6.608040e-01 9.977257e-01
4.776915e-01 4.574402e-09 6.561280e-01 9.975800e-01
4.791117e-01 4.507586e-09 6.515860e-01 9.976181e-01
4.807893e-01 4.605601e-09 7.171390e-01 9.976276e-01
4.800878e-01 4.457848e-09 6.624840e-01 9.975447e-01
4.790553e-01 4.479526e-09 7.014540e-01 9.975876e-01
4.794417e-01 4.406024e-09 7.326040e-01 9.976248e-01
4.785450e-01 4.559945e-09 7.591370e-01 9.975657e-01
4.792319e-01 4.579251e-09 7.332340e-01 9.976133e-01
4.777550e-01 4.311772e-09 8.213020e-01 9.976105e-01
4.789290e-01 4.440035e-09 1.017641e+00 9.975876e-01
4.807147e-01 4.607009e-09 9.416530e-01 9.976286e-01
4.785867e-01 4.572177e-09 7.461280e-01 9.976286e-01
4.777144e-01 4.318291e-09 7.638710e-01 9.975952e-01
4.777186e-01 4.381274e-09 7.601070e-01 9.976105e-01
4.775733e-01 4.223745e-09 6.915510e-01 9.975295e-01
4.793864e-01 4.338161e-09 7.159890e-01 9.976305e-01
4.795495e-01 4.373320e-09 7.327210e-01 9.974390e-01
4.773405e-01 4.301723e-09 7.596710e-01 9.976200e-01
4.768257e-01 4.273844e-09 7.186360e-01 9.975952e-01
4.773466e-01 4.169528e-09 6.886570e-01 9.975762e-01
4.778833e-01 4.271641e-09 7.200420e-01 9.976152e-01
4.762675e-01 4.226119e-09 6.916050e-01 9.975581e-01
4.791487e-01 4.220153e-09 7.513850e-01 9.976190e-01
4.774306e-01 4.342707e-09 6.864050e-01 9.976305e-01
4.775567e-01 4.213897e-09 6.844730e-01 9.975543e-01
4.769287e-01 4.063289e-09 7.097840e-01 9.976333e-01
4.769240e-01 4.248022e-09 7.152810e-01 9.976267e-01
4.778398e-01 4.185489e-09 6.955560e-01 9.976619e-01
4.774144e-01 4.105670e-09 7.172740e-01 9.976467e-01
4.775312e-01 4.264890e-09 7.241850e-01 9.975933e-01
4.755511e-01 4.143277e-09 7.276700e-01 9.975828e-01
4.770282e-01 4.146081e-09 7.442030e-01 9.976905e-01
4.759972e-01 3.891867e-09 6.864710e-01 9.976314e-01
4.770782e-01 4.123662e-09 7.520730e-01 9.975600e-01
4.760320e-01 4.046258e-09 7.129960e-01 9.976467e-01
4.752903e-01 4.072200e-09 7.141030e-01 9.975866e-01
4.759425e-01 4.043340e-09 7.225570e-01 9.976390e-01
4.749946e-01 3.887420e-09 7.403150e-01 9.975981e-01
4.746995e-01 3.916243e-09 7.483060e-01 9.975990e-01
4.759483e-01 4.003252e-09 7.442120e-01 9.976200e-01
4.769781e-01 4.060834e-09 7.114590e-01 9.975886e-01
4.761002e-01 4.040285e-09 7.348100e-01 9.974904e-01
4.753302e-01 3.907742e-09 6.830260e-01 9.975200e-01
4.766091e-01 4.029138e-09 7.615130e-01 9.975886e-01
4.752960e-01 3.982712e-09 7.240140e-01 9.976934e-01
4.742437e-01 3.875738e-09 7.137620e-01 9.976152e-01
4.744090e-01 3.838611e-09 7.334680e-01 9.974876e-01
4.748885e-01 3.805933e-09 7.307950e-01 9.976248e-01
4.751365e-01 3.773554e-09 7.125840e-01 9.976009e-01
4.730326e-01 3.765175e-09 7.290660e-01 9.976305e-01
4.769563e-01 3.922284e-09 7.090680e-01 9.975762e-01
4.731476e-01 3.725703e-09 7.062070e-01 9.976781e-01
4.747464e-01 3.716581e-09 7.751400e-01 9.976591e-01
4.750932e-01 3.684883e-09 7.077340e-01 9.976495e-01
4.751456e-01 3.738720e-09 7.168300e-01 9.976324e-01
4.760570e-01 3.845379e-09 6.930710e-01 9.976228e-01
4.747261e-01 3.693010e-09 6.973840e-01 9.976905e-01
4.732305e-01 3.628336e-09 7.173940e-01 9.975990e-01
4.728330e-01 3.681779e-09 7.619410e-01 9.976209e-01
4.736219e-01 3.694310e-09 7.403200e-01 9.976238e-01
4.725884e-01 3.585184e-09 7.441700e-01 9.976667e-01
4.722968e-01 3.450009e-09 7.300830e-01 9.976562e-01
4.725962e-01 3.640195e-09 7.198840e-01 9.975352e-01
4.734383e-01 3.653679e-09 7.620380e-01 9.976638e-01
4.727422e-01 3.615779e-09 7.266760e-01 9.975685e-01
4.745914e-01 3.738686e-09 7.184270e-01 9.975666e-01
4.723475e-01 3.548044e-09 7.092970e-01 9.977181e-01
4.748621e-01 3.738300e-09 7.317050e-01 9.974599e-01
4.721789e-01 3.449158e-09 7.305130e-01 9.975647e-01
4.729852e-01 3.537773e-09 7.388860e-01 9.976686e-01
4.738002e-01 3.650631e-09 7.204910e-01 9.976267e-01
4.718372e-01 3.526812e-09 6.961530e-01 9.975743e-01
4.724771e-01 3.535912e-09 7.278270e-01 9.975438e-01
4.727970e-01 3.532713e-09 7.099520e-01 9.976238e-01
4.731643e-01 3.503558e-09 7.200410e-01 9.975866e-01
4.746194e-01 3.599167e-09 7.198540e-01 9.976657e-01
4.749111e-01 3.634623e-09 6.878830e-01 9.977286e-01
4.727635e-01 3.485249e-09 7.048920e-01 9.975628e-01
4.726107e-01 3.383347e-09 6.987400e-01 9.975609e-01
4.722549e-01 3.453676e-09 7.175760e-01 9.976305e-01
4.717670e-01 3.413429e-09 7.160290e-01 9.975943e-01
4.729258e-01 3.484644e-09 6.850700e-01 9.975190e-01
4.719576e-01 3.438064e-09 7.192100e-01 9.976352e-01
4.727871e-01 3.456670e-09 7.338760e-01 9.976962e-01
4.708353e-01 3.249497e-09 6.823630e-01 9.975704e-01
4.707985e-01 3.270463e-09 6.996320e-01 9.976962e-01
4.713332e-01 3.362625e-09 7.034850e-01 9.976733e-01
4.712048e-01 3.297719e-09 7.040690e-01 9.976991e-01
4.712153e-01 3.358980e-09 7.225500e-01 9.975304e-01
4.732437e-01 3.563826e-09 7.264660e-01 9.975943e-01
4.726614e-01 3.447086e-09 7.090950e-01 9.976362e-01
4.718025e-01 3.370663e-09 7.230830e-01 9.975133e-01
4.715866e-01 3.176575e-09 6.881260e-01 9.976190e-01
4.719703e-01 3.256249e-09 6.723630e-01 9.975485e-01
4.712141e-01 3.187429e-09 7.230200e-01 9.975762e-01
4.718536e-01 3.355661e-09 7.192270e-01 9.975724e-01
4.723161e-01 3.317015e-09 7.168930e-01 9.975800e-01
4.708118e-01 3.221632e-09 7.145930e-01 9.976610e-01
4.718894e-01 3.333838e-09 7.093580e-01 9.976314e-01
4.713122e-01 3.295676e-09 6.958990e-01 9.976505e-01
4.715293e-01 3.215790e-09 7.522470e-01 9.976076e-01
4.705925e-01 3.254027e-09 7.031140e-01 9.976314e-01
4.723618e-01 3.289609e-09 7.196170e-01 9.976171e-01
4.714925e-01 3.247310e-09 7.089420e-01 9.975762e-01
4.694746e-01 3.012980e-09 7.158270e-01 9.975552e-01
4.728095e-01 3.212023e-09 7.054190e-01 9.976047e-01
4.700331e-01 3.105712e-09 7.185380e-01 9.977219e-01
4.695705e-01 2.972297e-09 6.605520e-01 9.975228e-01
4.714557e-01 3.163781e-09 7.445120e-01 9.975485e-01
4.706168e-01 3.148555e-09 7.177890e-01 9.977105e-01
4.716341e-01 3.262991e-09 7.354470e-01 9.976381e-01
4.713184e-01 3.244806e-09 7.151380e-01 9.977334e-01
4.692709e-01 2.972186e-09 6.862550e-01 9.975724e-01
4.695557e-01 3.085799e-09 6.484360e-01 9.976257e-01
4.720104e-01 3.133909e-09 6.495300e-01 9.975466e-01
4.692487e-01 3.028395e-09 6.486500e-01 9.976047e-01
4.691305e-01 2.976250e-09 6.391790e-01 9.975581e-01
4.697048e-01 2.963090e-09 7.137480e-01 9.975352e-01
4.693717e-01 3.031127e-09 7.434100e-01 9.975933e-01
4.689930e-01 2.959333e-09 6.750620e-01 9.976981e-01
4.714124e-01 3.177026e-09 7.616290e-01 9.976400e-01
4.689096e-01 2.986266e-09 6.544660e-01 9.976467e-01
4.700876e-01 3.048443e-09 7.445410e-01 9.975952e-01
4.695149e-01 3.023397e-09 7.281610e-01 9.976371e-01
4.693338e-01 2.944766e-09 7.032250e-01 9.976419e-01
4.687645e-01 2.994766e-09 7.395410e-01 9.976467e-01
4.698716e-01 3.055039e-09 7.419980e-01 9.975933e-01
4.681781e-01 2.838368e-09 7.333200e-01 9.976238e-01
4.690114e-01 2.896767e-09 6.835810e-01 9.976571e-01
4.685004e-01 2.951791e-09 7.101400e-01 9.975428e-01
4.686125e-01 2.889580e-09 7.099400e-01 9.976695e-01
4.684232e-01 2.928243e-09 7.532000e-01 9.976000e-01
4.687311e-01 2.861311e-09 7.565760e-01 9.975990e-01
4.687505e-01 2.952235e-09 6.899110e-01 9.975762e-01
4.695334e-01 2.964281e-09 8.233590e-01 9.975952e-01
4.685745e-01 2.910750e-09 9.124710e-01 9.976105e-01
4.681973e-01 2.755237e-09 9.299910e-01 9.975571e-01
4.683562e-01 2.823795e-09 9.243450e-01 9.976438e-01
4.677165e-01 2.793254e-09 7.466740e-01 9.976352e-01
4.670649e-01 2.832030e-09 6.991810e-01 9.976248e-01
4.685393e-01 2.794183e-09 7.591230e-01 9.976019e-01
4.681448e-01 2.770873e-09 7.293780e-01 9.975819e-01
4.669447e-01 2.776446e-09 6.857420e-01 9.975933e-01
4.674898e-01 2.926862e-09 7.122430e-01 9.975704e-01
4.674443e-01 2.698219e-09 7.509310e-01 9.975943e-01
4.690140e-01 2.857655e-09 7.235820e-01 9.976934e-01
4.676995e-01 2.701391e-09 7.991650e-01 9.975104e-01
4.676290e-01 2.752780e-09 7.447090e-01 9.976419e-01
4.676218e-01 2.713855e-09 9.564180e-01 9.976657e-01
4.681646e-01 2.794777e-09 9.134250e-01 9.976028e-01
4.670514e-01 2.678212e-09 7.478610e-01 9.976848e-01
4.667936e-01 2.672266e-09 7.243310e-01 9.975695e-01
4.678103e-01 2.783436e-09 7.091500e-01 9.975990e-01
4.673196e-01 2.814427e-09 7.820460e-01 9.975695e-01
4.673402e-01 2.685258e-09 8.032320e-01 9.975743e-01
4.679445e-01 2.668130e-09 7.398930e-01 9.976162e-01
4.677088e-01 2.718199e-09 7.844590e-01 9.976305e-01
4.656387e-01 2.518828e-09 7.480440e-01 9.976219e-01
4.675067e-01 2.661231e-09 6.890450e-01 9.976524e-01
4.678501e-01 2.736970e-09 7.158310e-01 9.975428e-01
4.668953e-01 2.623998e-09 8.065070e-01 9.976686e-01
4.656781e-01 2.516048e-09 7.955930e-01 9.976143e-01
4.657512e-01 2.560041e-09 7.595680e-01 9.975476e-01
4.662829e-01 2.580774e-09 7.713370e-01 9.976219e-01
4.662699e-01 2.553377e-09 8.976100e-01 9.976076e-01
4.665830e-01 2.558692e-09 9.482080e-01 9.976200e-01
4.666264e-01 2.650468e-09 8.233000e-01 9.976562e-01
4.655570e-01 2.472937e-09 7.057920e-01 9.975361e-01
4.663556e-01 2.605673e-09 7.120420e-01 9.975514e-01
4.653509e-01 2.480376e-09 7.444870e-01 9.975638e-01
4.663342e-01 2.519578e-09 6.700000e-01 9.976495e-01
4.671042e-01 2.563614e-09 7.732330e-01 9.976591e-01
4.660850e-01 2.488879e-09 8.135670e-01 9.976295e-01
4.661497e-01 2.509728e-09 7.281680e-01 9.976657e-01
4.665351e-01 2.612449e-09 7.766280e-01 9.975361e-01
4.647514e-01 2.399056e-09 9.566040e-01 9.976552e-01
4.665011e-01 2.570515e-09 9.371040e-01 9.976772e-01
4.654849e-01 2.469196e-09 8.516840e-01 9.976753e-01
4.666370e-01 2.515795e-09 7.231110e-01 9.976400e-01
4.663630e-01 2.436208e-09 7.456720e-01 9.976638e-01
4.659493e-01 2.515605e-09 7.582690e-01 9.976086e-01
4.645409e-01 2.342365e-09 7.591600e-01 9.976781e-01
4.654150e-01 2.478706e-09 7.264260e-01 9.976410e-01
4.665981e-01 2.534740e-09 7.225860e-01 9.976076e-01
4.661350e-01 2.503196e-09 7.597230e-01 9.975790e-01
4.648052e-01 2.382844e-09 7.378530e-01 9.976953e-01
4.652479e-01 2.443443e-09 6.853020e-01 9.976257e-01
4.655599e-01 2.424858e-09 6.499260e-01 9.976219e-01
4.654797e-01 2.432185e-09 6.438720e-01 9.976086e-01
4.644246e-01 2.350030e-09 6.916990e-01 9.977105e-01
4.658197e-01 2.414305e-09 7.327150e-01 9.976324e-01
4.663337e-01 2.536928e-09 7.228110e-01 9.976114e-01
4.648940e-01 2.318814e-09 7.456710e-01 9.976733e-01
4.642663e-01 2.331828e-09 7.497400e-01 9.976848e-01
4.647510e-01 2.443449e-09 7.381500e-01 9.976276e-01
4.645730e-01 2.369831e-09 7.092810e-01 9.976867e-01
4.661157e-01 2.424947e-09 7.290570e-01 9.975866e-01
4.657241e-01 2.390775e-09 7.065690e-01 9.975419e-01
4.649824e-01 2.359216e-09 6.707590e-01 9.975333e-01
4.652840e-01 2.318593e-09 6.929020e-01 9.976228e-01
4.654650e-01 2.356425e-09 7.735770e-01 9.975695e-01
4.630478e-01 2.158514e-09 6.618630e-01 9.975676e-01
4.633097e-01 2.267553e-09 6.471260e-01 9.975886e-01
4.644820e-01 2.302420e-09 6.939450e-01 9.976429e-01
4.643159e-01 2.255348e-09 6.701440e-01 9.975847e-01
4.640358e-01 2.273914e-09 7.279710e-01 9.976209e-01
4.649940e-01 2.355476e-09 7.105260e-01 9.975590e-01
4.652990e-01 2.312512e-09 7.194260e-01 9.976562e-01
4.645664e-01 2.253937e-09 7.332000e-01 9.977000e-01
4.657996e-01 2.350390e-09 7.119260e-01 9.975571e-01
4.657408e-01 2.406226e-09 7.450200e-01 9.976114e-01
4.648310e-01 2.278881e-09 7.376570e-01 9.975695e-01
4.639841e-01 2.198254e-09 6.916620e-01 9.976114e-01
4.643575e-01 2.255670e-09 7.249520e-01 9.976333e-01
4.641187e-01 2.210700e-09 7.193490e-01 9.976838e-01
4.630994e-01 2.125044e-09 6.911310e-01 9.976267e-01
4.653554e-01 2.314724e-09 7.008880e-01 9.976333e-01
4.640560e-01 2.158174e-09 6.794540e-01 9.976305e-01
4.639566e-01 2.157833e-09 7.345720e-01 9.977038e-01
4.630501e-01 2.098699e-09 6.901020e-01 9.976667e-01
4.624513e-01 2.096457e-09 7.161880e-01 9.976286e-01
4.647045e-01 2.260874e-09 7.137680e-01 9.975990e-01
4.626704e-01 2.081314e-09 7.158510e-01 9.975733e-01
4.641903e-01 2.227243e-09 6.681850e-01 9.976038e-01
4.640972e-01 2.204700e-09 6.798980e-01 9.976657e-01
4.624126e-01 2.072515e-09 6.924260e-01 9.976867e-01
4.627903e-01 2.069746e-09 6.853240e-01 9.976543e-01
4.638205e-01 2.193439e-09 7.138230e-01 9.976857e-01
4.642377e-01 2.189000e-09 7.603000e-01 9.976505e-01
4.636044e-01 2.149728e-09 1.056596e+00 9.976581e-01
4.634408e-01 2.181299e-09 8.483200e-01 9.976333e-01
4.639047e-01 2.169871e-09 8.095340e-01 9.976562e-01
4.636576e-01 2.225435e-09 8.098190e-01 9.976143e-01
4.631786e-01 2.129409e-09 7.197830e-01 9.976505e-01
4.620677e-01 2.033176e-09 7.280770e-01 9.976838e-01
4.631532e-01 2.074698e-09 7.387000e-01 9.976038e-01
4.632427e-01 2.135130e-09 7.131630e-01 9.976876e-01
4.635755e-01 2.129977e-09 7.413870e-01 9.976695e-01
4.629307e-01 2.073587e-09 7.295050e-01 9.976067e-01
4.622273e-01 2.049807e-09 7.068970e-01 9.976943e-01
4.623560e-01 2.025261e-09 7.127990e-01 9.976371e-01
4.640986e-01 2.180110e-09 7.580150e-01 9.975809e-01
4.629865e-01 2.092896e-09 6.730620e-01 9.976143e-01
4.615624e-01 1.946278e-09 6.792180e-01 9.976400e-01
4.634097e-01 2.155679e-09 7.463030e-01 9.976657e-01
4.624117e-01 2.066098e-09 7.181700e-01 9.975800e-01
4.624864e-01 2.051098e-09 6.903710e-01 9.975943e-01
4.616344e-01 1.994704e-09 6.931880e-01 9.976905e-01
4.622308e-01 2.005531e-09 7.057180e-01 9.976390e-01
4.627900e-01 2.122896e-09 7.032620e-01 9.975771e-01
4.616883e-01 1.950621e-09 7.188020e-01 9.977048e-01
4.622332e-01 1.994297e-09 7.846390e-01 9.976533e-01
4.614659e-01 1.944358e-09 7.119830e-01 9.976857e-01
4.634794e-01 2.066682e-09 7.087120e-01 9.976448e-01
4.622151e-01 1.951346e-09 6.668500e-01 9.975924e-01
4.612320e-01 1.913107e-09 7.534710e-01 9.977200e-01
4.624147e-01 2.022243e-09 7.590990e-01 9.977076e-01
4.618589e-01 1.893977e-09 7.241640e-01 9.976429e-01
4.629990e-01 2.022810e-09 6.505210e-01 9.975914e-01
4.620431e-01 1.982738e-09 6.777480e-01 9.977305e-01
4.617301e-01 1.939349e-09 7.583560e-01 9.976991e-01
4.613676e-01 1.977251e-09 7.275970e-01 9.976343e-01
4.624197e-01 2.017283e-09 6.971880e-01 9.976248e-01
4.621299e-01 1.976434e-09 7.071090e-01 9.976114e-01
4.620327e-01 2.008126e-09 7.225720e-01 9.976972e-01
4.630236e-01 2.000502e-09 7.022160e-01 9.977343e-01
