# dim  N   mc   dt  Impsamp 
# 1    1 1049576 0.01
#
# Theoretical Energy = 5.000000e-01
# Energy     Variance     CPU time     Acceptance
4.530452e-01 2.311955e-08 7.321570e-01 9.981831e-01
4.231536e-01 1.155496e-08 6.713370e-01 9.980459e-01
4.108193e-01 6.823213e-09 6.835830e-01 9.980373e-01
4.064537e-01 4.784674e-09 6.413140e-01 9.981535e-01
4.064257e-01 4.432544e-09 6.530160e-01 9.980297e-01
4.054227e-01 3.902258e-09 6.479240e-01 9.980516e-01
4.054431e-01 3.562311e-09 6.505330e-01 9.980268e-01
4.059067e-01 3.468021e-09 6.424160e-01 9.980202e-01
4.064999e-01 3.168955e-09 6.504900e-01 9.980440e-01
4.084998e-01 3.409741e-09 6.553940e-01 9.979992e-01
4.087786e-01 3.294153e-09 6.539940e-01 9.979830e-01
4.095377e-01 3.108977e-09 6.671060e-01 9.980125e-01
4.101826e-01 2.947961e-09 6.550020e-01 9.980516e-01
4.115309e-01 2.995679e-09 6.525940e-01 9.979592e-01
4.116132e-01 2.689158e-09 6.485450e-01 9.979487e-01
4.135683e-01 2.777904e-09 6.519930e-01 9.979735e-01
4.134573e-01 2.613676e-09 6.490200e-01 9.980202e-01
4.144308e-01 2.556381e-09 6.593530e-01 9.979477e-01
4.140466e-01 2.369019e-09 6.526660e-01 9.979801e-01
4.163821e-01 2.566299e-09 6.482970e-01 9.979420e-01
4.166711e-01 2.407044e-09 6.580900e-01 9.979582e-01
4.177890e-01 2.421693e-09 6.631690e-01 9.979458e-01
4.188877e-01 2.433923e-09 6.384600e-01 9.979535e-01
4.195135e-01 2.355421e-09 6.453370e-01 9.979563e-01
4.193064e-01 2.249004e-09 6.507480e-01 9.979706e-01
4.203826e-01 2.148441e-09 6.418210e-01 9.979554e-01
4.212114e-01 2.134083e-09 6.415980e-01 9.979916e-01
4.209820e-01 1.959026e-09 6.627000e-01 9.979354e-01
4.218623e-01 2.003535e-09 6.635190e-01 9.979106e-01
4.232432e-01 2.025654e-09 6.520570e-01 9.979354e-01
4.238287e-01 2.013836e-09 6.501450e-01 9.978477e-01
4.241422e-01 1.977518e-09 6.536970e-01 9.979087e-01
4.252118e-01 1.942824e-09 6.566460e-01 9.979096e-01
4.254029e-01 1.864391e-09 6.515530e-01 9.978715e-01
4.258739e-01 1.875131e-09 6.513840e-01 9.977772e-01
4.266951e-01 1.768994e-09 6.527700e-01 9.978696e-01
4.265147e-01 1.689046e-09 6.416590e-01 9.979049e-01
4.270432e-01 1.669026e-09 6.527820e-01 9.978382e-01
4.279281e-01 1.741244e-09 6.392980e-01 9.979115e-01
4.287555e-01 1.670410e-09 6.543880e-01 9.978953e-01
4.290580e-01 1.669906e-09 6.422380e-01 9.978506e-01
4.295616e-01 1.625633e-09 6.530700e-01 9.979277e-01
4.304430e-01 1.728053e-09 6.487920e-01 9.978944e-01
4.306793e-01 1.639121e-09 6.608060e-01 9.978439e-01
4.304731e-01 1.567741e-09 6.437420e-01 9.979649e-01
4.314614e-01 1.584894e-09 6.481950e-01 9.977829e-01
4.320171e-01 1.515321e-09 6.468760e-01 9.978353e-01
4.315892e-01 1.420041e-09 6.451260e-01 9.978172e-01
4.324416e-01 1.404882e-09 6.476910e-01 9.977982e-01
4.333035e-01 1.451824e-09 6.461470e-01 9.978525e-01
4.331700e-01 1.337688e-09 6.534250e-01 9.979077e-01
4.339284e-01 1.406282e-09 6.484820e-01 9.978220e-01
4.338264e-01 1.303988e-09 6.458860e-01 9.977924e-01
4.341102e-01 1.253669e-09 6.570930e-01 9.978163e-01
4.349131e-01 1.315465e-09 6.540290e-01 9.977477e-01
4.349016e-01 1.247866e-09 6.406860e-01 9.979487e-01
4.360684e-01 1.312380e-09 6.392090e-01 9.977381e-01
4.360774e-01 1.263637e-09 6.407530e-01 9.977334e-01
4.373352e-01 1.394196e-09 6.576840e-01 9.977743e-01
4.373289e-01 1.298175e-09 6.423540e-01 9.977905e-01
4.374955e-01 1.270330e-09 6.416200e-01 9.978953e-01
4.370891e-01 1.159088e-09 6.609540e-01 9.977734e-01
4.384523e-01 1.258359e-09 6.658360e-01 9.977943e-01
4.379508e-01 1.177156e-09 6.699710e-01 9.978267e-01
4.382038e-01 1.113708e-09 6.479270e-01 9.978763e-01
4.381887e-01 1.093018e-09 6.474920e-01 9.977286e-01
4.392809e-01 1.140805e-09 6.481240e-01 9.977686e-01
4.392107e-01 1.060358e-09 6.503530e-01 9.977496e-01
4.399392e-01 1.114076e-09 6.381230e-01 9.978058e-01
4.404609e-01 1.103249e-09 6.513600e-01 9.977124e-01
4.407979e-01 1.058250e-09 6.461160e-01 9.977734e-01
4.408455e-01 1.055586e-09 6.551810e-01 9.978010e-01
4.407154e-01 9.974188e-10 6.459840e-01 9.977896e-01
4.419481e-01 1.062938e-09 6.585110e-01 9.976762e-01
4.425635e-01 1.113613e-09 6.591280e-01 9.977372e-01
4.415145e-01 9.563737e-10 6.396060e-01 9.978124e-01
4.419125e-01 9.462059e-10 6.475470e-01 9.977210e-01
4.427959e-01 9.955586e-10 6.486990e-01 9.977562e-01
4.420626e-01 9.346786e-10 6.449200e-01 9.978525e-01
4.432365e-01 9.882458e-10 6.570540e-01 9.978029e-01
4.438255e-01 9.751544e-10 6.557550e-01 9.977877e-01
4.436372e-01 9.361031e-10 6.482400e-01 9.977591e-01
4.439703e-01 9.327870e-10 6.642700e-01 9.977029e-01
4.440811e-01 9.045568e-10 6.430300e-01 9.977515e-01
4.446553e-01 9.367097e-10 6.561340e-01 9.976762e-01
4.450790e-01 9.281846e-10 6.389850e-01 9.977381e-01
4.452234e-01 9.195475e-10 6.468730e-01 9.976619e-01
4.456116e-01 9.537310e-10 6.614530e-01 9.976914e-01
4.457331e-01 8.976251e-10 6.397470e-01 9.977305e-01
4.460668e-01 9.140211e-10 6.619430e-01 9.977067e-01
4.463048e-01 8.963529e-10 6.645590e-01 9.977057e-01
4.467614e-01 8.770872e-10 6.539600e-01 9.977267e-01
4.461302e-01 8.384218e-10 6.511030e-01 9.977629e-01
4.466417e-01 8.155331e-10 6.549140e-01 9.977286e-01
4.470102e-01 8.251890e-10 6.504810e-01 9.976943e-01
4.474389e-01 8.865156e-10 6.394220e-01 9.977381e-01
4.476542e-01 8.335042e-10 6.466440e-01 9.977305e-01
4.476554e-01 8.137962e-10 6.531190e-01 9.976962e-01
4.478719e-01 7.990843e-10 6.588080e-01 9.977019e-01
4.481133e-01 7.855555e-10 6.517310e-01 9.976495e-01
4.478055e-01 7.489423e-10 6.771320e-01 9.976362e-01
4.480561e-01 7.457872e-10 6.458800e-01 9.976934e-01
4.485459e-01 7.607624e-10 6.420940e-01 9.976934e-01
4.484442e-01 7.088000e-10 6.542190e-01 9.977591e-01
4.495116e-01 7.974038e-10 6.683320e-01 9.976638e-01
4.496684e-01 7.943830e-10 6.524050e-01 9.977124e-01
4.496601e-01 7.627569e-10 6.453650e-01 9.976934e-01
4.496562e-01 7.109518e-10 6.510880e-01 9.977105e-01
4.498021e-01 7.012097e-10 6.445770e-01 9.977010e-01
4.501662e-01 7.255473e-10 6.409150e-01 9.976305e-01
4.502949e-01 6.967998e-10 6.528970e-01 9.977419e-01
4.507305e-01 7.459543e-10 6.472570e-01 9.977524e-01
4.509129e-01 7.010550e-10 6.433480e-01 9.976314e-01
4.507826e-01 6.755186e-10 6.552380e-01 9.975990e-01
4.508400e-01 6.650277e-10 6.461290e-01 9.977257e-01
4.512049e-01 6.782457e-10 6.604560e-01 9.977219e-01
4.512730e-01 6.654971e-10 6.443950e-01 9.976657e-01
4.516292e-01 6.701607e-10 6.609720e-01 9.976533e-01
4.519188e-01 6.525822e-10 6.459220e-01 9.976743e-01
4.522062e-01 6.821031e-10 6.411080e-01 9.976629e-01
4.522691e-01 6.546062e-10 6.797670e-01 9.977143e-01
4.520520e-01 6.314580e-10 6.405810e-01 9.976981e-01
4.526096e-01 6.749002e-10 6.420810e-01 9.976514e-01
4.525760e-01 6.410448e-10 6.481700e-01 9.976591e-01
4.526753e-01 6.244259e-10 6.456890e-01 9.976781e-01
4.530776e-01 6.196877e-10 6.542340e-01 9.977505e-01
4.529918e-01 6.170017e-10 6.499220e-01 9.976209e-01
4.527768e-01 5.891911e-10 6.569260e-01 9.976209e-01
4.530039e-01 5.903523e-10 6.434300e-01 9.976486e-01
4.537289e-01 6.102613e-10 6.722810e-01 9.976895e-01
4.536193e-01 5.745384e-10 6.664250e-01 9.976514e-01
4.547367e-01 6.571130e-10 6.474740e-01 9.976838e-01
4.539951e-01 5.760787e-10 6.436880e-01 9.975552e-01
4.543786e-01 5.910361e-10 6.555270e-01 9.977019e-01
4.542280e-01 5.664973e-10 6.558700e-01 9.976228e-01
4.548774e-01 5.857941e-10 6.625910e-01 9.977277e-01
4.543258e-01 5.677505e-10 6.519050e-01 9.976257e-01
4.546184e-01 5.640791e-10 6.410390e-01 9.976829e-01
4.549608e-01 5.609393e-10 6.394680e-01 9.976086e-01
4.556889e-01 5.865406e-10 6.515990e-01 9.976943e-01
4.557804e-01 5.939914e-10 6.516510e-01 9.976514e-01
4.549235e-01 5.014866e-10 6.667700e-01 9.976467e-01
4.563677e-01 6.032361e-10 6.509110e-01 9.976629e-01
4.559221e-01 5.623555e-10 7.029750e-01 9.976390e-01
4.560741e-01 5.657492e-10 6.398800e-01 9.976276e-01
4.560335e-01 5.377236e-10 6.456970e-01 9.975495e-01
4.561927e-01 5.358588e-10 6.576480e-01 9.976105e-01
4.561543e-01 5.090344e-10 6.583970e-01 9.976543e-01
4.562134e-01 5.094462e-10 6.514820e-01 9.977029e-01
4.563755e-01 5.094083e-10 6.459840e-01 9.976657e-01
4.568952e-01 5.303929e-10 6.545010e-01 9.976743e-01
4.565285e-01 5.084617e-10 6.612900e-01 9.976591e-01
4.569361e-01 4.936317e-10 6.524090e-01 9.976410e-01
4.573029e-01 5.096082e-10 6.535000e-01 9.975886e-01
4.570642e-01 4.781555e-10 6.646390e-01 9.975638e-01
4.571905e-01 4.930083e-10 6.604830e-01 9.976571e-01
4.575038e-01 4.826226e-10 6.539060e-01 9.976419e-01
4.575218e-01 4.773145e-10 6.574740e-01 9.975628e-01
4.577320e-01 4.963048e-10 6.693960e-01 9.975866e-01
4.577934e-01 4.946256e-10 6.571730e-01 9.976257e-01
4.581113e-01 4.987355e-10 6.497990e-01 9.975285e-01
4.582625e-01 4.910991e-10 6.564740e-01 9.975295e-01
4.581849e-01 4.928745e-10 6.423640e-01 9.975781e-01
4.581607e-01 4.676115e-10 6.469880e-01 9.976276e-01
4.583516e-01 4.743905e-10 6.515410e-01 9.976552e-01
4.586386e-01 4.840376e-10 6.543670e-01 9.976076e-01
4.585502e-01 4.625416e-10 6.729290e-01 9.975333e-01
4.588128e-01 4.721683e-10 6.484150e-01 9.975476e-01
4.591747e-01 4.928753e-10 6.477160e-01 9.975571e-01
4.588332e-01 4.458283e-10 6.393740e-01 9.976781e-01
4.593025e-01 4.648282e-10 6.552440e-01 9.976457e-01
4.596270e-01 4.725399e-10 6.445460e-01 9.975838e-01
4.592555e-01 4.432198e-10 6.647390e-01 9.976448e-01
4.594876e-01 4.440600e-10 6.423190e-01 9.975447e-01
4.596854e-01 4.536537e-10 6.550610e-01 9.976819e-01
4.595402e-01 4.372231e-10 6.489990e-01 9.976476e-01
4.598631e-01 4.353689e-10 6.555630e-01 9.975762e-01
4.603419e-01 4.434764e-10 6.435040e-01 9.977229e-01
4.598050e-01 4.074823e-10 6.546320e-01 9.975304e-01
4.607966e-01 4.819916e-10 6.396010e-01 9.976086e-01
4.602913e-01 4.284786e-10 6.443550e-01 9.975600e-01
4.603298e-01 4.255616e-10 6.416320e-01 9.976305e-01
4.602266e-01 4.115878e-10 6.485870e-01 9.975295e-01
4.607169e-01 4.274793e-10 6.405080e-01 9.975533e-01
4.605991e-01 4.045331e-10 6.501500e-01 9.976314e-01
4.610302e-01 4.357467e-10 6.518670e-01 9.976486e-01
4.608696e-01 4.139612e-10 6.443100e-01 9.975971e-01
4.610492e-01 4.248177e-10 6.508720e-01 9.975895e-01
4.609867e-01 4.118350e-10 6.426100e-01 9.975085e-01
4.613779e-01 4.316968e-10 6.813770e-01 9.975724e-01
4.610044e-01 3.965191e-10 6.471410e-01 9.975924e-01
4.616975e-01 4.174339e-10 6.499990e-01 9.975952e-01
4.614016e-01 3.996300e-10 6.484090e-01 9.976133e-01
4.615074e-01 3.885411e-10 6.422010e-01 9.975619e-01
4.619597e-01 4.073156e-10 6.393020e-01 9.976114e-01
4.618078e-01 3.891138e-10 6.522330e-01 9.976324e-01
4.615929e-01 3.772418e-10 6.481410e-01 9.975924e-01
4.617126e-01 3.661424e-10 6.423650e-01 9.976324e-01
4.622670e-01 3.990532e-10 6.468660e-01 9.975743e-01
4.619070e-01 3.723836e-10 6.547320e-01 9.976086e-01
4.624966e-01 3.960049e-10 6.499620e-01 9.976047e-01
4.622198e-01 3.685858e-10 6.524330e-01 9.976610e-01
4.626171e-01 3.840661e-10 6.577750e-01 9.975295e-01
4.623669e-01 3.663155e-10 6.394160e-01 9.976333e-01
4.623849e-01 3.691564e-10 6.428910e-01 9.976781e-01
4.629409e-01 3.946551e-10 6.641420e-01 9.976562e-01
4.625858e-01 3.558184e-10 6.474720e-01 9.975914e-01
4.627775e-01 3.558907e-10 6.503540e-01 9.976438e-01
4.629526e-01 3.640638e-10 6.702670e-01 9.976295e-01
4.629156e-01 3.553154e-10 6.439060e-01 9.975943e-01
4.632901e-01 3.777036e-10 6.389560e-01 9.975981e-01
4.633635e-01 3.870635e-10 6.441060e-01 9.975743e-01
4.631617e-01 3.648097e-10 6.538510e-01 9.975447e-01
4.633318e-01 3.488156e-10 6.418550e-01 9.976086e-01
4.636563e-01 3.666314e-10 6.418140e-01 9.975895e-01
4.634092e-01 3.435798e-10 6.559400e-01 9.976267e-01
4.636934e-01 3.560695e-10 6.490090e-01 9.976438e-01
4.637346e-01 3.696351e-10 6.523780e-01 9.976248e-01
4.641432e-01 3.697641e-10 6.401600e-01 9.975943e-01
4.639533e-01 3.639392e-10 6.449350e-01 9.975361e-01
4.639680e-01 3.549638e-10 6.489110e-01 9.975895e-01
4.642249e-01 3.593046e-10 6.484800e-01 9.976248e-01
4.636656e-01 3.166984e-10 6.466370e-01 9.975647e-01
4.645053e-01 3.599692e-10 6.646080e-01 9.975457e-01
4.640912e-01 3.351491e-10 6.504860e-01 9.975543e-01
4.640664e-01 3.260202e-10 6.651730e-01 9.975142e-01
4.644200e-01 3.319720e-10 6.533630e-01 9.976057e-01
4.645075e-01 3.188301e-10 6.673250e-01 9.976419e-01
4.647280e-01 3.517689e-10 6.731820e-01 9.976200e-01
4.648114e-01 3.293549e-10 6.593050e-01 9.975323e-01
4.644713e-01 3.111102e-10 6.459380e-01 9.975895e-01
4.647057e-01 3.278560e-10 6.482010e-01 9.975657e-01
4.647816e-01 3.250176e-10 6.749590e-01 9.976438e-01
4.648742e-01 3.291956e-10 6.457440e-01 9.976381e-01
4.651930e-01 3.392811e-10 6.573770e-01 9.975809e-01
4.648451e-01 3.077134e-10 6.536740e-01 9.975361e-01
4.654868e-01 3.384555e-10 6.474220e-01 9.975685e-01
4.653238e-01 3.162067e-10 6.554590e-01 9.975847e-01
4.650928e-01 3.060524e-10 6.567920e-01 9.975180e-01
4.657302e-01 3.356628e-10 6.443570e-01 9.976076e-01
4.654404e-01 3.111358e-10 6.445330e-01 9.975238e-01
4.655374e-01 3.129771e-10 6.448060e-01 9.975285e-01
4.656065e-01 3.191159e-10 6.655970e-01 9.976648e-01
4.659571e-01 3.354464e-10 6.521350e-01 9.975285e-01
4.656905e-01 3.105582e-10 6.482460e-01 9.975952e-01
4.656883e-01 3.024489e-10 6.709110e-01 9.976257e-01
4.658600e-01 3.193508e-10 6.498130e-01 9.975704e-01
4.659575e-01 3.159039e-10 6.457540e-01 9.975381e-01
4.658562e-01 3.005983e-10 6.463360e-01 9.975085e-01
4.662196e-01 3.087542e-10 6.477270e-01 9.975828e-01
4.665117e-01 3.136151e-10 6.410110e-01 9.975743e-01
4.664118e-01 3.041798e-10 6.605780e-01 9.976009e-01
4.663691e-01 2.984803e-10 6.498960e-01 9.975600e-01
4.664883e-01 2.959064e-10 6.444250e-01 9.975762e-01
4.662785e-01 3.000527e-10 6.627300e-01 9.976190e-01
4.660408e-01 2.725056e-10 6.493430e-01 9.976695e-01
4.664522e-01 2.869944e-10 6.457930e-01 9.975933e-01
4.667940e-01 2.983693e-10 6.625710e-01 9.976467e-01
4.666507e-01 2.867394e-10 6.678570e-01 9.976562e-01
4.669040e-01 3.152053e-10 6.400030e-01 9.976591e-01
4.669728e-01 2.931080e-10 6.505330e-01 9.975695e-01
4.670093e-01 2.894499e-10 6.453740e-01 9.975085e-01
4.668613e-01 2.773407e-10 6.585930e-01 9.974999e-01
4.671460e-01 2.853673e-10 6.497880e-01 9.975676e-01
4.672920e-01 2.930192e-10 6.531840e-01 9.975895e-01
4.672225e-01 2.774824e-10 6.513330e-01 9.975314e-01
4.673152e-01 2.824503e-10 6.453860e-01 9.975409e-01
4.669528e-01 2.666206e-10 6.409020e-01 9.975828e-01
4.673755e-01 2.913801e-10 6.507130e-01 9.975371e-01
4.671851e-01 2.742450e-10 6.685050e-01 9.975409e-01
4.670239e-01 2.550175e-10 6.711010e-01 9.976343e-01
4.679466e-01 3.109171e-10 6.607530e-01 9.975333e-01
4.674200e-01 2.743635e-10 6.578010e-01 9.975371e-01
4.678308e-01 2.729022e-10 6.614630e-01 9.975638e-01
4.679679e-01 2.931754e-10 6.566120e-01 9.974999e-01
4.677549e-01 2.729096e-10 6.602510e-01 9.976009e-01
4.678091e-01 2.656370e-10 6.582300e-01 9.975495e-01
4.678300e-01 2.606517e-10 6.640130e-01 9.975438e-01
4.678294e-01 2.608506e-10 6.526960e-01 9.975895e-01
4.680949e-01 2.764989e-10 6.466480e-01 9.975990e-01
4.678989e-01 2.738708e-10 6.469370e-01 9.975552e-01
4.682759e-01 2.686273e-10 6.504520e-01 9.974780e-01
4.680409e-01 2.548839e-10 6.550190e-01 9.975743e-01
4.681697e-01 2.613117e-10 6.493090e-01 9.974942e-01
4.683932e-01 2.667167e-10 6.519520e-01 9.975323e-01
4.686780e-01 2.730309e-10 6.422350e-01 9.975876e-01
4.682416e-01 2.487502e-10 6.474800e-01 9.975647e-01
4.683626e-01 2.595513e-10 6.588450e-01 9.975733e-01
4.685294e-01 2.625432e-10 6.749050e-01 9.975562e-01
4.683911e-01 2.517017e-10 6.445120e-01 9.975724e-01
4.683992e-01 2.483294e-10 6.534800e-01 9.975304e-01
4.685737e-01 2.452430e-10 6.489940e-01 9.975638e-01
4.686326e-01 2.517409e-10 6.478100e-01 9.976000e-01
4.688664e-01 2.515631e-10 6.423940e-01 9.976381e-01
4.692104e-01 2.767190e-10 6.460370e-01 9.975419e-01
4.688769e-01 2.454108e-10 6.643870e-01 9.974809e-01
4.690208e-01 2.612325e-10 6.599880e-01 9.975809e-01
4.688423e-01 2.473580e-10 6.677550e-01 9.975809e-01
4.690112e-01 2.503467e-10 6.489930e-01 9.976505e-01
4.688724e-01 2.412738e-10 6.473470e-01 9.975114e-01
4.692551e-01 2.537074e-10 6.595470e-01 9.975266e-01
4.689317e-01 2.416754e-10 6.412410e-01 9.976381e-01
4.691038e-01 2.392071e-10 6.468960e-01 9.976381e-01
4.691846e-01 2.450552e-10 6.691220e-01 9.975552e-01
4.692902e-01 2.424557e-10 6.536890e-01 9.974942e-01
4.695478e-01 2.436127e-10 6.525500e-01 9.975676e-01
4.697213e-01 2.510268e-10 6.551330e-01 9.975180e-01
4.692138e-01 2.285291e-10 6.536540e-01 9.975152e-01
4.697763e-01 2.505022e-10 6.518410e-01 9.974866e-01
4.697167e-01 2.474840e-10 6.434430e-01 9.975695e-01
4.693377e-01 2.227540e-10 6.487300e-01 9.974723e-01
4.695050e-01 2.310724e-10 6.519150e-01 9.976000e-01
4.695802e-01 2.325899e-10 6.488020e-01 9.975771e-01
4.698610e-01 2.335494e-10 6.706930e-01 9.974618e-01
4.698840e-01 2.430845e-10 6.555880e-01 9.975057e-01
4.697846e-01 2.217429e-10 6.678870e-01 9.974961e-01
4.700309e-01 2.398401e-10 6.472610e-01 9.975628e-01
4.700904e-01 2.458529e-10 6.551760e-01 9.975581e-01
4.703757e-01 2.485076e-10 6.735130e-01 9.975543e-01
4.700234e-01 2.298697e-10 6.768770e-01 9.976057e-01
4.700915e-01 2.268489e-10 6.509940e-01 9.974637e-01
4.698737e-01 2.182186e-10 6.566590e-01 9.975962e-01
4.701110e-01 2.176424e-10 6.509850e-01 9.975057e-01
4.705411e-01 2.389311e-10 6.404520e-01 9.976571e-01
4.702182e-01 2.223252e-10 6.488830e-01 9.974980e-01
4.702385e-01 2.223956e-10 6.485300e-01 9.974380e-01
4.702985e-01 2.263054e-10 6.460630e-01 9.974695e-01
4.704327e-01 2.219240e-10 6.481310e-01 9.974437e-01
4.704014e-01 2.243225e-10 6.438480e-01 9.974466e-01
4.703852e-01 2.166274e-10 6.548110e-01 9.975704e-01
4.705899e-01 2.262975e-10 6.656920e-01 9.975447e-01
4.703428e-01 2.157936e-10 6.612480e-01 9.974695e-01
4.706247e-01 2.177015e-10 6.393950e-01 9.976028e-01
4.707211e-01 2.213252e-10 6.503840e-01 9.975400e-01
4.705911e-01 2.144242e-10 6.596950e-01 9.976181e-01
4.708740e-01 2.282245e-10 6.491360e-01 9.975924e-01
4.708779e-01 2.270693e-10 6.551770e-01 9.974618e-01
4.710812e-01 2.380450e-10 6.542640e-01 9.975295e-01
4.710103e-01 2.230570e-10 6.487410e-01 9.974799e-01
4.708821e-01 2.137963e-10 6.565990e-01 9.974942e-01
4.708004e-01 2.055883e-10 6.583100e-01 9.974161e-01
4.712422e-01 2.316921e-10 6.555720e-01 9.976009e-01
4.711147e-01 2.186606e-10 6.571780e-01 9.975371e-01
4.711535e-01 2.179848e-10 6.448140e-01 9.975952e-01
4.714716e-01 2.216335e-10 6.397810e-01 9.975800e-01
4.713988e-01 2.140191e-10 6.423150e-01 9.974628e-01
4.713948e-01 2.169188e-10 6.400960e-01 9.975200e-01
4.712360e-01 2.090186e-10 6.380800e-01 9.975781e-01
4.713258e-01 2.054465e-10 6.580210e-01 9.975866e-01
4.715335e-01 2.107750e-10 6.712760e-01 9.975866e-01
4.713995e-01 2.047721e-10 6.676700e-01 9.974990e-01
4.711159e-01 1.923569e-10 6.465990e-01 9.975114e-01
4.715059e-01 2.076727e-10 6.425070e-01 9.975409e-01
4.711805e-01 1.954615e-10 6.429420e-01 9.975342e-01
4.714851e-01 2.068793e-10 6.468170e-01 9.975104e-01
4.716881e-01 2.085955e-10 6.614690e-01 9.975466e-01
4.716258e-01 2.062448e-10 6.505130e-01 9.975228e-01
4.718092e-01 2.096291e-10 6.629140e-01 9.975562e-01
4.716957e-01 2.015870e-10 6.403080e-01 9.974999e-01
4.719642e-01 2.142054e-10 6.485960e-01 9.974380e-01
4.718223e-01 1.982307e-10 6.410790e-01 9.974542e-01
4.720150e-01 2.121012e-10 6.401720e-01 9.974952e-01
4.720994e-01 2.141025e-10 6.427080e-01 9.975152e-01
4.720127e-01 2.021099e-10 6.390410e-01 9.974876e-01
4.720572e-01 2.079705e-10 6.384970e-01 9.975514e-01
4.721303e-01 2.079106e-10 6.697550e-01 9.975123e-01
4.721366e-01 1.967680e-10 6.477400e-01 9.974942e-01
4.722697e-01 1.970451e-10 6.596490e-01 9.976267e-01
4.720864e-01 1.948647e-10 6.463480e-01 9.975190e-01
4.722096e-01 2.032214e-10 6.476330e-01 9.973875e-01
4.719269e-01 1.833774e-10 6.564660e-01 9.975866e-01
4.723347e-01 2.029926e-10 6.427860e-01 9.974514e-01
4.722174e-01 1.953920e-10 6.574330e-01 9.974990e-01
4.724725e-01 2.024332e-10 6.655690e-01 9.975209e-01
4.722089e-01 1.972613e-10 6.455990e-01 9.974961e-01
4.726435e-01 2.059763e-10 6.458450e-01 9.974876e-01
4.724414e-01 1.933387e-10 6.595170e-01 9.975123e-01
4.724468e-01 1.885961e-10 6.495900e-01 9.975123e-01
4.724485e-01 1.878787e-10 6.523370e-01 9.974914e-01
4.724915e-01 1.856828e-10 6.483920e-01 9.975590e-01
4.726456e-01 1.982972e-10 6.577030e-01 9.975533e-01
4.727329e-01 1.986762e-10 6.469270e-01 9.975018e-01
4.723881e-01 1.841924e-10 6.546640e-01 9.975809e-01
4.727182e-01 1.851588e-10 6.451740e-01 9.975704e-01
4.726395e-01 1.839133e-10 6.418940e-01 9.975762e-01
4.727099e-01 1.859020e-10 6.496370e-01 9.975390e-01
4.729315e-01 1.895555e-10 6.402420e-01 9.974714e-01
4.730347e-01 1.939639e-10 6.430900e-01 9.974580e-01
4.726337e-01 1.770020e-10 6.494270e-01 9.975095e-01
4.724677e-01 1.712175e-10 6.621180e-01 9.975095e-01
4.731193e-01 1.932979e-10 6.590560e-01 9.974599e-01
4.729203e-01 1.851851e-10 6.528030e-01 9.974009e-01
4.730405e-01 1.877623e-10 6.609860e-01 9.975200e-01
4.728139e-01 1.752779e-10 6.502660e-01 9.975628e-01
4.730383e-01 1.795527e-10 6.569190e-01 9.974628e-01
4.731427e-01 1.804792e-10 6.588820e-01 9.975819e-01
4.730578e-01 1.782037e-10 6.486570e-01 9.974790e-01
4.733747e-01 1.833225e-10 6.478420e-01 9.974847e-01
4.732626e-01 1.831137e-10 6.678980e-01 9.974914e-01
4.733125e-01 1.840779e-10 6.534680e-01 9.975114e-01
4.732650e-01 1.802817e-10 6.503350e-01 9.975438e-01
4.732079e-01 1.708742e-10 6.552010e-01 9.974752e-01
4.735148e-01 1.879310e-10 6.487010e-01 9.975047e-01
4.733818e-01 1.831290e-10 6.419890e-01 9.975390e-01
4.734135e-01 1.691578e-10 6.522470e-01 9.975543e-01
4.734630e-01 1.775128e-10 6.555470e-01 9.974199e-01
4.733065e-01 1.655137e-10 6.494140e-01 9.975209e-01
4.736927e-01 1.853628e-10 6.475850e-01 9.975590e-01
4.733645e-01 1.679477e-10 6.552670e-01 9.976419e-01
4.733583e-01 1.679378e-10 6.391560e-01 9.975638e-01
4.735993e-01 1.738216e-10 6.529420e-01 9.974675e-01
4.736976e-01 1.756991e-10 6.722160e-01 9.975514e-01
4.737805e-01 1.792548e-10 6.602540e-01 9.974885e-01
4.735663e-01 1.718762e-10 6.455140e-01 9.974942e-01
4.738255e-01 1.735563e-10 6.598860e-01 9.974942e-01
4.737050e-01 1.746887e-10 6.474220e-01 9.975190e-01
4.735208e-01 1.609619e-10 6.635900e-01 9.974723e-01
4.737956e-01 1.753146e-10 6.543310e-01 9.975152e-01
4.737786e-01 1.750326e-10 6.532340e-01 9.975428e-01
4.739144e-01 1.724551e-10 6.473620e-01 9.974895e-01
4.737681e-01 1.663114e-10 6.539130e-01 9.975428e-01
4.741163e-01 1.845549e-10 6.585060e-01 9.974637e-01
4.739777e-01 1.755307e-10 6.633940e-01 9.975457e-01
4.736657e-01 1.611409e-10 6.496580e-01 9.975323e-01
4.738900e-01 1.690504e-10 6.519590e-01 9.975552e-01
4.741114e-01 1.679548e-10 6.476850e-01 9.974456e-01
4.739706e-01 1.743815e-10 6.640660e-01 9.973742e-01
4.738222e-01 1.588708e-10 6.500540e-01 9.975047e-01
4.740738e-01 1.647737e-10 6.509210e-01 9.975095e-01
4.740821e-01 1.708130e-10 6.623190e-01 9.975314e-01
4.742771e-01 1.760025e-10 6.632270e-01 9.976857e-01
4.742275e-01 1.616820e-10 6.457810e-01 9.974285e-01
4.742303e-01 1.678349e-10 6.530670e-01 9.975990e-01
4.742035e-01 1.661486e-10 6.456570e-01 9.974828e-01
4.742515e-01 1.636355e-10 6.784800e-01 9.974456e-01
4.741595e-01 1.620385e-10 6.415330e-01 9.975724e-01
4.742998e-01 1.660006e-10 6.493470e-01 9.974914e-01
4.743220e-01 1.677394e-10 6.624690e-01 9.975571e-01
4.742012e-01 1.572127e-10 6.534490e-01 9.974885e-01
4.743877e-01 1.674585e-10 6.488390e-01 9.974933e-01
4.744010e-01 1.588430e-10 6.468580e-01 9.975466e-01
4.741963e-01 1.571072e-10 6.683000e-01 9.974752e-01
4.743320e-01 1.595738e-10 6.623960e-01 9.975228e-01
4.745434e-01 1.659291e-10 6.469430e-01 9.974923e-01
4.745524e-01 1.597122e-10 6.514730e-01 9.975295e-01
4.744511e-01 1.567336e-10 6.507530e-01 9.974895e-01
4.745067e-01 1.576829e-10 6.436640e-01 9.974371e-01
4.747034e-01 1.647652e-10 6.446260e-01 9.975514e-01
4.748030e-01 1.679985e-10 6.443760e-01 9.975114e-01
4.747981e-01 1.645184e-10 6.564570e-01 9.975342e-01
4.747757e-01 1.570959e-10 6.501900e-01 9.975743e-01
4.747717e-01 1.569670e-10 6.461900e-01 9.975447e-01
4.749225e-01 1.638619e-10 6.402450e-01 9.975361e-01
4.749352e-01 1.641112e-10 6.592250e-01 9.974704e-01
4.749665e-01 1.618560e-10 6.574470e-01 9.974771e-01
4.751542e-01 1.681024e-10 6.412640e-01 9.974323e-01
4.748674e-01 1.584511e-10 6.447970e-01 9.975609e-01
4.749603e-01 1.516325e-10 6.568720e-01 9.975104e-01
4.747222e-01 1.481143e-10 6.473810e-01 9.975314e-01
4.750430e-01 1.580084e-10 6.621600e-01 9.974171e-01
4.750481e-01 1.573387e-10 6.404900e-01 9.975200e-01
4.749260e-01 1.533851e-10 6.594100e-01 9.974847e-01
4.754104e-01 1.660566e-10 6.498590e-01 9.974809e-01
4.750247e-01 1.538094e-10 6.535330e-01 9.974933e-01
4.751954e-01 1.594347e-10 6.402070e-01 9.975485e-01
4.750400e-01 1.546360e-10 6.398440e-01 9.974761e-01
4.749129e-01 1.490205e-10 6.397820e-01 9.975743e-01
4.753062e-01 1.604167e-10 6.419980e-01 9.974999e-01
4.750740e-01 1.466430e-10 6.727560e-01 9.974742e-01
4.753988e-01 1.557856e-10 6.517350e-01 9.974914e-01
4.753441e-01 1.556061e-10 6.658970e-01 9.974180e-01
4.754747e-01 1.564468e-10 6.417560e-01 9.974818e-01
4.754038e-01 1.575115e-10 6.620660e-01 9.974390e-01
4.752103e-01 1.529182e-10 6.487360e-01 9.975333e-01
4.753011e-01 1.477053e-10 6.548330e-01 9.974361e-01
4.754271e-01 1.513965e-10 6.508360e-01 9.975390e-01
4.752194e-01 1.438840e-10 6.513050e-01 9.975323e-01
4.754110e-01 1.518182e-10 6.571080e-01 9.974418e-01
4.754841e-01 1.528107e-10 6.502540e-01 9.974723e-01
4.755713e-01 1.563439e-10 6.565530e-01 9.975095e-01
4.753196e-01 1.462681e-10 6.420310e-01 9.975361e-01
4.753973e-01 1.441852e-10 6.600230e-01 9.975066e-01
4.756524e-01 1.524034e-10 6.569950e-01 9.974828e-01
4.755719e-01 1.505318e-10 6.526400e-01 9.974504e-01
4.755058e-01 1.483444e-10 6.555400e-01 9.974085e-01
4.756287e-01 1.494076e-10 6.540600e-01 9.974390e-01
4.756923e-01 1.479115e-10 6.564900e-01 9.974923e-01
4.757323e-01 1.474944e-10 6.527140e-01 9.974818e-01
4.757476e-01 1.446808e-10 6.575490e-01 9.974323e-01
4.757430e-01 1.419863e-10 6.451940e-01 9.975009e-01
4.759180e-01 1.509532e-10 6.458430e-01 9.975933e-01
4.756265e-01 1.415990e-10 6.498020e-01 9.975552e-01
4.759438e-01 1.480441e-10 6.464710e-01 9.975257e-01
4.759623e-01 1.511222e-10 6.557710e-01 9.975085e-01
4.758762e-01 1.503605e-10 6.461160e-01 9.974666e-01
4.760376e-01 1.476147e-10 6.556590e-01 9.974104e-01
4.758271e-01 1.402786e-10 6.640710e-01 9.975200e-01
4.757615e-01 1.361944e-10 6.592060e-01 9.974123e-01
4.759696e-01 1.449221e-10 6.583650e-01 9.975685e-01
4.757461e-01 1.390183e-10 6.402830e-01 9.975104e-01
4.760580e-01 1.433763e-10 6.473140e-01 9.974542e-01
4.760208e-01 1.455144e-10 6.541060e-01 9.974466e-01
4.761600e-01 1.455070e-10 6.507500e-01 9.974990e-01
4.761063e-01 1.448957e-10 6.663720e-01 9.974418e-01
4.761638e-01 1.450836e-10 6.642410e-01 9.974904e-01
4.760631e-01 1.398881e-10 6.521210e-01 9.974571e-01
4.762039e-01 1.393794e-10 6.917430e-01 9.974647e-01
4.762885e-01 1.491753e-10 7.339450e-01 9.974780e-01
4.759830e-01 1.355683e-10 8.556030e-01 9.974590e-01
4.763663e-01 1.443094e-10 7.604320e-01 9.974714e-01
4.760984e-01 1.361907e-10 7.299260e-01 9.975009e-01
4.765097e-01 1.463999e-10 7.413460e-01 9.975857e-01
4.764084e-01 1.445026e-10 7.504710e-01 9.974695e-01
4.762652e-01 1.401316e-10 7.259600e-01 9.974104e-01
4.762732e-01 1.396281e-10 7.324020e-01 9.975628e-01
4.762508e-01 1.384851e-10 7.248870e-01 9.975152e-01
4.764108e-01 1.382980e-10 7.533040e-01 9.975009e-01
4.762560e-01 1.378462e-10 7.305420e-01 9.974961e-01
4.763706e-01 1.379162e-10 7.187630e-01 9.974399e-01
4.764104e-01 1.397103e-10 7.621050e-01 9.975180e-01
4.763056e-01 1.306595e-10 7.459160e-01 9.974799e-01
4.765462e-01 1.397286e-10 7.593480e-01 9.975085e-01
4.765757e-01 1.366509e-10 7.472750e-01 9.974809e-01
4.767106e-01 1.439756e-10 7.405910e-01 9.974590e-01
4.766429e-01 1.406468e-10 7.342010e-01 9.975419e-01
4.765698e-01 1.358505e-10 7.126190e-01 9.975028e-01
4.766715e-01 1.408656e-10 7.346030e-01 9.974132e-01
4.765532e-01 1.324958e-10 7.521030e-01 9.975581e-01
4.766746e-01 1.388516e-10 8.409200e-01 9.974037e-01
4.767782e-01 1.418345e-10 7.602450e-01 9.975190e-01
4.765409e-01 1.346027e-10 7.692910e-01 9.975238e-01
4.766164e-01 1.352290e-10 7.382090e-01 9.975857e-01
4.768304e-01 1.401037e-10 7.570550e-01 9.974361e-01
4.769081e-01 1.411769e-10 7.345740e-01 9.974723e-01
4.768040e-01 1.344926e-10 7.225970e-01 9.975352e-01
4.766104e-01 1.275031e-10 7.378220e-01 9.975247e-01
4.766807e-01 1.264859e-10 7.199340e-01 9.974857e-01
4.769838e-01 1.400882e-10 7.022890e-01 9.975247e-01
4.768670e-01 1.346121e-10 7.822480e-01 9.974799e-01
4.769813e-01 1.363566e-10 8.253140e-01 9.975714e-01
4.768467e-01 1.301747e-10 7.194640e-01 9.974523e-01
4.769591e-01 1.402005e-10 7.272600e-01 9.975266e-01
4.768675e-01 1.307468e-10 7.541250e-01 9.973551e-01
4.769948e-01 1.330725e-10 7.222410e-01 9.974342e-01
4.768776e-01 1.331020e-10 7.312230e-01 9.974504e-01
4.769666e-01 1.305610e-10 7.748870e-01 9.974942e-01
4.768964e-01 1.265449e-10 7.494690e-01 9.973913e-01
4.769039e-01 1.268768e-10 7.400380e-01 9.975266e-01
4.770306e-01 1.332325e-10 7.315570e-01 9.975133e-01
4.770300e-01 1.317130e-10 7.346400e-01 9.974647e-01
4.769296e-01 1.261757e-10 7.443090e-01 9.975438e-01
4.773133e-01 1.336406e-10 7.394420e-01 9.975400e-01
4.771349e-01 1.295031e-10 7.581300e-01 9.974733e-01
4.772438e-01 1.334346e-10 7.347520e-01 9.975028e-01
4.770423e-01 1.259874e-10 7.235260e-01 9.973980e-01
4.771445e-01 1.282718e-10 8.023670e-01 9.975104e-01
4.774718e-01 1.428305e-10 7.136430e-01 9.975200e-01
4.773154e-01 1.328048e-10 7.423350e-01 9.974485e-01
4.772979e-01 1.301811e-10 6.967320e-01 9.974285e-01
4.772482e-01 1.246932e-10 7.310960e-01 9.974780e-01
4.773585e-01 1.325470e-10 6.881240e-01 9.974980e-01
4.773008e-01 1.301282e-10 7.144610e-01 9.974466e-01
4.773085e-01 1.270264e-10 7.026470e-01 9.975314e-01
4.772018e-01 1.248495e-10 8.041330e-01 9.974047e-01
4.773249e-01 1.267052e-10 7.362190e-01 9.974504e-01
4.772287e-01 1.246640e-10 7.851520e-01 9.974247e-01
4.776008e-01 1.346099e-10 7.410300e-01 9.974780e-01
4.774320e-01 1.246812e-10 7.674200e-01 9.974113e-01
4.774801e-01 1.309720e-10 7.698490e-01 9.975704e-01
4.776232e-01 1.346405e-10 7.528300e-01 9.974971e-01
4.774687e-01 1.238286e-10 7.417560e-01 9.974923e-01
4.775768e-01 1.314346e-10 7.433760e-01 9.974809e-01
4.775742e-01 1.263984e-10 7.669450e-01 9.974742e-01
4.775654e-01 1.300385e-10 7.183710e-01 9.974637e-01
4.776012e-01 1.314859e-10 7.307810e-01 9.975552e-01
4.773899e-01 1.223753e-10 7.539530e-01 9.974961e-01
4.775933e-01 1.233713e-10 7.043710e-01 9.974294e-01
4.775317e-01 1.289386e-10 7.440130e-01 9.974237e-01
4.775882e-01 1.238478e-10 7.166390e-01 9.975447e-01
4.776978e-01 1.271441e-10 7.484290e-01 9.974104e-01
4.773390e-01 1.138488e-10 8.567630e-01 9.975581e-01
4.775838e-01 1.246932e-10 7.869590e-01 9.976209e-01
4.777785e-01 1.264980e-10 6.932210e-01 9.974209e-01
4.776432e-01 1.245489e-10 6.646620e-01 9.974790e-01
4.776957e-01 1.244978e-10 7.014250e-01 9.975552e-01
4.778343e-01 1.261829e-10 6.980770e-01 9.975342e-01
4.779643e-01 1.261817e-10 8.161500e-01 9.975695e-01
4.779539e-01 1.256697e-10 7.173960e-01 9.974961e-01
4.779423e-01 1.286559e-10 7.373040e-01 9.974628e-01
4.778876e-01 1.219801e-10 7.080670e-01 9.974752e-01
4.779302e-01 1.232639e-10 7.960400e-01 9.975200e-01
4.778381e-01 1.276283e-10 9.004510e-01 9.974228e-01
4.778063e-01 1.198407e-10 8.451950e-01 9.974552e-01
4.779963e-01 1.250023e-10 7.031410e-01 9.975266e-01
4.778865e-01 1.195906e-10 8.578470e-01 9.974752e-01
4.777032e-01 1.099797e-10 8.670460e-01 9.975600e-01
4.780337e-01 1.208640e-10 7.471570e-01 9.975371e-01
4.780618e-01 1.221560e-10 7.522030e-01 9.974609e-01
4.778281e-01 1.139225e-10 7.189960e-01 9.975428e-01
4.779458e-01 1.171959e-10 7.468260e-01 9.974609e-01
4.780808e-01 1.195527e-10 7.120830e-01 9.974656e-01
4.778788e-01 1.137958e-10 7.038180e-01 9.974399e-01
4.780748e-01 1.183151e-10 7.152130e-01 9.974428e-01
4.781203e-01 1.202933e-10 7.735970e-01 9.974837e-01
4.781617e-01 1.198281e-10 8.313740e-01 9.975133e-01
4.779746e-01 1.117157e-10 7.475530e-01 9.974332e-01
4.782314e-01 1.232666e-10 8.250260e-01 9.973828e-01
4.780822e-01 1.152055e-10 7.781990e-01 9.974218e-01
4.780863e-01 1.126109e-10 7.849280e-01 9.974952e-01
4.781534e-01 1.160038e-10 7.626490e-01 9.974561e-01
4.782583e-01 1.157224e-10 7.461140e-01 9.974876e-01
4.780283e-01 1.101863e-10 7.307010e-01 9.974980e-01
4.781996e-01 1.149486e-10 7.663840e-01 9.974628e-01
4.782794e-01 1.180596e-10 7.349020e-01 9.974666e-01
4.782564e-01 1.189917e-10 7.421410e-01 9.975076e-01
4.782878e-01 1.172087e-10 7.123470e-01 9.974009e-01
4.781374e-01 1.117548e-10 6.745760e-01 9.974885e-01
4.782763e-01 1.115035e-10 6.657800e-01 9.974275e-01
4.784035e-01 1.150201e-10 6.907280e-01 9.975238e-01
4.783728e-01 1.168973e-10 6.756040e-01 9.974352e-01
4.783612e-01 1.107548e-10 7.316790e-01 9.973770e-01
4.783508e-01 1.152989e-10 7.963510e-01 9.974590e-01
4.782970e-01 1.124725e-10 7.733420e-01 9.973599e-01
4.783342e-01 1.139500e-10 6.671350e-01 9.974580e-01
4.782453e-01 1.100423e-10 6.608170e-01 9.975285e-01
4.783579e-01 1.129595e-10 6.743470e-01 9.975095e-01
4.786242e-01 1.179533e-10 6.558360e-01 9.974571e-01
4.784159e-01 1.134898e-10 6.599830e-01 9.974304e-01
4.784087e-01 1.157126e-10 6.836330e-01 9.974857e-01
4.783388e-01 1.113840e-10 6.949700e-01 9.974504e-01
4.783620e-01 1.106768e-10 7.612880e-01 9.974399e-01
4.787155e-01 1.178666e-10 7.871950e-01 9.975666e-01
4.784181e-01 1.086141e-10 7.099000e-01 9.974132e-01
4.785722e-01 1.117962e-10 6.639190e-01 9.974361e-01
4.785799e-01 1.127502e-10 6.932960e-01 9.974018e-01
4.785965e-01 1.128895e-10 6.972340e-01 9.975200e-01
4.784748e-01 1.076998e-10 6.634080e-01 9.975142e-01
4.784537e-01 1.069529e-10 7.602560e-01 9.973770e-01
4.786937e-01 1.127868e-10 7.643530e-01 9.974885e-01
4.783424e-01 1.031841e-10 7.523300e-01 9.974961e-01
4.787130e-01 1.146055e-10 6.946850e-01 9.975133e-01
4.787364e-01 1.117521e-10 7.045920e-01 9.975876e-01
4.787408e-01 1.159137e-10 6.908220e-01 9.974723e-01
4.784428e-01 1.020687e-10 6.885400e-01 9.974799e-01
4.786129e-01 1.090015e-10 6.641140e-01 9.974942e-01
4.788485e-01 1.133504e-10 6.878100e-01 9.975285e-01
4.784363e-01 1.040268e-10 6.653700e-01 9.973656e-01
4.788819e-01 1.180567e-10 6.700150e-01 9.974733e-01
4.787247e-01 1.089844e-10 6.596370e-01 9.974228e-01
4.788030e-01 1.118168e-10 6.526560e-01 9.975247e-01
4.787111e-01 1.097501e-10 6.824210e-01 9.975009e-01
4.787656e-01 1.118721e-10 6.937150e-01 9.974714e-01
4.788538e-01 1.090867e-10 7.655410e-01 9.973742e-01
4.788904e-01 1.102487e-10 7.823250e-01 9.974628e-01
4.787267e-01 1.050798e-10 7.165630e-01 9.976009e-01
4.787700e-01 1.061468e-10 6.709000e-01 9.975009e-01
4.787920e-01 1.055764e-10 6.698060e-01 9.974647e-01
4.788055e-01 1.067625e-10 6.823990e-01 9.974666e-01
4.789193e-01 1.095140e-10 6.566400e-01 9.974466e-01
4.790298e-01 1.153391e-10 6.817550e-01 9.974675e-01
4.789969e-01 1.158316e-10 6.746170e-01 9.974790e-01
4.790772e-01 1.105265e-10 6.818610e-01 9.974371e-01
4.789412e-01 1.077349e-10 6.552170e-01 9.975066e-01
4.790263e-01 1.087354e-10 6.872070e-01 9.975447e-01
4.788047e-01 1.029006e-10 7.903600e-01 9.974837e-01
4.791365e-01 1.116580e-10 7.853730e-01 9.974418e-01
4.791546e-01 1.142066e-10 7.332640e-01 9.974371e-01
4.790207e-01 1.069999e-10 6.695130e-01 9.974685e-01
4.793429e-01 1.163096e-10 6.576810e-01 9.974475e-01
4.792106e-01 1.116947e-10 6.709910e-01 9.974923e-01
4.790921e-01 1.093015e-10 6.517330e-01 9.974123e-01
4.791499e-01 1.094157e-10 6.615710e-01 9.974714e-01
4.792332e-01 1.126934e-10 6.561600e-01 9.975114e-01
4.790625e-01 1.060598e-10 7.132260e-01 9.974675e-01
4.791782e-01 1.074113e-10 8.079950e-01 9.973923e-01
4.792939e-01 1.070584e-10 8.123170e-01 9.974342e-01
4.792960e-01 1.099801e-10 7.147900e-01 9.974942e-01
4.789840e-01 1.010012e-10 6.544130e-01 9.974523e-01
4.791326e-01 1.027104e-10 6.655590e-01 9.974647e-01
4.792238e-01 1.046964e-10 7.315000e-01 9.975285e-01
4.792760e-01 1.038244e-10 8.228070e-01 9.974171e-01
4.792188e-01 1.035354e-10 8.587290e-01 9.975419e-01
4.793372e-01 1.072786e-10 7.139560e-01 9.974390e-01
4.791429e-01 9.957506e-11 6.975980e-01 9.975085e-01
4.792485e-01 1.050319e-10 6.861170e-01 9.975495e-01
4.793607e-01 1.085308e-10 6.804650e-01 9.973284e-01
4.793008e-01 1.059183e-10 6.565630e-01 9.973256e-01
4.793857e-01 1.086268e-10 6.897370e-01 9.974294e-01
4.793322e-01 1.021606e-10 7.915630e-01 9.975809e-01
4.793043e-01 1.027708e-10 7.806280e-01 9.974628e-01
4.794040e-01 1.068182e-10 7.638820e-01 9.974380e-01
4.794449e-01 1.104084e-10 6.765820e-01 9.973932e-01
4.794362e-01 1.069355e-10 6.894220e-01 9.974371e-01
4.795144e-01 1.081966e-10 7.211290e-01 9.975647e-01
4.795643e-01 1.103644e-10 7.614670e-01 9.974609e-01
4.795682e-01 1.091284e-10 7.670110e-01 9.974390e-01
4.793039e-01 9.805944e-11 7.235860e-01 9.973923e-01
4.795058e-01 1.032188e-10 6.921590e-01 9.974876e-01
4.795445e-01 1.073452e-10 6.721390e-01 9.973475e-01
4.792808e-01 9.763495e-11 6.775690e-01 9.974180e-01
4.794614e-01 1.047608e-10 7.906270e-01 9.975142e-01
4.795666e-01 1.026748e-10 7.835590e-01 9.974409e-01
4.793971e-01 9.960061e-11 7.674550e-01 9.973542e-01
4.794152e-01 1.002980e-10 6.526700e-01 9.974685e-01
4.796151e-01 1.000118e-10 6.751440e-01 9.974790e-01
4.793366e-01 9.905474e-11 6.769830e-01 9.974771e-01
4.795081e-01 9.968355e-11 6.874700e-01 9.975114e-01
4.795282e-01 1.024133e-10 7.823290e-01 9.974733e-01
4.797510e-01 1.066664e-10 7.844330e-01 9.974828e-01
4.796284e-01 9.925077e-11 7.789250e-01 9.974828e-01
4.797192e-01 1.054843e-10 6.650390e-01 9.973704e-01
4.794383e-01 9.731247e-11 6.732390e-01 9.975685e-01
4.795534e-01 9.977889e-11 6.725950e-01 9.975285e-01
4.798182e-01 1.030925e-10 6.676300e-01 9.974266e-01
4.795505e-01 9.446497e-11 6.910940e-01 9.974742e-01
4.797598e-01 1.037959e-10 6.781740e-01 9.974885e-01
4.796116e-01 9.687523e-11 6.750200e-01 9.974999e-01
4.797379e-01 9.844114e-11 7.701620e-01 9.974837e-01
4.797149e-01 1.005338e-10 7.759370e-01 9.974437e-01
4.796565e-01 9.886961e-11 7.419760e-01 9.974113e-01
4.797300e-01 1.006595e-10 6.603890e-01 9.974332e-01
4.796300e-01 9.753165e-11 6.569420e-01 9.974580e-01
4.797928e-01 1.005579e-10 6.750890e-01 9.975209e-01
4.799256e-01 1.026290e-10 6.541720e-01 9.974352e-01
4.798471e-01 1.029686e-10 6.506070e-01 9.973246e-01
4.797156e-01 9.668593e-11 6.769780e-01 9.975152e-01
4.795849e-01 9.060826e-11 6.562120e-01 9.974533e-01
4.798390e-01 9.778429e-11 7.000430e-01 9.974399e-01
4.798899e-01 1.015780e-10 7.432960e-01 9.975495e-01
4.798074e-01 9.845601e-11 7.472750e-01 9.974494e-01
4.797624e-01 9.584833e-11 7.487340e-01 9.974285e-01
4.799490e-01 1.031803e-10 7.465780e-01 9.974609e-01
4.800327e-01 1.043441e-10 6.977450e-01 9.974980e-01
4.797437e-01 9.445417e-11 6.743060e-01 9.974485e-01
4.800400e-01 1.030120e-10 6.900840e-01 9.975009e-01
4.796664e-01 8.827207e-11 6.884140e-01 9.974256e-01
4.799678e-01 9.842202e-11 6.834240e-01 9.974809e-01
4.798992e-01 9.401915e-11 6.651620e-01 9.975038e-01
4.801315e-01 1.026616e-10 7.989520e-01 9.974447e-01
4.800864e-01 1.022025e-10 7.836410e-01 9.974618e-01
4.800198e-01 9.725729e-11 7.799450e-01 9.973837e-01
4.799303e-01 9.824587e-11 7.831550e-01 9.974837e-01
4.800106e-01 9.558172e-11 7.769250e-01 9.974799e-01
4.800433e-01 1.008202e-10 7.423520e-01 9.974352e-01
4.799166e-01 9.369009e-11 8.072940e-01 9.975552e-01
4.801004e-01 9.775695e-11 7.889090e-01 9.973485e-01
4.800277e-01 9.884043e-11 7.692380e-01 9.973980e-01
4.800343e-01 9.659889e-11 7.227880e-01 9.974895e-01
4.800751e-01 9.918048e-11 6.736440e-01 9.974761e-01
4.800437e-01 9.924791e-11 6.599200e-01 9.975219e-01
4.798617e-01 9.157516e-11 6.881730e-01 9.973951e-01
4.801139e-01 9.838883e-11 6.552740e-01 9.974218e-01
4.802494e-01 9.828877e-11 6.749550e-01 9.974990e-01
4.802885e-01 9.917680e-11 6.979030e-01 9.974780e-01
4.802195e-01 9.872926e-11 6.654080e-01 9.973608e-01
4.802195e-01 9.748123e-11 6.628160e-01 9.974609e-01
4.800435e-01 9.252673e-11 6.455640e-01 9.974609e-01
4.802122e-01 9.978811e-11 6.707480e-01 9.974561e-01
4.804450e-01 1.054843e-10 6.450200e-01 9.974933e-01
4.802500e-01 9.608572e-11 6.653320e-01 9.974056e-01
4.800348e-01 9.453371e-11 7.958300e-01 9.974313e-01
4.802450e-01 9.961077e-11 7.900140e-01 9.975190e-01
4.802117e-01 9.505305e-11 7.804490e-01 9.974656e-01
4.801528e-01 9.560547e-11 7.903000e-01 9.973780e-01
4.802842e-01 9.735529e-11 7.913280e-01 9.974514e-01
4.804923e-01 1.041805e-10 7.642310e-01 9.974285e-01
4.800853e-01 8.883024e-11 6.871580e-01 9.974075e-01
4.802840e-01 9.565446e-11 7.678140e-01 9.975257e-01
4.801508e-01 9.202855e-11 7.677940e-01 9.974132e-01
4.802446e-01 9.466684e-11 7.390760e-01 9.974342e-01
4.801447e-01 9.459534e-11 6.673920e-01 9.974685e-01
4.803065e-01 9.456319e-11 6.688130e-01 9.975190e-01
4.803258e-01 8.956931e-11 6.797190e-01 9.974028e-01
4.803607e-01 9.128747e-11 6.533030e-01 9.974332e-01
4.803242e-01 9.281155e-11 6.584670e-01 9.973894e-01
4.803991e-01 9.628502e-11 7.031540e-01 9.975752e-01
4.804177e-01 9.207853e-11 7.602680e-01 9.973885e-01
4.802965e-01 8.851726e-11 7.688760e-01 9.973932e-01
4.803029e-01 9.275651e-11 7.338880e-01 9.974332e-01
4.804705e-01 9.552203e-11 7.183120e-01 9.974085e-01
4.803767e-01 9.231742e-11 6.869410e-01 9.974685e-01
4.803491e-01 9.324966e-11 8.286860e-01 9.974113e-01
4.805353e-01 9.943167e-11 8.230090e-01 9.974647e-01
4.804172e-01 9.343876e-11 7.489360e-01 9.975114e-01
4.804485e-01 9.405092e-11 6.647280e-01 9.974056e-01
4.804753e-01 9.495560e-11 6.741360e-01 9.975018e-01
4.806398e-01 9.293424e-11 6.659410e-01 9.975419e-01
4.805587e-01 9.017269e-11 6.636370e-01 9.973313e-01
4.805962e-01 9.584671e-11 6.801220e-01 9.974580e-01
4.804202e-01 8.904381e-11 6.883370e-01 9.974818e-01
4.802572e-01 8.483847e-11 6.640690e-01 9.975095e-01
4.804078e-01 8.756860e-11 6.580190e-01 9.974113e-01
4.805368e-01 9.375909e-11 6.533160e-01 9.974323e-01
4.805953e-01 9.076248e-11 6.735110e-01 9.974475e-01
4.805511e-01 9.174657e-11 6.450130e-01 9.973761e-01
4.807360e-01 9.484601e-11 6.579250e-01 9.973770e-01
4.807001e-01 9.180300e-11 6.593520e-01 9.974371e-01
4.805882e-01 8.978919e-11 6.918100e-01 9.974390e-01
4.806954e-01 9.341632e-11 7.598740e-01 9.974828e-01
4.805166e-01 8.827346e-11 7.533950e-01 9.974447e-01
4.807488e-01 9.503221e-11 7.216950e-01 9.975018e-01
4.806320e-01 9.116250e-11 6.627900e-01 9.974094e-01
4.806484e-01 9.001929e-11 7.965180e-01 9.974380e-01
4.805347e-01 8.771837e-11 7.895900e-01 9.974247e-01
4.806053e-01 8.971012e-11 7.415630e-01 9.974990e-01
4.805837e-01 8.792729e-11 6.798440e-01 9.974209e-01
4.807825e-01 9.285787e-11 6.656220e-01 9.975371e-01
4.806096e-01 8.846805e-11 6.670540e-01 9.975276e-01
4.806765e-01 9.500779e-11 6.804190e-01 9.974628e-01
4.807402e-01 9.292451e-11 6.540160e-01 9.974999e-01
4.805821e-01 8.776060e-11 6.623500e-01 9.975257e-01
4.806819e-01 9.096835e-11 7.986280e-01 9.974685e-01
4.806648e-01 8.988566e-11 8.886030e-01 9.974866e-01
4.806636e-01 8.842394e-11 8.128540e-01 9.973608e-01
4.808136e-01 9.313726e-11 8.229080e-01 9.974018e-01
4.807298e-01 8.718008e-11 7.427690e-01 9.974361e-01
4.809904e-01 9.074274e-11 8.048690e-01 9.974942e-01
4.809011e-01 9.286755e-11 7.796560e-01 9.975323e-01
4.806948e-01 8.829919e-11 7.605340e-01 9.974723e-01
4.806775e-01 8.516208e-11 6.908690e-01 9.974847e-01
4.808655e-01 9.261178e-11 7.536810e-01 9.974361e-01
4.808090e-01 8.589122e-11 7.777280e-01 9.974142e-01
4.808390e-01 8.855824e-11 7.777780e-01 9.974428e-01
4.808667e-01 9.013128e-11 7.668340e-01 9.974428e-01
4.808401e-01 8.880753e-11 7.756270e-01 9.975009e-01
4.808084e-01 8.567711e-11 7.771620e-01 9.975371e-01
4.808706e-01 8.765130e-11 7.841340e-01 9.974037e-01
4.809437e-01 9.372220e-11 7.709980e-01 9.973570e-01
4.808803e-01 8.736040e-11 7.302530e-01 9.974647e-01
4.809944e-01 9.033931e-11 6.797660e-01 9.974866e-01
4.809455e-01 8.992480e-11 6.701790e-01 9.974104e-01
4.808096e-01 8.729349e-11 7.264280e-01 9.973799e-01
4.809185e-01 8.641209e-11 7.944520e-01 9.975038e-01
4.808887e-01 8.617513e-11 7.689480e-01 9.974180e-01
4.810016e-01 9.002285e-11 7.057930e-01 9.974666e-01
4.810801e-01 9.238060e-11 6.779150e-01 9.975800e-01
4.810351e-01 8.896405e-11 6.826550e-01 9.975190e-01
4.809650e-01 8.663342e-11 6.648850e-01 9.975257e-01
4.810329e-01 8.840932e-11 6.630770e-01 9.975361e-01
4.810737e-01 9.022194e-11 6.673620e-01 9.975657e-01
4.809271e-01 8.334640e-11 7.799090e-01 9.975152e-01
4.809156e-01 8.445183e-11 7.732220e-01 9.974304e-01
4.809219e-01 8.508485e-11 7.607250e-01 9.974771e-01
4.810181e-01 8.339176e-11 6.675630e-01 9.974199e-01
4.809478e-01 8.428766e-11 6.720290e-01 9.974666e-01
4.810609e-01 8.766147e-11 7.125440e-01 9.975247e-01
4.810101e-01 8.651034e-11 7.506300e-01 9.974485e-01
4.809792e-01 8.472434e-11 7.397370e-01 9.973704e-01
4.810663e-01 8.704017e-11 7.433120e-01 9.974685e-01
4.810971e-01 8.764880e-11 7.490210e-01 9.974256e-01
4.810320e-01 8.372799e-11 8.238650e-01 9.974399e-01
4.812821e-01 9.177878e-11 8.267890e-01 9.974857e-01
4.811597e-01 8.667746e-11 7.623590e-01 9.975123e-01
4.812494e-01 8.805323e-11 6.729420e-01 9.973989e-01
4.810812e-01 8.523490e-11 7.519940e-01 9.975828e-01
4.811075e-01 8.564450e-11 7.875980e-01 9.973980e-01
4.811764e-01 8.805233e-11 7.716730e-01 9.976047e-01
4.811050e-01 8.520740e-11 7.608890e-01 9.974866e-01
4.812850e-01 9.028636e-11 6.697200e-01 9.973570e-01
4.811306e-01 8.342562e-11 6.641170e-01 9.975114e-01
4.811457e-01 8.320207e-11 6.705550e-01 9.974256e-01
4.813111e-01 8.782153e-11 6.652150e-01 9.974828e-01
4.812396e-01 8.645178e-11 6.712670e-01 9.975133e-01
4.811274e-01 8.253846e-11 7.562000e-01 9.976314e-01
4.812486e-01 8.568484e-11 8.060940e-01 9.974390e-01
4.812177e-01 8.421232e-11 7.759020e-01 9.974771e-01
4.812726e-01 8.529232e-11 7.000530e-01 9.974352e-01
4.813480e-01 8.838470e-11 6.794410e-01 9.974151e-01
4.813387e-01 8.817022e-11 6.567800e-01 9.974618e-01
4.813286e-01 8.650845e-11 7.071980e-01 9.974247e-01
4.812890e-01 8.529514e-11 7.858570e-01 9.975619e-01
4.811905e-01 8.419076e-11 7.858180e-01 9.974123e-01
4.812671e-01 8.379254e-11 7.215450e-01 9.974857e-01
4.812444e-01 8.338240e-11 6.631340e-01 9.975390e-01
4.813678e-01 8.654064e-11 6.741740e-01 9.974695e-01
4.812887e-01 8.139699e-11 6.751220e-01 9.974466e-01
4.813388e-01 8.559517e-11 6.711210e-01 9.974475e-01
4.810989e-01 7.617575e-11 6.765520e-01 9.975581e-01
4.813341e-01 8.289328e-11 6.541820e-01 9.975200e-01
4.812105e-01 7.990253e-11 6.740580e-01 9.974647e-01
4.813416e-01 8.478044e-11 6.656040e-01 9.974714e-01
4.814160e-01 8.467225e-11 6.615110e-01 9.974561e-01
4.814450e-01 8.597466e-11 6.468520e-01 9.974361e-01
4.813684e-01 8.295684e-11 6.581810e-01 9.974142e-01
4.814256e-01 8.276713e-11 6.579390e-01 9.974466e-01
4.813611e-01 8.156277e-11 6.760790e-01 9.974485e-01
4.813089e-01 7.965001e-11 6.672210e-01 9.973608e-01
4.815024e-01 8.247934e-11 6.585670e-01 9.974075e-01
4.813493e-01 7.911195e-11 6.437750e-01 9.974857e-01
4.814422e-01 8.314926e-11 6.559160e-01 9.974514e-01
4.812351e-01 7.807141e-11 6.596040e-01 9.974695e-01
4.813262e-01 8.035523e-11 6.690830e-01 9.974914e-01
4.814615e-01 8.257533e-11 6.700040e-01 9.974237e-01
4.815585e-01 8.480353e-11 6.569160e-01 9.974199e-01
4.813368e-01 7.773996e-11 6.532520e-01 9.975276e-01
4.815122e-01 8.419348e-11 7.487190e-01 9.974237e-01
4.814185e-01 7.997898e-11 7.987780e-01 9.974580e-01
4.814671e-01 8.244627e-11 7.948790e-01 9.974618e-01
4.814578e-01 8.062775e-11 6.980630e-01 9.974428e-01
4.814608e-01 8.058827e-11 6.692870e-01 9.974904e-01
4.814194e-01 7.749152e-11 6.782340e-01 9.974971e-01
4.815506e-01 8.193865e-11 6.737280e-01 9.973523e-01
4.816070e-01 8.281319e-11 7.521270e-01 9.973904e-01
4.816080e-01 8.376345e-11 7.755160e-01 9.974618e-01
4.814969e-01 8.339251e-11 7.852120e-01 9.974304e-01
4.816280e-01 8.283582e-11 6.977770e-01 9.974771e-01
4.814793e-01 7.777214e-11 6.677410e-01 9.973885e-01
4.816718e-01 8.376992e-11 6.708200e-01 9.974151e-01
4.817928e-01 8.562882e-11 6.728800e-01 9.974818e-01
4.817878e-01 8.461368e-11 6.985670e-01 9.974113e-01
4.815864e-01 8.252004e-11 7.993620e-01 9.973932e-01
4.816680e-01 8.074997e-11 7.849410e-01 9.974447e-01
4.816492e-01 8.350870e-11 7.828200e-01 9.974895e-01
4.816371e-01 8.161786e-11 7.585260e-01 9.974409e-01
4.816831e-01 8.385126e-11 7.296710e-01 9.974904e-01
4.814485e-01 7.584377e-11 6.640080e-01 9.974380e-01
4.816982e-01 8.193349e-11 7.864620e-01 9.973980e-01
4.816091e-01 8.111538e-11 8.007820e-01 9.973799e-01
4.816402e-01 8.115378e-11 8.069220e-01 9.974199e-01
4.817225e-01 8.176770e-11 8.096170e-01 9.975762e-01
4.818084e-01 8.524174e-11 7.940870e-01 9.974723e-01
4.818373e-01 8.326044e-11 7.974300e-01 9.973761e-01
4.817684e-01 8.096908e-11 8.075570e-01 9.975114e-01
4.818347e-01 8.281820e-11 8.272040e-01 9.974285e-01
4.817485e-01 8.179999e-11 7.968160e-01 9.974094e-01
4.817734e-01 7.845569e-11 8.218770e-01 9.974361e-01
4.818131e-01 8.066407e-11 7.965100e-01 9.974647e-01
4.818871e-01 8.382560e-11 7.885980e-01 9.974256e-01
4.818777e-01 8.236527e-11 7.708820e-01 9.974799e-01
4.816609e-01 7.387336e-11 7.042280e-01 9.974733e-01
4.818007e-01 8.033629e-11 6.664450e-01 9.974466e-01
4.816842e-01 7.887752e-11 6.723120e-01 9.974437e-01
4.818742e-01 8.087273e-11 6.705030e-01 9.973866e-01
4.817945e-01 7.919671e-11 7.539920e-01 9.973904e-01
4.817758e-01 8.038383e-11 7.903670e-01 9.974799e-01
4.818391e-01 8.157058e-11 8.287140e-01 9.974656e-01
4.816038e-01 7.407399e-11 8.134760e-01 9.975323e-01
4.818444e-01 8.156975e-11 7.961370e-01 9.974685e-01
4.819848e-01 8.339213e-11 7.291650e-01 9.974733e-01
4.817694e-01 7.721516e-11 6.847270e-01 9.974580e-01
4.818836e-01 7.925829e-11 6.699230e-01 9.974066e-01
4.818703e-01 8.076907e-11 6.897620e-01 9.974980e-01
4.819587e-01 8.040244e-11 6.512340e-01 9.975190e-01
4.818787e-01 7.814586e-11 6.787700e-01 9.973961e-01
4.818355e-01 7.780976e-11 6.654430e-01 9.974447e-01
4.819393e-01 7.957348e-11 6.728670e-01 9.974485e-01
4.819262e-01 8.036429e-11 6.732360e-01 9.974142e-01
4.818768e-01 7.958303e-11 6.581500e-01 9.974790e-01
4.818583e-01 7.694942e-11 6.576290e-01 9.974933e-01
4.818761e-01 7.841669e-11 7.948700e-01 9.974304e-01
4.819398e-01 8.250454e-11 7.992630e-01 9.974237e-01
4.819781e-01 7.897444e-11 7.970720e-01 9.974799e-01
4.820752e-01 7.968300e-11 6.796650e-01 9.974571e-01
4.820632e-01 8.184518e-11 6.890330e-01 9.975133e-01
4.819356e-01 7.770764e-11 6.750290e-01 9.974352e-01
4.820327e-01 7.814241e-11 6.567180e-01 9.974256e-01
4.818915e-01 7.445530e-11 6.588350e-01 9.974961e-01
4.820011e-01 7.714183e-11 6.863030e-01 9.974047e-01
4.819594e-01 7.880831e-11 6.726420e-01 9.974904e-01
4.818910e-01 7.460956e-11 7.704920e-01 9.974323e-01
4.819947e-01 7.799159e-11 7.546090e-01 9.974752e-01
4.818866e-01 7.562990e-11 7.578110e-01 9.974504e-01
4.820353e-01 7.773551e-11 7.623380e-01 9.973828e-01
4.822133e-01 8.537952e-11 7.714030e-01 9.974971e-01
4.819225e-01 7.602116e-11 7.949670e-01 9.974332e-01
4.819572e-01 7.982514e-11 7.928050e-01 9.974999e-01
4.819817e-01 7.492893e-11 8.082420e-01 9.973961e-01
4.821166e-01 7.975625e-11 7.924040e-01 9.974571e-01
4.820096e-01 7.645744e-11 7.726260e-01 9.974180e-01
4.819292e-01 7.048020e-11 7.271930e-01 9.974942e-01
4.821255e-01 7.847556e-11 6.766490e-01 9.973723e-01
4.820449e-01 7.783027e-11 6.628140e-01 9.974561e-01
4.821665e-01 7.886979e-11 6.560120e-01 9.974466e-01
4.821697e-01 7.939410e-11 6.580850e-01 9.973894e-01
4.821200e-01 7.750138e-11 6.789010e-01 9.974209e-01
4.821960e-01 8.018466e-11 7.262300e-01 9.973980e-01
4.821146e-01 7.671642e-11 8.308960e-01 9.974952e-01
4.821180e-01 7.739985e-11 7.885830e-01 9.975066e-01
4.823030e-01 7.955220e-11 8.021220e-01 9.973980e-01
4.822450e-01 7.685289e-11 7.880630e-01 9.974037e-01
4.823512e-01 8.233641e-11 8.086260e-01 9.974399e-01
4.821474e-01 7.515049e-11 7.836720e-01 9.974637e-01
4.821847e-01 7.563609e-11 8.038920e-01 9.974199e-01
4.820971e-01 7.373288e-11 8.290030e-01 9.974618e-01
4.821996e-01 7.807638e-11 8.247290e-01 9.974247e-01
4.821613e-01 7.775789e-11 8.374740e-01 9.974685e-01
4.821771e-01 7.601517e-11 8.254370e-01 9.974933e-01
4.822180e-01 7.774315e-11 8.073700e-01 9.974990e-01
4.821455e-01 7.590404e-11 7.954860e-01 9.974009e-01
4.821956e-01 7.465380e-11 8.127770e-01 9.975018e-01
4.822680e-01 8.056347e-11 7.837740e-01 9.974085e-01
4.821076e-01 7.390717e-11 7.156970e-01 9.974876e-01
4.822565e-01 7.670240e-11 7.366430e-01 9.974199e-01
4.821597e-01 7.437652e-11 8.396040e-01 9.974857e-01
4.822641e-01 7.833143e-11 8.217900e-01 9.974180e-01
4.821032e-01 7.340633e-11 8.028980e-01 9.973589e-01
4.821482e-01 7.396103e-11 7.840740e-01 9.974037e-01
4.821660e-01 7.398823e-11 7.671650e-01 9.974399e-01
4.821560e-01 7.268172e-11 7.192190e-01 9.974037e-01
